1.014897398792468319e+00
-4.080629091752085991e+00
-3.005598657013344721e-01
-8.977188176259700558e-01
2.155451924641816674e+00
-1.379707765927700835e+00
-2.276370887073562166e+00
-9.381982881941131058e-01
-3.094768696123341822e+00
-1.326438709119033943e+00
-1.532627437761570732e+00
2.269332441662177402e+00
-4.898796420383831673e+00
1.300677133723019852e+00
3.402754062030370896e+00
-1.604200755200527961e+00
-1.644810563897369349e+00
-1.820559416451437373e+00
-4.549707976273007048e+00
-1.376140094090823496e+00
1.716176595303038566e+00
-3.393866549723667081e+00
6.644024299907959064e-01
-1.604172581465971303e+00
-8.030276175089655355e-02
-1.049226110392373457e+00
-2.292030710493840662e+00
2.180897182207890417e+00
1.982176960413838618e+00
2.375082506981270325e-01
1.659321262077235293e+00
5.324639868133929088e-01
-2.249079464702198550e+00
-3.439928179853659174e+00
5.424689313159649640e-01
-3.353882067503497044e+00
5.249633783324318959e-01
6.591382767354584393e-01
-1.906354341088592363e+00
-2.704311927747881761e+00
-2.228236004985211238e+00
3.044244577661975093e+00
2.736405072728781640e+00
1.509602338656344855e+00
-2.584737348989480488e+00
-3.155827160230491923e+00
-1.762179836136962718e+00
-3.839522568290905102e-01
-1.108959570926019822e+00
3.555499574942291852e-02
3.115728443031253736e+00
-1.309470632971457160e+00
-2.420031992309349622e+00
8.871026055778528097e-01
2.898020597240222873e-01
1.816810201225282029e+00
1.838966785296163309e+00
4.629140083025326646e+00
7.380711198998952671e-01
2.214794049677295984e+00
2.357250072779507821e+00
1.316006979289350731e+00
-3.372323042286170303e+00
-3.239292465020825240e+00
3.296686348026501179e+00
5.682492307289149558e+00
1.206164368444876622e+00
2.767788665003571569e-01
-1.247459953810607480e+00
-9.738145257088252071e-01
-3.616011458131176276e-02
1.025234744054483116e+00
4.587592476217084991e-01
3.597266065055315210e+00
-6.283834479103312942e-01
-3.259920375051768016e-01
2.792016553667484025e-01
1.009868085112601177e+00
2.932381096654531394e+00
3.593795103223589749e+00
-2.346702321162404736e+00
7.920073926367972028e-01
2.107103778890651036e+00
-1.542246287453299614e+00
1.852712100302903453e+00
3.646149710429483548e+00
-2.244970901446896150e+00
-1.839975661680444130e+00
-2.654789366011274687e+00
3.433204699184329023e-01
7.476028265735754630e-01
-2.938628234191443811e-01
-1.041735203921873687e+00
4.221740095774866863e-01
1.363376873107465137e+00
1.814779347599696280e+00
2.839596647069061675e+00
1.468455532277937792e+00
4.833364614400141868e-01
-1.339911971359897258e+00
-3.303015933605399468e+00
3.449986671162515339e+00
-2.896171198174749772e+00
1.064962993181265194e+00
-3.257116767683161385e-01
-1.084518609399559574e-02
-2.612732179258322684e+00
1.833552199731686816e+00
-8.294323563947492151e-01
-8.208688099047145581e-01
-1.653825925576552835e+00
-8.150903604807793190e-01
7.750421279631526383e-01
4.028499334148264666e+00
6.123282399413656485e-01
3.235910253958699023e+00
2.429101878050063112e-01
-6.019495268877546046e-01
-6.414836732699771282e-01
3.205627297262493069e+00
-2.712428490419302562e+00
6.285962798370354765e-01
-2.058349660023975680e+00
-9.498150101726545724e-01
8.801550346448407947e-01
2.804257918999413679e+00
3.831565095056769454e+00
-3.376311502453316349e-01
-1.512052460617994698e-01
2.699413178410888570e+00
1.240574152496286137e-01
2.384013968257162830e+00
-2.420727528272466955e+00
2.459824870891451909e-01
2.682533524479465914e+00
2.128589125805246063e+00
1.418654318621601407e+00
-1.247458208494460319e+00
1.233593548075555990e+00
-1.871703173677612186e+00
3.376813443808937554e-01
1.649720298135118224e+00
2.303980832779211063e+00
-3.660563420995684991e-01
-1.052895178599378756e+00
2.244190959024461751e+00
-1.427706702048230636e-01
-5.993996746874863391e-01
2.833036616762631965e+00
-7.995780919273470788e-01
-1.946042173208038231e-03
-5.729319192768947966e-01
2.214617937279022897e+00
7.250926814511475804e-01
-3.170550430879549353e+00
4.796278920579843508e+00
-1.505301731914538310e+00
-3.700264395181755983e+00
-1.160167792223113281e+00
-2.343111855290310519e+00
-4.488434601672668389e-01
2.139966711246510389e+00
1.380108295560744658e+00
2.893913226306418895e+00
1.463827182175053476e+00
-1.759256327279682619e+00
1.862335822570228228e+00
1.221124743514954147e+00
-3.541279487356814748e+00
3.420177064000248013e+00
1.380141696649402450e+00
1.995849800438795674e+00
3.189366330470810418e+00
-1.762869717575453743e+00
7.573748665813048175e-01
-4.112056792093498281e+00
3.149882055312621110e-01
-5.954422695258548837e-01
2.364380375672202328e-01
-1.428709049412872467e+00
1.348185749081768803e+00
-1.719045378482886299e+00
-1.537732829402645773e+00
-1.853687132234368207e+00
-1.081467790215624891e+00
-1.167932691780234178e+00
1.332903512249689948e+00
-3.274510896014156458e+00
-1.592579407530851254e+00
2.563854064980378711e-01
-2.495992249692217779e+00
-2.852001764827818420e+00
2.788536983331636687e+00
-3.118544335193791373e+00
-6.057204254734418480e-01
-1.666521825210855789e+00
-2.504301298232696649e+00
-3.958391600034082192e+00
2.385079645441757989e+00
-1.480849589549624312e+00
5.004731498139600276e+00
3.885945860691508713e-02
-1.436352442085458758e+00
2.830043586249880949e+00
2.944709479339780778e+00
5.316664256676529865e-01
1.535902547620727532e+00
2.276968745369430724e+00
-3.482023249137423004e+00
-1.045108774596221757e+00
-1.373616678192569385e+00
-1.983774423389191632e+00
-1.080507551646785469e+00
4.619269120734339484e-01
4.523647136821509207e+00
3.982746238267050209e+00
1.443859403240580264e+00
-1.266935113999251961e+00
4.985990594901895667e-01
-3.188136777542692535e+00
-4.273084978624376973e+00
1.763068942837916708e+00
-2.404967578573793396e+00
2.491053193878071781e+00
8.521842852603609408e-01
-6.594090826575242925e-01
1.686712179604789252e+00
4.020781090562961069e+00
-2.667247874428714874e-02
4.240515448362653039e+00
2.279213528449061665e-01
3.277187330090127304e+00
2.264727998086490113e-01
2.335713403349436168e-01
-2.829436644282364632e+00
6.752559455372109110e-01
3.843716145683869767e-01
9.014536790641621833e-01
1.026527384691660272e+00
2.702416825668012557e+00
-1.213725091299332259e+00
-1.746035139266542968e+00
5.383309641426471392e-01
-1.299137689371411941e+00
-4.793238001756669142e+00
-1.515774730659861680e+00
3.637064858828968350e-01
1.321807204359399357e+00
1.545958531245479328e+00
1.933507913765922126e+00
3.093369867397556483e+00
-1.576802256316502282e+00
-2.531725165615119622e+00
-1.074974138090362352e+00
1.056625256126257240e+00
3.610786926222535165e+00
-2.448265944500666258e+00
-1.272549335217788347e+00
-3.747550555265169336e+00
2.637411169512561493e+00
-1.621144820842437495e+00
2.700929177812346094e+00
-2.362750295178212223e+00
2.226698492550471364e+00
-2.124133658838854577e-01
