4.855793730453192403e+00
6.999111027712163313e+00
7.499690899588504323e+00
1.470745595139455686e+00
6.418779885739965829e-01
3.478615328221360770e+00
2.290498999030437854e+00
-6.249439038896686505e+00
-1.123448502741226385e+01
6.286867626782932206e+00
5.499952052125212987e+00
-7.918452454029789589e-01
6.287078068434386324e+00
2.917125750554877328e+00
-8.373116115194934039e+00
-5.315263298988678109e+00
1.565572063765208632e+00
-1.542208839730504488e+00
5.954295450491768449e+00
-9.733121991909255755e+00
-3.025043387712025744e+00
-7.123625440679917986e+00
-5.633971839043609542e+00
4.574940247328601828e+00
6.936147001144030710e+00
-5.925554367235281283e+00
-5.274602329367475972e-01
5.218380019878579024e-01
-1.022348049970018025e+01
-4.038743326349480967e+00
-9.106373657334467797e-01
8.689803621323841654e+00
-7.644122541900665979e+00
7.592773933291540267e+00
9.351527879101729113e+00
2.401305177114107625e+00
-3.720044334543084474e+00
-8.474206119281033622e+00
2.296387748373018844e+00
7.129042371095483110e-01
-7.600576610490685781e+00
-3.198450512071069340e+00
-8.892391805136284688e+00
-4.726344341699645568e+00
8.996314585405432496e+00
8.918106933102070144e+00
5.294847047313064436e+00
-4.164278652379989509e+00
5.462835063110866862e+00
-6.433541245789925256e+00
7.894186972553285386e+00
2.413179907159340054e+00
-5.644422426402639026e+00
-1.803547158177005061e+00
-6.614055441436343052e+00
-4.515010154265227671e-01
-5.695230898564815902e-01
-4.106018650262134528e+00
-3.303568469175188760e+00
1.448561732730421436e+00
-4.208784340682770519e+00
-1.091659363716494546e+01
6.172281679859311865e+00
-4.429395419763629826e-01
8.213760707600331612e-01
4.122070975894805756e+00
5.739511226589851134e+00
-7.618571922991069556e+00
-2.533800923213218148e+00
-3.691756769691847850e+00
-3.487026017907643105e+00
1.474380911606115063e+00
2.204188525799118947e-01
9.945913068639082866e+00
2.913004333587158712e+00
-3.700290133231529666e+00
-3.547988277829782433e+00
8.104312485993130366e+00
8.449446135340757280e+00
1.552307693491124935e-02
-1.307379262872101044e+00
6.830011606189982487e+00
1.267190553915959939e+01
3.584881985149586114e+00
-3.067486145593878000e+00
-1.441882551184126449e+00
-6.932264303500389246e+00
-4.640755082566885292e+00
-6.977505348488612924e+00
-8.846295451046666258e+00
-1.185452591873074946e+00
3.045039401750983199e+00
-3.459833489636520820e+00
7.340931888546728956e+00
1.008515839433725603e+01
2.052002102199417255e+00
3.156868244731968254e+00
7.073434316687024825e+00
8.374183025053462126e-01
-1.282228314023680094e-01
-4.725828200455746142e+00
1.167106497440027546e+01
-5.648787103773483587e+00
2.859110103348104559e+00
-6.213452265529666896e+00
1.455068082341126257e+01
1.939056050159774669e+00
-1.186671473138380728e+00
5.412994041567605663e+00
-2.146228352939136386e+00
5.438297080458930344e-01
4.240860150684890861e+00
-6.515226880719572122e+00
1.356588399608178452e+00
-8.833584596919553888e+00
2.130396776213120624e+00
-4.472988707966585764e+00
1.899360522045727695e+00
-5.326976441199718693e+00
1.061295196963017595e+01
1.537829626473845135e+00
3.482327132955134630e+00
-4.604851766819820114e+00
8.026228988922075036e-01
-1.529108120673212667e+00
5.433315960488169338e+00
6.333398726848490590e+00
3.374695783801314741e-01
6.484967768933267429e+00
4.212128288449484614e+00
3.288694440968089605e+00
-3.934672499445531546e+00
8.241607334010595309e+00
-5.613327547303809339e+00
-1.873262228822967224e+00
-4.444649562456703507e+00
-2.439307305004360771e+00
-5.084496878351140836e+00
-4.194488465940306554e+00
-4.253843879369911818e-02
2.147832976797870330e+00
9.286279447980078317e+00
-9.603201113004994127e+00
-2.866960270817024981e-01
-1.227971475086768738e-01
6.539969678332158587e+00
-6.686045841840217108e+00
-3.853900810950381839e+00
7.305744385789816775e+00
-3.761296740691467910e+00
2.669992401490525857e+00
5.032370480708401317e+00
-5.313507832365656824e+00
-9.884876989095543465e+00
-7.665905607200777183e+00
-9.432166373410897364e+00
-7.071853515212535690e+00
-7.350582888541969062e+00
1.507679441134147869e+00
-9.862797798284821393e-01
-8.573193788552286421e+00
-3.419865890994523205e+00
-3.984032926371846806e+00
7.987633415811048465e+00
-2.280481882302276109e+00
4.704644628588425803e+00
1.162570964232979520e+01
1.896932509735466788e+00
-2.503052983717990010e+00
7.674957583066848166e+00
4.620917430540428250e-01
9.855951914205085984e+00
-8.819569086519003065e+00
9.287682185462088569e+00
-1.604106170849842083e+00
-8.382980192430338207e+00
-2.825103639987603277e+00
-8.481480653805679282e+00
-7.999366070957491637e+00
5.380413060838151296e+00
-7.862926821093621399e+00
-8.301569803735294073e+00
-3.427030223573023004e+00
7.899611680541248404e+00
7.386199183874093688e-01
-8.903823028561451025e+00
-5.246305336843422928e+00
5.362702732670012296e+00
6.611460946070673472e+00
-1.055136826867491440e+00
-3.559793238212672684e+00
5.111637615370931087e+00
1.609681999493290050e+00
-6.982257348509024464e-01
-3.301206592432222475e+00
-6.975305430250396732e+00
-2.074330490915638592e+00
-3.945978358010405529e+00
6.202510058506822688e-01
-1.123563278417263334e+00
-2.426399060574608857e-01
3.314962045594729734e+00
-5.250152254262522078e+00
-1.251586818681262869e+01
1.581139356893546788e+00
2.727839203667083434e-01
-3.041580631080046948e-01
-3.594521446862378511e+00
-6.175020618818031437e+00
4.529339722101075161e+00
3.590866782914165611e+00
-1.229094007434462554e+01
9.031513809093210554e+00
7.998604882723463483e-01
-6.556395671898955335e+00
4.660002355362438564e+00
2.130408994548396606e+00
-3.170495487388230171e-01
2.832371934208679498e+00
-1.143380677037918325e+01
-1.675301619927972441e+00
-6.582913308923443729e+00
5.169202041157399563e+00
-4.363304152590048446e+00
2.429883214989563722e+00
5.513795980757226545e+00
-7.029077109969668946e+00
-8.840405410714964329e-01
-8.929552115016992531e+00
-1.041634928267735205e+01
-1.185726873861826647e+01
2.869119704998538189e+00
-2.551432010982341403e+00
1.313089289781065983e+00
2.498130703800091723e+00
-7.251738651547163350e+00
-4.648962881206744058e+00
7.165766912005130607e+00
3.240398380599109451e+00
6.834392883569961441e+00
-2.891127969539786235e+00
-5.598468386497197358e+00
1.719408230197153387e+00
3.887022996931171370e+00
9.833105904946640718e-01
-8.303303311163928058e+00
-1.164864370363669011e+01
1.412211168702394826e+00
-8.591814589589397144e+00
3.568128931092715561e+00
1.128468349448096220e+01
2.113207647252771881e+00
6.052924775805665014e+00
4.122164820518129380e-01
4.364699568896039494e+00
-4.108295263386980700e+00
1.367627298827011550e+01
-6.780191516371354421e-01
-1.238705997035933137e+01
-2.280671865055376557e+00
-7.382693015348162913e-01
6.100574731076554791e+00
5.192621332643304832e+00
1.010732825034859772e+01
1.880049125379244179e+00
