-7.797538195388952431e+00
8.501673068837627412e+00
-1.053515639971638773e+00
-1.813303102759448393e+00
-1.749206577679281338e+00
3.656208571061623225e-01
1.084781716313360622e+00
1.125493500691800897e+01
6.685938705580684704e+00
6.431612584606184235e+00
4.794411262146184072e+00
-4.688900360718256444e+00
-1.942881064623739995e+00
-1.625942430692151053e+00
-7.654880239315796642e-01
-6.488901896190321317e+00
2.017767009600142991e+00
-1.003110873573507789e+01
2.393891115618822951e+00
-2.074702446036575942e-01
-4.754422440695100782e+00
-1.342307791687332719e+00
-2.206385134391717795e+00
3.817872886549277034e+00
-7.565223769304192381e+00
-1.433838863424183652e+00
4.484911728080656523e+00
2.918899358830953972e+00
-1.118485526409619846e+00
1.028922606500625214e+01
-4.794951545270897952e+00
6.201611576294440376e+00
-2.771829062259563159e-01
3.644343596187670897e+00
-8.231993617025372689e-01
2.419601824006792690e+00
2.589306608347066163e+00
-7.326032803002016536e+00
-1.596308209985046300e+00
-1.676656988469372944e+00
3.328929307523327275e+00
-3.749537293936510807e+00
6.008050024182554072e-01
6.155464526036764639e-01
1.370135099055757699e+00
5.184214431986112537e+00
-2.960547130260457571e+00
-6.083377757303929378e-01
1.828687383195343408e+00
5.610733351404546987e+00
1.360911043784407859e+00
-6.851910962504501157e+00
3.741101631902626901e-01
-3.651417113926862079e+00
-4.278831532374085533e-01
-1.855101473126600453e+00
1.050469393638005933e+01
4.421549454733155748e+00
5.462815251774223668e+00
3.594856332519258402e-01
2.098726815941451829e+00
1.219526505966381236e-01
-3.911452797657382963e+00
-1.016134293513866194e+00
-6.903895273351362549e-01
-8.796449533538159837e-01
-7.411400039650779981e+00
-5.277729185205405571e+00
-9.847403482229821758e-02
-1.030517839689873583e+01
-6.545464525307794545e+00
-7.774294743927277374e+00
-1.809726796339559352e+00
-1.862096509796320021e+00
1.242827303025678232e+00
1.456121289845996536e+00
6.929881028570418211e-01
1.386076866813116704e+00
1.004954486166745209e+00
6.628115095057066419e+00
-1.201515179463892968e+00
-8.500765825859254443e-01
-1.348432849452465554e+00
-3.104053956564478245e+00
3.948223068603238795e-01
1.813651955630955603e+00
-6.033645930536138957e-01
6.875318303533574316e+00
2.678905187727750103e+00
-1.652239249278716793e+00
3.243865366464716016e-01
-1.680062300101932360e+00
6.378085754844674327e+00
-3.002034831844629714e+00
5.971357431769305890e+00
-5.251735556016342343e+00
1.478489101483332568e+00
1.978925882768339362e+00
-1.475328250591783519e+00
-7.009696274478420808e-01
1.138130429237538932e+00
-2.130323827856538177e+00
-8.154946412952774892e-01
-7.816594869218410402e+00
2.341175292718778778e+00
-3.855045090810305108e-01
2.199850717436767411e+00
2.510165791486441034e+00
-2.354338196363663371e+00
1.791698978841284262e+00
5.428861172096009824e+00
-3.092510447851195554e-01
-4.424409908692594762e+00
8.797337560278382540e+00
-5.532187362465148084e+00
3.379545608325513761e-01
-3.537415869341128172e+00
-4.874133953933758256e+00
-3.942446194191546738e+00
3.268186414946561147e+00
4.875118498490756735e+00
7.634260117010471802e-02
5.621902845166786289e-01
2.224187616203191720e+00
3.966430515766441456e+00
2.308422941193465583e+00
-7.929414355629851308e+00
-2.653097987038750549e-01
8.760051995024842331e-01
1.004277238478072931e+00
-8.443166503269541323e-01
-2.161073429906572141e+00
-1.020687249247888140e+01
-6.968105728783898556e+00
-6.462760731426041794e+00
-4.979322922397635409e+00
1.095653680678762854e+01
3.288410180594458332e+00
-9.779690481298002780e+00
6.840781120945398364e+00
-2.822789697574564105e+00
-2.560272282922205100e+00
-6.430101912143695309e-01
-4.439857563489274739e+00
2.002413439885164514e-01
3.281733588748419805e+00
1.853914963110900871e+00
5.575528993237643949e-01
-9.069812424929612149e+00
1.443457732335606813e+00
4.012054146120730636e+00
-3.440279668044353034e+00
1.717710756971915220e+00
4.771069006099790677e+00
-8.260522356747599382e-01
8.504736576739166054e+00
-1.856208404543309154e-01
-9.479657447242027857e+00
-5.055463629530752012e-01
7.822339663504962459e-02
-3.063809398445095589e+00
-2.667549020120536518e-01
6.905031237430931945e-01
-7.682877969231567405e-01
-2.900556984598536836e+00
3.447881292618800053e+00
5.288508051695356649e+00
8.857658483842325126e+00
-2.606925566715651232e+00
-3.740295464483188059e+00
-2.811083561541972919e+00
-1.166257281939241075e+01
2.101223777483441912e-01
9.666876755431760060e+00
-1.248209506520377987e+00
1.197287560637641946e+01
1.178745943818770847e+00
5.713381539177126989e+00
-3.571306959060867925e+00
-2.503159049106765011e+00
4.773155020952863481e+00
3.031866191053764759e+00
-1.924320982239819955e+00
1.037781831547919031e+00
8.688129861854406499e+00
2.532753787192592476e+00
3.256608160395045193e+00
3.131521404736879344e+00
4.093340567745522129e+00
1.511976930106206396e+01
3.655198896420075005e+00
2.440396878936481162e+00
-7.105155639659999522e+00
-5.418978092006314640e+00
1.003878771115818225e+01
-7.904303007253837166e+00
3.505076226295050557e+00
-3.725737594876450842e+00
1.108935022906510692e+00
4.149906382484205736e+00
-1.116417873698461172e+01
-1.060008631004452972e+00
-2.113562624407641977e+00
4.654383514248522147e+00
4.659933552266576129e+00
3.886482263024386707e-01
-5.925876305586715853e-01
5.062400443857596244e+00
5.804992892829861084e+00
1.734929651712628917e+00
-7.177310490929386111e-01
2.220627726525443713e+00
-6.607072523954340859e+00
5.538028581270275197e+00
5.138873545777267182e+00
1.786633355669821066e+00
1.046106448026919544e+00
-3.115966396874165767e+00
-2.648944903807499696e+00
3.721650818128039440e+00
-7.040943145708622453e-02
-3.390321672875343140e+00
-4.947792357396348706e+00
2.254075941019324070e+00
5.254595430748126184e+00
1.414265124859797940e+00
-2.968694596996940049e+00
4.026808971692322991e+00
-9.479436914024219618e-01
-5.280047326659730089e+00
-3.500535434112544309e+00
-1.970035005514373161e+00
-5.285436493114054279e+00
-6.586684470831027483e+00
5.237945465251678812e-01
2.566398429859104269e+00
7.752803503311247457e-01
9.325840819205001297e-01
-2.980288936910327369e+00
-3.932754782502887458e+00
-7.427657982242148016e+00
-2.865858457605155785e+00
-1.482828816080974388e+00
7.718710945816321667e-01
-3.276836437017252024e-01
4.249313765095558360e+00
1.660318258912983014e+00
4.370765578160288989e+00
2.588235192430004439e+00
-1.003608083125546280e+00
-3.394630282658783749e+00
3.384891038201093494e+00
-6.810896551338068150e-01
2.357881233371296403e+00
7.385233071661586379e+00
1.473590697432948460e+00
-1.326627880615710886e+01
4.667514283696610811e+00
7.286777092785227339e+00
-2.220402851222626150e+00
-2.804610370406218856e+00
5.218759889964502463e+00
2.140901794945351710e+00
-3.011431536820730059e-01
3.748194581344073573e+00
