1.713093433066329219e+00
7.064050376588725255e-01
1.340680289570532535e+00
2.194881395977195560e+00
-2.100507217299919738e+00
-4.697160928567619131e-01
-2.097135586807833407e-01
-2.424464357264521475e+00
2.266498868002017275e+00
-1.463349580852032039e+00
1.783160499617067352e+00
6.878000200998554137e-01
-5.181247689997019457e-01
1.434889436770089566e-01
-1.548947127452737771e-02
-2.055211620692405816e+00
-2.094134880201696358e+00
-1.375233941153721107e+00
-1.563437758986435000e+00
-1.515416304400409198e+00
-1.530787417875499434e+00
-7.040598210093274023e-01
1.369635894493995476e+00
-1.113835347237849493e+00
2.209898619548229082e+00
-1.707063495166462275e+00
-5.541114963918700731e-01
3.960679856648733344e-01
6.787121774179050160e-01
8.778784207478520507e-01
1.943371190550784000e+00
-9.575673673267991459e-01
1.436279743891613503e+00
-1.569490550076180213e+00
-2.345715335569757976e+00
-1.741822549978087720e+00
5.407956290737087057e-01
8.176507862977968610e-01
1.196669209757347474e+00
-1.456314757931802983e+00
-5.391648164115042663e-02
-1.013171649615136616e+00
1.803612932114493805e+00
-1.407030650964264717e+00
2.080314979220132088e+00
1.241218794555440930e+00
-8.678891494916104454e-01
1.338237144701825532e+00
2.664590716677210036e+00
-2.047888762012371799e+00
1.368234419432712290e+00
-1.257311471405456516e+00
4.654560899348771930e-01
-2.402744555609405364e+00
-1.156551516126862911e+00
-1.702339332136413030e-01
1.533765243593529615e+00
-8.373295265907251261e-01
-2.201428493457128432e+00
-1.400508770586283980e+00
3.002620359724480714e+00
1.083710006960045380e+00
-1.868147791537037583e-01
-5.583690625157626819e-01
2.344525244958027277e-01
-1.457553997070928364e+00
-4.214590385337252387e-03
2.311444134276794404e+00
-1.266493777902641504e+00
8.476298587774150350e-02
-5.530298941060369788e-01
2.021988607282733386e-01
-3.494776860119397921e-01
1.968002871992856839e+00
1.294808096767523065e+00
1.926662624977681926e+00
-3.112096139839870546e-01
2.684535012787882202e+00
1.472716069805858119e+00
-3.018415622254109199e-01
1.495904464332461492e-01
-2.556653640330654120e+00
-2.424326789867885523e+00
1.108602153927839007e+00
2.499903577726275916e+00
-1.926184121490781331e+00
1.443694901925497653e+00
2.142491823826777608e+00
2.895489227995791559e+00
-2.251925476325285835e+00
6.906959501392979650e-01
-2.533221007627687094e+00
-8.036880257409702022e-01
1.911665838922715466e+00
-6.508533612779279220e-01
-2.123827743326297757e+00
-1.179183355168109237e+00
4.366020849434627538e-01
2.726513408272201455e-01
1.120856464257296237e+00
6.977665017431335936e-01
1.036321413010990455e-01
-1.398070757669810149e+00
2.144323946954866056e+00
-4.893508997634193336e-01
-1.514872658909610870e+00
6.981825640137074851e-01
1.907768104451238678e+00
-8.298892308173652088e-01
7.937112992919406196e-01
-2.921618131198965962e+00
2.046426828393324904e+00
-6.719804064649130826e-01
3.208769356710641785e-02
-2.382716028483833792e+00
-1.240184583735295165e+00
-1.344016298651405483e+00
1.651772396738692139e+00
2.155538604319413576e+00
2.508684947208226212e+00
9.199177785567004551e-02
-5.317395598330907358e-01
1.143005818225432790e+00
-2.670291704634124574e+00
-5.201135809940468091e-01
1.642698580468840319e+00
-1.777480638610155372e+00
-2.523459893082156569e+00
-1.784942976615568000e+00
1.506684113641619582e+00
-7.282872141321352633e-01
-1.168273820359650994e+00
9.291285924105461280e-01
-5.361245632845650366e-01
-2.090982487046899152e+00
1.048878567134457485e-01
2.377641942137421971e+00
-1.001221456933523601e+00
1.665507328035679357e+00
7.312535155970757428e-01
3.061964615133047074e-01
-1.492843794197687979e-01
-4.000083356616982999e-01
3.404073904210733303e+00
-5.413497590980991259e-01
-6.894219297663856105e-01
-6.119716665029776292e-01
-2.486403336276969078e+00
2.530454191908637629e+00
-1.843808651763437223e-02
1.420161648944195054e+00
-1.327696665852105662e+00
1.276859345491013098e+00
2.413999415616626953e-01
2.100253084505097623e-01
-2.982556531102031894e-01
-1.111720865190745644e-01
1.286394330370439931e+00
1.409942732298320678e+00
2.886717611883886647e+00
1.186507709023784246e-01
2.305810919072746490e+00
-6.007528241010940961e-01
-5.683669337184732440e-01
-8.194837641766952174e-01
2.427698571703678920e-01
-1.923319862993869478e+00
-3.723042901684721073e+00
2.742685600864540607e-01
-2.596572305078673537e+00
2.406629566249032237e+00
3.391078819816498169e-01
1.244742612402272686e+00
-1.269196486425087089e+00
-2.588796054997703600e+00
3.578465956707232443e-01
1.095210579562654107e+00
-3.634419481715938094e-01
-3.496567842164314932e+00
1.353725261997816176e+00
-1.222296154432281012e+00
-6.239549372712953623e-01
1.353797664923421795e+00
-6.961143849550371909e-02
2.510617658092987980e+00
-1.469136949139837167e+00
-1.344112996053018039e+00
1.185662184572029432e+00
-1.943969539034814398e+00
2.631530193283742936e+00
2.852205012908893278e-01
2.217707518213996920e+00
2.098648542898037928e+00
1.924443841853694881e+00
1.807858235950610570e+00
1.313890073233604738e+00
-1.742932449431324748e+00
-1.537344396639416466e+00
-1.820217356817235732e+00
3.101375196751786856e+00
-1.694287958805653194e+00
2.647217723114198229e+00
-1.126180861880105022e+00
-2.236581716144841359e+00
-2.209876615030180513e+00
2.639783954105464403e+00
2.740758393984980223e+00
1.205979302883693149e+00
-1.257794149371175951e+00
-1.278282891503961238e+00
3.507816006058401825e+00
2.370287846732614945e+00
2.933474938801361453e-02
1.786985105631951010e+00
-1.007567417366869833e+00
2.835857037128162728e-01
1.342990874615049623e+00
-9.767048087463195971e-01
-2.440256174449441373e-02
-2.704038273792520042e-01
-1.519394776110449374e+00
-2.783387594783888197e+00
1.361050521912200217e+00
2.120849874068464480e-01
1.039174307940739173e+00
-8.730904957874995320e-01
1.219915155946564855e+00
1.689157796330501560e+00
6.063629561978003402e-01
1.608722604293290726e+00
2.068254233777925277e-01
-1.742710822002142779e+00
5.937749750473890753e-01
-2.299371665180171664e+00
1.001523554287867990e+00
2.414113900691700287e+00
-9.803824069988947842e-01
1.624027122596333861e+00
1.599381113365255569e+00
-4.613463907777215489e-01
-1.891661132997276784e+00
-1.601861056966960906e+00
-1.630875842950709753e+00
-9.906810686723963588e-01
1.912865452517853448e+00
-2.507979340950738045e+00
5.309114013873283966e-01
2.252503527595663968e+00
-1.796132961749667967e+00
-1.327766878067268674e+00
-4.849619186902546231e-01
2.820182857235284501e+00
2.190387947131152035e+00
-7.760145003582350487e-01
5.064771684520443795e-01
-1.099014930842223237e+00
-5.619124742688821339e-01
1.098530307301619491e-01
1.252313220091574753e+00
7.218170808211601397e-01
-2.557157047929194515e+00
-1.171040655549403287e+00
7.249354789812773037e-01
-3.400611919339516787e-01
8.960421422016058290e-01
