-1.722987814843477850e+00
6.245762350476228519e+00
-2.649693048080809188e+00
-3.375477681909355265e+00
1.758057621574220075e+00
-8.948274837916542879e+00
-9.531010369775703595e+00
-1.264076388945119422e+00
3.107410740923080006e+00
-4.524211066612989995e+00
4.834035080921049499e+00
3.363120296112879881e+00
-3.014613360283453503e+00
-5.887406747582899058e+00
-3.987974852083985056e+00
-5.832679593258275119e+00
3.072763909923043713e+00
-3.788785199373098767e+00
2.180495320066060838e+00
-8.230090237911731332e-01
1.572577904533702053e+00
-2.684047878548269317e+00
5.461326798214373390e+00
-2.081706866385338195e+00
4.037193937885970030e-01
2.843192076050208517e+00
1.153705135570069151e+00
1.574334014738737242e+00
2.136014237636953972e+00
-5.637916931588847547e+00
-6.659594187410587729e+00
2.197198042819656028e+00
-2.588988039587090562e+00
4.771219506322425197e+00
4.151435415640845061e-01
-7.152180597709450360e+00
3.705391354568376983e+00
2.578035115236151142e+00
-5.842997761980164739e+00
-2.263130785691424229e+00
-8.237326522888281488e+00
-2.680211566186691208e+00
-6.722704604667126382e+00
2.313903368593883236e+00
5.610119197275015068e+00
1.844497936680172590e+00
-3.182719335823496642e+00
-3.687463830511845675e+00
6.525243218061977934e+00
2.552967373859034605e+00
-1.263366590123726541e+00
1.713818605572946296e+00
-5.372285960889186640e+00
-1.462006912215330523e+00
3.745004494976061249e+00
-2.516766480583047638e+00
-3.615067752360492825e+00
1.062350507819577627e+00
-2.686346846071088645e+00
-2.864504306764772412e-01
7.018737553657972139e-02
1.827444038379844260e+00
3.545634367424766786e+00
2.841014051353735193e-01
-2.826751798088371626e-01
-1.281830012111401906e+00
4.526720701027449500e+00
4.793295226021745403e-01
-3.838283762886442130e+00
1.017939404811694093e+00
-4.011731108934110779e+00
-8.417652761858239074e+00
5.385192802407264168e+00
6.327751077585698214e-01
-1.858929508277598619e-02
-2.367513701777105073e+00
4.712623937558979570e+00
-1.893507393717208886e+00
-1.401976979282809843e+00
-4.080700878831959422e+00
-6.368454845645743490e+00
2.516590259988987555e+00
-3.415931700103890911e+00
-6.971409467092957613e+00
2.822362451463275690e+00
6.420354006007394920e-02
7.941640729936460197e+00
5.471132808631799627e+00
8.771995828420481089e+00
-3.140448571035721947e+00
5.933000859595702892e+00
2.015820943477829585e-01
-7.739785331688210368e-01
-7.821026794203841170e+00
-5.617029280195286134e+00
-2.022512820697483171e+00
-5.220554860785940221e+00
-4.958544673782152024e-01
-2.209953181820191404e+00
-4.457086778250606507e+00
3.619683747858202238e+00
5.567331744383444025e+00
-3.744923166584069207e+00
-3.492241899081246270e+00
8.968791058896408153e-01
3.016588053711257267e+00
-7.709402415629542205e+00
-3.275642015492716275e-01
9.226581391225129991e+00
1.059668879304000111e+00
3.028100715238580598e+00
-5.133611531978334863e-01
-4.568707806921042724e+00
5.961451009490625896e-02
-3.593913170821973591e+00
-6.254851507517658504e+00
-1.936362289800153125e-01
-1.973885104149864400e+00
4.249956426169471335e+00
5.863162186011441346e-01
-2.369563312911613373e+00
-7.031392580858391028e+00
-1.699577481967871062e+00
5.284415414003678535e+00
6.236468523226768923e+00
1.591244089100137593e+00
4.313991061658830617e+00
4.377495201589652218e+00
-5.571033362947017231e+00
-2.130158163350288070e-01
6.706846771535388108e+00
9.594612358917448347e+00
-5.807906809106345492e+00
8.211754868242567840e-01
4.882935153343709089e+00
-8.294850762048721293e+00
4.690809642406550850e+00
3.119755198815684416e+00
1.889666862527205282e+00
-5.585750311343341323e+00
6.649535080593429015e+00
1.208461502772798957e+00
-3.405965228080442220e+00
4.665206072373909718e-01
-3.977005350149413587e+00
7.247798078887570661e+00
3.263576231330590716e+00
-1.481796390824418275e+00
6.002575077287533034e+00
-6.461083289828465581e+00
-1.077617553729039557e+00
3.020645777937221332e+00
3.548492624925396466e-02
-9.461690533050919782e+00
1.888845593605036122e+00
-3.771403585830044758e+00
5.395119646106236733e-01
2.784686377731909079e+00
-5.055663310606111072e-01
4.647647417277150694e+00
-3.363546162760504998e+00
-4.360957749471357836e+00
7.240990515016378026e+00
-1.734961343883961060e+00
7.001715597701313243e+00
-2.197325762948378447e+00
-1.837534436832860552e+00
-1.678804118016254066e+00
2.935102585729212343e+00
2.013015248657453071e+00
-4.370833178990319645e+00
-8.909190348877608079e-01
-2.226674845369760902e+00
2.832792303128809586e+00
4.509273807380795418e+00
-1.701201590432104283e+00
6.432690634131724039e+00
1.199911990258610395e+00
-3.488940220879188203e+00
-7.289692783169706702e-01
3.881526658014357700e+00
2.896231760806820432e+00
3.690078655895875581e+00
5.559658764380867702e+00
-2.499933090835447569e+00
2.003953694580814737e+00
-6.060227551116415867e+00
9.164954094229706971e-01
1.538611999014268150e+00
-1.184029736186812398e-01
-1.453100383987337318e+00
4.276150983761136892e+00
-3.535019593194373311e+00
4.123762020145743890e+00
-6.417271448429562319e+00
-9.115079866764006056e+00
2.971366334636649231e+00
-2.955159294013576243e-04
-2.649965549630162620e+00
3.642744027768465287e-01
4.635572591912616502e+00
4.857509962006423265e-01
-2.629820741304197185e+00
9.212268178300028754e-02
-5.070359287623802835e+00
-1.784309839147666832e+00
-2.950818943138671990e+00
5.596533971587114298e-01
-5.238875096405261722e+00
-4.204386731782562059e+00
-2.171232333879407506e+00
1.381920493080467160e+00
-3.416635577947040758e+00
2.644561939431050668e+00
-2.913597207180830040e+00
1.068671356433060282e+01
-8.399747515347605997e+00
4.259010578205550956e+00
2.372219688480640798e+00
-2.308633933807433092e+00
-1.001226405277967135e+00
7.071847322176129325e+00
-4.949855743685531273e+00
1.942067688300320061e+00
6.172126123365600847e+00
-1.024243251848919289e+00
4.564687967223862053e+00
5.878743463813795422e+00
-1.210003281192462143e-02
-2.639393278144410715e-01
2.435195583828292598e+00
1.331502455809220109e+00
2.834216096714452071e+00
-1.387524945544771793e+00
1.592305503375503806e+00
1.146084346355748629e+00
-4.054703355507983664e-01
3.757076613103434992e-01
-8.846791937424698382e-01
-1.244171149868840587e+00
1.424212344904481009e+00
-8.676395026479646333e+00
-1.658556643704399480e+00
6.312374703721995717e-01
-4.085155565496898511e+00
2.674625680455566368e+00
3.931031834984921591e-01
5.739306851957013400e+00
4.448065446035037951e+00
-2.515750234417478914e+00
-8.487647687793785423e+00
-8.765016245289775298e+00
6.401290272824246230e+00
3.744689383997265586e-01
-2.160798813305829569e+00
-3.400433761397750221e+00
5.297907529276652205e+00
5.355287484733768366e-01
-1.591791424654501741e+00
2.921795912229538050e+00
-4.839564683979339144e+00
2.527518245303010058e+00
-4.845908518131617271e+00
-6.503300613730885082e+00
6.938815839713669220e+00
