6.880568709150221007e-01
-7.105716912083459569e-02
6.555657586541407955e-01
-3.443338973408869297e-01
-3.396454478252892706e-01
7.638110930291992506e-01
6.495151543091148838e-01
8.795432654977177744e-01
7.970814683165303727e-01
8.537269859079401613e-01
7.972150727942604043e-01
-4.217435882225983867e-01
-9.017968394401085774e-01
-2.460843146227054135e-02
2.382034039482292531e-01
4.897033022219001719e-01
5.727803129893516143e-02
-7.089552631823323736e-01
8.539320548861353277e-01
-4.032721971806780825e-01
-8.769074367896294575e-01
7.573300828988631661e-01
6.517298120491674673e-01
2.602675078709171252e-02
-3.827304339442267889e-01
-7.954815680639502062e-01
7.926136205974234628e-01
-9.222076566626522531e-01
-2.976128406997473608e-01
2.156195061215910869e-01
-5.468306660281807563e-01
-8.108134624444840455e-02
5.404043819682846639e-02
-8.099948552448292816e-01
2.923875560640405435e-01
3.976604551799052256e-01
-2.259584048549700963e-01
2.950903754748133156e-01
1.180394043540178295e-02
2.206132202255677299e-01
5.215130372948695303e-02
-4.872832716433874722e-01
-6.115713235197501874e-01
-4.713120499869691837e-01
-2.855480731854711518e-01
8.545940199318646791e-03
-9.300654579118066145e-01
-5.706219755575079322e-01
-7.595226162098844824e-01
-3.177845503662806159e-01
-4.236813098626024399e-01
7.830571925776981246e-01
-6.175650230110021344e-01
-1.009344858626379793e-01
7.294809227517256023e-01
1.696259375783502055e-01
5.933385755310593979e-02
5.945724876952867000e-01
-2.981517590949875895e-01
8.871755340451896732e-01
-8.555365935970644653e-01
5.729107956746632979e-01
2.993459952691825965e-01
-9.070212895001521503e-01
3.557426029641477250e-01
-4.687009311323886429e-02
-4.795932963888360767e-01
1.097490958163620522e-01
-1.556054607337291618e-01
-4.265072958584774643e-01
2.690309060119926432e-01
5.748048993807026719e-01
-5.513387988709979037e-01
-7.904011805087285403e-02
8.903196568508171538e-01
4.881308205917802567e-01
-7.064878124717017815e-01
1.756893738250357995e-01
-5.745346413182714773e-01
-9.379937903534893984e-01
9.081562394064046639e-01
4.339354902765577560e-01
2.404834253886318773e-01
-6.506883651713948336e-01
7.517586198843342338e-01
7.775740676044857747e-01
8.387654555543133661e-02
2.319233898277468509e-01
7.334360858798301130e-01
5.583572534774727814e-01
-4.131178073391719163e-01
3.325002304702064926e-01
-8.376978856651422500e-01
1.490239212029913496e-01
7.126948245846591590e-01
8.205435209414499997e-01
-2.968224369155776365e-01
-8.394542214534808089e-01
-7.278415838619425315e-01
1.437331802564512095e-02
3.012429042934572365e-02
2.461818803177526771e-01
-6.487315484025835133e-01
9.215403172799032649e-01
-1.408013751548937709e-01
4.252748801747283647e-01
9.606866716276105667e-01
3.966333671246535797e-01
6.339914640794603873e-01
-4.129888580687524069e-03
-6.237902227237432928e-01
-6.587845114267909530e-01
2.531372512007490361e-01
3.698931827916294157e-01
-2.618446021708775717e-02
7.696916048705171320e-01
6.991438575157382651e-01
-6.160334417932034068e-01
-2.304375511881919802e-01
-3.457472927711138233e-01
-2.819368972852518418e-01
-3.578845747534826760e-01
-7.960078065884745868e-02
4.387861535572132876e-01
-9.627491400229397644e-01
3.345159733454483586e-01
5.611350103097698661e-01
-4.782493916834502645e-01
-9.732478459254245706e-01
5.140702801374672504e-01
-9.148818732591885716e-01
-4.583371032145686641e-01
-2.243589454225736191e-01
5.768882650370297238e-01
-5.468474082295442518e-01
-8.865073959721978536e-01
-5.215697844132884953e-01
-5.554534077167185835e-01
2.258801065209281589e-01
7.638713190899977246e-01
-9.734508238787942247e-01
-6.712607887638639692e-01
6.369588032619739604e-01
5.521877171066340573e-01
5.992257730982804009e-01
2.877074545204385547e-01
-6.937186849562637647e-02
-5.805525523138292954e-01
5.466954893306250618e-01
9.604538339705390726e-01
-5.926878816373084558e-01
-4.148672574493375009e-01
5.619543732493870181e-02
-7.566483481816346224e-01
7.515848891620822148e-01
8.669146121533866101e-01
-5.046267459187192550e-02
3.206661544181723666e-01
-1.974906057242904467e-01
7.840295902996314847e-01
-5.898465264224388438e-01
7.197376720843393638e-01
3.167999384915038963e-01
5.165290852973303259e-02
1.455409672583973801e-02
-1.252565852808855684e-01
-4.508320596031540894e-01
-5.306680035121533745e-01
-8.390049850652945285e-01
-8.448745059984059669e-01
1.983839098561692715e-01
-1.831102022509687455e-01
4.767734480242897810e-01
7.553423390827260775e-01
-2.707080014961618097e-01
-2.925672417239810752e-01
8.250539210389247202e-01
-5.871524222614294963e-01
7.081609266011166248e-01
3.823028290658732065e-01
3.510622827494238596e-01
-8.396814393182290281e-01
6.430849197560868369e-01
-7.943363537191017176e-01
7.528533353373281223e-01
4.678988629960696422e-01
6.193099381187441299e-01
-2.408297050962842079e-01
2.174697229875612869e-01
-8.227387090509372669e-01
-3.018158520584450777e-01
-8.078078737788352282e-01
9.628869129100161572e-01
7.661766193654413470e-01
5.463227491812070458e-01
3.005892081789098835e-01
-8.810073579301009872e-01
-8.559385215712891348e-01
-6.677626258939299841e-01
2.363557642231612910e-01
9.372869579474838453e-01
-2.306509327007644217e-01
1.948840907093150054e-01
3.009561297425009663e-01
4.511403433844483057e-01
-9.858312234986899014e-03
8.380844415496924160e-01
-5.361211575465782975e-01
-5.956632148846123798e-01
6.893294532354781179e-01
9.314459739736880017e-02
2.759104632039104388e-01
2.146096998931523725e-01
6.178765430263459812e-01
-1.289994545268275949e-01
7.849342317284990767e-01
-9.980153243930913742e-01
9.877980544917142058e-01
-1.335625200878471919e-01
7.894238097411470090e-01
-5.312852038768500762e-02
4.079533307812264198e-01
-6.759889859777883370e-01
-4.834231138144029494e-02
2.246505353427361573e-01
5.282583837382031078e-01
-5.366294137073279735e-01
-1.931817279060006332e-01
7.818626413514140339e-01
-8.697945736931176341e-01
-1.463997886613594979e-01
1.041462254967060463e-01
2.744441088644355986e-01
5.813818639620684792e-01
-7.671283908823822717e-01
-7.040998894708705436e-01
3.421480156220886304e-01
3.545972028100889961e-01
-6.040563516997579097e-01
3.679097440051881662e-02
-9.870276132989401763e-01
-7.371348817178002832e-02
3.428341228021436482e-01
-1.107698479827801119e-01
6.367238935444752279e-01
-6.400579315862928720e-01
4.354203124069089270e-02
3.532752567014934009e-01
7.087789580371062215e-02
-7.774561139147313504e-01
2.719184204364100133e-02
-8.791180885942020407e-01
4.513620571861463038e-01
2.664762081673019978e-01
7.990267377591833142e-01
-7.016000720212673958e-01
1.331750800720536976e-01
-7.089164215344185838e-01
-3.383772473162387495e-01
-9.186931131796500782e-01
3.059200102660544207e-01
-1.628770059451245533e-01
5.830085790447598892e-01
6.768374110605657190e-01
-5.108153003427851058e-01
