6.282082957963628367e-01
-2.095794095009053670e-01
6.075746710037919218e-01
8.100033264275914302e-01
2.009118245354886145e-01
-9.787702580664343621e-01
6.060235045531616738e-01
-1.264953035375635526e-01
-5.486384244232980212e-01
-4.987853631039156355e-01
3.211268165274669961e-01
-3.409421511771890678e-01
6.262660316400416871e-01
-5.532825821457219018e-01
9.408603708321321424e-01
3.494943395194021196e-01
8.190440312281510593e-01
-3.971990626448664852e-01
2.323357783696040624e-01
-5.325316561456063802e-01
-4.282057295244512396e-01
1.181052368233941330e-01
4.472552219911940519e-02
-1.226307333349629936e-01
-4.610620120762261021e-01
-4.927413507079774213e-01
7.925345082996437807e-01
-8.781840906393634238e-01
7.325161509221707057e-01
-6.001809718812385341e-01
-3.430412494540302504e-02
-3.302397832051018334e-02
-2.859856614202194169e-01
-1.762416159848152475e-01
4.785176128777497429e-01
-7.362993655760083911e-01
-2.985472521612666519e-01
3.619273287434081610e-01
-2.851790758605117215e-01
6.917061596368536680e-01
6.438826666675274701e-01
-7.455541437104853397e-01
-1.079609676103914229e-01
9.729948391690665943e-01
8.987116140340234427e-01
2.379905998164046910e-01
8.012172676300508556e-01
-2.134288204954530865e-01
3.214567753336543543e-01
5.277121563450033470e-01
5.224960934176037242e-01
2.946519877280810995e-01
-8.050529522996294762e-01
-8.045071468394617842e-01
-3.285307071008303215e-01
-7.629753626562478797e-01
-7.431920352684244779e-01
-1.802415609418406284e-01
-1.551507462026475714e-01
3.090200796536224370e-01
6.735683124197973104e-01
7.795709924366911459e-02
-3.394866449643125783e-01
-3.871774313697466940e-01
-9.411117766101757542e-01
2.483512830698353380e-01
-8.331645406105379070e-01
6.690744558532295549e-01
-3.626770232495313273e-02
5.188762755455866849e-01
-4.430867402243212627e-01
7.833555635459996669e-01
-8.245177059083181881e-01
9.505354537687160654e-01
-8.595364541164400851e-01
-8.873931214431445280e-01
-2.324195534409632113e-01
4.315958454440975700e-01
-2.805385878609589767e-02
8.692719090652900604e-02
2.721972185667360655e-01
1.654496873599886619e-02
1.287089589255543398e-01
2.976074890537026008e-01
-4.479617223420411243e-01
8.226584603319588851e-01
2.475149834304637420e-01
1.399005573923968182e-01
7.279729653633435493e-01
-6.679357728375709957e-01
-9.492818223292880386e-01
9.727488601947531510e-01
4.384244480959242907e-01
-9.341355590757858263e-01
6.345514427029099735e-01
-5.636030022122580085e-01
9.980925191715204203e-01
6.576324995119045003e-01
6.785729717899342539e-01
-5.289576051681015301e-01
-2.758302837425481435e-01
-3.447724111845253958e-01
7.334870774991437692e-01
-8.374985103559109412e-01
2.134076318098643288e-01
7.033201651041449676e-01
-3.261953228187361997e-01
-8.931724057006911188e-01
-6.372669573462030890e-01
8.032148493225164110e-01
6.397756329502759520e-01
5.999165343820171969e-01
8.767565998265689498e-01
8.818540644580628030e-01
-9.527195209604160109e-01
-1.974935524234757711e-01
-1.510827908069019010e-01
-2.525835737333412823e-01
-2.628664665509570231e-01
-2.912330883082474564e-01
9.543453069671117284e-01
-6.667599744714176602e-01
6.254549404068183716e-01
-8.798808033259784001e-01
-4.802800815014194313e-01
-2.159525122934691233e-01
4.699175850812107313e-01
4.930719700655956661e-01
-7.355127186303707099e-01
2.220242379254524501e-01
3.863328922221167527e-01
3.388554919875601534e-01
-6.402103226568973682e-01
8.403468395959776682e-01
-8.149902706905745031e-01
7.685452289308216667e-01
-7.603154456039882270e-01
6.296013021064748028e-01
-9.897465081637508710e-01
9.597522307948376241e-01
-8.286821080859825273e-01
5.351816136567346671e-01
-3.885680117082310758e-01
-7.625036014840715914e-01
9.796847750481401107e-01
3.325607726229122818e-01
-9.006890523504305079e-01
1.333711910202481921e-01
-4.331610892490558307e-01
-1.916152735103868743e-01
-2.703011766041063524e-02
4.488916977388919261e-01
-3.745869533515588934e-01
9.949231510434475290e-02
-4.857600818758021077e-01
-4.755085361539468369e-01
-2.288967617207642302e-01
6.501513842735868742e-01
-6.475791836363995468e-01
-6.842539060093246750e-01
3.763522829998811048e-02
-1.142390170292939544e-02
-4.804660616753644309e-01
-4.040328162667987666e-01
-5.378443931869181238e-01
5.851515541759269023e-01
1.937888593635388457e-01
2.534363615358083965e-01
-8.563001979766147187e-01
-9.870865499406844545e-01
9.637758295751930326e-02
-7.433355712474873922e-01
-4.550283595692572458e-01
3.132740471626476175e-01
-3.147058687927655196e-01
6.802787754156021105e-01
2.535191594190062681e-01
-3.284365778076494546e-01
-3.598697860547872551e-01
-9.310158398022470028e-01
8.415891849082424159e-02
5.542857187553928977e-01
-2.297961082392354637e-01
9.754326612283390485e-01
5.827031398113473593e-01
-4.871079515585927666e-01
9.548888595377194033e-01
-4.316995197822603991e-02
-8.116200188760729350e-01
2.439062296297322963e-01
-8.985144286341051334e-02
-2.105378690537307307e-01
-5.813869073571091839e-01
5.256466334685740982e-01
-1.928435630055336247e-01
9.177456388367588591e-01
6.728127706200617286e-01
-9.122899181148813597e-02
2.013267898705728420e-02
-9.477071500150187067e-01
6.752657385778191301e-01
-4.730808930717000926e-02
8.012387569710845980e-01
-3.274645950170518294e-01
-4.937458608416283035e-01
-3.320754615698526813e-01
-5.496170730587801589e-01
6.538030972733270829e-01
5.880755773600971903e-01
2.257012324347611454e-01
-4.533641786792164119e-01
-4.931161906793912753e-01
-8.650922989544402864e-01
-7.150278126779361365e-01
-6.858223487664130147e-01
-9.270428322712505054e-01
5.562276247859787581e-02
3.858945901838368719e-01
6.836952392943793644e-01
-9.455477828490281844e-01
7.141155113551218570e-01
-1.449264096594011786e-01
3.499887664694463218e-01
-3.058938051812718495e-01
-6.415871568696587257e-01
-7.185787640350320693e-01
9.667921489762876242e-01
4.602666306139793218e-01
7.261140316189809152e-01
8.903913262730598355e-01
-4.721897081435233456e-01
-8.247947716192933765e-01
6.783113497532122782e-01
8.879273324053629235e-01
6.912705216888781479e-01
1.902701193346341135e-01
-1.989072130996056842e-01
-6.661180786258578124e-01
-2.893846057010009964e-01
-2.375960175435012367e-01
-7.120084923439529145e-01
-7.795630720713062622e-01
2.370137971061123672e-01
-6.147685436385756930e-01
9.534468758496528196e-02
-7.820080742827768550e-01
7.238849748871973855e-01
1.705489525378767190e-01
9.039592066348505206e-01
-1.790143035690430207e-01
5.875726673774339659e-01
3.334976572571981546e-01
-4.694170651189961685e-01
7.247135157197359678e-01
1.378144141299202374e-01
-8.855875104210226834e-01
3.185791715308541328e-01
-1.158949045981523263e-01
-7.943031981609049996e-01
8.100157175727895620e-01
-7.394687578679406403e-01
-6.356556543819680272e-01
6.611627767887418017e-02
-3.318262603514203768e-01
1.573229874015351637e-01
