-2.164846796938503459e+00
-5.602112920802292395e-01
1.202826143591121832e+00
-1.838730055230060056e+00
-8.305708603920811672e-01
-1.165274034614282250e+00
1.294303282402576638e+00
-1.119082386744853386e+00
6.706112130423969031e-02
-1.730306070592524392e+00
-2.075953782874285558e+00
1.872393049819819355e+00
1.587695190948326118e+00
-1.365771982386620786e+00
-1.313369779208619859e+00
1.946093850350233190e+00
-6.238511628755805116e-02
1.452987472103544953e+00
-4.601002862848500019e-01
1.133670920139781269e-01
-1.114572398398351594e-02
-1.954597868822212314e+00
-4.514879034632714450e-01
2.353656454311765511e-01
-1.267617300194911589e+00
-1.749264193556005154e+00
-1.074068561762383744e+00
-1.721549488968138863e+00
-1.611468219448474404e+00
1.151853626043630729e-02
2.233513200440983226e+00
2.147339752402548374e+00
-1.341290563468796826e+00
-2.177782289918009706e+00
-2.047037925759340293e+00
1.284529411064448956e-01
4.094647116376560758e-01
-4.530901713879881276e-01
1.091627450977040947e+00
6.483126119230614437e-01
-4.526711274174329835e-01
3.236508882564872902e+00
1.486135741467988325e+00
-2.117882865368761802e+00
1.081047162877427636e+00
-1.673517213780258750e+00
1.674139778966333036e+00
-5.891014984997187121e-01
-1.404877217376829135e+00
-3.059888967585643882e-01
-5.090147643961043800e-01
-1.227721912877097754e-01
-1.767933501562848342e+00
1.523203581006854046e+00
-2.815016235662951338e+00
-7.412667063085540686e-01
8.498001116047761982e-01
2.268136498591339034e+00
4.861818245254606041e-01
1.333642688176347235e+00
1.177116909598693750e+00
2.404254832973273803e-02
2.036090797473997238e-01
-1.206865719585097363e+00
1.590128806946917717e+00
1.266255142055851435e+00
-1.109545552307899197e+00
-1.859079019457897886e+00
-2.302774883179645737e+00
1.661218622298552328e+00
1.602282820335252378e+00
-1.200349627681361664e+00
-3.680040136340769763e-01
-1.157434808208935850e+00
2.347227265785979178e+00
1.745139213498229536e+00
-1.146203928145271833e+00
2.304453436519526388e+00
-2.525939359388432504e+00
-9.774282292790839044e-01
1.859626722827963263e+00
-3.978021090634483170e-01
9.078234209059224957e-01
7.547826035501882247e-01
5.425214102894621027e-01
-1.727500236151244817e+00
-1.702102854876986759e-01
-8.752821004736655031e-01
6.316126428313451058e-01
-6.034548516937654483e-02
-1.345602990062911175e+00
-7.367789503761561498e-01
1.046830375715637640e+00
2.647394076340244595e+00
-3.588845266535929945e-01
2.252865910811085115e+00
9.868346065954380908e-02
1.926302952897416265e+00
8.195313524856588927e-01
-3.187111252580177023e-01
2.228689689356638581e+00
-1.319222927787065514e+00
-9.029800972171717621e-01
-1.105997799459421227e+00
2.493376213416501619e-01
-2.429539407571086329e-01
-2.723846610515634925e+00
1.391407416175990619e+00
-2.822234018181960513e-01
-1.242422122119816397e+00
1.128785934337488417e+00
1.207169244865309299e+00
-3.056761916687057656e+00
3.388764337937730242e-01
1.505546168184074940e+00
-2.037356737836960363e+00
-2.333248139358240714e+00
1.585456313393267758e+00
6.924756556911395577e-01
-1.709167730744488356e+00
2.590479059610638624e-01
-2.817546943483735244e-01
-2.778245344761026914e+00
1.097250590878899645e+00
-1.359818992350809941e+00
2.077721636257864324e-01
8.761738366323096328e-01
-1.331265384272711572e+00
-3.023723917215337842e+00
-1.640700485558935551e+00
1.774419704216777083e+00
1.091426149025340964e+00
6.162958842065564546e-01
1.877842772211151701e+00
5.794024577071393844e-01
1.131096923548592592e+00
1.613884344601298704e+00
2.591716385066872297e-02
-9.836016772567265365e-01
1.183369445916082840e+00
-1.557513679952327035e+00
1.258442607756949938e+00
1.291405280967805158e+00
1.359272712987559251e+00
4.783152225628855558e-01
2.384205203050008492e+00
5.733717290935932409e-01
-2.254268446216851629e+00
-2.044868618873317168e+00
1.611082676279767201e+00
1.811790616593197401e-01
-1.298198396700706025e-01
-1.246201071305288011e+00
2.099877619974815701e+00
1.692728502227420773e+00
1.220600691034662288e+00
3.330270736894445971e+00
-1.569791966981024078e+00
7.757203228396528649e-01
-1.685922910768710370e+00
2.843948686161403394e+00
-1.495557348615343507e+00
1.378631200861354378e+00
9.651841171112189866e-01
-1.579591145725102397e+00
1.836780396761167111e+00
-8.445044321237740181e-01
5.428110929448319855e-01
-2.051884120186258986e+00
7.671831436496140411e-01
-1.450818310612441708e-01
-2.326611628710395507e-02
1.221972957105699864e+00
-2.792113769220823105e-01
-1.742890827442702628e+00
1.910302016696991734e+00
-1.054201337913558412e+00
5.219125824058152840e-01
1.827024569937177434e+00
-1.091583575089960290e+00
-2.493358617626762808e+00
1.149673914659904206e+00
-2.295314508998726133e+00
1.179472728458382580e+00
-1.959400830113589564e-01
-5.580576145694770007e-01
7.445851672874765903e-01
-1.132548344881129099e+00
7.070856499122980532e-01
-4.193321717844440966e-01
2.450858382732933105e+00
-3.774936396520128801e-01
3.340014298171647411e-01
6.296674307566922923e-01
2.190589191250531087e+00
2.971031615886909005e+00
-1.283471056023621548e+00
1.224633842032560427e+00
-7.078798573384937898e-01
2.597353368957274533e+00
-1.718784655956758112e+00
2.155572037604001068e+00
2.425379830744028631e+00
2.421646787850912919e-01
8.876348513813481222e-01
-1.720890512746917400e+00
-1.124875926130389114e+00
8.753301538042804752e-01
1.014172734763346906e+00
-2.789842060119930522e+00
8.020007687210289893e-01
8.829115170965581294e-01
1.133393476395348376e+00
9.498819301926569869e-01
1.618642789141894633e+00
-1.061576836973023852e+00
-3.302811218123904990e-02
-7.216194948704253154e-01
1.615127024146529866e+00
-8.936753707433509053e-02
-2.297456940051407326e+00
-2.088962261886835314e+00
1.558675013727402359e+00
-2.126990549631093685e+00
-3.795428180798436357e-01
-8.652701071017816492e-01
1.291162959994619941e+00
2.516633291577512477e+00
-1.709286376070003000e+00
-1.028086632998924443e+00
-2.175207045463279254e+00
-1.380908881028882762e+00
-1.578084869542684565e+00
1.953987702725481057e+00
-1.810961485763658008e+00
9.226545355637958412e-01
1.033023484694191030e+00
-2.137148451594333753e+00
-1.556324520457227356e-01
1.369306620768013127e+00
-1.135389402548589555e+00
1.318881528122774816e+00
-7.104326262295243000e-01
-2.392008123636832906e-01
3.644436863504663116e-01
-6.535844269998077882e-01
-2.726904653617689966e+00
1.415222619943811821e+00
-1.388705254974763159e+00
-5.123502735295002442e-01
-9.788786109575677852e-01
-3.020772646780729431e+00
2.375321108543714033e+00
-2.014364877288317146e+00
-1.880235099816235822e+00
-1.091059824987205662e+00
2.386268864272525825e+00
-2.253456428828465974e+00
-1.364452734181077265e+00
-7.561571246213771857e-01
-6.712508283545555177e-01
-1.329896880514775059e+00
1.632776887387121789e-02
1.501579614961340292e+00
1.639201468446120247e+00
