-7.234566106227565463e+00
-2.152177233299301662e+01
-4.862762746583424445e+00
1.310540415023893956e+00
1.031639859301778195e+01
1.200301202436694048e+01
9.078540665138232768e+00
-7.287383154693112708e+00
-2.282960198078889391e+00
3.966627194634468445e+00
-1.755027332463086065e+00
-1.920456696435451915e-01
3.892142552701284064e+00
7.027321828539943915e+00
-1.066072687864760482e+01
-3.440343270718446256e+00
-7.503971683667549630e-01
1.749131800419238880e+00
-1.415029172475087016e+01
1.722268477301312828e+00
9.240883045329923107e+00
1.129578453837594942e+01
-2.914891550390807495e+00
1.163289636417774808e+01
2.166280033847432396e+00
3.823656708852220198e+00
-1.511478746298063225e+00
7.007877154609473358e+00
-1.981488670034581734e+00
-1.659423466913757039e+01
-3.618228791935153676e+00
5.755052441149063114e+00
1.118513405317964882e+01
8.962946342837765812e+00
-3.445055109330669385e+00
5.852065071693587583e+00
-1.895547109854951895e+00
-1.926191547202198251e+01
-4.420364896798369081e+00
1.394523236902433627e+00
1.025983583294815560e+01
-2.620638984602237542e+00
7.801946335468984195e+00
7.586844771669611021e+00
-1.478527380848654715e+01
-8.182921979189313078e+00
-4.152635782080134064e+00
5.227401852102026680e+00
2.816530982572750919e+00
-3.142661997219061476e+00
-5.882816487782760895e+00
8.292916112710541077e-01
1.560319925388131601e+01
4.218559677850960199e+00
-1.120425489902402205e+01
2.386966834010966654e+00
-9.446071442557306241e+00
-1.825515951720046548e+00
-1.140706148481123172e+01
-1.778310694600280684e+01
-1.618334803526390919e+00
8.127820007572582384e+00
9.173956017302698385e+00
7.418044644274019994e+00
-9.767438345365885510e+00
5.914848670647868012e+00
-2.120870800189099015e+00
-2.799921528476637000e+00
-1.057879225113604704e+01
4.625876073363490271e+00
-4.192133050073806544e+00
-1.042522884307981634e+01
7.301725396884644503e+00
-7.981932658076088316e+00
1.363084461510327294e+01
2.392995215563864519e-01
5.514252506702572276e+00
1.335027899488135006e+01
-1.252007294064677190e+01
-6.498109235412190543e+00
-1.603786693087347226e+00
-1.427211807723576342e+01
-9.843105424235323753e+00
-1.659173672219148088e+01
-6.622498499665388394e+00
-4.043483233271858879e+00
4.905636760126718676e-01
1.740201362059009549e-01
6.525090726331070456e+00
4.734796526327640365e+00
6.041606500050252571e+00
-4.554206111161187565e+00
-1.245790671468290256e+01
1.148893413947788034e+01
-1.047807539739687144e+01
-2.316979851333826890e-01
1.253352757912616511e+01
-7.345124879860966516e+00
7.464640721139176094e+00
-6.643860266581211427e+00
-6.297038025450746090e+00
-7.653264637989495300e-01
9.815093579242766708e+00
1.223683813669094000e+01
-1.045709909903229651e+01
-4.992712974149663196e+00
4.565566124497912881e+00
-1.902588622415257724e+00
-5.869917205668542692e+00
-7.504874250496432531e+00
1.840515307886893481e+01
6.497218212245350344e+00
1.372740783256512742e+01
-6.842398893363548229e-01
1.133473111607293937e+01
1.403507593635452011e+01
-1.943186923215526329e+00
1.623612602581232744e+00
6.564605440398915803e+00
8.577958053655107662e+00
-1.258019170129362863e+01
-1.204425821398548457e+01
8.882454669536787861e+00
-2.297247141467102960e+00
-5.017201384334345704e+00
-2.859643354087417322e+00
1.178109949156998937e+01
-6.865864194390139730e+00
-7.586292306647765216e+00
7.721714188709159821e+00
-1.914148442024035113e+00
9.517901225703525370e+00
6.942253141490751567e+00
1.692372177269803046e+00
2.052959733804510023e+00
-3.908721446868766325e+00
1.448517584504538824e+00
5.803796704189934985e+00
-9.796034876646505296e+00
-1.186366325623963647e+01
-1.289398951807240401e+01
5.639455401071518104e+00
-8.317781547916434093e+00
6.696298056813381194e+00
-1.209640011798849457e+01
-1.247221939774265564e+01
-1.167847989537722952e+01
1.018667936651410777e+01
-7.319886593161490040e+00
-1.169616779063327172e+01
1.836488406853477073e+01
7.395151166377257113e+00
-3.680373189789609700e+00
1.145169001733611402e+01
-1.116344431535980952e+01
-1.774994565176800165e+01
3.024345732896741357e+00
2.951665275653981624e+00
1.534624084025582480e+00
-5.844007622630362775e-01
-1.220696355718557591e+01
9.549873817564357381e+00
-1.293854139994963681e+00
-2.697081054992162663e+00
-1.443201757462408175e+01
-5.629377514115707637e-01
5.075138488264634873e+00
-4.709815800311906164e-01
-6.019737402671548665e+00
1.034615327310838673e+01
-4.087771945708443155e+00
-4.578125363417209215e+00
9.618247533961876705e-01
-1.111005675889417077e+01
6.689837979110220267e+00
-1.028472946468430749e+01
-7.510734066252384267e+00
-9.766860102362999285e+00
1.698563595276746607e+00
-4.989495386283742562e+00
-3.719352860911652403e+00
-5.618449852506281594e+00
-3.969327390383601717e+00
4.253561692769555869e+00
1.249538660404601664e+01
-1.664025933994837558e+01
8.509020070648965373e+00
-2.527997358618949253e+00
-4.656262555522880930e-01
1.668896142286391271e-02
-4.303231300555408367e+00
1.580641620392732705e+00
6.437367485399574374e-01
8.848996189761065168e+00
1.086973376758009913e+01
6.329769848952846445e+00
-1.312069207182014630e+01
-2.857041962002699442e+00
7.458271703031835731e-01
-5.791805029098172852e+00
5.263227047512041068e+00
1.009030218465258422e+00
-6.932465047365839794e+00
-9.622032458705726654e+00
-7.993331880486219454e+00
-1.654946815536288440e+01
-1.738276370089822720e+01
2.307162345821122340e+00
-9.251102526325919229e+00
1.268426819343335898e+00
-4.903772034921190404e+00
7.101652633455840302e+00
-7.122676465305933569e+00
-6.222135836013523713e-01
-1.073354637837323100e+00
4.224605450114720107e-01
9.039563283483404987e+00
-1.729453050239754219e+01
2.334582268115453108e+00
-5.363400822622472752e+00
4.632045897449993177e+00
1.484564668098463258e+01
1.535192307974428871e+01
-1.144432607627033782e+01
-1.088998055898863981e+01
-9.073594013682667381e+00
2.136822518977924545e+01
5.929358882985370727e+00
1.101088044065697780e+01
8.672574233921832132e+00
3.616641117824271667e+00
-3.782963826232768501e+00
-8.656343801658557879e+00
5.355244391546050586e+00
1.033947452572387959e+00
6.923901428217380527e+00
-2.140194825909734533e+00
-2.572887722594000337e+00
-2.587470236757140718e+00
5.274129614662854237e+00
5.599900664637310399e+00
7.170658019001429295e+00
-3.993548409328677273e+00
-1.061363393488985807e+01
-2.924162561565388785e+00
1.202132817708698287e+00
-1.850071458224724452e+01
-1.212860534500889376e+00
6.457285841568847218e+00
1.741591072751363356e+01
-8.379321882003107902e+00
1.065357918500988710e-01
5.285498629658778924e+00
1.109517428742874046e+01
-1.552175690083755732e+01
-4.085700397736836464e+00
2.762789624425717960e+00
-2.976287567595624406e+00
-7.758070331545102505e+00
-1.097753338463486328e+00
-2.580289484503905495e+00
-4.974172289300446081e+00
-1.606700534708306805e+01
8.515432416009907968e+00
2.539098273402687767e+01
