-6.370209013914895912e-01
1.743934568756046133e+00
-6.292168310732475511e-01
-1.897472194795673639e+00
1.146202287646749474e+00
-7.658148671479994007e-01
-8.846963285403381949e-01
2.468234321257716690e+00
-1.787711134444875949e+00
2.160137912747153166e+00
-2.033379284042309720e+00
7.043735558639985239e-01
1.860941203647978881e+00
-1.632998755696899895e+00
-1.603968048039501326e+00
-3.966315952300457082e-01
-2.020897326372992353e+00
-4.170466057831325735e-01
9.582876042418659868e-01
2.551116286249867304e+00
-1.844009401528051928e+00
1.196698050556810333e+00
-4.164284770574676608e-01
1.560629485457937893e+00
-4.576799401286654190e-01
-1.227569401377188729e+00
4.415070402947639527e-01
-2.150979554322688614e+00
-2.119337671193521899e+00
2.049557055332839606e-01
-1.365774940400227733e+00
1.049420511987240179e+00
-1.460304696918492962e-01
-7.489952178076583200e-01
2.085789113581117071e+00
-7.331566316883280088e-01
3.369004959421814105e-01
2.198976289697468278e+00
4.759452925247331656e-01
5.578614278512412650e-01
1.264702645826845773e+00
2.599775273752044757e+00
-2.230200200381837305e+00
1.714430140788135493e+00
1.536163831342468145e+00
-2.334630277434932122e+00
-9.233070293289065145e-01
5.010645882231818948e-01
-1.945054381896678564e+00
-1.389933975542663402e+00
-1.075484163331497323e+00
1.157978318363922954e+00
-8.085203751792591209e-01
-4.562491232907841532e-01
-2.341872761111856605e+00
1.080154850857983906e+00
-6.874652920437485104e-01
-2.704083939406895176e+00
1.695383089305218416e+00
1.536599074371454154e+00
-7.339901249640119474e-01
1.148038161262701529e+00
-1.910751211448352915e+00
-1.872317993650053358e-01
-1.455991693648857499e+00
2.243900902269057696e+00
-2.480236132553516271e+00
-4.235196837150484450e-01
1.159285375448251498e+00
-1.984481471167225397e-01
-2.490749207058756021e+00
-1.766835553573774753e+00
1.304103015459769033e+00
8.473403184171954816e-01
-2.055361333811699609e+00
1.812465700295502469e+00
1.333279859645390752e+00
8.610948706663303920e-01
1.020986156472303286e+00
-1.948851288791885850e+00
1.001095457484812101e+00
3.106929650702409340e+00
-1.570926444643246267e+00
1.393705202620755035e+00
-8.251286138847632179e-01
-4.970113766771424579e-01
1.787914700260609280e+00
1.702610549454826927e+00
-2.296667884868888621e+00
-3.297618721039477840e+00
-1.663012475477674501e+00
1.203958583822172024e+00
3.069308207593695492e+00
1.948637932128011396e+00
1.585641557655362632e+00
1.999626120796446305e+00
1.904866912683487179e+00
6.069709364456763456e-01
-9.284423132711342452e-01
5.342684676250076814e-01
-2.852068438803528894e-02
-1.984986306856452831e+00
5.725989047978261581e-01
1.383273095822850074e+00
-8.216964626570002483e-01
-2.344095469603279192e+00
2.648850551488194927e-01
2.356448817325397016e+00
-1.371668071196390670e+00
1.150911305873297596e+00
7.578270463543845814e-01
-2.096774412327874870e+00
8.224985162564011354e-01
-1.253300542668168260e+00
-2.078791604838024831e+00
-6.034888564669583788e-01
-1.854509969483026488e+00
1.239349416305557838e+00
1.303730680351717686e+00
-1.259648300583043667e+00
-3.355763970713948052e-01
1.510372363956428376e+00
-1.374229913860445240e+00
1.891229134794559119e+00
1.054525555471326648e+00
-2.184300208849156988e-01
-1.444698058125625240e+00
1.736643699403225050e+00
-3.821827824190601741e-01
1.174775272696095385e+00
-3.048124764945422394e-01
1.224065093532332060e+00
2.376490403681756014e+00
-4.023155526102810686e-01
-3.645759226646655415e-01
5.843284625044770086e-01
-1.596796897865287779e+00
-2.455557965999685122e-01
1.907108657308060895e+00
-2.308464627582208717e+00
4.604116866170134825e-01
-5.769011250416962167e-01
-1.140614898020403389e-02
-1.057355144089614285e+00
-9.180844377352957997e-01
-7.171543085494423986e-01
-1.452924141362062826e+00
-5.400529682113387464e-01
-3.639003888660885533e-01
-1.901989617469317384e+00
9.064210667463383775e-01
-1.481455147214356116e-01
4.803623480481270525e-01
2.239289230141904063e+00
1.912586972303249144e+00
6.054717499383277524e-01
2.701641321521804251e+00
-4.018753032652380708e-01
-4.817852857077979389e-01
6.289811519670257534e-02
-5.929387919408896090e-01
1.184585457932374908e+00
-2.342781980461126956e+00
-1.449963832897667171e+00
-1.774054425095578313e+00
-3.216314972755935919e+00
-2.399282954882625774e+00
7.071240579649479274e-02
1.197640483626288166e+00
1.545965166896022591e+00
1.325241285232581223e+00
-5.333150886745683383e-01
7.891032022279228508e-01
-1.634609899252560616e+00
1.734987077700522740e+00
-1.667378844529678883e+00
1.791652238840994782e+00
1.008897581884257377e+00
-5.124924385808794502e-01
-1.173495635869666875e-01
1.783735906295827789e+00
-1.152264315297153008e+00
4.701383377343867354e-01
-3.851839235813422357e-01
1.170585234258548546e+00
2.286204381043397404e+00
1.328428453410960053e+00
9.083094130508790887e-01
-3.098997266470513878e+00
-2.574121329676978043e+00
1.942647536665083496e+00
-1.535197773348240258e+00
1.203066151362766956e+00
7.802412212414566728e-02
1.586799797441221127e+00
3.747799070511170783e-02
2.613966254388974675e-01
4.154213333953438170e-01
-2.746347430647570143e+00
-2.132326747409332146e+00
-1.825729868892561614e-01
-1.453475632954381869e-02
-6.859355815186912730e-01
1.672104608499706213e+00
5.381846345756291505e-01
1.183850174338923811e+00
1.382530638832438097e+00
-6.886540201099085046e-01
-9.500701698588850386e-01
1.896670581108694242e-01
-1.131972604948956018e+00
-1.799404311787324406e+00
8.988250493328499013e-01
8.778490028818759505e-01
2.294602243990681245e+00
-9.681254602285871425e-01
-2.037409530281752534e+00
-5.442919605176913533e-01
1.491883319461552837e+00
-2.441245763752564635e+00
-2.560056804369887362e-01
1.511829552075333538e+00
2.640079475654716346e-01
3.663214046268296054e-01
-7.682093448791664780e-01
-2.024893138043713847e+00
-1.265364351062594261e+00
2.103088783989474742e+00
1.078430475930247656e-02
-2.910608284150487002e+00
-7.984416132715217440e-01
-1.188490297286900699e+00
-1.018281949225678940e+00
-1.750071568451867732e+00
-1.213243866550528516e-01
-1.798272989069915617e+00
1.839097382142219406e+00
9.503517385994502131e-01
-1.933796174368358933e+00
2.420379444412268932e-01
-1.492247925731098324e+00
2.629360033744410963e+00
-2.745961430703242279e+00
5.736766801476219646e-01
-1.221219986544598068e+00
1.440695921836457893e-01
6.738706070275657378e-01
-7.835477130089133491e-01
4.570357499646033328e-01
2.687564558552080207e+00
-4.680671862163184871e-01
8.783304027194052122e-01
6.653853651909268363e-01
1.870990730048672557e+00
1.615251098565694932e+00
7.759784050104782116e-01
-1.564371200264692785e+00
1.586511850926277223e+00
2.061210608229038677e+00
1.411975629927595843e+00
-1.400580349796087365e+00
-5.837796641924489771e-01
1.120149712775989403e+00
-1.733686839249643175e+00
-8.744537445554105837e-01
