-1.472998981485222902e+00
-5.049686461287024031e-01
-1.294832191437931268e-01
2.963880216892519348e-01
-1.240078684873561432e+00
1.320036025188010331e+00
-3.054413895044283400e-02
9.694034736087695503e-01
1.910597228712206830e+00
-9.491813988805589686e-01
-7.656277767344213392e-02
9.125243889348664261e-01
1.082099600109792670e+00
-2.474768192622208707e-01
1.026085249204193861e+00
-5.072824303374776633e-01
1.383224411635401996e-01
1.298404937583959029e-01
-3.685021833894312482e-01
-7.709332520769383024e-01
1.054060177547116117e+00
1.442671357740764826e+00
5.158285416311144678e-01
-7.241819445131476574e-01
-1.284958072334076995e-01
-1.355015960118002294e+00
1.087031646890336933e+00
1.391513500001380077e+00
1.774263957253231272e+00
6.833285291670178063e-01
5.848998171506056831e-01
-1.393442692297973129e-01
3.739707625388550283e-01
1.833048928243928177e+00
-2.560005361943784585e-01
-2.676074035678287499e-01
4.591735663212743734e-01
9.387635641998437475e-01
-2.255967391712607184e-01
1.818065436551081104e+00
2.715321210871501911e-02
-1.138867540888572005e+00
2.883357274229763068e-01
1.054565413888570058e+00
-1.315880046949816862e+00
8.165731285748429880e-01
4.731596057835311120e-01
7.713803252257080967e-01
-1.493148062824327438e+00
-4.313153015047971328e-01
7.868231441052199182e-01
1.030979209347131054e+00
-3.825997347378075064e-01
-2.629650873602169536e-01
-6.866142448705475632e-01
4.887830159153768728e-01
-8.063533008949237413e-01
-4.422370280247822638e-01
1.769011737164147974e-02
5.329947924649001134e-01
-1.366226608671408993e+00
-1.142185354618985960e+00
-7.727250660573803387e-02
-1.659039247664296779e+00
2.990943503614726939e-01
-1.475279060435534806e+00
-2.566688080315178144e-01
-3.263216436049604097e-01
-1.001710465253971449e+00
-8.720138917166229131e-01
1.478915832276913367e+00
-1.435522350930420687e+00
1.558253873814920087e+00
1.213396310240340448e+00
-1.348582456840828669e+00
1.328766495130740966e+00
8.168827843954902246e-01
-1.006918285549472269e+00
1.171727194510741699e+00
-1.250536807770068259e+00
-3.701204940344431371e-01
-1.082358458366600606e+00
4.462356414988033482e-01
-1.202563869623427317e+00
6.932563765810167977e-02
1.313064055915545092e+00
1.487653102052065357e+00
-6.021449326067918051e-01
1.145243787903146959e+00
1.449705017876149027e+00
-6.910433907578765744e-01
-2.556461559855501831e-01
1.441428919564351929e+00
8.097881364174512875e-01
4.064766544366471557e-01
-1.130682331704874644e+00
-1.048477888222996146e+00
-7.394002508475225888e-01
-1.813204144735627965e+00
-3.833265129834915325e-02
1.230586570158357818e+00
-1.100233794587312630e+00
-2.062509251461358550e-01
8.464506413766998971e-01
-2.962857746352315358e-01
-1.363442448273001206e-01
3.332773637334812689e-01
-4.542645352711298656e-01
-8.380968374972335155e-01
1.781426851714166482e+00
-8.161750557891267466e-01
1.645914914149113839e+00
9.961745750813948419e-01
-1.049950144674328678e+00
1.285176386104467383e-01
1.535765083456732016e+00
-4.436185058268353743e-01
-6.618098447971194620e-01
1.697364578611606500e-01
-1.231415757861543669e-01
1.594804403229681311e+00
-1.341763094415630242e+00
-1.312745448815727745e+00
3.376154714082035824e-04
-1.127091192226790550e+00
-7.151385805746744984e-01
9.546626363343240218e-01
9.606822266599928106e-01
-1.010743856585079925e+00
-1.107425263989619602e+00
1.030352271018660781e-01
2.538901732692876445e-01
1.651223780927109086e-01
6.353842200556180098e-01
-1.145207413831800913e+00
-1.523788053303659851e+00
-1.681428622869628242e+00
-3.475954706423410867e-01
-3.482049062806445439e-01
5.915781753486181183e-01
8.034630126130105632e-01
1.352125786596562129e+00
-1.064876200205983059e+00
-7.447398418160022793e-01
3.634692098324659448e-01
3.252393446796812970e-01
-5.607481713824508107e-01
1.845905832108699185e+00
-5.017256887115097985e-01
7.711015495960191757e-01
-7.476451186488238809e-01
-1.077400232015847115e-01
3.421369164337054736e-01
-3.901502496462285752e-01
-2.298472908478467192e-01
6.909448393087604945e-01
1.525142108392001372e-01
1.547758281553618387e-01
8.782241467385305533e-01
1.440117571993542456e-01
-6.206939973437642921e-01
-6.963985824357455945e-01
1.105257953267629212e+00
6.076620425205748743e-01
1.441094329928718221e+00
-1.803085532105953570e-01
-3.199255301056806999e-01
1.533735526763147394e+00
1.385351978301445186e+00
8.495191863529325538e-01
-5.082668494474137377e-01
2.996828306262769304e-01
-4.250400138856220700e-01
-7.855695265943735128e-01
4.816772517483643989e-01
1.955166326298947710e-01
2.864332332966852412e-01
4.578697124941452645e-01
-4.612355859662493618e-01
4.473338709635214516e-01
3.603590960668225374e-01
-1.707596967936314103e+00
6.482900215608009553e-01
3.275141209257448338e-02
-4.430489753849048418e-01
1.678122237963564967e+00
-1.010207891316563078e+00
-1.170446786057783850e-01
-2.471981115395237016e-01
1.061410954827584074e-01
-1.193130557278615056e+00
1.171098789652551320e+00
1.100718820468902237e+00
-1.184993041623920274e+00
-1.821950148179922513e+00
-1.247942769926225992e+00
9.201985078883359037e-01
-1.165238840490441241e+00
-2.615803354033131578e-01
7.816914552459421905e-01
1.956204965938979079e-01
4.623552137236782156e-01
-1.288865411456829646e+00
6.766847917158047565e-01
7.879800269033376825e-01
-1.006797684026946582e+00
-1.533163379438123863e-01
5.669381292616034740e-01
1.092313129609094879e-01
1.604864934832821444e-01
4.525250457912410873e-01
8.035561620939872807e-01
-3.885950196485579156e-01
1.282092493388892862e+00
-2.526847423754021160e-01
-4.345430653849305935e-01
6.499718380417847108e-01
4.423350843323997639e-02
1.228561283654144631e+00
-1.239597492962184244e+00
1.098729141176916668e+00
1.740662365176589566e-01
1.042558214586377652e+00
4.974395176620005632e-01
5.115458422877801059e-01
-9.584212741011084447e-01
2.080546127775796394e-01
6.777861545375282182e-01
1.133975268562375627e+00
7.640340413092285843e-01
1.111652774986171544e-01
7.695266857754228251e-01
-1.000383202587495357e-01
-1.353619270205506098e+00
7.932400196538686998e-01
7.746133495719556006e-01
1.397065157219583131e+00
5.100344169164195973e-01
9.264804838907791940e-01
-8.789741571994877933e-01
1.315314789675576357e+00
3.787397881883753925e-01
-2.595458073798162513e-01
8.474927412781829705e-02
-1.446474754430472576e+00
-1.588245725171736344e-01
-9.951046913700020147e-01
1.136142018763414807e+00
7.276314223235884615e-01
3.808696824822347393e-01
3.741724436227381601e-01
1.274171978103525449e+00
4.405212157747961932e-01
3.443904802960240374e-01
-2.084191187169293080e-02
-1.089211413829018538e+00
-1.301281703911014720e-01
-1.835383014785838540e+00
-1.364348518460041682e+00
-1.026444035659846765e+00
-4.901572598438829198e-01
3.242477942184484041e-01
9.968734993674028821e-01
-1.489959539277196932e-02
-1.157110783631484452e+00
