-6.267698196135051969e-01
-5.426462226714086068e-01
8.405332238498757214e-01
9.345950395431372737e-01
-5.284753351619244643e-01
-7.839439929281717401e-01
-3.751614993158924882e-01
-8.386993718555550981e-01
6.831486167612628169e-01
-3.350066231160004904e-01
-1.114200982284299091e-01
4.673573118681739746e-01
3.051064604716056117e-01
-5.621040362317153427e-01
-4.374623748930843714e-01
-2.688056925209563186e-01
-7.697164380717058663e-02
9.650064829282567480e-02
-4.281308340600253892e-02
-3.626935826326975754e-01
7.080738950615175220e-01
5.766918731433956502e-02
8.034626555921662305e-01
5.696914854900489988e-01
-1.859335279967442300e-01
9.739080122721266441e-01
-7.696854750318298244e-01
7.018409974928270234e-01
5.536941530125076838e-01
8.626581970562658963e-01
-4.250693137930474652e-01
-9.163843010595384975e-02
-8.357774922405452056e-01
-9.181313105032449240e-01
-7.419467677685624984e-01
7.592871154076721307e-01
-9.355203127533173735e-01
-4.752971594124570931e-01
-4.115303693417369235e-01
-7.904979381586323406e-01
-1.214579847189980466e-01
3.855325745137574422e-01
6.502720683543483648e-01
2.832962909548422115e-01
7.744930755037080505e-01
2.637991095853766677e-01
-5.195617701118113718e-01
8.687259835297773680e-01
-1.142562826153301625e-01
-7.132808427687642450e-01
-2.594812642197366070e-01
2.379336622297421044e-01
3.828535746330301581e-01
1.325162756745728032e-01
1.451916199180227629e-01
-9.012433598619464803e-01
-7.094581004230056109e-01
-1.981466421727580141e-01
-1.389641595094184279e-01
-8.128175620326136830e-01
5.635624371187464288e-01
4.368622071079861779e-01
5.151661646413363549e-01
1.229175766810002290e-01
-8.669352067830100594e-01
-1.166673634336645726e-02
6.215963826512991286e-01
-5.041855450084011814e-01
-5.028307008574639525e-02
-1.887078313181786982e-01
-6.192633169352301792e-01
-6.617591030166438681e-01
-4.440040925085215751e-01
8.700464460141204004e-01
-9.151028018105065165e-01
-8.409338555494216827e-01
-3.256785612878307923e-01
5.874559837847808108e-01
6.938451280668045396e-01
-1.616152327502449193e-01
-2.506250407851891016e-01
5.396331607334317049e-01
-4.676520882800769829e-01
-7.034337712992961844e-01
5.657671251585980610e-01
5.741283325865873532e-01
-4.285090348734030830e-01
4.520017168060062041e-01
8.561486214097728809e-01
-2.488171096413698269e-01
-2.678039327258645574e-01
-4.469879372785161564e-01
6.212727663091619501e-01
-3.825773947800925612e-02
6.452460407670734810e-02
3.370177795628048756e-01
2.076023159299127396e-01
6.832734796314796633e-01
3.836281349878194469e-01
-3.004737364061083049e-01
-5.357512636316563714e-01
-4.859120963924488112e-01
9.438716196935656999e-01
5.419767305326050888e-02
9.847626402865876649e-01
-8.822736141514202490e-01
1.802600085458996304e-01
-7.963719236760182785e-01
6.518839025913012453e-01
-3.668156515734635192e-01
-8.317794323214589003e-01
7.481028090141241815e-01
-6.130523915286785197e-01
3.341884210320542614e-01
-2.732594222503399450e-01
7.301763087984449729e-01
-5.162652830708336360e-01
-6.764340408344848843e-01
-9.327694485696631510e-01
4.825228105970091885e-01
-9.461776105975434614e-01
-5.912219125892532734e-01
-6.102144932893411866e-01
-5.173890176880746594e-03
-4.615054203771102870e-01
2.832764672067364931e-01
-5.043810333101053089e-01
-8.245397459280578989e-01
6.437994153672776942e-01
-7.226697357269082911e-01
2.288822689170506575e-01
-5.015652588041839000e-01
-6.520031798849539317e-01
8.142667139623709360e-01
1.760941098862682797e-01
-5.630090450896623189e-01
-1.588452852450052966e-01
-2.659276526175626820e-01
8.668952464123123036e-01
-2.020965925878923652e-01
-7.207513068386677269e-01
-3.401889895066634306e-01
4.517573815711910523e-01
6.706477612374275310e-01
8.616000221346611365e-01
-9.272218250197705736e-01
-4.453535625012896570e-01
3.812377874550962886e-01
-1.149991844039799371e-01
-2.352511391197817936e-01
-9.138147610490907624e-01
-1.918738737263996352e-01
9.962820932898908133e-01
1.604723992324017523e-01
-4.234960301517940451e-01
-4.890144957886355392e-01
9.553815402217231689e-01
-5.019316053007458756e-01
-2.379496662524895889e-01
-8.293963645015602903e-01
-6.131866352890491534e-02
-9.039693111049913465e-01
-7.995845026126247035e-02
1.009804505479889869e-01
-1.949798243861957658e-01
-5.458507885730434772e-01
6.457582253277371898e-02
3.896629471943344747e-01
-3.609808674057124467e-01
7.521894343198316513e-01
-1.475739755093135042e-01
8.417332493813438621e-01
-8.007362080998110532e-01
-5.714849746832595390e-01
-8.646205084170788258e-01
-9.780701939670128908e-01
-3.264173185567866842e-01
7.085875783156119212e-01
-6.437136780053909213e-01
-4.725026373182312778e-01
-8.431376991494106132e-01
-6.115312549284075416e-01
8.749576284015379013e-01
4.726052484632867756e-01
-4.887336990899013855e-01
8.057676437743690467e-01
-8.332219707846340029e-01
-9.241000129226875082e-01
-2.799713918894168874e-01
3.238854015343060055e-01
-2.340182761979248127e-01
-1.974416242824310608e-01
-8.318781159852168816e-01
-1.449981422214530191e-01
-3.512065490264641987e-01
9.584392337727387634e-01
7.025247101425897700e-01
-6.187856268105629276e-01
9.825015211157726025e-01
-4.359588300762273771e-01
-1.910449969636565104e-01
5.866886969231777105e-01
-8.500687535221611579e-01
-8.869477524908220278e-01
-1.998306001655436592e-01
-3.667109471441538648e-01
7.436490043839283359e-03
1.390013995153605020e-01
3.054023357705319963e-01
-4.146235456972777733e-01
-8.174859113410100075e-01
-3.349674573013474710e-01
1.645353898488255417e-01
8.618899603345528959e-01
-7.835656110648592243e-01
-1.625928106748846247e-01
3.201680343869230949e-01
1.397365948905116007e-02
-8.133470580429287278e-01
-5.396326417348527027e-01
-6.793445983159265289e-01
1.960508452698239701e-01
4.337735615277087398e-01
-7.697010072724399521e-01
4.553234268719190680e-01
1.259179420094869162e-01
4.228167531123760980e-03
-7.166599517826699461e-02
-8.333097649730669687e-01
2.895979846225074095e-01
-8.425381932789179906e-01
-6.195343565846278544e-02
9.354526918518382139e-01
6.649302855014247449e-01
9.238411085147202328e-02
2.137897215882302859e-01
8.187663248905103774e-01
-3.863617764654763143e-01
-9.768626694866950899e-01
-7.804801050573355603e-01
-8.841605259137006456e-01
-6.717572520281682724e-01
-1.540010399152795806e-01
1.195907164894975949e-01
2.966996826660008857e-01
-9.425471815886827809e-01
7.567904487496341925e-01
9.757478467401987654e-01
-1.218714346791762715e-01
4.345814027585679362e-01
3.656740031594676310e-01
-7.555219630062377512e-01
4.230040903305216649e-01
2.321025764592288265e-01
1.017753957529221598e-01
-6.911398511163442393e-01
-1.183644438662239118e-01
-6.122784329854118468e-01
9.956904246267199721e-01
-1.246728820159224149e-01
-1.446439496252867052e-01
-5.241583772090334659e-01
1.529545984634730349e-01
-2.672389389261284887e-01
3.988052475927548191e-01
