-2.812272020146219909e+00
-7.509516104627683708e-01
3.107092998536280515e+00
3.851137083089715141e-01
-1.304891903289590704e+00
-2.302736761339332805e+00
2.695407910943592000e+00
1.270436292603080997e+00
-2.539728705762989591e+00
2.907370431686964740e-01
-6.093359910379284594e-01
3.466346735268586166e-01
5.074010011358072170e-01
-3.705579377902630256e-01
2.140451482844736575e-01
-2.833851569483754496e+00
-1.700087745791842631e+00
2.251395632226667054e+00
-1.729024628672132469e+00
2.163056434417851115e+00
1.302285503269906275e-01
8.671998170952994744e-01
-2.494997995725965367e+00
2.348760014673099583e+00
-1.864575211269569488e+00
-1.931368895883278203e+00
9.531071110579105721e-01
-1.492938623127599840e+00
-1.097998717085472364e+00
1.963841530481187814e+00
1.691251965736776608e+00
2.300115128607186588e+00
1.421445117495102606e+00
-1.965494446812600104e-01
4.015185659407793928e-01
1.043558955502438268e+00
-2.614856668577293153e+00
-2.626345403663739475e+00
-6.285285417621552240e-01
-1.115259705069016505e+00
2.413734474487990500e+00
2.086757613128650046e+00
-2.272989097150436066e+00
9.784727948107792006e-01
1.232469570061482056e+00
-2.096937613096191699e-01
-2.776333504516280415e-02
4.706589556002844787e-01
2.010857216440982143e+00
-2.518272250764802545e-01
-8.076529750962592180e-01
-2.306967824543093570e+00
8.463537609020146402e-01
-6.423509074461332125e-01
-1.101684779869591013e+00
3.448321992740460473e+00
3.722803231797422008e+00
1.665254134814021292e+00
-9.350223029821025378e-01
-6.505707756195272529e-02
-1.702561906223248211e+00
2.034641989420417296e+00
-6.423966384914252536e-01
1.821209201788807075e-01
-2.400148983808947811e+00
1.405960241469462746e+00
1.674575079738513050e+00
-1.562723428825397720e+00
3.489901424939151564e+00
3.369241425344692509e+00
-9.390169701278519021e-01
-3.706794683575679317e-01
3.305437860641223247e-01
-1.397866639377319364e+00
-6.335661896376932889e-01
-9.100940269304893526e-01
1.030703488058925865e+00
1.503487185940294957e+00
1.022563819709050748e+00
2.151824069245011017e+00
-4.516130225829304567e-01
-1.643038991844325336e+00
-1.932128118360568081e+00
-7.245638588450571405e-01
2.618898123077717521e+00
-5.370045418723665698e-01
-1.022529589998087962e+00
1.878352782072967520e+00
-1.211027454196224262e+00
2.498843560122121943e+00
-2.454726399319630215e+00
9.920728587646940322e-02
1.434112305313398839e+00
1.613693135804429524e+00
2.014521633129088052e+00
-1.923893268720061167e+00
2.664407287903996391e+00
-1.934204026264716658e+00
-8.360013435303612628e-01
-2.001225885686380934e+00
-3.611744739399965098e+00
1.656399160389991021e+00
5.218762104011800407e-01
3.794709005484774855e-01
-5.919006229295473709e-01
-8.335895981686403111e-01
1.226338611558404290e+00
5.125275693281032829e-01
1.249019400214505637e+00
8.347140209048465875e-01
2.074502948173695405e+00
6.668553260172506159e-01
-1.746318749127177217e+00
-2.077751832371135698e+00
2.142507617430022382e+00
2.403329636296096528e+00
1.910057710164203115e+00
8.807811840528544378e-01
-1.243011570183149672e+00
1.253839080559900676e+00
-1.375655874358694630e+00
-3.436434538343355882e+00
-1.568471789540895056e+00
6.068950129514958380e-01
-2.620215847418546851e+00
9.187408438806858868e-01
-2.703813131140635484e+00
-1.507554105202093986e+00
-7.316311228370880881e-02
-9.148898479162802522e-01
-2.238732426206619053e+00
-2.051026180901301732e+00
-1.460114589264361218e+00
-1.915412816666131723e+00
2.002676507057632893e+00
-9.858790900495866261e-01
1.637606679160186651e+00
2.236109594920049126e+00
1.413512085897243031e-01
-5.857391018838771224e-01
-5.420023807692051498e-01
3.542195865370798002e-02
-1.533247359725331549e-02
-7.355220971558110721e-01
-3.216984355323377009e+00
-3.929136060299754263e+00
-1.715757663466821237e+00
-1.729399518411077308e+00
7.431396833988304085e-01
-2.369020103966137381e+00
4.129565861521939940e-01
-1.422024811692457202e+00
1.386311261419932439e-01
1.007659327632740576e+00
-5.874501243268224343e-02
-7.151188469499791811e-01
-5.215081018739893270e-01
-1.522286134690786774e+00
1.722824278464320846e+00
1.614103948513438525e+00
-1.782152904834423346e+00
3.524384388871668605e+00
2.367228217403036794e+00
-8.005618115614490105e-01
-2.417639617659844475e+00
-7.924177011617810074e-01
2.251895435902627085e+00
-2.637397165463419846e+00
-1.583179916039420876e+00
-6.683081750187277459e-01
-4.842576163917133303e-01
2.018303399274622656e+00
-2.095660007458431284e+00
1.241147804764595408e+00
9.198444912435217447e-01
-8.515787045459046745e-01
2.671878752931609924e+00
-2.054366977605568856e+00
3.288455211829990343e+00
2.917998513082502021e-01
-2.028667803042384588e+00
5.013813000340804349e-01
-6.145097571124957803e-02
3.446830618639661559e+00
1.122915226984481096e+00
2.503251060778503678e+00
-6.783019449919019950e-01
-1.479150656481750481e+00
1.079670373188021060e+00
-1.040640016095202292e+00
-1.180430596594810977e+00
1.234027096272911628e+00
-1.554034397316857330e+00
1.207876879472837173e+00
1.033735177072036215e+00
-1.472236665179824211e+00
1.365832245112585497e+00
1.874438562681255194e+00
1.836797916899107319e+00
1.677851036661146544e-01
1.329867414295842654e+00
1.246145424077130387e-01
1.418021350589949492e+00
-2.524604291505483378e+00
3.230099775357054170e+00
3.415286346974862219e+00
1.200813006797981197e+00
2.752627573886899270e+00
1.058667637842043874e+00
3.206456967105618450e+00
-2.073011983844898598e+00
-1.706162676587909877e+00
1.460726021319886714e+00
1.886649031419876943e+00
1.640939152697323822e-01
-4.993907855681863905e-01
1.409461424327682344e-01
1.059515845060282180e+00
-1.593648147015257921e+00
-3.140881930071533823e+00
1.582946089401202183e+00
1.109937969872462071e+00
7.356859043528446440e-01
1.483541042958924416e+00
-1.100968752544478013e+00
-2.978957278312948986e+00
-1.432600941697198982e+00
3.569005408796414036e-01
-9.526506178106393108e-01
-3.626226437138466152e-01
-4.756709170890650040e-01
-1.625467150261300953e+00
-6.070658658733720792e-01
1.020513300441685756e+00
-1.945168244225377263e+00
-3.125221432392185639e-01
3.519551771423908015e-02
-1.732601824754268771e-01
-1.868673873697531407e-01
1.902135612353341720e+00
-6.727154770519148119e-01
6.828098253229051284e-01
-1.909971792581977912e+00
2.857825153567022269e+00
-3.072914862670565572e+00
-1.166260458414112966e+00
-1.629873928185300969e+00
7.836273957647098554e-01
-4.949733857272570203e-01
2.088171375246518302e+00
-2.981853930982818923e+00
-3.323176556215511113e+00
1.295844757335208985e+00
2.300025200649651741e-02
3.140878770484238025e+00
-1.284200156389529335e+00
-1.893378445313640190e+00
-2.895700682981043883e+00
-1.158254327036897458e+00
3.383122315427682381e-01
2.702724773109531409e+00
-2.442069524232225675e+00
1.178374707615347017e+00
-1.903915641202091891e-01
-6.720602585736354939e-01
