-2.551691484214695649e+01
1.352087412458989775e+02
-3.307181376625896974e+01
3.456261961507486546e+01
-3.045992826261720410e+01
-1.441364637224704026e+01
5.491190768310767112e+01
-8.783334295280887716e+00
8.410491168879184443e+01
-4.238510836261384185e+01
-1.421214169859958361e+02
9.923487133089389545e+01
1.063517446735015781e+01
-1.093864337574312273e+01
6.942921878277242342e+01
8.341085929954803646e+01
6.536754590321324443e+00
3.507935935945032924e+01
-1.507355545300720792e+02
-4.680631071437851887e+01
5.922969841424556137e+01
-2.132662133425302642e+01
3.202763203333407205e+01
-5.817095462319654686e+00
6.063876014462390174e+01
4.610055054211773040e+01
-4.769834661918014973e+01
1.110333435580191690e+02
4.208274209603641225e+01
-7.780750653827763585e+01
-6.895771318368186797e-01
-1.011591737958714887e+01
-5.227992256075830113e+01
6.107067463660746043e+00
-3.954580788385393220e+01
1.695743356065290754e+02
-7.971029526786399533e-02
-3.297206386222799779e+01
-7.016528970101313689e+01
-4.176938125042424588e+01
-1.257106338241448285e+01
4.423778735254525429e+01
-2.564727336531212654e+00
7.847251045849301931e+01
5.308564246311624402e+01
1.381260282127018968e+02
-2.691401527816218575e+01
-7.736971003231348121e+00
5.198463198671078089e+01
-2.805395418150254017e+01
-5.126757627785355709e+01
-8.409488172054213351e+01
-3.820777643838900062e+00
3.263463875177046702e+01
6.829391768418237518e+01
-1.706659552271165836e+01
-5.005922346987229332e+01
-7.761443518032687727e+00
-4.405790343272502696e+01
1.435025475799379890e+01
-4.087095338570650327e+00
-1.187210048973811638e+02
-5.224775225474200369e+00
4.169434292492109506e+01
-4.473280296308291071e+01
4.824197328900299730e+00
-2.356802894671607618e+01
3.859092501863102598e+01
6.447563650142358327e-01
8.614544854612492486e+01
-2.477583783101740522e+01
-2.070943294013265401e+01
-6.394444692597443947e+01
9.813275383684972653e+00
4.349603630508158147e+01
1.409490339984878737e+01
7.916569326534238371e+01
-2.106091971076200409e+01
-1.299155121793823930e+01
-5.539376915648372091e+01
5.092490586720182932e+01
-6.972512620299637831e+01
-5.125234526941106594e+01
1.168490854321526662e+01
1.177616351204822251e+02
-3.741163759071825723e+01
1.167035424495473173e+01
9.413079226218364681e+01
8.534329016021531800e+01
1.078112871105455781e+02
8.676123407857371461e+00
-3.316888634636327993e+01
1.078366684893369687e+01
-7.229702594920264858e+01
6.848340768060573680e+01
-8.781673148235239523e+01
4.856773595558020418e+01
-1.001582577110617933e+02
-5.727289564817970557e+01
-7.875704002401367632e+01
-3.629479550243689800e+01
2.643482407768635767e+01
-3.313959071847441606e+01
-4.005038227915309790e+01
-3.664582331395143200e+01
-7.280545441184015942e+01
1.309728727586600527e+00
-3.540339608946084127e+01
5.851158808200133876e+01
3.023072022896266642e+00
2.676957608465806615e+01
2.565692484311873756e+01
-1.204466022076078389e+02
-4.356328546708846616e+00
4.301066285074159623e+01
6.031119844685547093e+01
-3.976355558963241066e+01
2.777305933372570834e+01
1.496044323217791394e+01
-4.010845905793043897e+01
-1.485984713029293403e+01
1.735974747761806114e+01
-2.280760054864936137e+01
7.574237957868532156e+00
5.158946643598761739e+01
7.011085463258409334e+01
1.033027159043248844e+01
-1.663884954433542873e+01
-8.854043677234997745e+01
7.351735718874096825e+00
3.058874137553253192e+01
3.493933669364755445e+01
-1.203258390041062853e+01
2.292876638266522349e+01
2.713058240232609108e+01
4.611633159504845736e+01
7.019166143237606548e+01
-4.749396701988078462e+01
-2.442769242968909538e+01
1.084618519093654498e+02
4.839491641883108741e+01
-1.585669919364784874e+01
2.407164876343100701e+01
1.366786590169581217e+01
1.626065626748395943e+01
2.259253721764918410e+01
2.681722736510803173e-01
3.322047744873319175e+01
2.742527132418577551e+01
1.583081278394744373e+01
8.938691591243664192e+00
-6.016683314546329342e+01
-1.631032635276525298e+02
-3.844257607519645958e+00
-7.654873803462245974e+01
7.372862519170510609e+01
-1.025356498810396033e+02
-2.688062484978844147e+00
5.623494557940912131e+01
-4.205680028675190840e+01
-4.906508654790856738e+00
-1.650444045008955385e+01
2.363375735598449268e+00
2.017816989667808869e+01
8.647231892874485482e+01
-1.776657919971651012e+01
5.409483764471204381e+01
1.013800854802374829e+02
9.677199798971477662e+01
-1.596396972069002231e+02
4.617861861192001527e+01
3.401755269386059410e+01
1.101678546867097985e+00
-8.087137262833815399e+00
7.331006795926491293e+01
-3.650389252352171710e+00
-1.525417166241985889e+01
1.536977697474913285e+01
4.833740519634812927e+01
-7.430780423765550324e+01
3.046420123500302068e+01
-4.584708998701421478e+01
2.851747739471018406e+01
-4.574567593759006456e+01
6.293286802735386942e+01
1.094216216712942824e+01
-3.460016985656432098e+01
3.690853222299624292e+01
-2.987124146702285188e+01
6.875864893912625675e+00
1.107961588333536440e+02
8.286281507269738711e+01
-1.131081818860885306e+02
3.328508488247715746e+01
-1.221014970190200266e+01
4.051107240796036990e+01
4.367663522659216113e+01
4.428200825732911028e+01
8.010117077347370440e+00
8.502701645530766683e+00
-1.026259414814415294e+02
1.634847420614705116e-01
4.124187590109308132e+01
-3.205091212423810987e+01
4.859779674949908923e+01
-2.728893014495961822e+01
1.770664255444825130e+01
-6.978494712313614912e+01
3.422372856390500573e+01
-5.426240384636490433e+01
6.575633581814231832e+01
-1.257973345978117052e+01
-5.972797457936997034e+01
8.529790717426106283e+00
1.881097527461632612e-01
-1.299323219805710607e+02
-3.914851641860336429e+01
-1.410499991823659798e+02
-6.780058026258114978e+01
-7.577838448766263468e+01
-7.944641087811731950e+01
7.199022790700904295e+01
-3.773571549556364602e+01
-1.415156634581058892e+00
-7.916095000509071156e+01
-2.223378068708406374e+00
-6.978874762603471993e+01
6.318654708313952284e+01
1.197434562391635282e+01
8.478656876808747356e+00
8.133503304960908054e+01
-1.053291382923189019e+02
-1.712607574904879471e+01
6.306579356666553338e+00
1.882499611949848983e+01
2.232442075693538364e+00
4.997631321349459199e+01
2.624986793801027574e+01
6.955776484149114935e+01
3.064505565205276483e+01
7.666936577329792613e+01
4.952910714752712096e+01
4.676393720556101385e+01
9.071823507385843754e+01
-9.913566608369360722e+01
-2.102761360375368227e+01
-3.168034898869066751e+01
1.268964234310425354e+01
-8.856937735950032220e+01
3.228516281495323881e+00
-2.523498074086538523e+01
4.383453801885391243e+01
-1.277182834244413954e+02
6.594130019042643198e+01
6.596131133983922723e+01
-7.082763300442901766e+01
7.154003914631049099e+01
4.225430943734641431e+01
-3.912479524392941244e+01
8.102156621714026841e+00
1.539129487501210214e+01
3.551761355563666456e+01
3.298429309534045117e+00
-1.024536527409966311e+02
-1.211047333962523354e+01
