8.459581349725576516e+00
-1.281362938202776824e+01
-2.080516232085174000e+00
-1.790409319928228626e+01
-3.651096479345301571e+00
6.675862215751513062e+00
9.974661751645113483e+00
-1.319913626943704443e+01
1.607113438700109498e+01
-6.611572795053040075e-01
-1.103615903232575413e+00
-1.315950992861681357e+01
-1.093846917902415949e+00
-4.258052901768010656e+00
-8.370013623029020522e+00
1.395403444763942957e+01
8.924721851333931255e+00
9.275569656053960443e+00
2.262689718570411301e+01
4.405436679200196437e+00
-9.290524197241577298e+00
8.860298726774921363e+00
-2.413341742665799039e+00
8.142655521624300619e+00
2.193702373212809142e+00
1.225404768899394448e+01
-5.478634731406221370e+00
-5.735769085293837222e+00
-1.168381547328972303e+01
7.789454222437367292e+00
3.078931173263732290e+01
-2.254126902304697566e+01
7.157096988359153755e+00
2.240372623811303399e+01
1.032072997871144615e+01
-5.209289543604307404e+00
3.558721233934203365e-02
4.058280378772800567e+00
4.116604037453336140e+00
1.371470471281526216e+01
1.126952798812789869e+00
-2.186401224041548730e+01
-2.814697955389035666e+00
-1.867431563497508495e+00
-1.662230027751478900e+01
-9.887119632293668303e+00
-9.530782448679399721e+00
-3.670607634727423463e+00
9.228298056623567280e-01
1.211718880095739692e+01
-3.004828226193347884e+00
4.329982477264107565e+00
-5.444297301358247410e+00
1.623887336804772019e+01
6.705188214362460819e+00
-6.331208871302877128e+00
5.879595691018564274e-01
2.537044968699694536e+00
-1.334832972665872930e+01
-1.415574481104633442e+01
1.822392108497329799e+00
1.289822777762935502e+01
-7.129406477441161405e-01
-3.586499977322968213e+00
6.025460560474638072e+00
-8.942240836668423398e+00
-2.694395518359709740e+01
1.334797075086476781e+01
-8.740359126298645975e+00
8.697855548777607027e+00
-1.303079465703431694e+01
-1.452382742703514040e+01
-1.152167469317309179e+00
-1.154709236153462193e+01
-1.345351866815279074e+01
7.253488745966565787e+00
-1.143384295128051065e+00
-7.111561877175514468e+00
8.095598115983996479e+00
-1.133165213151359829e+01
-1.958589753358753960e+00
-1.006722413092802881e+01
-1.002688459176247626e+01
2.085991830680576697e+00
1.852531208404575302e-01
1.375904974337920095e+01
3.396188548045661060e-01
6.571455540045016974e+00
-1.163329246013475249e+01
1.917547677072956480e+00
1.375473302486647498e+01
5.072864775578586061e-01
-1.186328533159554777e+00
1.479977121455276823e+01
3.843454593749519255e+00
-1.506738705083518504e+01
-7.637806052729485096e+00
5.136566629466743805e+00
1.341321659287399015e+01
1.243610140699614419e+01
-7.667487748873011988e-01
6.075158139776999811e+00
1.050290861120689989e+01
1.530127513333608924e+01
-5.087384081472408504e+00
1.959430521189879570e+01
9.579518964196806152e+00
-1.065454784955975231e+00
1.679913161227520391e+01
-9.932275170680737730e+00
-4.378184608610340867e+00
-1.540212205988805572e+01
1.608946963928266527e+01
4.667195551462047121e+00
6.825646126045281648e+00
-2.835496487314398184e+00
-4.404253832106898692e+00
1.349006016943013186e+01
-2.618304849391064337e+01
-1.240418913014995006e+01
-7.286968565840266976e+00
-1.683225698589714625e+01
1.483175529541004778e+01
2.545592400054559334e+00
-3.787060650872261736e+00
-7.380064772042459253e+00
1.215312101308215809e+01
1.020143826774806151e+01
1.203756983124528723e-01
-2.271349965378316682e+00
-1.840667355331957111e+01
1.994758921312496014e+01
-1.229146318328799392e+00
5.621496042635749646e-01
-1.034911310459498779e+01
5.514117864090025911e+00
-1.500451895584125950e+01
-5.067064083869647462e+00
-3.868787504775240649e+01
2.037277951906142448e+01
-9.881930025482937197e+00
-1.063952354840644599e-01
-1.427445419205776034e+01
3.157529434447957684e+01
7.623080542072791843e+00
-4.750545235485456597e-01
7.399907970187580730e+00
-3.016666774668834705e+01
2.580896663835911209e+00
-1.110611034050557322e+01
6.649960856361997408e+00
-4.486376551166093130e+00
-6.289801505722464547e+00
-3.819797365468788897e+00
-1.309283733100128799e+01
1.071338397464606018e+01
-2.305569417028336510e+00
8.289003296259311426e+00
-4.859759192576527553e+00
3.355025033385954369e-01
-3.799085516473053925e+00
-9.417303199742793396e+00
1.233777501079778993e+01
-7.745541669257633544e+00
-9.235149264478680564e+00
-2.752698702670165254e+00
2.349768715254827001e+00
1.783763683999493921e+01
-3.520807594544528740e+00
-5.124825411856106960e+00
-6.708436173338387043e+00
-3.122533483717945302e+01
1.707919870074560009e+01
3.504817753049165319e+00
-5.594969665412640403e+00
8.956821407229909937e+00
-1.524805021826949769e+00
1.841275039849664674e+00
-2.716387861426641592e+01
-5.012372907389867294e+00
-1.737897682418691403e+01
-4.828254065639744574e+00
-1.878710091499052881e-01
7.476260715312492700e+00
1.141976401199410951e+01
-1.637245109982745461e+01
1.360511557645367908e+00
-1.052963174433468652e+01
3.255315687787192491e+00
-2.268166792565379897e+00
1.206548696552545819e+00
2.783600459002435912e+00
-3.614979895326276171e+00
7.244567596392291975e+00
8.993561211275494571e+00
-1.404768351206968546e+01
2.938385417623488927e+00
3.039293993951062589e+01
-3.763384398508478057e+00
1.243167534157606724e+01
5.769714486772063111e+00
6.348318915423756259e+00
-1.434562705543966565e+01
4.924726778570279961e+00
-6.245260179753550744e+00
3.388417598182305479e+00
-5.828269991604750899e+00
-3.998266930583155077e+00
-1.087490480585127095e+00
-6.829078843259418719e+00
2.399197546069800424e+01
-6.053343874417563164e+00
-2.183855992865947115e+01
3.428602834776952601e+00
-1.420906016136415317e+00
6.701765227143464010e+00
-2.859775412459661492e+00
-1.246514858208843712e+01
-3.409370677938644345e+00
7.051191524019338353e+00
1.375028370278128342e+01
-6.795639817545096051e+00
1.740002551861515645e+00
-6.090412870831512393e+00
-5.133775397107943839e+00
-2.328677438972988156e+01
5.882279282805920495e+00
-3.248110126806164732e+00
5.284596324720534533e+00
2.482394834845365850e+01
-1.699479379932461853e+01
1.472156504290502532e+01
-1.593151473607923130e+01
4.228469190506451980e+01
-1.701161378353273079e+01
-7.489573779821649957e+00
1.830180962287909097e+01
-4.346444967147713001e+00
-6.290962198604680644e+00
-4.803233825992502481e+00
-1.044323693524287755e+01
-3.678494223082587222e+00
-4.670801626621616798e+00
1.283312296079186066e+00
1.253819198600589768e+00
1.757625092644939713e+01
-6.178983357365289919e+00
1.883738170593047556e+01
-1.481888240658949485e+01
2.575125066650802541e+00
9.490227339016733765e+00
-5.041283210682226290e+00
1.954713621293398518e+01
1.405088371065340347e+01
-2.457449609890705489e+00
-4.256965242750470502e+00
1.089860037401454562e+01
-2.199466089913331501e+01
1.273590878478521660e+01
-9.517714274557656395e+00
-6.313250945927258329e+00
-4.082505091194319036e+00
-2.375140281915699703e-02
-3.891808663075151031e+01
-1.288326341488691007e+01
