-8.910658735879865233e+00
-2.033895968326337567e+01
-1.384895338057660119e+01
-4.637216627458205842e+00
3.467148986890748463e-01
-3.764421848627104605e+00
-1.284192524964329785e+01
8.370685101503271497e+00
1.266506739238072221e+00
-3.611957430536252289e+00
1.113416977395556273e+01
-2.724795042019968250e+00
-1.559601533994398892e+01
2.788188131062594977e+01
-1.753871219152932426e+01
5.305115382646782507e+00
-1.788072738104291659e+01
-1.528541885707243075e+01
-2.287662451650963646e+01
-6.130278631557859015e+00
2.181994267879807214e+00
-1.154396924354390741e+01
2.011416142519332695e+01
9.254205618233610764e+00
9.737441098098370773e+00
8.416477964562671943e+00
-2.324391832819618031e+00
-1.925452512067568378e+01
1.022345421579206715e+00
-2.985514023766793912e+01
7.312138666371242657e+00
-3.737263179727684559e+01
-6.257730742747371622e-01
1.644675083666868076e+01
-1.556850092355345971e+01
-1.278945519721727742e+01
-1.810029844146835742e+01
-2.174739593130168203e+01
-1.164616482860385271e-01
-7.327077394069331007e+00
1.651096752198575857e+01
-5.509756231625237533e+00
7.339325552155389509e+00
3.392524104632279602e+00
-3.084409906485293007e+01
-1.141711324472894873e+01
1.026162837372110737e+01
6.767774496831084008e+00
9.052972640250985137e+00
-3.210098735673287962e+00
-4.593356444006234440e+00
8.665456026898734621e+00
-2.010861719551165550e+01
2.983732741774915809e+01
1.802448304375845822e+01
1.362132650063815476e+01
1.594767744771152351e+01
2.370078528380372163e+01
4.499135374454656500e+00
-5.173003310718342185e+00
5.051574872975725938e-01
7.760529287618320282e+00
1.788374422357856730e+01
1.307207368509313383e+01
1.849422584867513208e+01
-1.746113014684346609e+01
1.642625449749236566e+01
-6.822185044756896133e+00
7.650542066270658026e+00
1.125898195368368437e+00
-4.514592181494014866e+00
-1.375358470773446484e+01
2.989824369171871332e+00
-1.196521782126436229e+01
-2.266191869843224893e+01
9.530419951751962770e-01
1.920208904445643583e+01
-1.563618897199809510e+01
1.557889457032719349e+01
-1.215450696876354897e+01
1.364138779311200089e+01
3.180762939624519170e+00
1.249820512167354103e+01
-1.418580950734958357e+01
8.327319480775123850e+00
1.163747310731352513e+00
-2.774896248748859406e+01
-1.304134817227720511e+01
2.111064249281900285e+00
2.556113103259117381e+01
-1.559653036043505203e+01
-5.915400371671328816e-01
7.813516433239612313e-01
1.144804623259045862e+01
1.160312559847108993e+01
-1.280310456728618895e+01
-2.327318435170107236e+01
-1.354462218875229418e+01
-1.000298979388172249e+01
5.247000285158333277e+00
1.171658400865704941e+01
1.885404216261671984e+00
4.995138307044552306e+00
-1.019710159910848901e+01
-2.293773233666816225e+01
-5.194471476938617549e+00
-1.894580930550648290e+01
-6.144813464107856671e-01
-8.691337031748467723e+00
-1.856133782624350914e+01
-3.344925982056834446e-01
-4.697902697498631319e+00
-2.507642364300942450e+00
3.438513948380856000e+00
-2.229824756336949321e+01
-1.278564616160110567e+01
4.250142725626590234e+00
-1.661459975528416777e+01
-8.814927244320127642e+00
-1.428612867964449196e+00
1.577158510137494396e+01
-1.196370883908003968e+01
-9.193592510683912256e-03
-2.629981358562718441e+01
1.077222299406022188e+01
2.125790425334481881e+01
-9.400496358831773591e+00
-1.926280157505366475e+01
-3.155782721426958481e-01
6.790052265636802531e+00
2.555153512735456545e+00
-1.343285782827064123e+00
-5.032077435007444421e+00
-1.239587798783003159e+01
-3.364958879091974442e+00
-5.176950740700918985e+00
1.903312552585848394e+01
1.132905035052182896e+01
2.016418935673474966e+00
-1.087717754786064539e+01
6.197387414162163211e+00
4.860571558538868686e+00
9.445265027647506528e+00
3.737622427079504206e+00
-1.799728296408074613e+01
-2.176157780719253410e+01
2.319200880770277706e+01
-3.691042005550507099e+00
-1.427659893354004161e+01
-1.857353800673212207e+00
3.038002052260911867e+01
6.558032953517199282e+00
-2.243875343372738751e+00
1.070243091889862441e+01
-4.006199995689558868e+00
1.541086324059429202e+01
1.280188616967903315e+00
-1.658160977638029365e+01
-1.315803077089156758e+01
-8.271309071331664597e+00
-1.002671305004076707e+01
-4.057108455308267025e-01
1.647672543127445621e+01
5.378478964137085150e+00
-1.118097042199476299e+01
-2.714397277291596744e+00
5.988191357773738233e+00
-1.520745966060808385e+01
-3.559851298615226867e+00
2.990536310092366090e+00
2.684484073841437279e+01
-1.338467718764643699e+01
6.951389773449768938e+00
-5.514463508300981864e+00
-1.920736679990217244e+00
4.173605999657405974e+00
-1.763975500245298278e+01
1.670882741391769954e+01
-1.889331500383143947e+01
2.438873955143818328e+00
3.245685962898139820e+00
-6.059285893580192095e+00
1.968439308521598008e+01
-7.681069441596392267e+00
9.019117774584143987e+00
-2.498876567276554717e+00
-1.244382107590643471e+01
2.364154968222277020e+01
-1.963994245069216049e+01
1.036742027583427372e+01
5.846289791018715043e+00
3.952990896424145006e+01
-2.109222872510697755e+01
-2.963316069567137134e+01
2.871395130754515890e+01
9.453502923789498524e-01
2.090854348814776387e+01
-1.714717049435887120e+01
1.102963708306625179e+01
-3.429751185162094096e+00
7.786348842206527010e+00
-2.039654666163811569e+01
-5.623822019734886268e+00
1.101132166124501488e+00
1.086168159806645583e+01
1.564326203444203145e+01
2.218949229983424587e+00
2.340542781316309373e+01
-1.203931427025197287e+01
-1.131028684545923824e+01
2.765134652312919883e+00
-3.297189146117298186e+00
-9.802365898060827476e-01
3.024990606263542148e+01
-6.323235751317090703e+00
-1.469076548627709755e+00
2.190442166710528937e+00
2.653631098337990579e+01
1.460531361879425027e+01
2.401595085304666810e+01
2.479038187403207516e+01
4.320523065961774378e-01
1.614968642330917348e+01
9.102578410343875603e+00
-2.368279629932247943e+00
-5.630405987377790744e+00
1.468653564866915318e+01
-1.345968208418668510e+01
-1.157513481004199463e+01
-8.832281946000568595e+00
-4.061929330330845689e-01
-9.429299255876779640e-01
4.770202943293300279e+01
-4.619369134932068022e+00
-5.092885438900019324e+00
2.001158523088545138e+01
-1.886852281725179026e+01
-2.194780965883905566e+01
2.347586172853317521e+01
-5.484000793216632808e+00
-2.350563534836081381e+00
4.071529056226861343e-01
2.404606288732639818e+00
2.815443652523708451e+01
-1.053503549534003980e+01
-1.600389474911124665e+01
-1.283728587006013377e+01
-5.327006242661172841e+00
-2.383788293531127422e+00
1.554251055363965683e+00
-7.256968622013820536e+00
-2.156591362673379564e+01
2.490473657429667753e+01
3.290474503496102443e+01
1.405768513479871196e+00
2.991558183075722255e+01
-3.389753978186376582e+00
-2.714060434976877190e+01
-1.548721061100943253e+01
2.052607210722142739e+01
2.427333739564922155e+00
-2.720955324059423308e+00
-1.432548930146470312e+01
7.972716550992460682e+00
1.108034712007520639e+01
