-7.508634093119581632e-01
-4.405002830329136643e-01
6.415601619137190070e-02
-7.118201958935723717e-01
-9.576553115803392302e-01
6.683374324081436946e-01
7.801387033996078912e-01
9.108440055128905755e-01
1.846412312151584079e-01
9.317462587563773990e-01
-7.683252951535859410e-01
-3.975198026908124405e-01
3.581203165611073214e-01
-8.651329064399131408e-01
-1.760595042387480547e-01
7.827528254533984153e-01
-8.220230844650007196e-01
4.679862394120066771e-01
9.128508486060971094e-01
-2.325354602891835931e-01
-9.354605746157385049e-02
-1.986228371074854060e-01
9.735732645689831877e-01
5.655783153299476229e-01
2.488622003502278801e-01
-8.420784295080629978e-01
3.818668260290991601e-01
-4.924017590197400374e-01
6.422417605337944480e-01
-6.132835717965599009e-01
-1.182137249337313900e-01
-9.016094214307313059e-02
9.395354401596154315e-01
3.818632644280441912e-01
3.752688462465103569e-01
4.388715434717991304e-01
1.818195964585085367e-01
-1.867119056600530236e-01
3.171831645909541919e-01
8.200100182605880583e-01
2.121008544708726795e-01
1.824763161851430393e-01
-7.089739349159864812e-01
-6.378165479022368523e-02
-9.258119384096525906e-01
8.293476432894726358e-01
1.530451232162182151e-01
-1.904620162234644809e-01
-4.017263196965190630e-01
-4.229959979307764684e-01
2.546248630931613466e-01
4.387445555933251473e-01
-8.863612578503878847e-01
-1.360107351447359392e-01
1.104427000159158290e-01
-9.738746509344640145e-01
-9.901143507033629554e-01
-4.220576926789492145e-01
-5.481779768082328808e-02
3.048358129070420919e-01
-3.536313168422282605e-01
-9.355374337123512074e-01
7.618462132721095514e-01
-4.900661923615643456e-01
-6.276431156455932747e-01
7.709243294577057259e-01
-3.657727713742704445e-01
8.760080870070205972e-01
1.716795950683360772e-01
4.128456310841115418e-01
-7.143755515259675448e-01
-3.976785132410110002e-01
-8.376304960860463389e-01
8.101082075060517251e-01
6.618328227649639128e-01
-6.274100869738810093e-01
8.172109164632759271e-01
-6.312718475662146833e-01
-8.120126926877087037e-01
-8.875660211676603684e-01
9.310813530406312211e-01
-4.179683747573603725e-02
-8.959825313956701898e-01
5.812118152132372817e-01
-9.034598258474961785e-01
-9.821747298019629646e-01
8.137096667690437712e-01
2.923416108779359757e-01
1.716397634783712878e-01
-1.871480314072366813e-01
-4.723752994247918391e-01
-2.078516015890072843e-01
-5.988283438769317346e-01
6.385064183952309236e-01
5.663642055938800102e-01
-2.402779261863674520e-02
8.458148663783884302e-01
-1.954288297379336292e-01
-9.669156194660795123e-01
8.417992935535076882e-01
6.649689377355993969e-04
9.738254787743372276e-01
-5.736274971417978374e-01
-1.992902557347520087e-03
8.216526208533156961e-01
-8.182456994145037577e-02
-5.190368486650176472e-02
-7.137559190616651339e-01
-4.706481404307154559e-01
-3.986865740070635322e-01
9.781791357475757565e-01
-4.732914428019492359e-01
-8.374232915334978156e-01
5.361871899272738773e-01
1.461859133322733761e-01
7.545210973305456204e-01
8.977204823322373350e-01
1.664669882294600445e-01
7.439673113834288642e-01
-5.058688071186456803e-01
6.017039161884181198e-01
-3.001556295448648548e-02
-9.714420343929390800e-01
-7.450221247873458630e-01
6.518346266214511964e-01
7.299492787557715356e-01
6.328470527986931327e-01
-6.628370697458123573e-01
4.365027558402336805e-01
9.517497844829136966e-02
9.696190707155549759e-02
5.919349800403868045e-01
-4.360057936522776512e-01
6.930752223427054659e-01
-7.279643381740623642e-01
2.161393388269174931e-01
3.185314114768478255e-02
-3.891048461243848955e-01
2.761980851603305087e-01
9.017377078789512446e-02
7.896770425646062463e-01
5.194924346820857242e-01
7.877672833433102539e-01
-2.927155115507895644e-02
4.364728706577505335e-01
-9.151518431739775750e-01
1.787730719522357958e-01
8.666843920805331614e-01
-8.710597920352636248e-01
1.799267819496910281e-01
7.974347719062770956e-01
4.652245542538573364e-01
-7.063747693938615679e-01
-6.900718993047627592e-01
-8.281837169721089076e-01
4.251207631339539716e-01
3.217233930157950006e-01
4.490099267364009439e-01
-9.231900675476658602e-01
-3.128945149500412803e-01
2.727200591521412587e-01
8.341758394973752821e-01
9.932087221810756983e-01
8.464285340118475887e-01
9.970342662346660667e-01
3.293811620563880105e-01
1.504667868204505599e-01
8.207922414668642475e-01
5.360039818391397759e-01
-8.881354917942756444e-01
6.311408852183049145e-01
5.135518097086400058e-01
1.112776708538345538e-01
3.494009210040345259e-01
9.064042448527518392e-01
6.390648588634690874e-01
1.559632432452058293e-01
8.539563509898950855e-01
7.894113959783399803e-01
-4.831085757910031919e-01
-2.726542825600868358e-01
-5.738708040562241486e-01
-8.050993769716425774e-01
-9.475046730437697295e-01
-5.281017639582641365e-01
9.223204172303007820e-01
-9.304790537243454729e-01
-3.870442712094397386e-01
6.055365015519853511e-01
7.190857676899109485e-02
-9.227811424790934858e-01
-8.652308019827625873e-01
-8.894875754649731459e-01
2.385172649168276759e-01
-9.870699738235459986e-01
2.072355377719619085e-01
7.049591651782691759e-01
-7.721552440784538174e-01
-6.126186467075580566e-01
9.297656399363902757e-01
4.645655127272514395e-01
1.357698013067754061e-01
-7.492314389954246590e-01
3.869348118506514833e-01
-6.840126069803813547e-01
1.892089733825634834e-01
-6.584983580898629008e-02
-4.510100520129405322e-01
4.452949491619597744e-01
-2.160386704449921424e-01
-4.744820501461888274e-01
4.438630434382417889e-01
-2.726663826942727908e-01
8.500515577718994464e-01
1.002473791017390869e-01
-9.298402890239538809e-01
-1.768488069095404125e-01
-8.205424171471118466e-01
8.759216253664758867e-02
2.683371698501637592e-01
-6.966048945658613878e-01
4.449309312901921221e-01
5.916351685382248426e-02
-1.198890508745178440e-01
3.049129233876302081e-01
-6.759168542683466896e-01
-9.207075657985679396e-01
3.255457654719240423e-02
1.613906977057300018e-02
8.677186144550812497e-01
2.228412254234777290e-01
5.452401593974620653e-01
-3.675882368112697307e-01
-8.575571257780589818e-02
3.066494487010551495e-01
7.290148733690251515e-01
-6.392484532017581600e-01
-9.494253003522126200e-01
7.196409006512745066e-01
-7.859939942947862246e-01
-8.678314180573942771e-02
7.500798900598417696e-01
7.150617399148051501e-01
-8.355306504210724405e-02
-4.339432436219308187e-01
-3.968066442497695245e-01
-9.526800168690172654e-01
-4.595722936586927876e-01
-4.072953255167754971e-01
-6.929426209529336855e-01
7.215948103029854455e-01
1.801949253298624765e-01
5.010720416386647003e-01
-1.306510361997765823e-01
-2.415019126600286281e-01
-1.585922040451999138e-01
7.392938665651016539e-01
-2.117703756521793768e-01
5.709469799109121446e-01
1.086838397681795243e-01
-6.429170740802452322e-01
-9.924800615563325046e-01
5.618773863063317719e-01
1.771068600801048998e-01
1.902076063943987094e-01
