-1.184011573315553001e+01
7.625473699570855501e+01
-7.359296648657184470e+00
-2.023669738605237001e+01
1.786702307631508546e+01
-2.298991113051497237e+01
-2.142156453315622855e+01
-2.205325340650186305e+01
-2.914892706469144201e+01
1.220405518952765256e+01
3.382113918587871382e+01
3.502780295055670479e+01
-8.157780569283167083e+00
-5.574401655848252801e+01
4.085487346679188647e+01
-3.840835924594437900e-02
3.780583750794613707e+01
-2.888786772135342318e+01
-2.331503534044669834e+01
-5.156130971356309090e+01
4.060908175732396330e+01
8.042086432037958588e+00
3.386924236080805173e+01
5.043510984135821218e+00
-4.903672698045444811e+00
7.743503699617836133e+00
-2.282370270544479829e-01
-6.368053309788113125e+00
-4.754399345693153478e+00
6.437100506814518042e+01
1.273236169173388177e+01
-2.291307032801163146e+01
-6.674835806483866918e+01
-3.299938930022372574e+01
2.265703036144913440e+01
2.877135790734580212e+01
1.024958603829354153e+01
-4.272325534074350628e+01
2.189918723193666139e+01
1.018983533496201588e+01
5.047229087845850870e+01
-5.002882894334987895e+00
3.707807883465807208e+01
6.421651058823390379e+00
1.558436278015277132e+01
4.058583816991656334e+01
4.971131965166954991e+00
1.202720109084313904e+01
5.411142470049352227e+01
-7.441782468858085586e+00
-7.592595181825545936e+00
-3.219964903093489283e+01
-9.656665893147851065e+00
2.089276439093564619e+01
-4.406262948766356402e+01
5.522629949032173080e+00
2.180752647786295739e+00
5.308006656364309350e+01
1.840356975298622189e+01
1.504749280395316191e+01
6.000734080490242484e+00
3.606672692991595852e+01
-1.471247433036987395e+01
6.393501431069660867e+01
3.340827964969085428e+01
-2.868227829776498439e+01
9.441949766364702512e+00
-1.696588287515770688e+01
8.467579560328271526e+00
3.708517464896723226e+01
-3.317430623161337166e+01
4.405914025353312979e+01
4.766391671998802337e+01
-4.826409861440997418e+01
3.526055500758630501e+00
-2.834130081204225959e+01
-1.921304695299587806e+01
-3.892528328473788690e+01
-4.513097674147940275e+00
1.175425267806908458e+01
-1.239932819204214809e+01
4.635270076432429676e+01
-2.134667165851235993e+01
1.389781040708098603e+00
-3.805779789124261470e+01
3.329608480416921168e+01
-7.534874597537647389e+01
-5.304834541648337165e+01
-2.295362070149832689e+01
-5.982196323676633121e+00
-2.502712252010729443e+01
1.111010395980066612e+01
-2.835778037275350627e+01
8.195878742737592759e+00
-3.806658276673804409e+01
7.057555128151678048e+01
1.233234352610230999e+01
-2.437533198075243490e+01
-8.217959379281113641e+00
-1.219586351409603253e+01
3.565650437577399856e+01
-1.986794978654295107e+01
2.741025584297844375e+01
-4.314465399756644359e+01
-8.540274011526857167e-01
3.394830101840985037e+01
1.553772415051838607e+01
-4.190458782654047099e+01
2.406283040910834359e+01
3.961000862411852808e+01
-2.856008786999942117e+01
4.947595785065107066e+01
-1.367969454199522694e+01
-4.425024037293296075e+00
-3.242286130988145487e+01
-1.326702782781366885e+01
1.417810093664575888e+01
1.717964818113368963e+01
2.308379188114511482e+00
-1.171921104116541201e+01
4.726598257068291176e+00
2.841899851668523169e+01
-1.062595149344256740e+01
-4.158164038376598626e+01
-6.204844664906326557e+01
-3.590308800268866918e+01
-8.143191613860812694e+00
-1.234300399230180645e+01
6.963117538925882855e+01
-1.912066757982644560e+01
-2.896254893670726105e+01
-3.700225352768726594e+01
-2.297019855843873160e+01
-5.223112170499338447e+01
-2.182606978439211032e-01
9.352723487173282280e+00
-3.638793026365550531e+01
-6.793439004361960798e+00
1.647447433096759539e+01
1.940904549761156783e+00
-4.419137128881418874e+01
-5.750938158074085038e+00
-3.054598530837922610e+01
1.819258115692755240e+01
8.166674485872931211e-01
-3.254705403627767879e+01
2.061611653857605120e+01
4.651518106848781997e+01
-5.680393376199559974e+00
-1.622129188662925969e+01
4.055115517057956254e+01
-8.867016550733208646e+01
1.143186085563748300e+01
-3.360670291162368528e+01
3.840787447727897330e+01
2.580591514585161050e+01
-2.546185012423347160e+01
-3.482315170999198273e+01
-3.410375323136880077e+00
9.800860620540765566e+00
8.348473550974286184e+01
2.051335251027201423e+01
-1.897189610623055600e+01
2.227200620250946272e+01
1.978021418674048348e+00
3.568744698343293464e+01
1.270961376673145260e+01
6.366023537938337640e+00
-5.444509776465572060e+01
-5.177686494881596602e+00
1.030178962809430843e+01
-1.415825362751578886e+01
-9.242008261907363575e+00
2.754251586303098165e+01
5.363209055619253540e+00
1.273390867440279450e+01
-5.832228498618317047e+00
7.833100489094286445e+01
1.809086143969507177e+01
2.167701579167323089e+00
8.157421266457285824e+00
-1.101283552287581458e+01
-4.942557038465260177e+01
-3.125289107164003433e+00
1.680614044610293334e+01
1.061737175924975247e+02
1.296425757751573471e+01
8.726669915372466946e+00
-4.815811160376028965e+01
2.299667411796550809e+01
1.960772382630239719e+01
2.139817085427558041e+01
6.674889812483579377e+00
1.345624941385212381e+01
-5.617773471653153905e+01
-3.848474200800818323e+01
-2.378994935497597751e+01
-3.872818310209796522e+01
5.461958234183522443e+00
1.460287519303929393e+01
3.790176086579944759e+00
1.988046961799336643e+01
1.298882617987252353e+01
-3.293805855392405846e+01
4.907901196299644653e+01
-5.989795954948102974e+01
1.720131179139558242e+01
-1.562445153441651513e+01
6.478014738964566277e+01
8.448606866891404721e+00
-2.042705731347278331e+01
1.804903973805662076e+01
-2.208475352091474875e+01
-9.580098318066552210e+00
4.971215328467005889e+01
1.873505623885087701e+01
2.546392981882608542e+00
5.361081638991114673e+00
5.036782666497668970e+01
7.262101323671519992e+01
2.203488579419235549e+01
1.955928986108990131e+00
-3.640459194105897467e+01
7.011650315938991795e+00
-2.350782833137683525e+01
-4.652045913411403610e+00
1.414568707582430385e+01
-3.068924585634544044e+01
-1.193417380203152689e+01
2.935308531367996565e+01
4.229324486811011496e+01
-1.401306985533569183e+01
-1.383336807208716124e+01
6.364938156692860360e+01
-2.201279748821855264e+01
-7.458422061886608390e+00
-9.079884081407354302e+01
-1.951812333382900055e+00
2.219240463085812820e+01
2.022461298736853763e+01
2.488549787661759272e+00
1.367349816819197983e+01
-5.246458850027553922e+01
3.392897236700490371e+00
-8.471982257981188980e+00
8.303230100815481407e+00
4.716713588346603814e+01
2.738406161981635734e+01
-1.330950400445914283e+01
-1.139406244647832622e+01
1.131349221997928289e+01
1.094514439124028016e+01
-3.060464837241108782e+01
3.857933660728167524e+01
-3.506142929186426471e+01
4.589186327045851499e+00
-3.829368618006916591e+01
-4.020400487732576078e-01
1.509573558499676871e+01
2.138994735411677794e+01
-3.440631909772004349e+01
9.371320875330424016e+00
-1.232306808380731233e+01
-2.360334074169413654e+01
2.813005937495020703e+01
