3.257337217405976482e+00
5.245476953489428773e+00
2.601758498304704403e+00
4.568537028144006307e+00
-2.894460896754629253e+00
1.095863214871804603e+00
-1.530885026270625282e-01
-1.024732767723722793e+00
-5.417114139698521846e+00
1.015907956866098916e+00
3.889555759552380199e+00
5.223398375818820938e+00
-1.824732943091827986e+00
-1.399946979411584302e-01
1.511125054641619725e+00
2.926562799172072626e+00
-1.518632017911911269e+00
4.678651566387928007e+00
5.051727408606385694e+00
2.790681833270163281e+00
3.697560536026381683e+00
9.024039075687226852e-01
-1.918183449144068575e+00
2.886458376308603579e+00
-2.958181588697207154e+00
-3.984521419650427720e+00
1.985247882317424661e+00
-7.750214639809335004e+00
1.803545194582273137e+00
4.999361311330460467e+00
4.748010830943013794e+00
-5.520473704435906015e+00
-1.009851125062859012e+00
6.886970800728645870e+00
-2.622524332530889346e+00
-4.702417959865271335e+00
4.450498451691924373e+00
2.765060415281486605e+00
7.555351864420439822e-01
-5.417939259735912394e+00
5.618115011629060795e+00
-1.938026884629511670e+00
-6.913151962615112112e+00
-3.546024966951004664e-01
-3.895608482908916592e-01
4.065160359751535779e+00
5.664364220806045180e-01
1.500478661598258601e+00
-5.940301083898100742e+00
-4.026048285851406838e-01
1.186050231555624990e+01
1.049933376616371739e+01
7.593430565320188563e+00
2.671930913800029117e+00
-6.279135104071041695e+00
1.420180618984227205e+00
-2.409228365966795682e+00
-3.264282423946069933e+00
7.879680317527215649e+00
4.127897002518874814e+00
-5.027397494539276757e+00
-7.280093241822575223e+00
-6.484514433143201417e-01
2.723163353448053492e+00
-2.073036922285728334e+00
1.011105582614208309e+01
3.418867679738929244e+00
-1.769958259882489005e+00
1.034496115585110676e+00
-4.229511373520128181e+00
7.052157796456413053e+00
-9.981347767512800395e-01
-2.341585544578818734e+00
2.408051000928704166e+00
1.578896505920319493e+00
-6.592190241807180939e+00
2.257379422683354342e+00
2.553619190953714035e+00
-1.463039173526291314e+01
-2.232443139457160886e+00
9.575839571245318149e-01
6.286815333476419632e+00
-1.328758616025964345e+00
6.266940309686788169e+00
-4.289268735030169921e+00
-6.457046915614420790e+00
1.578577976628728230e+00
-1.241214836964049084e+01
9.037177462513268367e+00
-5.195679235875867441e+00
5.667820694347573962e+00
-4.292356391613825650e+00
-1.360741017376182915e+00
5.174867595783827490e+00
3.000095611758545999e+00
3.501066195272649839e+00
1.276398905531034300e+00
-2.399784659756329042e+00
1.326815391551836587e+00
-7.794523689361998464e-01
1.104922028263506206e+01
4.348339452035554942e+00
2.514117474718292389e+00
-4.205077603246973439e+00
-9.542223104742774353e+00
-1.981075996220118540e-01
-4.891006748396000692e-01
-7.166247029606054753e+00
1.951414743653071771e+00
-2.462974996436813946e+00
-6.270596402811170478e+00
-2.635392913765721712e-01
-1.185931105799410901e+01
-1.719611499424922307e+00
1.663004910194783026e-01
5.061190754791152990e+00
2.410989575201888169e+00
-1.622915751956183428e+00
-3.513615647271381537e+00
5.866840744938793151e+00
-2.157932203502429314e+00
-1.599064201920496586e+00
-4.505512250489315029e+00
1.443822288136272225e-01
1.992203626405243844e+00
-8.634498412600867256e-01
-5.657730268750397196e-01
-4.587686037112227999e-01
1.715044620486771088e+00
-2.638194761734464211e-01
-3.303911040796296827e+00
-2.386791287170474618e+00
1.204723854977311492e-01
-3.843213423123740258e-01
1.403538392720348860e+00
2.760937372567660475e+00
-8.032568472705523988e+00
3.249158123827359912e+00
-2.018031946468132887e+00
-6.903376454706033449e+00
5.923990822791401989e+00
-6.887469759240516964e+00
-1.741648377894285282e+00
2.680178993120510889e+00
-9.166339618627277197e-01
1.438108364549315343e+00
-6.419366969674550560e+00
-1.170311437690898737e+00
-3.707935649725712324e+00
3.121709764111399110e+00
-9.753116702386591896e+00
4.626677627049115671e+00
-2.175091639435483781e+00
-4.107030220267501086e+00
1.286526655060762359e+01
2.742742746168302492e+00
8.734414207447118272e+00
1.814617695375682072e-01
-2.981682788517831639e+00
2.747251622696264217e+00
-1.274126673042704994e+00
3.285497717769225723e+00
2.418177486084205352e+00
-9.535058820499289212e+00
5.304105808547897816e+00
4.383247145657688471e+00
-6.496151488414083630e+00
2.630563676076383306e+00
-2.975638452374691489e+00
-3.453994338698304745e+00
8.293841312593080772e+00
1.010097080178318452e+00
3.060784385837042709e+00
5.759046804617804938e+00
-3.246109511305393269e+00
-6.037727731789515495e+00
-8.298013271853768913e+00
1.071948012834868180e+00
1.475790745124316850e-01
5.205647803270909701e-01
2.264349410407684893e+00
-2.209844804516639893e+00
-4.300531330758092352e+00
2.591954614612888008e-01
2.147297580149023943e+00
-6.998297518725633104e+00
1.391746426953212534e+01
5.920953226334071950e-02
-5.137027091896782416e+00
1.781852468253255495e+00
-4.583343684495692294e+00
-9.569212749396509565e-01
-1.884272515414432636e+00
-2.926649374379098223e+00
-7.983683238232311297e+00
1.821092945752198489e-01
-5.927041636083912657e+00
-5.174496586595895842e-01
8.436001499442111751e+00
2.967856412702305491e+00
-8.321128721129960049e-01
-1.858838686317913602e+00
2.718296167232679750e+00
2.511128123135348389e+00
8.258281899300754958e+00
-2.404785794043937663e+00
1.167096769136772405e+00
3.430504658538103158e+00
1.008662025626174685e-01
-1.530883721649540563e+00
-7.482758924329508510e+00
5.033765640934367624e+00
-2.885880975941103710e+00
-7.955248536970476181e-01
1.817581115639382849e+00
-3.110944332144239155e+00
-4.007013522932104443e+00
-2.921910949749607855e+00
1.398353078736401578e+00
-2.684910068765999469e+00
2.498595573630729483e+00
-4.237761105739831891e+00
3.760944520753550790e-01
-5.141262271884659008e+00
7.933671050213652265e+00
1.422629468832442290e-01
-1.269165823343721078e+00
4.315992571993186644e+00
4.769376765130730611e+00
-6.114865312117395924e+00
3.652495965754326335e+00
2.668648569621624222e+00
3.431686993000761188e+00
3.939381916075329837e+00
4.938276181982400814e+00
-9.423724264349653268e+00
-3.076102631346714356e-01
3.910820546832076694e+00
6.231878486240098880e+00
-1.204931032318496520e+00
2.829762647739400006e-01
-3.458336738305089142e+00
-3.205509609815090588e+00
1.324791938616506126e+00
-4.782715737564013025e+00
1.376540673330515663e+00
2.015210232648666278e+00
-2.111034039161484355e+00
8.115593952365221520e-02
-3.836029967850610234e+00
3.621221476345555690e+00
5.191673887978756063e-01
-1.133673318050425483e+00
4.508033594979830916e+00
-2.212744289949587717e+00
2.817242469609113620e+00
-1.240137674956363956e+00
-1.426678394373734893e+00
9.856235270550308680e-01
3.001094005571631307e+00
1.168233938087254842e+00
-2.481769106305537598e+00
-8.764229903462483762e-03
2.078555248188633353e+00
5.871988641909776874e+00
