4.531848042506665841e+00
-1.211980615904194991e+01
1.849586076722588146e+01
-1.367028634481857274e+01
-4.891135239681967839e+00
4.480954300066780860e+00
1.486806699703881129e+00
-8.899538561178124141e-01
4.642488045506124372e+00
-2.176216859272532389e+01
1.338400407234692002e+00
1.668627003921987750e+01
9.990290344569137559e+00
-1.723575524031375039e+01
-1.716917035485321463e+01
-4.584851188794452526e+00
1.951780229534963107e+00
1.877723294139198629e+01
-7.454790191212485873e+00
1.910086771920128967e+01
-1.808238256140685607e+01
-8.373810590314818114e+00
-1.101039481500133554e+01
-1.166484933053721029e+00
-2.027383273875071446e+00
8.706021643315565939e+00
1.853267834011765203e+01
-8.817620384238855635e+00
-1.825275999006404692e+00
-6.947122968428872447e+00
-5.093435868622164797e+00
3.850530822353174010e+00
7.295230047817566010e+00
-1.437631499980734695e+00
1.459972713742825690e+01
1.325585841923069808e+01
4.362843250321513544e+00
6.641375954643650381e+00
-7.976440635372285648e+00
-5.817743253290686312e+00
-2.207066175001845210e+01
-3.665736201615167555e+00
4.106237617987101629e+00
-5.118929955719815794e+00
-8.485328207916390753e+00
-5.274591058627959850e-01
-7.915315326163553600e+00
-1.326003839584154242e+00
-8.759607783159912842e+00
-9.982814742776792372e+00
-1.548428060794518046e+01
6.318056533701686739e+00
-2.341763925055128226e+01
-9.923532384951895935e+00
-1.726660672966294774e+00
-4.923934431130700062e+00
2.002018683300193302e+01
3.669490397974826568e+00
6.664238983975371511e+00
1.001253410718318637e+00
-2.563317030534586038e+01
2.451977857808049421e+01
-3.370638305981619176e-01
5.156272892507859140e+00
-1.561371376223917906e+01
1.309347999198307200e+01
-6.041911596241903659e+00
1.436292278070362372e+01
-4.503815625407102119e-01
-1.101639700085981666e+01
-1.349098065535533664e+01
-1.731959903427440395e+01
-4.884756894874813682e+00
1.634668924357977104e+01
1.707019973894409404e+00
-7.050022877729239745e+00
1.825530343549278012e+00
1.220402375716639298e+01
1.137020614316956468e+01
7.309778441610300881e+00
1.431060236853264023e+01
6.683902031583632386e+00
-7.927766012775159687e+00
1.139548223117086501e+01
6.971478761429579230e+00
-8.836438131398773876e+00
-5.007521947991874001e+00
1.569023718927967970e+01
3.652577418735989845e+00
1.611591635381935950e+00
-1.736857646974122460e+01
-1.400311267095652568e+01
1.075439064237786546e+01
-7.171962026048614547e+00
-9.631721841495436420e-01
-8.046788108719574950e+00
-4.848414133814479499e+00
-1.660862009185791521e+01
-3.451750024875157585e+00
-3.649979530324236610e+00
-5.717374231816467756e+00
2.892074044596022464e-01
-1.214194082017014154e+01
1.029846178202958207e+01
4.058315090844755169e+00
2.609568408359770686e+01
5.028465399073656084e-01
-4.611541924999601250e+00
7.881199342559769505e+00
5.659916169803086206e+00
3.313645828984048691e+00
-1.052651371582299333e+01
-1.129019463697909131e+01
-2.256838527678517892e+01
7.472124825301734496e+00
1.623448750402863539e+01
-1.423707236981252677e+01
-5.942779975135514370e+00
-1.569294648891765576e+01
3.616192209761959209e+00
-3.252980034164239864e+00
-1.767488712115681793e+01
-3.101290258331421512e+01
-1.350086929701442173e+01
1.790773237676767238e+01
4.348284172361394972e+00
-2.100883543762513384e+01
-5.502582499689587792e-01
-6.386505232397103882e+00
6.946870840641580225e-01
3.598219773628895002e+00
-9.503716642660192448e+00
-1.574985803141587226e+01
-9.666405353507961706e+00
1.104550869040520134e+01
6.768238645634506723e-01
-3.894467822549887437e-01
6.292416632270141363e+00
8.607657129731347112e+00
1.509393128921085570e+01
-5.091961088832980487e+00
1.075199625688726179e+01
1.285718212093621560e+01
-6.724239879327120306e+00
-4.801278284839819221e+00
-1.447126834600396350e+01
-1.184238446027430314e+01
1.521718656479946974e+00
1.905524814233572783e+01
-2.241070413335350509e+01
3.911958514690292876e+00
-2.057301787129791393e+00
2.193905214639123002e+01
1.371838134222462813e+01
2.586879218144134462e+00
1.678690708544506904e+01
-1.062122603137533261e+01
1.555888887511932772e+01
9.114289977847407798e+00
-1.761102253162269093e+01
1.421401448632343190e+00
6.266323730750901433e+00
-4.656493481981497595e+00
1.689691333789752292e+01
4.092403027218545652e+00
-9.340293328325548927e+00
-1.569358712290981472e+01
7.954978875630318136e+00
8.320944680105625935e+00
1.849197963410171042e+01
-1.799497650198712506e+01
-5.975041703545569405e+00
-1.917210528486607757e+01
1.244388222136718092e+01
1.496551589188698905e+00
-1.355963960801899759e+01
5.057692648903373112e+00
1.236720978127593540e+01
-2.549996916381883949e+01
-1.212079251862600948e+01
6.117561462677717721e+00
-4.632745483679004295e+00
-1.561719428918954300e+01
1.395545718856494810e+00
-1.369615676035073548e+01
-9.054513123090563553e+00
-1.158471298450095333e+01
-9.220157539541499858e+00
-6.767928067364543665e+00
2.944581067221880133e+01
-1.889531805070658166e+01
-1.372458272565994619e+01
-6.863540541633300407e+00
-9.153856392372217599e+00
-1.165874363939931513e+01
5.903846982112806785e+00
6.546085416758081088e+00
-1.660474933871894265e+01
6.768302009675999376e-01
-2.377421423133151279e+01
1.844568413657819406e+01
-1.822612512734691137e+01
-8.057085570018023279e-01
-5.437042986045403481e+00
5.773314839299830137e-01
5.595562933595383370e+00
-2.995505781050616534e+01
-9.049794847964429678e-01
-1.819386048280611945e+01
3.206941354440341030e+01
-2.907508131755490766e+01
4.487326089146959518e+00
-5.842787489953533253e+00
6.918765096519180702e+00
1.802099122089403238e+01
-6.441490541266564840e+00
1.385882982975650268e-01
-1.131656708544292123e+00
-9.080512900724160730e+00
-1.832969663115111913e+01
-2.295341366021042973e+01
4.955026159148818721e+00
9.493841775285769558e+00
5.015003570940224087e-01
-1.187104869366158155e+01
7.530238623765149519e+00
-1.528274780759675089e+01
6.151770777786686573e+00
-5.832451911791292076e-02
-1.749675788560618628e+01
-8.778146221490917611e+00
-2.094565703874818041e+01
-7.260315521491892632e+00
3.500749441284238372e+00
1.128891548334805250e+01
-6.140159146026585191e+00
1.873270101276344235e+01
1.075534745598332087e+01
2.738589536909698197e+00
-4.232305671674488678e+00
-4.660521383615112256e+00
-1.645270063456377230e+01
6.608143237165626793e+00
-2.896597106844811975e+00
7.363806896908161370e+00
1.132820695426705626e+01
-1.631731343383584942e+00
-2.280248158419316273e-01
2.339529644558181687e+01
-3.699248281789700776e+00
2.106427367705802922e+01
1.056860324425896813e+01
2.294039644142730427e+00
2.996340564750961555e+00
1.399654721424796655e+01
1.465815953496291435e+01
2.984691461037988880e+00
-1.450298716481642280e+01
2.549058399939321973e+01
-1.326018845686495196e+00
-5.645495165421309025e+00
-3.576270656989785746e+00
-7.598346469684429394e+00
3.584589038981787379e+00
2.165095715074784977e+01
