3.199913058231241170e+00
1.285948892150546863e+00
8.864246299710110133e-01
2.835916050452795822e+00
-1.658972656071479479e+00
-1.287245518897781327e-01
-8.854475421177701033e-01
2.488875656644051304e+00
-2.966734571850870861e+00
4.289099730657333964e+00
9.985305488650014771e-01
1.129182200929348845e+00
4.133662686005790121e+00
-3.349246621204395424e+00
-1.061169400944276919e+00
6.978910943508240816e-01
1.331920244483567051e-02
-3.153722187734176341e+00
-1.315159726842945354e+00
-2.273615971207909148e+00
5.576816535739964609e-01
-3.266135058421901327e+00
1.239605351959133683e+00
-3.571476327788546623e+00
-9.249824694605116582e-01
3.962751718199603257e+00
-2.058720889157455325e+00
5.610405032308094508e-01
-7.903563658465820874e-01
-6.694306048700435219e-02
-7.006675748049637775e-01
2.733836469650200662e+00
-1.384906676860815367e-01
-1.428203165429561938e+00
-2.243208082882988563e+00
-9.083533212955886560e-01
-1.955449696835845241e+00
-7.378751490638424393e-02
-3.834090685489869088e+00
1.504246364965452276e+00
3.818131282483122613e-02
-4.213493244061825571e+00
-5.002748307758713153e-01
-3.420374263332463638e+00
5.660271713263795856e-01
2.966288253263535069e+00
-1.894137632915219971e+00
-3.257744380834587172e+00
3.348386941402229589e+00
-1.096548780049647842e+00
-2.207023063423200426e+00
-3.312948417367604925e+00
-9.186453402619366715e-01
-1.625792543332828854e+00
-1.098071949502790634e+00
-2.970298530434496431e+00
-3.869245475366466458e+00
1.862780235522166095e+00
-5.908844383770304187e-01
-8.523647366877673548e-01
-1.569788255028552459e+00
3.416374971507806779e-01
1.348368937531730927e+00
-2.639374289489487602e+00
-3.649845006623492427e+00
1.461646470264565068e+00
2.424206253729558114e+00
3.216189317423038041e+00
-1.719265833825569967e+00
2.341971114811609134e+00
-5.099105735952841556e+00
-8.256814989278424832e-01
1.326994587907008860e+00
-2.959171720854508192e-01
-1.582192092741156575e+00
3.231202114514791113e+00
-6.674497136983903456e-01
1.019844607111418444e+00
1.823201031719992482e+00
-1.153710001390054973e+00
-2.814348907440900494e+00
-1.529692617143259215e+00
1.848612946213152031e-01
-1.179202568210041102e+00
2.909315127290323932e+00
-2.227696226024970194e+00
-7.222123295450746383e-01
1.751271147135395223e+00
-9.821320549117675824e-01
3.210954920303036531e+00
3.473448225571355241e+00
2.718779028057500824e+00
-2.939781224759025591e+00
3.148316537872112297e-01
-1.098624623896347074e+00
-3.635950192709908602e-01
-7.765763474336830896e-01
-1.602639982333238011e+00
-3.053125451072105978e+00
-1.785112479899196858e+00
-3.578539116494398264e+00
4.665948258697346418e+00
-7.237704657487740167e-01
3.158248520346023103e+00
3.943163330394729993e-01
-2.837902419859558822e+00
-1.718649532585867945e+00
2.934861858004884194e+00
3.213317007391846003e-01
-2.934674208306567778e+00
-1.165616045331329786e+00
-2.673731284476408732e+00
-3.574989057197062614e+00
1.764378096911056959e+00
1.038826693480439545e+00
2.694028013663763987e-01
-1.055605467688964350e+00
2.112523041111415090e+00
2.647600731115061112e+00
-2.518328869209102816e+00
8.787721137957710260e-02
1.763989826572232855e-01
-3.841064244943110051e+00
-1.869899820735031470e+00
1.938050052173923232e+00
2.268092777915625469e+00
-4.597044313629783385e-02
-3.311415426143445195e+00
5.696207510146809039e-01
-1.335989983739838793e+00
-1.070860273149984554e+00
2.126558922056974943e+00
-1.051935025063784890e-01
3.635499846732879181e-01
-6.812236196161497448e-02
-1.799463425103056124e+00
-2.023146458300350226e+00
-1.099390568916296829e+00
-2.680159838930065153e+00
1.466243585349443213e-01
2.505431360190351064e+00
1.056955486009803075e-01
-5.408807258447868860e-02
-2.260700861521128813e-01
-3.965866448154381274e+00
4.195955438075676724e+00
2.576860269919533764e+00
-6.537318922090309403e-01
-2.752094022181124977e+00
1.526868915055633047e-01
-1.836287865500252581e+00
2.477042124570217219e+00
-1.810276664804885804e+00
1.735294065725782264e+00
2.368794887416826533e+00
3.893178891092121230e+00
2.395166068116290070e+00
2.598927910916584150e-01
-1.526423332600229887e+00
-3.972361113450109116e+00
2.979224399674177626e+00
-2.073691579688288655e+00
-2.639704989378997446e+00
-1.094497725784207454e+00
-1.766844402898132493e+00
1.714298685032115355e+00
9.256308664532716945e-02
3.924043709727029761e-01
-8.532185473322739799e-01
-3.787533028965914261e-01
-1.146282036360278145e+00
-1.839167867268417300e+00
-2.503550298642063687e+00
-2.384706375567041903e+00
9.459639095452270219e-01
7.837803047340538010e-01
1.038261911070092136e+00
-2.741176047256094428e+00
1.207339903517858026e+00
7.564995842192585584e-01
-1.794490656914587312e+00
-3.616355167260115966e+00
-2.806704133683387337e+00
4.169142598661776944e-01
9.700442402794355878e-01
-2.092393336044554353e+00
1.644791708924757900e+00
-2.732738568072175855e+00
-9.039796748506849777e-01
1.650224721657122529e-01
-4.350446584597449373e+00
-1.997381611895805875e+00
1.882451943067887212e+00
3.757725520372813488e+00
9.485365677702489728e-01
-2.260102833561423274e+00
2.738870865169614088e+00
1.555069093071579367e+00
-3.518084577356019427e+00
-2.903197573471990811e+00
2.084166949655732459e+00
1.708295678883648749e+00
1.763169950747989656e+00
-1.113745226491785978e+00
-9.820454329323990983e-04
4.203016554181539632e+00
3.269133290026782213e+00
-2.489266803354893476e+00
1.738233893107675510e+00
-1.276137507819502304e+00
-7.460817697994224229e-01
1.878062270082839991e+00
-1.439237487993545894e+00
4.329489244878600429e-01
9.838203450020126528e-01
2.946504637065245902e+00
3.649378145756570380e+00
1.848040495631103619e-01
4.728525852413067443e-01
8.355218877796567467e-01
-4.325238732385361384e-01
-1.750306416162469958e+00
1.937147835910517202e+00
4.214382285579416632e+00
2.924945772523279253e+00
7.484291856168007184e-01
-2.244490783053299410e+00
-1.246579171513757966e+00
-2.903432148185702832e+00
-6.775904444859469355e-02
-1.065011528710134048e+00
3.279029882856087319e+00
-3.823132821114965552e+00
2.892419242572518812e+00
3.626590197309150998e+00
-2.023799534929737298e+00
-4.495797683229885155e-01
2.972385863213471868e+00
1.692504198794704040e+00
-1.475392876746898008e+00
-1.795815253839927461e+00
2.061537131052983973e+00
-2.476317337036015864e+00
3.646545713197266725e-01
4.709184758255213765e+00
-2.526366238210613346e+00
-4.813110266467530707e+00
2.466795113525215022e-02
2.665404023217724294e+00
3.467899259853980176e+00
2.223934351266570353e+00
-2.035632177671642395e-01
-6.149274482509980988e-01
1.121996786371828314e+00
-3.082516244718226162e+00
1.575423716762334170e+00
-1.082835882229680746e-01
2.430282256134755237e+00
6.979451633601934102e-01
1.858782053623440511e+00
3.208253686394776372e-01
1.084248910821747902e+00
2.621273087952349923e-01
-1.734795284327647957e+00
2.993587121080008018e-01
