1.922075935211670084e+00
-1.864518187954154804e+00
2.789862095010691601e+00
-4.870925370929424791e-01
5.737313967100204692e+00
-1.835860531633567438e+00
1.400687068627923249e-01
-3.351568737947572263e+00
-6.944775394200442875e+00
1.733147547722979187e+00
-1.890239773817992130e+00
4.158637926582903210e-01
-2.265542653789167193e+00
2.613679108132188844e+00
5.089947467379865031e-01
-3.554968036087643668e+00
5.288584371372222037e+00
-1.766657542815609272e+00
-5.453340019877839229e-02
-3.066511506832215073e+00
2.154862316004187317e+00
-3.814615829843459593e+00
-3.071637731233418211e+00
1.307565985392394881e+00
-2.268710832040822467e+00
6.161009904923139269e-01
6.560247695959292580e-01
-2.077545360125011009e-01
-3.603096725819460389e+00
7.363852815636253712e-01
-2.079315694104533652e+00
-6.104562979589406302e-01
2.937588946445857552e+00
-3.889188999110320566e+00
-1.056705673788235877e+00
-4.976193724738752877e+00
-3.376040608811107457e+00
1.754073671911146493e+00
-4.371688399051157248e+00
-4.248585230156384895e+00
-1.154868151479842009e+00
-1.708258440232222952e+00
-4.337481105823068006e+00
5.594992179765370111e+00
3.663864509203456521e+00
-1.726214474836930801e+00
3.887883592300851454e+00
3.224444306424214091e+00
6.512862600689310888e-01
-1.226032853822046409e+00
3.824688487870670506e-01
-6.468437124269128535e-01
2.026828251789087432e+00
-3.562449957910157838e+00
6.488138358154067475e+00
2.437917068864010162e+00
-2.442193829849677478e+00
2.004749962201252345e+00
4.267856227385198764e+00
-3.106014408358908074e-01
-1.830291460320855101e+00
-9.404220448753005668e-01
-4.804038557189438952e-01
1.307882456684740902e+00
-1.169782488954565380e+00
1.834961369453257163e+00
-9.378217597743019329e-01
2.056928152188242542e+00
-3.881980704381776670e-01
-6.227033967225798605e+00
-6.459306367143218708e+00
6.257884313255402953e-01
-3.236391144701007416e+00
3.105146740346491185e+00
3.565437114400000773e+00
-6.994191895555401217e+00
3.054561109490939508e+00
1.266811465949620741e-01
-4.090108544631918974e+00
1.749413208273975506e-02
-9.420547845405866649e-01
3.170065379834992036e+00
-3.000467392829425095e-01
4.727045708312497041e+00
-4.317425574105629993e-01
-3.867189904723753902e+00
1.080258999198102865e+00
6.549578928828879709e-01
-4.748767772791810060e+00
2.712472202268676913e+00
4.063581147145548300e+00
-4.801452374965423431e+00
-1.985521813730780405e+00
1.932548368301725272e+00
-1.821207364952812213e+00
-1.338589501663907999e+00
-3.051458838078230151e+00
-1.006010847278586695e+00
-3.591830924667552161e+00
-5.841301321676579672e-01
-1.865707354074539470e+00
4.598189043213121607e+00
1.176659069075192798e+00
-3.976598340400615328e+00
1.827178897996927898e+00
4.754892576329432075e+00
-7.003150660186341359e-01
-3.767687615269200485e+00
3.739035136221247946e+00
-2.820105376189315116e+00
3.345915508005098182e+00
1.707500065204639039e+00
1.475436496347804827e+00
-6.908674234588538798e-01
2.138114519812203351e+00
1.615111054530011803e+00
-2.091269997224547872e+00
4.227214862256876149e-01
8.199127053477595073e-01
-3.903379480828700565e+00
4.851360590772204162e+00
-2.961067256057186459e+00
-4.271771389075093239e+00
1.527821003232993746e+00
3.716570726959335325e+00
3.586197824120180844e+00
1.056676130946879955e+00
-6.105341545950407678e+00
-3.007987401285829421e+00
2.763348809829292207e+00
2.544727337216088792e+00
-1.337138416173881961e+00
7.343542748625486727e-01
4.732595056701526914e+00
-5.110759458271806110e+00
-2.382606607975572999e+00
-5.680155275723406394e-01
4.050224059115092423e+00
2.301272033224297076e+00
-5.423455176540175948e+00
2.115620857530083221e+00
-6.060585886750249340e-01
6.464139760399974399e+00
3.717611543865867674e+00
-4.331654188448903486e-01
-2.246899535613577470e+00
-2.083542895391365390e-01
-2.449220410408802451e+00
3.026469009957580614e+00
-1.674158878210648682e-01
-4.465284631935889648e-01
-4.126430498134764591e+00
5.400609731938753377e+00
2.410549300957275598e+00
-8.763875953356061732e-01
1.912850620674424906e+00
-5.971420371164493091e-01
-5.347195629824867957e+00
-2.478265681128864806e+00
-1.669489274620645780e+00
3.284384804568457383e+00
1.705204908958291687e+00
-3.396495563772412130e+00
3.703574756903479148e+00
-3.790910293292634847e+00
1.198111748810930965e+00
8.382747767802811723e-01
3.261941819106330409e-01
4.378845394808124070e+00
2.714354634986530179e+00
3.213663225611063545e+00
4.898076916382906987e+00
5.431706304809726937e+00
-4.284908392551983525e+00
-3.026544961643022447e+00
4.563342356861250337e+00
-6.023845208033852039e+00
5.635494241441106666e+00
5.679205056725555423e+00
1.194409573743151487e-01
2.469065445529656788e+00
2.755622716267578376e+00
-4.265963024241250068e+00
-2.090399512491751377e+00
9.011278437767081817e-01
3.494792425866050101e-01
3.446049138826869029e+00
-5.049176196177159959e+00
3.899388080001962464e+00
8.315196069199537465e-01
-1.603138018094612871e+00
-1.361900606471009523e+00
5.623797072880304393e-01
4.953764207935341446e+00
-1.903066477098654508e+00
-5.629130533078445353e+00
2.451305120613527677e+00
1.150371626708871275e+00
-2.303017477129751356e+00
5.843488120307320344e+00
-1.304638054100769606e+00
3.616779252046489646e+00
-1.960833012685002430e+00
1.377442749208545480e+00
-4.939767163254868976e+00
-7.761641034337318779e-02
2.784905338011108178e+00
2.652195164853708764e+00
-5.028904795800426264e+00
2.858000489892019047e+00
-1.841602775236941270e+00
2.196272411327266028e+00
2.499541772201847145e+00
4.556629763436591318e+00
-3.301767722802345650e-02
-8.311812005839771533e-01
1.438038734768839255e+00
-5.472242321426387335e+00
9.819639891095697237e-01
3.804648650098078733e+00
-8.088617280372176754e-01
-1.009533725655478609e+00
4.540902132675380898e+00
-2.471070822037255255e+00
-2.344226471282926660e-01
-1.381373264969371739e+00
3.187772315062967543e+00
2.176543106357630819e+00
-2.570662044134185420e-01
4.062707842092722288e+00
-2.064677938221007647e+00
-1.833154641078198921e+00
-5.790993395775425157e+00
2.282616765068448128e+00
1.176355929652812993e+00
2.872355116527652630e+00
4.428236153737468150e+00
-3.021622249717613506e+00
-3.032716354000430936e-03
-5.166917616622844767e-01
5.719737522181584488e+00
-4.578950579927328235e+00
-4.711453382753982289e-01
-2.576052873191387871e+00
-9.121924886394758847e-01
1.840427903167780599e+00
-2.887031385378023174e+00
-1.721601545369705999e+00
1.752715988432937078e+00
-1.483882051680608605e+00
6.613511628693304889e-01
-4.249581698864520085e+00
-2.186041230286275144e-02
-1.608036793599696423e-01
-4.689470682263210399e+00
-3.002253702734068774e+00
4.518318156818711628e+00
4.380769132672877930e+00
-1.562351002011763246e+00
-3.684168365961196123e+00
1.286917319653773539e+00
3.159528127769893224e+00
1.321108530421957195e+00
-5.914837670178101359e-01
-2.438159154956007768e+00
