5.808589090765412521e-01
7.174813954467840205e-01
-4.166377287754201575e-01
-3.530839306727930893e-01
3.135378796832473114e-01
-8.264166373893773176e-01
-4.159588901184918530e-01
-8.421229062495647621e-01
-1.097454274953824083e-02
-2.178418388706131470e-01
-8.919537910791925928e-01
2.373728413446738461e-01
7.985066791266386410e-01
7.074105461649717874e-01
7.421274908710639995e-01
8.433880316511837005e-01
-1.346790757171301145e-01
-6.984682337870546931e-01
-6.001445103583151752e-01
-3.317227562631417381e-01
4.292426528027615262e-01
9.988338752909564633e-02
-5.941380161201725851e-01
9.160901385441335698e-01
1.992354564526155336e-01
3.135505767306450142e-01
-7.595520467179359692e-01
5.801160001993515003e-01
2.069762937222860977e-01
-6.039578163625360929e-01
8.375644581328129945e-01
6.027110036323624076e-01
-4.323269669746789834e-01
6.277504077080453548e-01
-7.778924768113459898e-01
7.923948337803929931e-01
1.533973448846088772e-01
-4.875915434788802294e-02
7.968361225433191475e-01
-8.410717125277100692e-01
-1.585146174557705567e-01
-6.640328829856585457e-01
-9.538541814695917775e-01
7.657144833375970627e-01
-3.127008777584545651e-01
-2.658300690769437313e-01
8.033972069583663611e-01
-5.449913831836894484e-01
8.461636931685532215e-01
9.604778456455689284e-01
-2.106789932110437746e-01
1.360508242515654498e-01
-7.801522640090019500e-01
-6.525886548123416286e-01
7.648792840725890940e-01
1.302783602184454104e-01
3.363477113981392375e-01
7.233114148308670277e-01
-3.413083791655378008e-01
-3.651273745511625091e-01
-9.272679709792508440e-02
-1.773236789961756266e-01
-7.678180924443001043e-01
6.178625386315566015e-01
-3.419765578131006567e-01
-1.336264682360075451e-01
-8.364334551599830192e-01
-5.385857126530861905e-01
4.560104451652384761e-01
7.070720595742880921e-01
-7.449500479396971020e-01
-9.174756618233528283e-01
3.850692108917774803e-01
-3.059310727341819636e-01
-7.839570483855056171e-01
-1.353035093870174066e-01
9.426563807380536897e-01
-5.817926446795733675e-01
6.819241951391084022e-01
-5.147491403921797826e-01
-7.274460275308278767e-01
-3.264554383569819862e-01
-4.132473163539662764e-02
3.168528473387757227e-01
-5.441940139444549907e-01
-5.579678777730876504e-01
8.893240606914594171e-01
7.429219384789391700e-01
-4.508074834089839111e-01
-1.736104242352849436e-01
6.496215287135538308e-01
4.518209857480541825e-01
2.535298053135179863e-01
6.728250799911505986e-02
2.890100787010276839e-01
1.651847462649773668e-01
5.113432542990798968e-01
1.533663424531415131e-01
-7.019951667327311018e-01
8.929188509594656598e-01
9.996315817802725601e-01
-3.002350963510558302e-02
9.366857861796011875e-01
-1.016252688054506415e-01
4.310028169831559008e-01
6.243870387729983928e-01
8.742632885807715137e-01
-8.419523939384063738e-01
5.019065092904317904e-01
5.313471088624661665e-01
9.795222025380145858e-02
5.169500545846801298e-01
-5.895588931627802065e-01
-1.598181244095566722e-01
-5.102561161681788970e-01
6.931236732189316463e-02
-3.220986859897634336e-01
4.853631117461090216e-01
5.056581714083718815e-02
9.289561692878134380e-01
4.794336955733127237e-01
-6.684429091743888662e-01
-3.314107366074001693e-01
-8.348798144254643283e-02
-9.757389429575744622e-01
-1.529272047431906589e-01
-2.693616395504234706e-01
-5.605079481877364156e-01
-5.644810180794912480e-01
8.016794162527001166e-01
-6.546559833342602275e-02
-6.726598922579429818e-01
9.118345047039453366e-01
4.538861053773297627e-01
1.305639259365725113e-01
-6.124489507195685078e-01
9.863983232599202733e-01
4.016017551889512482e-01
4.926740674969143363e-02
7.656377404028529288e-01
-7.635938886233923917e-01
-3.978628575116243127e-01
-3.038304289739619524e-01
-2.869722325108952088e-01
-6.625371363527379209e-01
7.849213489179054370e-01
-1.902329186689146745e-01
-3.923039852799254934e-01
3.309782250707253848e-01
-4.124970272555912310e-01
-1.533604395965226797e-01
-3.340591969675781314e-01
5.526789298013488061e-01
6.649770632459253150e-01
-4.995019857549642950e-01
-9.136395167247663984e-01
-4.287242572121243711e-01
-3.816680634435802855e-01
-6.611096773459479436e-01
6.630289481170006383e-01
5.463115943784737638e-01
4.348801299321505276e-01
9.721267974133958045e-01
-1.104422230141111072e-02
8.174552982471166018e-01
-4.724130406336897181e-01
5.634533059070674366e-01
6.214607114956895995e-01
-5.661332316143978804e-01
2.473771109478513086e-01
-2.667229628362532967e-01
7.996346462851398051e-01
-9.964320394649126555e-01
-9.138282232969765495e-01
4.882059423953621913e-01
1.321340634007890369e-01
6.556311136333647926e-01
1.227133923296745976e-01
-3.534300749773069406e-01
-9.964290443039069967e-01
5.948355014532216156e-01
-1.711624041292294507e-01
-6.748485557741181751e-01
3.852921536955771220e-01
-2.738356473492129517e-01
5.196092508571346080e-01
-8.699754636267185148e-01
2.331531531840573823e-01
7.252514774941667408e-01
-8.195037432322345161e-01
5.185508394130997623e-01
-7.904528966209130036e-01
-1.320602184233397036e-01
6.939004887471584837e-01
4.264306018267631782e-01
6.228458507986054382e-01
2.345102895373341045e-01
5.439089958312903761e-01
-9.549813776443778490e-01
-7.561868702794702912e-01
-3.306210283861199528e-01
-5.216061611541333853e-01
-5.426436360364470524e-01
4.453000347720759144e-01
-9.855934274574520426e-01
-7.554152489973762208e-01
-7.997731583253879784e-01
4.919567625667171651e-01
1.458603694968807485e-01
3.550069808567783980e-01
-5.192876258792029631e-01
-6.054030184508216728e-01
-3.049839615140159665e-02
-1.484751757490165858e-02
-9.335072997358384583e-01
-7.786891719272159840e-02
3.976205712607003839e-01
-4.044363568100295403e-02
3.534458287068551474e-01
2.655186256067103567e-01
-8.795201079583314652e-04
-2.853597558771296949e-01
-9.337414392823313314e-01
8.402249822462330986e-01
-9.174353443036802336e-01
2.702797031241432890e-01
-6.652410651403213304e-01
-3.437340705574218891e-01
3.546664494928846167e-01
-6.608928372932740825e-01
7.399544935240642829e-03
-1.501390935501991653e-01
6.606866738060679367e-02
3.393383206642031080e-01
8.844536393487854031e-01
-3.193586290051975141e-01
1.545348853537380496e-01
8.300818542201291450e-01
-9.024464968234235940e-02
-9.047278845866202346e-03
-5.928902417494639199e-01
2.631879556735787773e-01
7.283173965205842482e-01
-9.026218194643189641e-01
-4.640634110258348155e-01
-5.324809348214998295e-02
4.735467955308254595e-01
1.639324410961606748e-01
5.550299895757371260e-02
-2.797980140896383361e-01
-9.484692386704418610e-02
8.019196049633037227e-01
3.831175631020231620e-01
-7.341791807771478329e-01
-1.001648025776236128e-01
9.992461224449999957e-01
6.862543327487029554e-01
4.612591448021634566e-01
2.296991572389699421e-01
8.238095595911389957e-01
2.941830166055552365e-01
-9.867810216816446101e-01
7.358039922788168763e-01
4.750988365570838479e-01
4.682753782723603209e-02
