-5.310591918725003913e-01
-6.833842252307166909e+00
2.222398608625971939e+00
6.219920172636670408e-01
-7.093461134576919402e-01
-7.591323832299784469e-01
-1.223293706937016445e-01
-5.169921939488423268e-01
1.749354051592747261e+00
-1.842401697877913858e+00
-2.146720707030639552e+00
-1.621905402323833956e+00
-2.343274166670774594e+00
3.683154044604781685e+00
-1.644810571126690713e+00
4.457708556694582214e+00
1.465791556779129756e+00
1.119849024162507423e+00
-1.451930282566453512e+00
-6.322402116136183192e-02
5.874117679504942124e-01
2.028916783108337007e+00
-1.342942774121879346e+00
-1.997192625399724530e+00
-7.761999865456155057e-01
-1.049853629544329259e+00
6.519006392889078683e+00
-1.985169540586100290e+00
-3.559716307931336754e+00
-5.884893895196371183e+00
1.308800375271923944e+00
4.928578474458890746e+00
-3.298900014153568705e+00
9.815032463989913358e-01
-4.041808633610071588e+00
5.907283303985785494e+00
-2.961319203142687151e+00
2.456928251210903191e+00
9.453066887755143810e-01
-1.793283395074797060e+00
4.979706712862308038e+00
-4.851254028724619749e-01
-3.377354575904093714e+00
-1.127742009439139936e+00
1.395655939177536053e+00
2.018037060435335484e+00
-4.683136522817795466e+00
-1.557147964803292650e+00
-2.521731971497842562e+00
-4.067140025379872625e+00
-1.087380719476194857e+00
-2.771422958047061513e+00
2.986326973411273400e+00
4.390544319728969747e+00
6.764492055527123959e+00
-3.163921775042211504e+00
-2.384239409946820931e+00
-7.072683733693849728e-01
-2.824750244753337913e-01
-8.409163417524460060e-01
1.584353482862173257e+00
-1.140445614090571214e+00
3.320071171255583042e+00
-1.868631800827718070e+00
3.480649425360655691e+00
1.440593915525516522e-01
-2.409795871311993132e+00
-8.430562960541311268e-01
5.773900436447220841e+00
-2.235391727039914400e+00
4.910991315725871331e+00
2.334760373439391135e+00
4.625880738232262424e+00
1.358686338460163290e+00
-4.062191402838260856e+00
1.196346834340337617e+00
4.797764750177225146e+00
-1.567445039338377644e-01
5.338381145311390519e-01
-1.477747075259849385e+00
-1.016886161195678318e+00
-5.377021274064865963e+00
1.426213721755327235e+00
-3.634530393758657052e+00
-2.361599096655671914e+00
7.503220181408351008e-01
-1.064275720002598291e+00
-8.435019247381370100e-01
-3.532448084064625959e+00
-2.338333179221367963e+00
1.999963075045714245e-01
3.176118411996953217e-02
5.167629310452068747e-01
2.469786313495630825e+00
3.271714635169095331e+00
1.273287211830554932e-01
4.061064014547525858e+00
2.480557115407294955e+00
-2.366166311421292967e+00
-9.963955682419268767e-01
3.067453285038517219e-01
2.514105794783654702e+00
-6.665561836962073938e-01
-3.369934082605143821e-01
4.084288051986102452e+00
2.334749906438887024e+00
-3.567765469554418978e+00
-1.861626057689492963e+00
1.607574730423381171e+00
-1.395138727171618687e+00
1.454530295699228981e+00
-2.397812536499891678e+00
6.862154616689337683e-01
3.085424244519503478e-01
4.945491907965970935e-01
8.592598496520952311e-01
-2.085539726763687263e+00
-9.563148836127250974e-01
-8.100433755545223269e-01
-2.065499106548293717e+00
6.306439085643620324e-01
-3.175379293869999842e+00
-2.972255721321098720e-01
-2.336767854443891679e+00
-3.961523979605572343e+00
2.343067242741435408e+00
-2.290251348246056917e+00
-1.797147361386091102e+00
-1.361318938933425038e+00
1.350880929840833744e+00
1.392871871962783725e+00
1.842606044390920461e+00
1.166822955240374826e+00
-8.200783957932488155e-01
1.609679899551570426e-01
3.512169500802737154e+00
-2.783828221192160335e+00
7.357454544411959896e-01
-2.394775684068684907e+00
2.911135390847634064e+00
2.018999435231437101e+00
-1.071438929762086989e+00
6.129305328991756507e-01
-3.772271450011774885e+00
2.874000169902803048e+00
-4.548222505908862345e+00
-7.966399801761099297e-01
1.310993164800239530e+00
1.087066517648473951e+00
1.098848760853170514e+00
1.469943805265238268e+00
-3.778497328510846742e+00
2.136861311427801446e+00
-4.270669684594711413e+00
-1.594331872492960878e-01
6.259119700912780360e+00
-1.065698974451869674e+00
-2.526167025524658882e+00
1.574557407120508623e+00
-4.544811231449520150e+00
1.838680017001096623e+00
1.320029543666382477e+00
-8.524395153460653241e-01
-1.763066733675548114e+00
-3.432507101470636535e+00
-9.855689301189691776e-01
3.774470927089913497e-01
3.728220257001934601e-01
1.625132211516708391e+00
-7.703115140056800980e-01
6.679010036981317455e+00
-4.335009903937794284e-01
-1.615566179103677946e-01
2.336661109221986443e+00
5.633260364927723529e-01
-1.289614193441914081e+00
3.001161395513372909e+00
-2.794662440126716163e+00
1.061081679446507442e+00
6.175912795626026242e-01
-5.137137123746824408e-01
2.161996837093091983e+00
2.968460468327347002e+00
3.124897438625458435e+00
-1.963216950320403997e+00
3.039649058608108856e+00
-5.706565625421714527e-01
1.900517772497201996e+00
-3.680412893370259564e-01
1.533679073517700386e+00
-2.593157647973605595e+00
-9.076764019462071342e-01
8.332988910523739245e-02
-9.361092014330059108e-01
3.873146522270082048e+00
-9.624917964155904615e-01
1.566698982556914199e+00
-5.675603051180662106e+00
1.336620932411005214e+00
-1.329905366531182631e+00
4.661093080648148756e+00
4.112691327960212639e+00
-1.119857765426866436e+00
-3.815085332964095244e+00
5.571824537637061203e-01
-6.863393173229443978e-01
-1.259656201335325632e+00
-1.778325293426076481e+00
-4.220916572122857424e+00
9.210753507215869718e-01
-2.017235048590218405e+00
-8.196855076128584106e-01
-2.902198993231329904e+00
5.305714412190793539e+00
1.857738224790158377e+00
-2.187500225692299516e+00
3.663271140343730359e+00
2.169166083002147971e+00
-2.321007260169956510e+00
7.087464802656386897e-01
-6.235428138203658044e-03
-3.286608861669138015e-01
2.099200881503635596e-01
1.378433756040281732e+00
-2.803795314388307869e+00
1.658563019163355579e+00
5.430155150709856660e-01
1.188856415585902049e+00
2.226375051570034458e+00
3.696107586848227378e+00
3.962857065444042259e+00
8.166460416260187261e-01
-1.035249033454197498e+00
-4.008418716888320965e+00
-8.049333983708211182e-01
-5.642854702036387282e-01
-2.637499132599363083e+00
3.964868591365157791e+00
-6.326020510272495345e-01
4.862715437226951209e+00
1.461650187073584295e+00
-9.785742878291336933e-01
2.941617429562147557e+00
2.940249356026865435e+00
1.478983156724474668e+00
-1.277639379096258132e+00
1.706272392777484770e-01
4.237003898352005749e+00
-2.900980625430024773e+00
5.405940838783692470e+00
3.384324122566686022e+00
-1.497919988655036727e+00
7.894730641033350649e-01
9.891851155620992042e-01
2.840680076170240209e+00
-1.948185885830455710e+00
1.834629046439145039e+00
9.188359997275973301e-01
4.512639867776182534e-01
-2.361719339915769211e+00
2.187723729080521817e+00
1.650948016992737077e+00
-2.833577120805135685e+00
-2.386752284863086437e+00
-9.524514856443240252e-01
