8.968018981597689065e-02
7.411100404799889629e-01
-3.065667349327198532e-01
-2.272444624317814799e-01
2.193613504150645488e-01
-3.533872362378286114e-02
3.267188981695327010e-01
-5.490678376674980044e-01
8.521245221981873508e-01
-2.823697356425043381e-01
-6.066330696874165929e-01
-1.823902194454905257e-01
1.577675888151084393e-01
2.497314590601114603e-01
2.273895795741194825e-01
3.123132559223803506e-01
-8.012684110054564268e-01
-5.548068642968939645e-01
1.134858953257530806e-01
-2.199355590870835375e-01
-8.996377242291808685e-01
-4.448981378352148131e-01
-2.179050769839374624e-01
-3.464815645287471213e-01
-4.402737890326359205e-01
7.485218549186677395e-01
2.568421770958195238e-01
-7.614711426312826825e-01
6.890638670160582624e-01
-4.101293804059613635e-01
-4.844996216080889595e-01
-2.810451755841498755e-01
7.546708558843757964e-02
-1.239933378269307274e-01
4.043084823167456543e-01
1.168170334242914082e-01
-3.140106917523931562e-01
1.485472343489233071e-01
4.398345911550518017e-01
1.038378124658720369e-03
-9.650360783312733615e-01
3.762423070237138067e-01
8.493425273724633517e-02
-8.421611135158304506e-01
6.355923142776100931e-01
1.556548931601770547e-01
1.465769164356089116e-01
-2.957032207392796819e-01
7.225408916442202512e-02
4.601252404187899381e-01
2.861896005808548527e-01
4.747267167684768308e-01
-3.782379966306907426e-01
-4.029496480794394486e-01
-7.826560682576787498e-01
-1.180571023262772523e-01
-6.447901061848718696e-01
-7.788014090222461494e-01
-4.168259552832528914e-01
-6.823762516556930446e-01
-4.475308485925197366e-02
-5.465199931997629657e-01
-4.685765779124819730e-01
5.856821187142636775e-01
-4.957472041405973362e-02
4.161260854548428506e-02
-2.359728018764665203e-01
3.794599086020926104e-01
8.744936634389424146e-01
-6.167437149912640137e-01
1.704339951575278844e-01
-7.107197677721126539e-01
-9.916762577897201281e-01
-5.134778518129321512e-01
-4.488869010392385062e-01
-1.757612668656721444e-01
-4.069743413512096897e-01
8.381194958476960721e-01
3.137145712317372659e-02
-8.594351858061045624e-01
-8.041783357627745321e-01
-5.650676521896138560e-01
4.033937278523971326e-01
6.648022240332203125e-01
2.159024001647742164e-01
2.488412575300475715e-01
-2.093521942289358340e-01
8.123025244755412988e-01
-3.170965780803639555e-01
-4.018227950431366158e-01
-4.279227478896379111e-01
-3.623613846667909644e-01
4.577163628785339833e-02
3.063880217689616062e-02
2.172002214970800982e-01
7.678555498157461912e-02
8.622552411623386481e-01
7.188179527007115821e-02
-7.304502651757873721e-01
-5.706894118280764205e-01
7.975105882240427491e-01
-4.502139197012967609e-01
5.116735145616941871e-01
-3.837414246813171392e-02
-4.026450746332689290e-01
-4.491429134583526661e-01
-2.626473751626058339e-01
2.881491989396526288e-01
3.344288156128976119e-01
2.645646319704257343e-01
7.584905752253885414e-01
8.143264771274389968e-01
5.677856750652113260e-02
8.410815946571920110e-01
-1.266712975340452685e-01
1.790972761663430501e-01
-1.403718743446740469e-01
3.196245551422277620e-02
-1.988460652569765674e-01
-3.736604744962912505e-01
-5.256821853975090358e-03
-3.362103418558350931e-01
3.845756061247618263e-01
-1.127423689941874085e-01
-3.668756812617728347e-01
-3.912138295142151279e-01
2.728227028171010815e-01
-4.669070772547393444e-01
1.550420399802031057e-01
5.408630926392865579e-01
-5.462999076404825849e-02
3.919811134427827470e-01
-1.753484874070185828e-01
-3.944733510733419712e-03
-1.146133341551669016e+00
-1.094137721681499170e-01
-4.307984439471895105e-02
-5.212193853289650569e-01
6.031400275927459864e-01
-8.772397525283205655e-02
-1.326577989859101248e-01
-6.110185064334713312e-01
5.920456353283518602e-01
-1.038827617806505205e-01
-4.869597192210912695e-01
5.793699596012776842e-01
-2.594966823187753735e-01
3.967966348613058969e-01
5.164055995054900317e-03
6.648075015597521009e-01
5.717787424855238498e-01
-6.625676221055060156e-02
-4.249729606961306083e-01
6.731622848221046063e-01
2.011860714041969478e-01
5.747387965743939731e-01
2.650097114896819983e-01
-5.392130891928306191e-01
-3.576213795254561956e-01
1.226808506874503199e-02
2.315079985543793684e-01
-1.513416726287151182e-01
8.006038135831829994e-01
1.241074248842663486e-01
-9.557804899081492334e-01
-2.156754430347547838e-02
2.961490611735447809e-01
-1.232146239855743952e-01
6.094101591674399021e-01
5.095279261979794860e-01
-3.711957411451256572e-01
3.149775560593042201e-01
2.452000218176031421e-02
-6.707211650312669970e-01
-2.726933312892207417e-01
1.954116254687680576e-01
7.157620782038669471e-01
9.019684850486374694e-01
2.474808452326866526e-01
-9.856350643641496045e-01
-4.348894190788087366e-01
2.567463435466339483e-01
-7.282104297001218418e-02
7.799343726412044653e-01
-3.691082308530269640e-01
7.126979599534231102e-01
-7.893034842051863675e-01
2.717065898167599913e-01
-4.516057216201913582e-01
-3.848924707451572003e-01
-7.904906957090375164e-01
2.911809464674084413e-01
-4.189745672891813655e-01
4.162066478476479925e-01
7.113751584202242240e-02
-6.856587692792107669e-01
-1.122364981261749328e+00
-5.497499258714863002e-01
8.783483921797777816e-01
2.401279985771736514e-01
2.496488220041011286e-03
-6.536439191145368977e-01
3.231081840651944259e-01
-9.612632791269116739e-01
3.893484726994862477e-01
-7.215800397919615305e-03
-2.936168206651614820e-01
-2.549910391959663292e-01
8.801455846582934006e-01
-8.503258113270628638e-03
-7.768252631864944746e-01
2.916736460998931024e-01
7.636445855982815223e-02
-2.466703790744400882e-01
6.042710367596590970e-01
3.381085118294849812e-01
1.776942619240874655e-01
1.828396316283358303e-01
-2.053469290641459222e-01
3.142853128423603870e-01
4.054807897279014139e-01
-5.122664123627023169e-01
-6.293639439771875344e-01
-3.095832156190567730e-01
-6.292895000383124104e-01
-6.012645363729979264e-02
3.694418854129571939e-01
-3.104870206087809725e-01
4.024143538721273727e-01
-1.915485540097345285e-01
-4.879631177631160721e-02
-1.164025839908952031e+00
6.600586630516405151e-01
-2.130678983769924151e-01
-7.964509737706406689e-01
-4.365901886960366074e-01
1.903253563104246593e-01
1.521917749673731834e-02
1.902516237770638940e-01
1.492139632191260418e-02
3.770764839671909008e-01
-2.291840548123456195e-03
-6.132621518690770657e-01
5.998599955479515522e-01
2.773275225427343504e-01
3.685063473957007618e-01
9.676714501965285598e-01
2.296966230141151144e-01
3.567627059708171067e-01
3.857044993644977438e-01
-2.291257970997837845e-01
1.557404790126487026e-01
5.856469201489634679e-01
2.818582466342170467e-01
-6.198003689764699509e-01
1.461345675056637539e-01
5.139932367986077555e-01
8.301458614987066165e-01
2.200681362575121480e-01
2.725013967587427421e-01
3.039032666038801178e-01
-7.534912858719626794e-01
-3.563155558234343268e-01
7.855333237502037935e-01
-3.776534185070999639e-02
