2.378695073699671703e+00
-3.145870726954505425e+00
-1.890269171813982574e+00
3.672508768699409010e-02
1.264015375016663834e+00
1.372695320967715737e+00
9.454869097556001245e-02
2.641927933521910354e+00
-1.444371774149025178e+00
-2.368655314325861516e-01
-2.466678480993317990e+00
-1.955989621946986112e+00
-2.298557420689168573e+00
2.219706315423695564e+00
-8.938705080272771331e-02
-1.225889765890318950e+00
-2.703140520709570449e-01
-1.348735181783020876e+00
-3.285419196340404469e-01
-2.421883696430977118e+00
2.242822459008806835e+00
4.104051096463907200e+00
-1.765410075343423868e+00
2.090161672948720017e+00
-2.812522912296933519e+00
-1.868562344630108285e+00
-1.796950507979738987e+00
-6.152183883695234723e-01
3.316322546450924946e-01
3.323935404838308294e+00
3.257691313703316105e+00
3.375268604796138217e+00
-2.460194295912420337e+00
-1.636207000844638770e+00
3.708209458729119778e-01
-5.218132566230482272e-02
-3.339695172907825249e+00
-2.344955225728679871e+00
9.818739372260923970e-01
-9.639553264090974238e-01
2.769967469147661121e-01
2.896364700787641411e+00
1.589022135960163618e-01
8.788282424816351579e-01
1.053752176029040921e+00
2.507946954736591572e+00
1.620613430929465748e+00
-5.451335806966060016e-01
-2.147407997732023510e+00
-2.079573096391309051e+00
2.713686146768474750e+00
7.398694024120495705e-01
1.702685826019267878e+00
1.730178004744467257e+00
1.559267606796113981e+00
1.539808151670089664e+00
-1.288251505406048825e+00
-3.104755023770416233e+00
-7.392249612752128662e-01
3.495406267329560279e+00
5.373342121017486983e-01
3.452076695965123676e+00
-9.064169926426057788e-01
-1.021757513940878548e-01
-2.431818750669228812e+00
-1.419483396815571563e+00
-2.145970821823669272e+00
-4.328221544772988816e-01
-9.798857276498493807e-01
3.458203620665129208e+00
-2.774874376226692974e+00
2.302964093824110936e+00
1.546395238818429441e+00
-3.454263690829630029e+00
5.074664160084223496e-01
-7.197567194933192081e-01
1.470273061207720555e-02
2.774360992892843214e+00
-1.062312952687885392e+00
7.740255408650171809e-01
3.795644694695313959e+00
1.108031745894282549e+00
-2.890048675338261930e+00
6.081243221107912600e-01
-2.386554639437405534e+00
1.950983080575063422e+00
-1.499624131413410666e+00
-5.061123005937324670e-01
1.408494276233812403e+00
-2.641607159547588957e+00
1.159218077991054141e+00
-3.885863006426192312e-01
-1.830746440715210088e+00
-2.354286405565962248e+00
1.157988268404137155e+00
8.128612751023744920e-01
1.926913695493028156e+00
4.188838592238914860e-01
1.097858379238971505e-01
5.330955194087294569e-01
1.796946239530563316e+00
-8.574828783256640552e-01
-2.520896895593971010e+00
2.321405731418805907e+00
9.106754769623919277e-01
-8.331323539956840829e-01
-2.630558518854224648e-01
3.311820722266826778e+00
-1.761336042792081891e+00
-9.980361570793729875e-01
-2.323727306054702346e+00
1.001921917232906800e+00
2.299787499034692040e+00
2.201754604022101880e+00
-2.019581554448313554e+00
3.476691716614278005e-01
-2.780272050706945386e+00
2.790844643349897680e+00
-1.133398897011699713e+00
4.193655973168089801e+00
8.420957006467377770e-01
-1.301332929038885755e+00
2.044132881606440577e+00
7.228649301841275632e-01
8.124311859289375937e-01
2.766125772381952785e+00
1.737437525688172002e+00
-1.541080321407431120e+00
1.363487895208502554e+00
6.442913499588407422e-01
-2.781950097932489818e+00
-2.793770999745193606e+00
-6.683312793081848113e-01
-2.018988309676018389e+00
2.251462855649100536e+00
-2.798931751575790550e+00
1.078476641982598849e+00
-1.617377080729479388e+00
3.957182950293705037e-01
-2.959855078884435997e+00
2.770315265984164554e+00
2.395284757742699888e+00
-1.223188379398025383e+00
-2.254741774743354021e-01
3.043783972825588879e+00
2.870471722743712206e+00
4.804009247626550572e-01
-1.357918403219735115e+00
-2.557247838663811113e+00
-4.015762047141968605e-01
-1.038756837579161374e+00
-2.372408137329657052e+00
-9.973289345146174600e-01
3.419666620922355627e+00
1.180059127005837816e+00
4.107450079565042600e+00
-3.273463631810285435e+00
-8.109826890613490713e-01
1.508974793730415431e+00
-3.850652752038177695e+00
2.908091757254735121e+00
-2.698182819452561887e+00
2.125227792205371280e+00
-1.362227685710285296e+00
2.155795870310344142e+00
-1.844271340022792138e+00
-2.914156867375700344e+00
-2.749839082853030803e+00
-1.182049344481238773e+00
1.988992291329116036e+00
-1.457670699733936148e-01
1.136807918031265352e+00
-8.230184291511488670e-01
1.781612174317469321e+00
1.551635286180045981e+00
3.130208452421582299e-01
1.593360194260160956e+00
-6.864236299146071474e-01
7.095141244286125026e-01
1.319527207001346625e+00
-1.167084875101803476e+00
9.234215653482449326e-01
-5.191651849851284251e-01
-2.389322258958073597e+00
-6.571783474880144027e-01
8.984604300609606575e-01
1.036244021340689603e+00
-2.515000456878749624e+00
4.650746236697937963e-01
-2.054706202670954163e+00
-1.427482245437869057e+00
3.215275921855841323e-01
2.036566645611375570e+00
-1.114401466040925381e+00
-3.017240601453162085e+00
1.929869406498363471e+00
1.496040752731042200e+00
-1.281366860353832515e-01
1.348684150220630373e-01
-9.651593577705175342e-01
-2.171410517771164894e+00
3.228538063390958612e+00
-1.630412995087184846e+00
1.343778574442832774e+00
-3.177715205881975979e+00
1.310110832803963010e+00
-9.790546694550905649e-01
2.646484811779825641e+00
1.728549963874999040e+00
1.267654676908771538e+00
2.518798786933023948e+00
-1.212591874462991992e+00
-2.919564437873811258e+00
5.066106925155866580e-01
1.311412117457096738e+00
2.700819537069628851e+00
-1.119946890352247149e+00
-1.422681894919736623e+00
5.019902121813121232e-01
1.028788006938028854e+00
-3.692741259489825900e+00
2.165459080635926181e+00
-2.792395515866527012e-01
3.167868314783981454e-01
6.768681408083088158e-01
1.402655500299307745e+00
9.941361274309935547e-01
4.097525121696845574e-01
3.138400529462741062e+00
2.641122309324363648e+00
3.092823892253712126e-01
-2.427258768479354067e+00
-1.786472682652077371e+00
-1.555694002860400271e+00
1.073183510909644145e+00
4.593166093928001681e-01
-1.614277837814850791e+00
9.858344834914549715e-01
1.818409600862026743e+00
2.786802736167880212e+00
-2.047057932877903497e+00
2.263853261730986333e+00
1.897546372859607811e+00
2.803259087386109627e+00
9.239769532065831292e-01
-1.528927034518061667e+00
-6.821784146719929165e-01
-1.566587415542126438e+00
-1.832512669746367395e+00
1.628936535704932798e+00
-6.244743362647170448e-02
-1.301904735030031457e+00
-1.269156549314403915e+00
2.490693286856594746e+00
7.376770295666355004e-01
-1.346906027509681358e+00
1.002457352829551507e+00
1.273233361800973906e+00
-2.305198149780779637e+00
-1.284531614164801994e+00
-1.521927714085634875e+00
1.455328412663358773e+00
-6.447280081015589470e-01
1.429261927852347736e+00
-3.421588656466732381e+00
