1.374718187830771488e+00
7.702495900594794165e+00
-3.841297142922078578e+00
4.782698574935931646e+00
5.433139650390629072e+00
-5.108532195381881635e+00
-3.557075820079766970e+00
-2.950128484239133986e-01
7.312594427976250033e-01
6.022307945530696038e-01
-2.690635735762568093e+00
-4.901237121483159598e+00
-5.535030101980735751e+00
1.941132063974376987e+00
2.221843112497487560e+00
2.221086075463558074e-01
-1.077490346489309303e+00
3.113304108609760701e-01
-1.159275751220068429e+00
-5.368015280595507477e+00
6.883022179404922447e+00
1.422051431007145483e+00
9.925320170441568335e-01
-2.662329131821101313e+00
-2.879583274571280604e+00
-1.074785778654966606e+00
2.559419108575317736e+00
2.574776229269480687e+00
-1.028424772836752821e+00
3.181627488552883687e+00
4.649446813375403664e+00
1.379092511178861669e+00
2.631044206824192155e+00
-3.658085521180193922e+00
4.021607680851168709e+00
-4.362424041352911175e+00
1.338328845211404605e+00
2.278828405924801181e+00
6.873481940267532231e+00
6.130118076598243704e+00
6.659231974582069391e-01
4.906174951917598115e+00
-2.817554361867433244e+00
-1.601847088233046668e+00
6.289117225731420291e+00
4.624888630961233815e+00
-4.471552632178012132e+00
1.526696975199814954e-01
-1.852525870138451936e+00
-1.995841562592676199e+00
3.616684694208122774e+00
-6.608511722181301451e+00
4.496171870526879388e+00
1.766181059866188452e+00
2.551287525326102923e+00
5.826746282251087372e-01
4.576847867473128773e+00
3.862753032209681248e+00
-2.576906171280863411e+00
-2.419612695538215785e-01
-4.283860548878324792e+00
-2.682539044123787964e+00
-2.073296732558018718e+00
4.702486707628972806e-01
4.161414906750339426e+00
-3.145975904015990698e-02
-1.546366537382094730e+00
-2.894633345792289258e+00
4.459550514351845685e+00
-1.020848477926779019e+00
-4.214713742968497989e+00
8.823140180462849536e-01
-8.086707943354840111e+00
9.326461111275296645e+00
-1.857338333500740291e+00
3.022213445959759603e+00
5.876358310830516185e-01
-1.413493248422468707e+00
3.737952374273906919e+00
-8.082364113649953552e+00
-2.317677037943616014e+00
2.542431361455244954e+00
2.334267338276823089e+00
-1.527526377587278827e-01
1.494872869704605645e+00
-2.008009547059752542e+00
-4.377784382933203045e-01
9.089505828859978376e-01
3.324089850103689958e+00
-2.071733797578148906e+00
-1.031213727930474500e+00
-3.381366499801739867e+00
-1.489472494347105380e+00
-6.930449098894658988e+00
1.229155194334620615e+00
4.493491747203422482e-01
-6.523430399151378900e+00
-8.172712063027027796e-01
-5.003946038455407752e+00
-2.257456398204188197e+00
6.383831447858037578e+00
6.131946137567583222e-01
2.861811739189004555e+00
5.314845156100286516e+00
-2.301968729591571172e+00
-4.997444500775023002e+00
7.558247598437768389e+00
-2.857261857431747654e+00
3.811982519642501455e+00
-5.646198569095574271e+00
-4.893401084347455132e+00
2.677675734783820261e+00
5.156868323495440443e+00
4.071035567632100616e+00
1.882958010030784113e+00
-2.465359528510005838e+00
-3.244083682011872583e+00
-2.972722000426347488e+00
-2.878429516033997881e+00
4.134825478718735514e-01
-1.728015082989146523e+00
-2.518907086417081942e+00
1.207600430502824507e+00
-2.122699820912339774e+00
5.965892948386144035e+00
-7.130819275349831177e-01
3.357299911174148832e+00
2.320308521463991358e+00
-4.557880976449912858e+00
2.749847785064077677e+00
3.604653817609005273e+00
-3.121828927843250057e+00
3.066978368494178930e+00
-6.941962101327252554e+00
4.442586834203169910e-01
5.122696371506015645e+00
-2.416332280747974792e-01
4.635435256765827461e+00
-2.957114353841017174e+00
-2.844701260503967433e+00
-5.479799223090149773e+00
5.509365484817898562e+00
3.328451121252488321e+00
4.812149888275265575e+00
2.172787852870563530e-01
-5.452357407356691610e+00
-3.274128585838775862e+00
-2.218631153611877682e+00
-5.668841981497529048e+00
-1.316565803859758743e+00
-3.922632904736073289e+00
4.431170681929558874e+00
5.913182797395031276e-01
5.485803736898812843e+00
-3.238130690423993485e+00
-4.197522326024307304e+00
2.543631585421228802e-01
-4.359122220689581440e+00
-1.963665607340649988e+00
1.078324372378453022e-02
3.844669797605422268e+00
-2.073907680935000108e+00
3.582383401895434805e+00
4.783025308964853117e+00
1.513085519233624332e+00
2.092970886469171177e+00
2.083660576993212388e+00
1.038242561179785195e+00
5.112753261077547240e-01
4.139291288631759436e+00
4.990229228119470228e+00
3.784823030393335674e+00
5.166577106298860578e+00
3.255596777706443845e+00
6.151005004130551512e+00
-4.177737517301857828e+00
1.368972255591821563e-02
3.444028317782180437e+00
-1.139506206916403031e+00
3.866961732053164624e+00
-1.923434654947675515e-02
-4.311975258141488299e-01
-1.985276812013891945e+00
-6.454399803114356793e-01
3.899228555144053754e+00
5.112848081544694168e-01
1.338559608813706392e+00
7.222139381628545962e+00
1.447956223387943275e+00
-3.973190967521953887e+00
3.118035364386183339e+00
4.856328406269055931e-01
-1.044083167176921290e+00
2.638408792313298612e+00
2.718228882048868034e+00
-3.929839025797445373e+00
-6.466972413278737619e-02
-1.655998139189213791e+00
-6.457488245913262093e-01
-3.737160565911732402e+00
-6.409191143527559476e+00
-1.472269481581548245e+00
-1.046276783495513063e-01
1.821176916927419676e+00
-1.357654534761987719e+00
2.072845948689910678e+00
8.095064391905509638e+00
-4.644849266402978571e+00
3.096601110504289878e+00
-3.425664874152813510e+00
1.775996585710686970e+00
-5.586247444105592042e-01
3.329761345110381576e+00
2.551444160005865047e+00
-3.770884895143179261e+00
-6.186569700618886891e+00
1.610174503785500644e+00
-3.394400438411312448e-01
-5.777217681001761695e-01
1.590981052197721901e-01
-1.652349798236837142e+00
-1.846663998097245241e+00
-1.814918330118340251e-01
8.086461694436357650e-01
5.457692890506488759e+00
-6.169516122904174615e+00
-3.635439202768112832e+00
-7.232527030615274022e+00
3.730951994703817221e+00
2.864203012242914070e+00
6.141382238927869608e+00
2.442179894798815809e+00
-5.078282734517795660e+00
2.888512959672334013e+00
-3.101925795399832708e+00
1.761644618932261430e+00
1.745255044116296395e+00
-2.120520617813037134e+00
1.518996552000235978e+00
2.949567126742136836e+00
3.449558108772133203e+00
-1.309039832844429263e+00
-6.638880013392554069e-01
-4.459875651635691440e+00
-2.209133161510254961e+00
-1.455739022962087903e+00
3.468178002870128118e+00
6.816218282069380408e+00
1.558919052783693804e+00
1.942768594547449990e+00
-6.046407576995601829e+00
6.291775706765987408e+00
1.629913263468302786e-01
1.922795135239612208e+00
5.007288233073249550e+00
5.115485161827168170e+00
2.395045370522147721e+00
4.791424372726776681e+00
2.497571415650416071e+00
1.648183221535312049e+00
-4.024943632549394579e+00
2.806877789585169758e+00
4.830376674071901744e-01
-2.763595003237297565e+00
-2.073330221398657081e+00
