-4.746889521984731797e-01
4.015050041869485664e-01
2.771564118851126413e-01
2.617740250486155773e-01
-3.045797796005527136e-01
6.663885114373377938e-01
8.806690002972250575e-01
-2.476031398160054575e-01
3.625355088709423246e-01
1.792567490731573621e-01
-4.429776867769377180e-01
6.100207960809789220e-02
3.434840497333171427e-01
1.972220580969721304e-01
5.861817319991593500e-01
7.415692141987382247e-01
1.076580484293956363e-01
-9.975853125792937259e-01
1.891013912227013094e-03
-3.105141091816174814e-01
1.270808249751542718e-01
9.176607988180214281e-01
-8.534147482989218325e-02
6.634032590217344705e-01
1.715779512144925967e-01
3.785268224553390848e-01
-9.891603950192489059e-01
-9.531947078748270741e-01
7.659708831467593182e-01
-8.637653115807022441e-01
8.093218449829069350e-01
-1.921928239606816025e-01
-6.583670010638356107e-01
8.032517318948726448e-01
-1.772684520710405831e-01
-8.893130609779231754e-01
6.490313060415546786e-01
-4.979375876466387574e-01
-2.902117119698144343e-02
-2.587945968754630233e-01
-9.206188300044582107e-02
-6.998799499762231591e-03
-6.589619207080319452e-01
-3.435469345981863043e-01
-3.707576397773137966e-01
1.074490137908492571e-01
4.677966813310732164e-01
8.986027813829726707e-01
5.427722739759781589e-01
-4.898498563731517041e-01
5.946711251064913384e-01
7.484481018902222615e-02
-8.124804367933493587e-01
6.548319559472841611e-01
-9.606559352819052933e-01
-6.510124451950849434e-01
-9.540219096566566748e-01
4.383456050582834607e-01
-7.530062733545836995e-01
6.315856635517977935e-01
4.819063536061283237e-01
6.306375135604236348e-01
4.290300206380555093e-01
-6.907952748507260043e-01
-8.801156410947814646e-01
6.784611198163883472e-01
7.159474202506608265e-01
-4.968518271512829543e-01
8.802924100361300130e-01
8.049954135728283333e-01
-8.731305917736571498e-01
9.364325772307480200e-02
-8.091091680566508959e-01
-9.070131772470002574e-02
3.826936318085452093e-01
-5.830472231755585710e-01
7.482656640887885846e-01
7.558457778176350672e-01
-3.959310437472345345e-01
2.665697906123336569e-01
9.550095437839329904e-01
-2.856048605799312856e-01
-3.391221161462258937e-01
1.066747548926267886e-01
4.066082121685856698e-01
2.247429464734373994e-02
7.919170822740022597e-01
-2.973169478186441506e-01
1.266958591397160383e-02
-4.206333619635687082e-01
1.942327933831555775e-01
-3.517521401122656322e-01
-2.624182089462141487e-01
6.121467838949112839e-01
-8.867747880736764898e-02
-4.308018286646153605e-02
-7.076982157115760952e-01
4.079294699866875540e-02
-8.393009579801775644e-01
-9.192496175860469521e-01
5.622806466166436756e-01
5.836567237517358286e-01
6.859000851822778522e-01
-3.736420745753590289e-01
2.971280200580184161e-01
5.704560266757665588e-01
-4.577305789548185011e-01
-4.058433767958653515e-01
4.067286840833672645e-01
9.211402938213468783e-01
9.723354707670308628e-01
-2.158211379134788999e-01
4.794311278600813520e-01
-9.787492157737642806e-02
5.346980314201310591e-01
8.477300357533665842e-01
-6.778150454869285024e-01
-8.902607693516930709e-01
-1.197908116662182998e-02
2.838396259599718086e-02
4.579095079403738833e-01
-3.850642252255409570e-01
2.255576754029027242e-01
1.433811516652110374e-01
-8.628144744602830318e-01
-5.177901618853528731e-01
-7.053139673054222847e-01
5.854772587879399914e-01
3.311038470250582400e-02
-5.326584223155665931e-01
1.724509834942675734e-01
-9.074446370615703028e-01
9.746720950371212666e-01
4.827246518131422803e-01
-2.027330831218283613e-01
8.543959169628274619e-01
-5.117230858979691099e-01
-2.607288948959345376e-01
2.281432129284750587e-01
7.882111639581195206e-01
-3.841959126984841877e-01
4.607198511623151749e-01
6.202834467748983283e-01
9.620190096167724469e-01
-3.076309840464910295e-01
3.446439004205659185e-01
-3.484205777106550439e-01
-6.862775520236426008e-01
5.490013585761253090e-01
-4.070902224113108758e-01
4.394060225069453818e-01
7.853474997053826456e-01
1.301386250519795951e-01
2.783149561257898252e-01
5.467599450637998793e-01
-4.221839944126852817e-01
-2.270267057201811323e-01
4.437206381095191166e-01
3.049649620374097481e-01
-9.871063329869471659e-01
-9.218236335276066562e-01
-7.608185719668327796e-01
-3.999070346057629344e-01
4.347794901922719113e-02
4.807490968893630701e-01
-5.413811463223328069e-01
-3.017074346852171018e-01
-8.643603653542974996e-02
6.177393795749395178e-01
9.068937225726902973e-02
-2.660633263778566793e-01
-3.280254754217244439e-01
2.514544263744125097e-01
-5.659252591358732154e-02
4.394738703618847886e-01
-4.584159384429542516e-01
6.023927068257242112e-01
-4.463383048708080558e-02
-9.018575346990884700e-01
6.417121487137451563e-01
-8.083473281848714276e-01
9.481394730513237334e-02
2.559448178866388091e-01
-2.290852071060938133e-01
-4.698266497598384550e-01
-6.652410444519212263e-01
2.435749561680122799e-01
-6.299041500046547171e-01
7.449076448015385932e-01
4.721057813450528773e-01
-7.180852605422114454e-01
9.325038815088178001e-01
-6.843023425516219227e-01
-3.476266566624297560e-02
-4.671298720906253976e-01
-9.275398486559227607e-02
1.303393444268863277e-01
-1.332881729165529272e-01
-6.706278705663604178e-01
9.043570276405668018e-01
-5.024622198312425070e-01
-4.962277608651954885e-02
8.978720196996694547e-01
-8.608668373321093359e-01
-6.829848360380625927e-01
6.137442148537466391e-01
7.217683574544329073e-01
-2.779987331418309893e-01
6.477546054692602251e-01
1.405880698491392966e-01
5.206813297539818475e-01
9.346761797519456128e-01
-4.870494297198408873e-01
3.438056423268600614e-01
2.675056521022334266e-02
-7.831624729980797284e-01
-5.274518944562078815e-01
1.507363025173202864e-01
8.767495172250265867e-01
6.408990228114566090e-01
-9.436386943647809833e-01
-1.862998779391864534e-01
2.709377720835746128e-01
-1.989015435540526511e-01
6.382733238320024149e-01
3.179596812878833223e-01
-9.080195200160439128e-01
1.351323756418925104e-01
5.475927914621165904e-01
-4.814767146902800832e-01
6.868736973976856675e-01
6.889652777412611506e-01
4.741604520120976662e-01
3.707444530433661178e-01
8.813343424714661367e-01
6.038163544477881395e-02
-1.136173641111177801e-01
3.438314266657698237e-01
2.734124191649194291e-01
5.942753126981352718e-01
-6.554527436294732556e-01
-3.705472155733724460e-01
-8.623735008381723244e-01
5.731032775532935997e-01
-4.739216208674053021e-01
-9.551577725650453043e-01
5.754273696959177897e-02
-5.130420673285878141e-01
7.555346539910048342e-01
-7.086601852373259902e-01
3.232206337673861896e-01
-2.786983795602180347e-01
9.035081605340766764e-02
-9.524652622564877547e-01
2.549919014115116234e-01
8.076819147597631421e-01
5.398527875896332873e-01
-5.701061451361868482e-01
3.815340128927013907e-02
-7.595318713523333543e-01
-7.581727694639757154e-01
1.549840539005751250e-01
-1.856801792411806318e-01
3.144476935967528419e-01
-8.851166030548340835e-02
