2.122372539037287176e-01
-4.296486348030472691e-01
6.225687633125531750e-01
3.577616379696209048e-01
-2.570329926184820035e-01
1.096432626131913501e-01
-4.897739460376513421e-01
-6.036316489663857698e-01
8.970717931111595878e-01
-1.622942641981306444e-01
8.916409968039318290e-01
2.385664481826066385e-01
1.998229270089579845e-01
-6.305457343428679806e-01
7.982401326877324177e-01
-9.125253432385369567e-01
-1.712706347038244203e-01
-8.211641257515662762e-01
-1.745385766579377051e-01
7.488891769553107647e-01
-3.203218687277016308e-01
-8.475453076512375894e-01
7.885846623394725530e-01
4.701455042633502224e-01
-4.037818195893880802e-01
6.438877201676582729e-01
9.865408430441804377e-01
-4.396984688554559373e-01
-9.272743900829314434e-01
-8.456115582159935418e-01
4.970129745628146800e-01
9.010702993438668429e-01
-3.212803234183665424e-01
3.566897270581248502e-01
3.334945224291863131e-01
5.775229501213563488e-01
-7.661169642539460423e-01
-1.274574056026112068e-02
9.552780878450959356e-01
8.379165799417975791e-02
7.825108017365853819e-01
-5.292770390507373079e-02
-6.500463266956382213e-01
-7.503940002072766458e-01
1.916268394423403798e-02
7.326823233077410791e-01
4.927998379766245218e-01
-8.209812693719842347e-01
-1.973670292497340384e-01
8.004884310432862637e-01
-1.719324673501017031e-01
6.325660323257777939e-01
-9.775081496028390493e-01
7.323375485560255083e-01
-8.789025850882694613e-01
1.025054460474121854e-01
-7.471881634839030450e-01
4.367084704116939164e-01
9.793918183600758276e-01
-8.845380748741973331e-01
-9.901423620779803425e-01
7.318558284169560668e-01
5.887395506852086680e-01
-1.056533192324919934e-01
-2.725105944682990611e-01
-8.417970655385802470e-01
-8.976340730160932146e-01
6.004870217242643804e-01
-3.357964286366055262e-01
-1.617071184284570862e-01
4.493913783712435439e-01
7.781239877775321112e-01
-2.965882537210302594e-01
9.107086154438026604e-02
-2.078562271899850877e-01
-2.524235981666134165e-02
-2.906934535096938887e-02
4.293813186776518354e-01
-1.783531053466576033e-01
-6.644033306498791092e-01
-3.132421277204366916e-03
2.955795145724686712e-01
3.734720467237491182e-01
-1.208891719846716395e-01
-8.793674889679681250e-01
9.484420143540583936e-01
-4.923566952609093050e-02
4.185849933172003379e-01
4.400227309746840287e-01
-8.975645689841527108e-01
-7.753188354621538547e-01
2.925943157648636106e-01
2.996110793439206166e-01
8.440240667227636440e-01
-9.388136031242122481e-01
-9.280059835628629017e-02
-5.464303870131206331e-01
7.184599088422904956e-01
-9.715489739940090796e-01
2.429171223500565802e-01
-2.589333973163892022e-01
7.679519123196951735e-01
-7.781808299599606293e-01
3.518794599991046379e-01
-1.466795035039170081e-02
6.195023082259207836e-01
-1.950118140970336089e-01
-7.836199162964996301e-01
-7.025961351711487168e-01
9.686345242055647287e-01
3.520815955580129941e-01
-9.634599333489490824e-01
-5.258053601635936936e-02
-1.868375513961970658e-01
4.375807171445438293e-01
7.794072916277885454e-01
-4.720524234810781206e-01
-2.400282606349051218e-01
-3.000410717625670021e-01
1.609194080866973575e-01
-4.516919923731235187e-01
-6.868793324909752140e-01
-5.824419540959648867e-01
-7.678208097620022876e-01
3.246772435280294022e-01
-5.402225100482880293e-01
-4.222871997152890522e-01
1.027279247135255424e-01
9.407816787839751171e-01
8.644025245300954730e-01
-5.207575711449470290e-01
-4.594678963147145190e-01
-7.148303730533884792e-01
-4.590977821099100353e-01
4.853296416586303508e-01
-9.825724614678890134e-01
2.183254461541750402e-01
4.376647314818216117e-02
-1.354238508692409138e-01
6.393310386718913385e-01
-4.748500078590711659e-01
-2.935284129281834353e-01
-6.649550414255789299e-02
9.523671280531138539e-01
-6.600645944099212681e-01
4.089382486188417598e-01
5.547980496323925426e-01
8.261618732049047509e-01
1.005065570893881599e-01
8.384078743723977212e-01
9.878481348745193902e-01
4.679950509468935316e-01
6.832979082675247895e-01
9.040370394170871293e-01
1.527483318785685107e-01
8.751411706591640804e-01
7.253919836153641665e-01
4.643325857828450864e-02
3.358022931358841667e-01
-5.749256816811283421e-01
-3.102253375533028379e-01
-7.531130984786416072e-02
-5.305604099419578557e-01
6.997566020243644047e-01
2.469176826213868026e-01
-5.311331989024941080e-01
9.763511592846805254e-01
-4.274435145074420017e-01
6.051343381784934916e-01
7.009560589054066870e-01
5.101262407178934755e-01
-4.833453016935995716e-01
-7.325282886556325757e-01
-6.092493372780922734e-01
-1.027552768878274847e-01
4.362828622165286774e-01
-7.793232881778706655e-01
5.160841710332775278e-02
7.666255550923404272e-01
5.364971421728812473e-01
9.674258711274577038e-01
-1.687380077188616045e-01
-6.864006588278075416e-01
8.876658927608447325e-01
-7.910836598665300645e-01
6.032364568763626256e-01
6.973033350008570608e-01
-2.714933434975796978e-01
-6.930334717956694313e-01
1.403910750542414210e-01
9.973935607412929283e-01
7.254636804513077131e-01
-3.446351521385346839e-01
3.594342671097023878e-01
-4.272061433093354843e-02
-5.260312221942968769e-01
9.756616874180525922e-01
-1.147478144337352735e-01
-1.301826397459608931e-01
3.290686418681925129e-01
-8.362349033215055183e-01
-9.643419159677122376e-01
5.473263292787111656e-01
-2.455664239895001266e-01
4.408990273748178979e-01
-2.837856186342402331e-02
2.089802548194945597e-01
3.318522871861406820e-02
9.595080441338630362e-01
-4.365044457747653261e-01
7.896212643659912267e-01
-8.499014461874749848e-01
5.572167507386514007e-01
-5.261696508630930857e-01
-6.230156772188610859e-01
-9.851227724698485844e-03
2.341411087587896844e-01
-8.584632061607773146e-01
7.475684958744688302e-01
1.085823292428529374e-01
-1.958199369611368645e-01
-5.533606779054567326e-02
9.449832719230850664e-01
5.964313372529639334e-01
2.312886708230998956e-01
-2.771928588440122354e-01
-1.188318935225067818e-01
-9.382706862886165400e-01
-6.600130367647938368e-01
6.353691496908289160e-01
5.395688745624733773e-01
-8.463641815939602076e-01
-7.567627656558559845e-01
5.031319930288367104e-01
4.792217059901742182e-01
-2.284125030668879841e-01
-3.697561332669818679e-01
1.289404984676940646e-01
-9.088280930812002723e-01
-9.594532755686391301e-01
-9.698086515472639224e-01
4.485794880052977884e-01
4.138679300368235392e-01
-7.717865802506793660e-01
4.109891384968193950e-01
7.731190696959688857e-02
9.796168765832673486e-01
-2.742665465017579685e-02
3.661597239748448640e-01
-4.864494321867920412e-01
-1.425858046875387863e-01
-4.075464330599465335e-01
2.913000722821221800e-01
-4.889897229927273603e-01
-4.769174924658003967e-01
-8.501117610146624592e-01
2.464058919594711572e-01
-1.365750329340100766e-01
9.281244041066762929e-01
-6.401943909756857565e-01
3.316115368314758172e-01
6.907373966295080603e-01
4.097701479668924840e-01
6.555340480147304749e-01
7.638210603493091888e-01
