5.924726177842267738e-01
-3.801188093068352813e-01
-8.135003433365000092e-01
-8.147644577922465992e-01
-6.370420968589352029e-01
1.424287152636090070e-01
-6.591345802195838210e-01
-7.851554185308464717e-01
-5.026636343253914063e-01
8.330136602608078089e-01
-6.635350861162336855e-01
-1.609050837634213860e-01
4.493128512324320312e-01
4.017933836175950901e-01
9.784004960815508856e-01
6.564960476542487378e-01
1.914686223734680670e-01
3.150125824223468651e-01
9.992517222766963414e-01
6.614452738855725045e-02
-8.381439786280819870e-01
-3.587143850782275045e-01
1.218707108638605874e-02
-8.086775105890857684e-01
6.081819010872311360e-01
8.728735261905700149e-01
-7.505466700618164122e-01
2.778634882574273490e-01
6.353772567841988739e-01
7.478016411090804283e-01
-8.545054784412142723e-03
3.964541716658656068e-01
-2.128003944142897730e-01
3.890738592786713301e-01
1.900217838455953157e-02
-6.550747367225797646e-01
-8.582553692808778667e-01
3.714235748946455029e-01
7.527872219311686486e-01
-6.672535125179130944e-01
8.914417955211872968e-01
4.995844390474637464e-01
-1.714393051208893404e-01
-2.724150277815502452e-01
-8.396294913325981213e-01
9.868626265778250861e-01
-8.562592851626595891e-01
2.984296061455822269e-01
2.355162860010535653e-01
-2.326077790808058765e-01
-6.095109223268457832e-01
-9.604981079034546898e-01
-7.956974981840145844e-01
-2.616983441926175047e-01
-5.299619706749525427e-01
-4.717366228084944879e-01
1.566911706710505392e-01
-8.379990902184604185e-01
-3.002821955587120506e-02
-4.531098936672159905e-01
-2.942801688396867732e-02
-7.724642325802595355e-01
-6.109419331913754636e-01
-7.701520661199827700e-01
8.500902801322742786e-01
-5.883026218638729432e-01
5.624996449943204802e-01
6.151564147359303014e-01
-5.617045287726039060e-01
-1.801942105470948352e-01
8.741699204780220001e-01
2.837608272211737948e-01
6.035709062794607505e-01
1.242501821265564743e-01
-4.915296577904915143e-01
5.471859992570347053e-01
2.994098427314773048e-02
-8.604523557382188770e-01
-9.241881520308927733e-01
3.132281214104821743e-01
2.103251487130863850e-02
-4.861237699168974302e-01
3.993360707605959625e-01
-3.594030717923177853e-01
2.964789637570819369e-01
6.989308968835954428e-01
1.975302904948696980e-01
-3.440771253280043851e-01
-9.505596607233248729e-01
8.417442658972655867e-01
4.000854660949273445e-01
-6.425750155669553987e-01
2.627330773663403285e-01
-2.556483085183955950e-01
1.161535433548452900e-01
3.720185265944084829e-01
-1.603941184437700507e-01
-5.999918975930553788e-01
3.231672928968087888e-03
-6.260829493118833522e-01
-8.963365500644004946e-01
3.345584729097250687e-01
-2.136783746752679569e-01
-6.980196706781485183e-01
5.449708635379026944e-01
-5.174752987065489584e-01
-6.161265504021007366e-02
7.694058844992701651e-02
8.598319445724600385e-02
4.047598904343494564e-01
6.309219822651435106e-01
-7.387531801114166630e-01
1.211706284108129417e-01
4.903165909274993517e-01
7.105108793087124841e-01
9.607058535171082436e-01
1.364543197691787668e-01
-5.072273088635768090e-01
9.774675999491038159e-01
3.327947263432677882e-01
-2.705984754083190502e-01
2.816264987580399115e-01
-5.941471602392061069e-01
5.166127833573943562e-01
7.541844808310143033e-01
6.284412930142602161e-01
-3.604331243096314807e-01
-8.081776459694234305e-02
-9.798979744220155386e-01
8.945094474873391821e-01
-3.233272234416784130e-01
3.173744827353703890e-01
-8.671722045260974454e-01
-2.873089813234581680e-01
8.767052179573640025e-01
9.058078381025993497e-01
-1.750405742674914222e-01
-5.752390355060230664e-01
-6.611414596867899451e-01
-3.413154136764422475e-01
-8.778115131338171118e-02
-6.744082078046091944e-01
8.017439759158186963e-01
-4.047182146496524080e-01
-3.785388430118108438e-02
-2.056846983669402551e-01
4.794942439835359060e-02
-3.614011326486781250e-01
-1.282733084745606433e-01
-2.050626181740928811e-01
6.130983576980242322e-01
-2.885472582982226974e-01
1.751712281988340170e-01
-5.852132289832980838e-01
8.857457355768194596e-02
-4.228705473819927008e-02
-3.291956177907651160e-02
2.943163514326851971e-01
3.315995371483420051e-01
8.061003594784221793e-01
-3.234828649042249538e-01
-3.235368796657112078e-02
-4.281588170445194130e-02
-3.698258871529518377e-01
-2.894661372445641589e-01
-4.119047585835078351e-01
-2.486134755816165054e-01
-2.504290139520537473e-01
-3.514346633218046190e-01
4.902975972542675809e-01
5.848272199766759716e-01
2.900026299803610819e-01
-6.820708573232185934e-01
9.326605710831012974e-01
-9.133003934982764083e-01
6.710790597151872205e-01
-6.712423409007410857e-01
-6.717247923276319366e-01
7.876838025578827285e-01
1.082791509613940661e-01
8.436002767975232519e-01
-7.084442372548458433e-01
-1.945164682637068321e-01
2.911713475092589931e-01
-3.499100661915517385e-01
-9.089685675488359262e-01
-8.968127171057176383e-01
5.986946279425304773e-01
-4.468945707105209664e-03
-3.912396065871428519e-01
7.755857503881835591e-02
3.671777673625935545e-01
5.168012736391280892e-01
-4.503907901035919537e-01
-4.089321561629013502e-01
-5.443976585042240579e-01
4.058432674156797759e-01
4.809536725985195105e-01
5.915642122903896905e-02
-7.279182013411817920e-01
-1.645627105480063079e-02
-9.085414018238953116e-01
-8.315795053387335933e-01
-7.825560948554994845e-01
1.686043362084344022e-01
-9.748649817643084692e-01
-7.693599259379049204e-01
3.581311931234258950e-01
-9.263936766142406576e-01
3.948902582610382961e-01
-2.659411619320142250e-01
3.807036868805924179e-01
4.173636659900017420e-01
1.615123564364813191e-01
8.589899280630972633e-01
-6.009658421672277040e-01
1.615977315109413670e-01
4.421466662346864585e-01
3.310234557252182963e-01
5.390137842992550610e-01
-5.683186521392116219e-01
-7.212196765256988495e-01
8.820981004958916571e-02
-4.383078147730561369e-01
4.779645626031487904e-01
-1.360662560122054554e-01
-8.909564016456557045e-01
-2.286937375554909391e-01
-4.521814701837738593e-01
-6.832455223494164898e-01
5.428805359028832100e-02
-7.218396987591324532e-02
-7.575924703832679352e-01
-5.349362057346351840e-01
5.028706607078787805e-01
8.218115113611368372e-03
-4.176173954534441179e-01
-3.157575542205419694e-01
2.391171212528397927e-01
-3.087122043821299844e-01
7.655129635141475486e-01
2.669318218100600326e-01
-3.495135037185492788e-01
-2.426267670164052870e-01
-8.310229689688997112e-02
-9.620385000899056571e-02
-9.192026205307657349e-02
9.273050066016887971e-01
5.126649505673943619e-01
5.710855895164961282e-01
2.076566284993566214e-01
-7.342759554972162483e-01
4.491969056724871567e-01
-2.698866621270847865e-01
-4.215612953355316606e-01
8.182488308002753286e-01
-8.054442927535099273e-01
4.586180745543475545e-01
5.296556079300183129e-01
-5.799569732618985451e-01
-6.825512240221378590e-01
-1.788860891263868158e-01
-6.513179565065807530e-01
5.688871264589119292e-01
-4.559148930282481693e-01
