-2.565306528728072966e-01
7.252797946841803567e-01
-1.559063627385591788e+00
-6.641704662129216397e-01
-1.085265012415287611e+00
-9.598918887337776207e-01
-1.832120071957383800e-01
1.065569098211643029e+00
1.217470272154726363e+00
-3.795124885177126872e-01
-1.053486540716268127e+00
3.581372244299066976e-01
-2.726804819873122065e-01
-6.252450076844889848e-01
-1.426245047334780081e+00
-1.267546045179441361e+00
7.650221459904589238e-01
1.307033164946189263e+00
-9.262103593951687142e-02
2.994183522059570279e-01
-1.044711972691171109e+00
-9.078908014149911221e-01
7.275835423717038619e-01
5.086073337912183634e-01
3.853141500747554460e-01
-7.673887509190857603e-02
5.509067744495496077e-01
-5.714383671753698879e-01
1.201608581977418044e-01
-6.264719705529897542e-02
5.255912379135769807e-01
-4.391826466035642085e-03
9.012418172499255808e-01
-1.578538502826847489e+00
-3.838219555559888585e-01
-4.126149399089886760e-01
-3.098762878324489156e-01
1.212959028660099303e+00
1.182091988405261196e+00
1.044434819617117594e+00
-1.471685222056013487e+00
-8.858950348569681887e-01
9.253214386845587391e-01
1.344568774350112239e+00
1.286810924757983532e+00
1.768207367342028657e+00
4.327542404666181453e-01
-5.124902502779880020e-01
-5.621337435936014648e-01
-8.730116874043799546e-01
1.170305134634821220e+00
-9.489314374622244141e-01
6.169102863601573228e-01
1.682820501684656023e+00
-8.303527812686456455e-01
1.060125298632123236e+00
1.183620846518214309e+00
-4.829218019189733813e-01
9.058263516784291758e-01
7.638222576050023305e-01
1.576778495925490020e+00
-1.101422684146828868e+00
2.789757372637632349e-01
-1.569278664547359092e+00
-1.365876311856437209e+00
1.567968938659777267e-01
1.242600319320220859e+00
-9.183105061265267599e-01
9.647956280438466647e-01
-1.329900418275704155e+00
-7.032249520173938784e-01
-8.494126803328061470e-03
9.055741273507537104e-01
7.408850552899124420e-01
1.127943106101898296e+00
1.116647358120156364e-01
-1.633923589304364654e-03
1.097978679153044368e-02
-6.541895829754625913e-01
-1.481521922707915051e+00
3.595376493802502349e-01
3.482089849709389950e-01
-8.107612752787206611e-01
-1.618824291544338490e-01
1.269210546106259940e+00
-4.456707089736379190e-01
-2.769230008479365290e-01
6.857358389196803738e-01
-2.382609924447847138e-01
-8.503942138570107501e-01
-1.160038326091025418e+00
-3.224467414198095572e-01
-7.392573362330419062e-01
-1.504889067950737624e-01
-3.887737816702612204e-01
7.532277610472252194e-01
-1.639174840188629911e+00
-1.141658897296244035e+00
4.196712481651422300e-01
-7.653477768974145112e-01
-1.034829073113122888e+00
-1.445779465726037660e+00
1.187034367160870740e-01
-1.796447965206281250e+00
-5.121598031911152038e-01
-2.627220530703980872e-01
8.633480662861573451e-01
-2.599383812814481942e-02
-1.678760572086552161e+00
8.262919135496676892e-01
-9.534230259843274879e-01
-4.611407005112749813e-01
6.036488365742462836e-01
7.399495078270861281e-01
1.182199601359299468e+00
-9.484599932785209297e-01
-7.078369337754154555e-01
-2.874262358311416854e-01
-1.844784358237435473e+00
-3.371597255161054019e-01
-5.453165291728999664e-01
1.111119191364403402e+00
7.861793288716363293e-01
3.741062016649695510e-01
-1.194395402546762464e+00
-1.165504375815852312e-01
9.791502902627262639e-01
5.421247452271338307e-01
8.645366901311827279e-01
7.484709546757700727e-01
6.227469225264501418e-01
-6.236396658277142402e-01
7.542892954317140797e-01
4.876495885525042873e-01
9.338340592787230943e-02
-6.856024161823849328e-01
-4.715975854131853051e-01
-1.044935367496814038e+00
-8.523795284735056210e-01
2.127201994851303235e-01
-1.091218382513869933e-02
-5.141745868876913539e-01
-1.646502671964987785e+00
-1.309665846119363319e-01
6.086326997548008322e-01
9.196615480154214373e-01
1.352439017366099172e+00
-2.239051947684043142e-01
7.148792890046858917e-01
-5.184324293129665140e-01
1.197150202493879600e+00
1.071507012180590968e+00
-4.738886565364436310e-01
1.266193796753780187e+00
-7.510964303663272279e-01
1.041881637761892465e+00
3.623931622059762825e-01
-2.631775370887924348e-01
-1.748172360669069114e-01
1.080138972167379308e+00
-7.856364901193780836e-01
-4.204329540469785575e-01
2.253543841998323360e-01
1.070904859710707813e+00
4.111525134915334778e-01
-6.920453286871189880e-01
-2.068563463805620506e-01
1.494605721209146809e+00
-1.423233617381082450e+00
2.189860488242003633e-01
-1.641255961520303952e+00
1.563689618600783815e+00
7.988681527688489270e-01
8.744319822452240043e-02
7.117984206970215943e-01
1.137820413895602956e+00
4.902524802011896110e-01
-4.582893108125277726e-01
1.997912196243729621e-01
6.936237061282931604e-01
1.350111512186004115e+00
-1.436675016137445304e-02
-2.690241167837316150e-01
8.506883031898203607e-01
-1.418614426435237386e+00
-6.665353191782340536e-01
-1.587179678961533114e+00
-5.126990017388809440e-01
9.362910139426388056e-01
-1.132336467245246281e-01
-9.493343240692404539e-01
6.511226913719849740e-01
-1.182586600036267921e+00
7.108988876792824430e-01
-1.404645778063831951e+00
-1.219448290825264625e-02
1.746425016851262946e+00
-1.667926683466145921e+00
-8.821649172558748697e-01
1.387750881607344500e+00
9.757372220827159603e-01
-6.665729428283876379e-01
1.412323816354458916e+00
-5.475824915944434990e-01
-1.005160474891664268e-01
-8.392393693289212919e-02
-2.248670026077531636e-01
4.084356667394214435e-01
-5.765823115969628265e-01
1.038497743071607360e+00
-9.737171127007788751e-01
1.060194366672484456e+00
1.535276414004647982e+00
1.420613867395038810e+00
1.599770523394721033e+00
-1.478169896524970106e-01
-1.267507779270374169e+00
-1.376624454665469344e-01
7.813041702721055248e-01
-2.510250458021207054e-01
1.279842043750794689e+00
3.023447206489311423e-01
4.078576133823175187e-02
-5.221499422907094345e-02
-1.380926156741319355e+00
-9.382233015353385053e-01
-2.453015078740699018e-01
6.348397814702159137e-01
-9.473945642217200813e-01
-1.029001407328023809e+00
6.534403579732717127e-01
-9.023973687445165925e-01
-1.777643063994719386e-01
6.311731158884809068e-01
6.233750449777191172e-01
-6.546479272550741468e-01
1.562610073282019618e+00
-2.509126861330706060e-01
1.861311835620714783e-01
8.343480144359554096e-01
1.987060962772964068e-01
4.623280438968344619e-01
1.050917394087761192e+00
1.052714137271747230e+00
9.138412458859128673e-01
-1.382909951981432517e+00
-7.855167733547441244e-01
-1.066341859834664341e+00
-1.104601394017634686e+00
1.624972369622039725e+00
-8.468130405135212424e-01
-2.197009772081154333e-01
3.040417514206046334e-01
8.892876184749213264e-01
1.294569310050118549e+00
-1.209951883616942503e+00
2.376814710127993502e-01
1.140236348716859638e+00
-1.044672304264985474e+00
-5.303017508531799873e-01
4.448617253534921101e-01
6.285638543911501452e-01
8.453372094691726790e-01
-9.327422216016660883e-01
-3.593991028355669748e-02
