-3.444381042866080378e-01
-8.465051278646473776e-01
8.937913353374473679e-01
6.226461733439516699e-01
5.123958114651328000e-01
7.911730136228489751e-01
4.024030735304757744e-01
-9.275996808488120582e-01
8.564989649639511704e-01
-2.547746122654115375e-01
-5.271060681586290375e-01
-4.060129349385004360e-01
-1.101248535948986529e-01
-5.269513508967409443e-01
8.408976553743898741e-01
-1.076497090485584174e-01
7.772298736411888953e-01
2.300667718205713363e-01
6.508553405987920204e-01
6.658346172536202534e-01
-1.047984781089950079e-01
-8.710236978297061228e-01
4.364346729785271162e-01
7.406451428279172688e-01
3.886533209388234322e-01
4.311257923449640650e-01
-2.895242365687415997e-01
7.755137625470298612e-01
3.569139551797844145e-01
-6.443468399126419666e-01
5.803464208256903234e-02
1.729599396176551007e-01
-8.317173849629824200e-01
1.602656867330447543e-01
-2.715521773502225233e-01
-1.491595762038797623e-01
-6.322409786238614160e-02
-5.891975253504240229e-01
8.947752530097503598e-01
-6.343739831810337737e-01
7.810131415470324967e-01
7.019154117439960761e-01
-8.820517275529080603e-01
-3.551935088405948626e-01
-1.139124508015756376e-01
4.012960480838845267e-01
-3.354791888020693946e-01
3.894708931351320569e-01
2.477965999857061341e-01
1.307838674234349519e-01
-5.850780364879757389e-01
-2.305851005848926771e-01
-4.364179220111605861e-01
9.239102161236045774e-01
-5.778682867895483799e-01
-9.936729851215011511e-01
-9.372069812913097486e-01
-1.455614117811665498e-01
-9.904306558782978165e-01
-7.354921527770501566e-01
1.662773591907436010e-01
3.186313215672078591e-01
2.870442353537578928e-01
3.572548120454013265e-01
-3.248150945667993561e-01
-7.450845576082991695e-01
4.568921543361699200e-01
3.445503025856020418e-01
-9.253516511719261928e-02
-2.915635593771432887e-01
-2.439336724968232950e-01
2.329291842199505691e-01
-3.184596848535767855e-01
8.249628911236479567e-01
-6.613694843469259954e-01
-5.736852245400927419e-01
-9.051813250059641547e-01
9.443136435626371394e-01
1.498852862355881665e-01
-6.977808464127921440e-02
9.777027733781591401e-01
2.879758462209158765e-02
8.218828460727682916e-01
-6.616884732047136897e-01
3.142479746285586906e-01
-3.487726511093733883e-01
-3.939073573071505407e-02
-9.014564799911026771e-01
-6.177700901683609302e-01
9.747525941464665333e-01
-5.278113789558798175e-01
-3.717919446408808337e-01
-6.231535782127886058e-01
1.561191054143995505e-01
1.752886090455427759e-01
-5.657986632076303923e-01
-2.326809162915666196e-01
-5.172754114382485113e-01
-3.740917167625197326e-01
6.474985531930665950e-01
-8.170799252163019055e-01
-1.051745587649284275e-01
4.948651780090738139e-01
-7.685663344853674861e-01
-2.954567948064532601e-01
1.728705380945980696e-01
5.558094695544146813e-01
9.128731056194636651e-01
-5.041689705304792657e-01
3.018283257537222042e-01
-9.973451788170661914e-02
7.254998389259543767e-01
-7.961212489911548840e-01
1.946779551214881110e-01
-9.801642268756696197e-01
4.876669220266003357e-01
6.579259957575231965e-01
-5.408734267202075507e-02
-6.934890080143305546e-01
-4.674745273533000844e-01
-3.860313571600544336e-01
5.066967227301388821e-01
6.596899219632457179e-01
-3.637345932390358971e-01
4.464077086579982812e-01
-6.715883892568370594e-01
9.084775062416903246e-01
-6.673281329432985132e-01
-6.135842957381687501e-01
6.766578345853948573e-01
8.648922661416875712e-01
-7.164405483916933548e-01
-4.635303503655374691e-02
4.549318763671501564e-01
-8.375786929069852782e-01
-7.045314154680595298e-01
-1.179383293141142985e-01
3.311792140502500814e-01
3.944297600463191333e-01
3.588192054394623298e-01
-7.226139800347290976e-01
9.224938650662204420e-01
-7.409109405661213898e-01
-4.145683874812393643e-01
8.849763456310739684e-01
1.114370786827032500e-01
-3.846465066871274097e-02
7.497985076868880494e-01
-1.280792083890212041e-01
-4.516641584767093764e-01
-4.988053792494013816e-01
8.876116219050811385e-01
-7.524407337265357487e-01
9.043278542974768630e-01
-4.052887296684084539e-01
3.791600067060552082e-01
1.851387698415725147e-01
9.724626156774620611e-01
-5.455071467807954821e-01
-7.277802061993245974e-01
3.499634464301244474e-01
6.621004273907820092e-01
-7.635720181256944183e-01
-4.272244298078653468e-01
-3.175449957390008571e-02
2.305681495597975417e-01
-8.578319590831540165e-01
4.792346039466499619e-02
3.606331379527991654e-01
1.155537821267140774e-01
1.618898461078188689e-01
-3.459906518026798494e-01
9.449122691579501243e-01
4.795939246713669668e-01
9.205854743349046743e-01
-2.563778767614497411e-01
-9.691522561159362503e-01
-3.368002788320996199e-01
-6.610103995756702044e-01
-2.612162037215710608e-01
-4.143535825427069330e-01
-7.536848017854083093e-01
-5.705516988297025804e-01
4.813431433783565971e-02
2.629799245151853704e-01
1.514741866094682088e-02
-7.566710641441138918e-01
1.762664759909557954e-01
3.233608937625684909e-01
4.749287254834901884e-01
-8.942570183681617380e-01
-4.963245302373437973e-01
-7.528936446094123269e-01
9.306572600252480676e-01
2.825663349237395039e-02
-9.452993161097511532e-02
5.357420749682813010e-01
-1.488631698713738238e-02
8.012558798304092456e-01
4.602689697347210895e-01
8.220666155897313754e-01
6.579182591938577129e-01
1.592657893704101379e-01
8.116064471030299821e-01
3.796044263944615693e-01
5.955052504068742980e-01
-4.171315480275168408e-01
-5.559434901181974364e-01
2.306593970038672836e-01
-6.812963037792330034e-01
6.012325955953072842e-01
-1.554628779780218295e-01
7.572820628429042245e-01
6.603766879279753255e-01
-1.639041084551231542e-01
9.098138109298510301e-01
-6.614054770923094573e-02
-2.221901003180097867e-01
-1.032565461386221184e-01
8.976443088415599902e-01
3.364353463013578516e-01
-9.157217225108496006e-01
2.502752354655328748e-01
2.159269943804875691e-01
4.374836236527404054e-01
8.045701682391259713e-01
-2.575003974437342080e-01
-7.154903664765395188e-01
-5.084345827857601474e-01
-1.153259448912524743e-01
-8.815646705710491471e-01
-7.233542188838140152e-01
1.747554595552671675e-01
2.461510836804712277e-01
-8.138978221293120541e-01
-9.795332344062661623e-01
-5.821354310138193711e-04
7.068677783233376921e-01
6.056160959953356127e-01
5.136802965763911377e-01
-6.183257990919315272e-01
-5.582546179416634224e-01
2.585269720026353024e-01
-9.007234048082533029e-01
-4.222772254661513180e-01
4.972103307125383953e-01
-6.835897948177014349e-01
5.907766440459383261e-02
9.529148318098343839e-01
-7.448691117065961986e-01
2.573065143629584828e-01
6.824467338330131305e-01
-1.031720210600186594e-01
-8.526358956313906390e-01
7.006719540238655064e-01
-7.988610336972701287e-01
-7.706324877283905472e-01
-2.577220821466050804e-01
5.852583532816522105e-01
-2.853002639369639493e-01
5.600733428357083099e-01
-9.262058208494661216e-02
6.257108245128100155e-01
9.421997370269352690e-01
1.814339609841770784e-01
