8.048109533215921374e-01
-6.465787335992043694e-01
-1.727181471219403353e-01
-3.555444953026962729e-01
9.288985975025660924e-01
-5.948620960398920410e-02
3.459120707154623720e-01
3.006693993197926407e-01
8.978120153852104934e-01
-9.575230734595296944e-02
5.891801349482546080e-01
-8.375806994776706649e-01
-6.684735865907338592e-01
-3.149615267903480564e-01
5.239142153531384238e-01
4.809920223353623125e-01
-2.255384704701588472e-01
-2.890138637265600163e-01
1.207802227228649272e-02
-7.621109213197281296e-01
2.604245443081294464e-01
9.720187189152977858e-01
-7.752077641935077867e-01
-9.655771120512082195e-01
5.444714781712014506e-01
6.198881151646093990e-01
5.737616284711466452e-01
7.744347872315993087e-01
-3.375524826361746555e-01
9.151374158223350985e-01
-1.271269177115748050e-01
5.837402450989093161e-02
7.501051237321298970e-02
-2.239507648101777271e-01
6.116510726852297797e-01
-7.321020493978913635e-02
-5.794234786659113734e-01
-7.781858355556485751e-01
6.593179541374618591e-01
6.222278579195128501e-01
8.080956787675590558e-01
-3.786676869611043106e-01
-6.418136686767541566e-01
2.824336278862535909e-01
-2.566771589856704505e-01
9.475338522643068639e-01
4.970515763901102169e-01
-8.893647094748973192e-01
-9.290103055178700053e-01
4.498453923637781848e-01
-9.803098264212699586e-01
9.797543332246561043e-01
3.819258869424151381e-01
3.050116712860040380e-03
2.822212080885726504e-01
9.635227407033464253e-01
9.058740088613055352e-01
4.937003996764142144e-01
3.431307811164243660e-01
9.207506686327446843e-01
2.432626269262971874e-01
-5.487207012056107835e-01
4.554979094478834867e-01
5.177704323805389919e-01
-2.199164043847441352e-01
-6.299684829604637049e-01
-8.879533388631544177e-02
9.119815148259760029e-01
1.821787152629930073e-01
-3.809612045135659653e-01
-9.007173084977064814e-01
-3.040331852182636130e-01
-8.634590913959070413e-01
-5.357942991233222152e-01
8.173758549087619674e-01
2.551987890844884532e-01
-9.340811748795607716e-01
-7.041509821379128287e-01
-8.998114520183964071e-01
-9.040599707756566961e-01
9.217276926200639320e-01
2.099339264639661362e-01
4.570113158062305558e-01
-8.503054317657721128e-02
-4.128019985856612450e-01
-1.302154938706028275e-01
-4.401846610894366574e-01
1.219092427343844154e-01
-5.220685585927189454e-01
-9.834685676339798288e-01
5.172543561283817759e-01
-8.216083391346677978e-01
7.018913210907535838e-01
5.429354538609412195e-01
5.829572684643251623e-01
-9.924076001104320532e-01
9.280412731559624095e-01
8.487477078477367876e-02
5.413260219130933137e-01
-6.184796896055033688e-01
-2.136976783230659649e-03
6.062829837019227952e-01
-3.918963147774907618e-01
7.487987886753892930e-01
5.702724626099855421e-01
-6.630726189554165817e-01
-4.902164394644397127e-01
-3.775399469476266034e-01
-1.761329337165304931e-01
-1.196543624197623501e-01
7.683901595238973314e-02
5.709538203963009373e-01
-4.120986211048742742e-01
4.362668813559689163e-02
-1.580220218944727861e-01
-9.464316205592404607e-02
-2.200144621201733930e-01
1.389057996878948487e-01
6.420692892942549967e-01
-1.289877509707482162e-02
6.891665934426201012e-01
-1.685692529999021083e-01
8.355041061823287318e-01
1.203972083532311999e-02
2.714067657430723202e-01
-1.573097456238099490e-01
1.133260981584138793e-01
7.584822469439811421e-01
-7.163428791475756618e-01
-8.104742005362726154e-01
9.885674457693274242e-01
-9.849408585110710490e-01
3.283934260325533927e-01
-7.380351743659219199e-01
-1.423658277198913691e-01
-2.390725654096792496e-02
-3.524245618401353752e-01
-4.262276061187926235e-01
9.558143324917696138e-01
9.358537229699659399e-01
8.313902916749744687e-01
-4.988468600736739589e-02
-5.598395858501634681e-01
-4.791868932615712673e-01
-9.576240120152439417e-01
7.586211757149978752e-01
2.404607004213024091e-01
-8.828023269244984483e-01
-7.041329660401940416e-01
4.101248548924749660e-01
1.863827459973701473e-01
-2.084093811331890755e-01
7.383719458040554073e-01
3.301093294915302678e-01
-2.424289977218125891e-01
8.861604118295969279e-01
5.366667258056474488e-01
-4.885057277239477358e-01
5.471183292572241452e-01
4.646616481052237013e-01
2.464737510947103694e-01
7.283388904646865836e-01
-6.846800172540656870e-01
9.972971162789889821e-01
6.824922770559342933e-01
-9.004201349387519482e-01
7.163702496367749806e-01
-4.938865655621276218e-01
8.495533217796358283e-01
-8.658350959563192450e-01
-7.851001382523496996e-01
5.339156558394977381e-01
7.053222980570517109e-01
4.910874815372514579e-01
4.485134544271762724e-01
-7.914033390126633538e-01
5.335015007465444548e-01
1.514102181854821705e-01
-8.030431524736625359e-01
-8.821524878983892926e-01
-3.442732404300130611e-01
-8.495054075111150294e-01
-9.866980118559884883e-01
-8.126554192775146124e-01
-4.410861345504057951e-02
6.188562712408871569e-01
9.446317476699901405e-01
4.702790172489890175e-01
3.934868081660773953e-01
1.488937343723462092e-02
-9.371612280198668987e-01
-8.598214695582306888e-02
-2.340268032442966994e-01
-7.621308608801646844e-01
-6.703312600226978279e-01
2.147323282840309933e-01
-5.920586324006027468e-01
1.638684418169968904e-01
2.058345060547273064e-01
-1.291323469211764774e-01
-3.883278799322498198e-01
7.984249036475374872e-01
-9.963110445457661335e-01
3.537952089446789739e-01
9.018213704519162377e-04
2.626639196937337051e-01
5.719563477355160686e-02
-8.418027079848973138e-01
8.097651007495398900e-02
7.745084540060087619e-01
1.051767350319332550e-01
1.644961651086871424e-01
-2.084109789485082409e-01
7.592863093998269974e-01
3.698709825474559842e-01
-8.302258415869478991e-01
-9.844190949098952093e-01
3.801686689862315838e-01
-6.259841367307532600e-01
8.461415022704841249e-01
-7.379335316139523648e-02
-9.230011352464337904e-01
3.582384591252245620e-01
1.333639987451802345e-01
4.341891229736980495e-01
2.075024761367139092e-02
-4.482693430054691675e-01
-9.967742762174844895e-01
-6.470684833903184163e-02
-9.427779748174724972e-02
-3.999572684013237289e-01
-8.162789827982310786e-01
4.730900869295504574e-01
-1.329446120888269078e-01
6.893938420533367584e-01
-6.795093585128719749e-01
-5.193915967841304937e-01
-2.202137519362894480e-01
2.892611215529303781e-01
9.467691172513394982e-01
6.466752077287025724e-01
-2.080407864069155899e-01
4.698218747906466319e-01
-4.965633545587579967e-01
-8.559371504643134010e-01
3.651540079038613218e-01
3.584742171325585591e-01
6.613081351361409510e-01
7.407226196543694741e-01
-8.973307548871927164e-01
4.243640665261270151e-01
2.847330663199774126e-01
-6.075628065177984816e-02
-7.028804728153279502e-01
-4.207053635753674747e-01
-1.853287381050030547e-01
-4.551161070169329470e-01
6.848192253027169940e-01
6.338390855979969540e-01
-1.727676693106425798e-01
2.509788516176105766e-01
-4.910861353586748468e-01
1.423368135382985233e-01
-3.667959641931197723e-01
-6.474631347439143703e-01
