-5.409390601502426676e+00
-1.041635315151824770e+01
-6.297429807993477624e-01
-4.799493141894584980e+00
1.956394268607226650e+00
-4.579227300451977456e+00
6.067746960224434716e+00
3.334414959261875477e+00
2.988162223194228417e+00
1.224372422397034033e+00
-6.745984366512885799e+00
-1.130538687593066172e+01
-3.802382429893123472e+00
8.417756537574387909e-01
-8.245645578691874533e+00
2.969987131789689760e-01
-3.504131586025697853e+00
-6.269575749761976624e+00
5.572719450622020787e+00
-4.829795150272295778e+00
4.761037818450727599e+00
-3.408289183364439090e+00
-2.813398580348111189e+00
6.499284046314643959e+00
-3.949248808354259843e+00
-1.007729610494667360e+00
-9.921987627989441449e+00
-4.284997618839955003e+00
5.159541006208936409e+00
2.466925923941154508e+00
6.214360745770448169e+00
1.017799243608132365e+01
-1.865167044595463564e+00
-2.799292258132679123e+00
-4.214314387443113930e+00
1.079784239560024339e+00
2.325384863908294797e+00
2.033745070974882552e+00
9.061402490184768954e-01
-8.693352915419783500e+00
1.889366327975434134e-01
5.710723275820991596e+00
7.756456081188743745e+00
-3.509630107387785358e+00
8.728111928616860027e+00
4.448075035256962018e+00
6.283501783615510483e-01
-8.469950192654495780e+00
4.606203901594555283e+00
-9.643537561369267763e+00
1.030127668103052230e+00
-4.257140710416510210e+00
-1.120798610317800303e+01
-2.966287888038553255e+00
5.350753241693118056e+00
-3.380084483804452589e+00
2.543138902557725789e+00
6.690736069312507084e+00
-5.685914436222594404e+00
3.408929648405193635e+00
-1.362440966123012354e+00
5.540978073314312802e+00
-6.282891668329973811e+00
-1.152663768452301518e+01
-4.805026283230998452e+00
8.123561567240837888e+00
5.934558982869897470e+00
-4.889617505254133079e+00
5.254265993877774044e+00
9.462440833207175217e+00
3.121673045276379010e+00
-7.605781313788591014e+00
4.243852875921633405e+00
-1.535069861563091553e+00
3.762544811384129773e+00
7.305457732643157343e+00
8.039334536967519540e-01
-3.738941188445358499e+00
7.604838276130242214e+00
-4.731879994661870370e+00
-4.774304278170504290e+00
-9.704788461740112560e-01
1.110231278939870236e+01
1.359417974015769559e+01
6.432623620243409945e+00
-1.005698314278044014e+00
-3.321690465042721030e+00
-1.209732358565649424e+00
3.069101730218675605e+00
-6.314589539864611467e+00
-5.745626181619831740e+00
-1.354903547397535046e+00
7.293618130205634209e+00
6.469372913657537971e+00
-4.500931791726713316e-01
4.211071348392614766e+00
-5.981200147467620631e+00
-7.606585485618933440e+00
-2.091792884881059855e+00
-6.506361976863913377e+00
8.482294319045967868e+00
1.502812882644178449e+00
8.960594182845547095e+00
-3.565586532780360862e+00
-1.615270404831102180e+00
4.159614065145316175e+00
-2.362926501322447415e+00
-3.189939648540754735e+00
-3.918587913462098893e+00
-8.028314218738659136e+00
7.563514409627906332e+00
-1.557054131517672912e+00
3.937703032106368184e+00
-2.719457289453739879e+00
1.116443171262439904e+01
-6.037289167302242632e+00
4.206069883536798670e+00
-1.318202132464462162e+00
2.577180320508211331e+00
1.250797315128093778e+01
-2.121397024164484613e+00
5.468389449714649686e+00
-6.291689461601382982e-01
-4.712219937589578578e+00
8.857539998433097139e+00
9.497900163927699424e+00
1.096498769393108752e+00
-3.290933329794514250e+00
-5.458992932256720110e+00
3.075487501755596043e+00
-8.385561239683385182e+00
6.811937216550871810e+00
-7.568281733910500186e+00
-1.949565590919917490e-03
-2.656195030073796870e-01
2.761062578371317855e+00
1.456874411216082799e-01
-4.293439797677052638e+00
-8.835930650329146818e-01
-2.860120070902829603e+00
-4.932709466692811517e+00
-1.073310374277050983e+01
8.321719886259244525e-01
3.770256823932626844e+00
-4.853624388938904133e+00
-1.341131150537427263e+00
-7.777288793590416915e+00
-7.965775330402407484e+00
2.467552334235401990e+00
-5.797484107522928198e+00
-1.916897371930114558e+00
-1.666517282522133325e-01
-1.511123821240235143e+00
-8.770207418394287302e+00
-4.168207415387296777e+00
5.550619902578695530e+00
8.664413928186046832e+00
-5.564965821101726995e+00
-4.713959013403925979e+00
1.366974422106374432e+00
2.977037474677789231e+00
-6.226427220164549858e+00
6.618344857838684092e+00
-1.496832918195648787e+00
-1.365621230419680421e+00
-3.913306118869175343e+00
4.916224869850094770e+00
3.675919536870114079e+00
-1.057712782622266090e+01
8.568456771072080258e+00
6.436923490868564635e+00
-4.213333622288386593e+00
5.814002671746492545e+00
1.048390517621112572e+01
-3.512646587164529599e+00
6.457852712982420584e+00
-5.027898108947153943e+00
-4.087976511092637821e+00
-6.493244232620648759e+00
-7.863382822967940555e+00
-5.659039767763971440e-01
-1.040461049387044667e+01
-1.868520347890793687e+00
-2.346717745507738151e+00
-5.417841493126667629e+00
-6.750482211157562418e+00
-7.798153674468991881e+00
3.482222744512341706e+00
4.313497658955663283e+00
-4.779255930622412496e-01
3.940865521174059971e+00
-1.140063338709620844e+00
2.474440254194551492e-01
7.124297923750289030e+00
9.540234646836363908e+00
-7.640968276312975149e+00
8.267097095944135887e-01
1.332376990931066807e+01
-4.534358964054513663e+00
-3.475076629116142790e+00
-3.551167664800960466e+00
-5.961991622704939431e+00
1.060543774026711628e+00
3.513188627038651646e+00
-1.059036473143330825e+00
8.744124857471125001e-01
7.984361656052635370e-02
2.931422164611132697e+00
2.649127475093122186e+00
-5.564753428575227368e+00
-9.080170514484192879e+00
-3.119879121554440360e+00
8.571272143266513766e+00
5.038841025978748611e+00
-5.639990444120055457e+00
7.477885380799808024e-01
-4.000218264989591432e+00
5.833391108684834236e+00
-2.544399288879217735e+00
-4.482413579981207263e+00
1.250119172198356221e+00
-6.946964747112582828e+00
7.306109129760903542e+00
-4.125220745421986024e+00
8.908847039054382577e+00
-5.098459415561004349e+00
2.282274157415803195e+00
-5.421533673567496825e-02
6.656094311055732460e-01
5.404719787386321528e+00
5.296677620420726651e-01
-4.542008645999876748e+00
-9.313369097519858641e+00
7.067453541286808916e-01
-3.886976031677141563e+00
6.526479479918467774e-01
-4.935925894933909319e+00
1.584059471909043282e+00
4.977813889490082744e+00
2.455650384936940434e+00
2.780809967454086262e+00
5.989776479770410056e+00
2.788714439530528111e+00
4.855021921362929760e+00
3.315657352528544877e+00
7.591522898761873250e-01
2.211149606660725908e+00
-2.315653046965142625e+00
-1.272649575286401635e+01
1.924636404692886327e+00
8.677629845154214649e+00
2.238012504791479174e+00
-7.433705505723271934e+00
-2.263506988457110847e+00
1.774827696577972125e+00
-8.549109989822699873e+00
1.659601853146755790e+00
-7.391316782398077656e+00
6.026055499596127518e+00
-4.190917117848877993e+00
2.954139468977230010e+00
6.627002413278743731e+00
-2.645355573556426254e+00
2.686858998003701426e+00
-2.685167046264569812e+00
