1.005127547618948824e+01
9.738903551653381285e+00
-1.261153903682821209e+01
-1.144935869732329081e+01
1.701588319381025505e+00
1.186248024321557892e+01
2.788940969810326020e+00
5.306040049444237461e+00
1.024956815019044676e+01
5.970969004093824584e-01
6.502087401405088229e+00
2.350770266488153126e+00
-1.073686333111590940e+01
-7.068827606336837377e+00
1.115850950935599961e+01
-2.208889136749229820e+00
1.065082125628259035e+01
1.799045932757858290e+00
-1.050071050265876771e+01
-1.082470121660823459e+01
-6.112427423742405885e-01
-6.441239513649593462e+00
4.331589975344765087e+00
5.137464555223790974e+00
-3.066731116667633650e+00
-1.882605884131480778e-01
-3.204646897970603980e+00
-1.205739435983915975e+01
1.935855787600935241e+00
-5.613963065920813733e+00
-7.351295612770676335e+00
8.210908593971954161e+00
-1.410968989768582027e+01
-6.675940371484292868e+00
1.162958452271055165e+01
1.149418074005481039e+01
8.977679769843639690e+00
2.663858143252034072e+00
-8.862100206869731878e+00
1.502927637980557307e+01
-7.086673310743081267e+00
-1.477611886142543574e+00
2.057288622668895339e+00
4.623146573958498706e+00
8.562662805014340961e+00
6.487706704542769209e+00
-2.640282835946992535e+00
1.888875613615526028e+00
3.835132994804932860e+00
1.535608235108063546e-01
-8.335618824111900027e-01
3.695387178293302544e+00
6.301145185735228083e+00
2.666680781681722845e+00
6.271424763068356611e+00
2.643830009294887873e+00
2.778968684002141920e+00
-1.073811631917263298e+01
6.741930116468702217e+00
-1.083768779301464136e+01
-6.371990309585412682e+00
-4.445117569740824059e-01
-9.401934344980572567e-01
-9.710299931342600388e+00
1.978752382476084204e+00
2.268368570433558773e+00
-3.855483756379034066e+00
3.924455045123110608e+00
1.131026634291469612e+01
-6.693377849786662281e+00
6.760389738152285055e+00
1.147383228871549399e+01
7.872633822136000603e+00
-1.289893295731059553e+01
-4.752706450974784502e+00
-5.167699543962715580e+00
-8.292932684462719806e+00
-1.365468376571608022e+00
3.887910338959326140e+00
-8.369360734252962786e+00
2.549921872298870795e+00
-3.882335117396828572e+00
1.376303309262719310e+01
-1.183349524515659823e+01
7.791143903277626848e+00
-5.957921638969335909e+00
7.880680457081890466e+00
6.553335140429108030e+00
8.699097258292530555e+00
-2.424883232386413567e+00
7.095566994646961945e+00
-3.901734348182429812e+00
3.178115607728794423e+00
5.387680099884515350e+00
6.706099882597891693e+00
1.579513666032912944e+01
1.543944331074350362e+00
-3.049266176223136338e+00
-6.164325025991820084e+00
-2.132751151442300042e-01
-2.443346417999168185e+00
1.161347073185222900e+00
7.349543315328266324e+00
1.059930209331011897e+00
-1.286621848233082410e+01
-1.574589864284922758e+00
1.872135998360034970e+00
-7.360339559693584555e+00
-8.174792202897959825e+00
-9.652837415727638870e+00
3.857750347669038904e-01
-2.405346187681524084e-01
7.736200636840687039e+00
1.079406262159920260e+01
-8.427049087570519958e+00
-6.132117968325794699e+00
3.655006685805344269e+00
-7.612135837499592661e+00
-8.576052762247229566e+00
7.848263938819762586e+00
7.999859241782736774e+00
2.715991251609765733e+00
-3.940993828169541580e+00
-3.691766328988809853e+00
1.015412751558562832e+01
-6.155437129309550670e+00
1.049817283568186355e+01
6.608154655518006848e+00
-6.988376478083440979e+00
-1.483885698857099023e+01
3.754814152317158538e+00
9.442024220263821377e+00
9.279898995155162922e+00
5.076948617795503438e+00
-8.892080591806989176e+00
6.632547185512746246e+00
-5.209201968868684141e+00
-3.158004001559750584e+00
-7.635544463607105925e+00
4.226904324781096456e+00
-1.218699959417022427e+01
4.849899437560975635e+00
5.252537248072302489e+00
-1.502177544306386281e+00
-9.578116867347178598e+00
-7.197963081243162087e+00
-4.741472881219674917e+00
-3.429540927773397474e+00
-1.793604023808556214e+00
-5.315387733415717797e+00
7.727014057653889267e+00
9.243941102799656306e+00
-6.324211822278915207e+00
4.156861330830523116e+00
-3.501639517882382258e+00
-6.438332898766637946e+00
-1.790277058019507983e+00
-1.079287662081586241e+01
-6.716113482081722985e+00
-8.189531852054633632e+00
-6.214511882373978224e+00
6.299592717132481923e+00
8.053516963628938541e+00
3.631230153006353323e+00
-8.859768373569334443e+00
3.407646522860340976e+00
2.393197808874826471e+00
-2.973971558501118384e+00
3.935324196723880785e+00
-1.128725616815639654e+00
4.505633354002240409e+00
-9.173950397913792187e+00
-1.153149365489095857e+00
8.362224029750425558e+00
8.191411163462340994e+00
1.304742083455310508e+00
7.126223494073651743e+00
-6.543361569550117274e+00
6.343030686673659879e+00
-4.908415729153650098e+00
-2.247809500593222598e+00
-7.561451853518232014e+00
1.831977690668642245e+00
1.050156147899922310e+01
2.052056712225015289e+00
2.063644439275284626e+00
-8.000474521837764641e+00
-7.784621151821749407e+00
4.030060038112225129e+00
4.329728680867788171e+00
-4.982711396373262325e+00
-4.767133815441933820e+00
-1.531468098352295470e+01
-6.332953179211905592e+00
7.839883030411837872e+00
-8.634467103750226968e+00
-2.287811931472753635e+00
-5.641061896901763184e+00
-7.059384910245866784e+00
5.864850354621748529e+00
-2.419648849450094730e+00
-4.837841165926004550e+00
1.628770613484973095e+00
5.680519663370358074e-01
-7.164323536757844835e+00
-2.182897888415090026e+00
-1.674382928212090782e+00
-6.533387748934686101e+00
-5.539159899371175477e+00
-6.129142196617777039e+00
-5.131220440810936978e+00
7.590549204761950719e+00
-8.026242345860742589e+00
5.449678394867323306e+00
-4.450903233459961861e+00
7.185999270722930987e+00
-7.765288737873649261e+00
1.101135035991920219e+01
-2.020970115467612960e-02
7.176179971719775175e+00
9.858102621565720369e+00
1.005734384768272482e+00
7.600920702082094138e+00
5.058569768059509641e+00
-5.968972017162042398e+00
-1.275398941875396908e+01
-3.014297638993193473e+00
7.364557774883098595e+00
-8.874017286229749502e+00
3.304242556122325425e+00
-4.102093903171953215e+00
-1.423814286791970396e+01
6.780562033657354881e+00
2.491923060100905918e+00
8.574201115631268522e+00
-2.063937865994172061e+00
-3.955820051969610507e+00
-4.322401482659726568e+00
4.866257629329998835e+00
-1.227797490562741167e+01
-2.602526942932806175e+00
1.247509414347550027e+01
5.758668174852557442e+00
-2.431244650957275155e+00
1.001366411404395684e+01
-1.584679814245236518e+00
-3.901820808801399032e+00
1.110705122818702817e+00
6.407163418307756153e+00
3.218874353752838591e-01
-2.258708764632258337e+00
-2.851401854526056656e+00
-1.286805089592002460e+01
5.655608303278632398e+00
4.180344731124550961e+00
-1.986828963957319560e+00
-6.039405057717167402e+00
-1.124786218230300960e+01
4.516818869083005339e+00
-3.293537885428812650e+00
-8.344181221133804005e-01
-5.227689037474793743e+00
5.034646564988580764e+00
-2.869439537849474142e+00
-1.341514921837370444e+01
