3.567678375641107902e-01
-6.658789619758023193e-01
9.660920901380265491e-01
-9.786135911308209145e-01
-6.656913785370845993e-01
-5.751982356012768083e-01
7.369059218872529016e-01
8.704086467014220396e-01
2.984729275420083816e-02
-4.185867306714621261e-01
3.834849396803814425e-01
3.301218730930433054e-01
6.179758829636106121e-01
8.635410733090003177e-01
-9.229574223416459056e-01
-4.723422947381086257e-01
-7.144908406552683555e-01
-5.475790865104031013e-01
-2.926208394947815705e-01
-3.178626575407008659e-01
7.127759000596256556e-02
1.205078182306023038e-01
7.800988515018072444e-01
1.126634207834331658e-01
-1.406048550176979273e-01
-2.528091289337963676e-01
3.276986980868255017e-01
8.416143431916340845e-01
-2.232036510497392712e-01
2.929232198634210693e-01
5.770590413206386771e-01
2.145496284638930273e-01
1.620300954324704890e-02
-3.327612400150794514e-01
1.547936058952095184e-01
8.011238036100170046e-01
5.370762065846150790e-01
9.906697482931599019e-01
-4.001076451809764123e-01
-3.327513628418101721e-01
9.121512301688785573e-01
-2.163162121365356239e-01
-1.963545038462595205e-01
4.043065218091876911e-01
9.947620122034539492e-03
7.311441265594775807e-01
4.107802605146317898e-01
3.147652927694277736e-02
2.048537596908968084e-01
3.997580644577380937e-01
6.694099164596116758e-01
1.038861215459896403e-01
8.767505850336188011e-02
-2.714010278726251002e-01
2.016807197466530255e-02
9.321276947748009523e-01
6.527000151328758992e-01
5.333820841864140849e-01
-1.043864227324307059e-01
4.124089685746035183e-01
4.699575087813800955e-02
1.704723742725966495e-01
2.919008538396066221e-01
-6.381557640266288800e-01
-9.044360652336402850e-01
-4.204909302865469378e-01
5.664576012968121077e-01
5.049854301827441105e-01
9.501979377788174475e-01
-3.458164732356088233e-01
6.235883952623302307e-01
-6.857757382477085439e-01
4.545482253043808818e-01
-2.816739700840971139e-01
-9.235169847853810232e-01
-8.412313763528647126e-01
6.443084131495806499e-01
-2.997292662996831059e-01
-5.796267453987384854e-01
3.452003150350828609e-01
-8.948807400967466741e-01
-2.557480010919339630e-01
-7.515864466629218477e-02
-6.491267081078058165e-01
6.889054609447637922e-01
5.371564583821271111e-01
5.602281648726761265e-01
4.085060683643935153e-01
1.343750589509671300e-01
-8.966746298820269523e-01
2.545680106219341265e-01
7.535364963717847697e-01
1.200399688865783077e-02
8.996370552949444210e-01
-5.822480220346464286e-01
-4.997891909653435771e-01
-1.526571654210762130e-01
-6.528839686730814051e-01
-9.686762771156982588e-01
-8.823633534372263831e-01
-2.899502624509699977e-01
-4.965125692422041048e-01
6.970487704325645240e-02
9.549202735888757676e-01
5.655383550579311525e-01
-9.159141140384652324e-01
5.324876460911815990e-01
6.220789737742566938e-01
7.289490974704715409e-01
-4.738106101525496605e-01
8.840886013686233280e-01
-3.506109244375252842e-01
6.587238414009801701e-01
-5.838237484595265592e-02
2.793113464989955830e-01
-8.215674918206161692e-02
7.040349372589593813e-02
-2.656791146857950814e-02
7.818265750901978173e-01
-7.654761410724952864e-01
1.148011782902149669e-01
2.086496608707666400e-01
7.959774187640258347e-01
-2.602543884804062735e-01
-5.048182428810559230e-01
-3.744397619849075820e-01
1.099702453905686550e-01
-5.303416282944950488e-01
-1.786469138502870813e-01
-6.826381107872014908e-01
3.719854828342727959e-01
-2.719976057283868265e-02
1.961611367266540285e-01
-5.523531712823057660e-01
1.484689949828175148e-01
-6.985816194143652513e-01
7.554341727283977459e-01
9.585909315675653630e-01
-5.508846433491374484e-01
-7.560049115713898260e-01
5.365285089088278614e-01
-5.841905227955699331e-01
-4.283131843256984261e-01
-8.791505633267588937e-01
-3.034118401248397934e-01
-2.430258113238701334e-01
-6.247977387669059191e-01
9.884269096106956809e-03
-3.168841696912143568e-01
-6.609456238295168262e-01
-8.050971069431109850e-01
-1.037626376607316825e-01
-1.836171657466916241e-01
-2.044540990759911026e-01
4.366371109600331035e-01
-3.192803785670947914e-01
-7.175751125953100384e-02
4.174167272686917229e-01
-7.275869258154643582e-01
4.571939143030556707e-01
1.156625935530601890e-01
5.804501507103101421e-01
5.016709036643773878e-02
1.361779762891335288e-01
6.965013772971744288e-01
-1.502916318311808830e-02
-8.051036462691274487e-02
4.769626865221714418e-01
-5.462544177550976432e-01
2.774886838205912198e-01
-1.985883861493025204e-01
4.795484438406929506e-01
2.785445858635229310e-01
5.064040001967640148e-01
-1.959596594064239028e-02
-3.995423733928922250e-01
-7.481787395764367687e-01
1.672090801079217925e-02
7.785646964171186735e-01
-1.783767451243229996e-01
-8.596623976247159682e-01
8.181726025378728284e-01
9.379743959263768804e-01
2.064225448403629315e-01
2.516199278424051666e-01
-9.266030492617165493e-01
1.078395804360245958e-01
2.167174201749624274e-01
6.367632423831954824e-01
-4.768886730365573534e-01
9.558430247279585679e-01
9.581434316402717144e-01
9.599073916827642883e-01
-4.082575019634928637e-01
-1.472778045243108291e-01
-5.325251212456287853e-01
-3.179238035934877082e-01
-3.587364912020223340e-01
-2.344041728889778575e-02
-2.447372864972705564e-01
5.102345525122429226e-01
-2.135489438016320296e-01
3.997402030125285499e-01
2.065528678504908733e-01
-2.399339345909874410e-01
9.845189096928281813e-01
2.117318958942737694e-03
3.676058253304550494e-01
-6.630051654831090602e-01
-3.587770013714328687e-01
-9.982942384594872820e-02
-2.001252214969828636e-01
-9.406919911841313819e-01
5.396768138482437305e-01
4.681149023703987666e-01
-4.340842781257272520e-01
-5.631594202596179599e-03
8.631916875952099222e-01
4.957747135768391100e-01
5.110851448806699171e-01
-2.494468380461667412e-01
2.853806216015275510e-03
-4.615492686513535947e-01
-1.095880295137425797e-01
1.436061895087414886e-01
-7.301085928851080986e-02
1.797112886431926349e-01
6.030067875914246756e-01
4.910354348917462808e-01
4.010495980941999328e-01
-6.157783748203147223e-01
6.347139069480174367e-01
6.707895665198002622e-01
-1.307136434071041187e-01
-7.452780475625340184e-01
1.443399238069136281e-01
9.476575491986563016e-01
-6.333477419483499737e-01
-8.441556607541089718e-03
-5.025449095764096263e-01
-5.971810466132874140e-01
-7.252719126062783239e-01
-3.062829363158667828e-01
5.701085450253433606e-01
3.303181393356138251e-01
-7.967404891537424039e-01
-9.074340940603653483e-01
3.668847953915972404e-01
-2.215225361496862000e-01
-5.723832835339366376e-01
1.978032203707005277e-01
-2.645326343460574492e-01
4.726655353163946582e-01
-8.627688314567818484e-01
3.143244291179327909e-01
-4.268716319653778068e-01
9.603375977529060581e-01
2.793012454247345566e-02
3.661053119346782125e-01
7.810886224801292244e-01
1.113019063005242781e-01
-4.936060769635106649e-01
-3.854799810249942560e-02
4.618214467172481186e-01
-8.091501336941984146e-01
