2.998792629114529262e+00
-9.832959214346211896e-01
2.083184753745818352e+00
-3.012821643270923389e+00
-2.752839433176852868e+00
-4.628011882258053156e+00
3.770685772620632648e+00
-2.148889569078636708e+00
5.259513973674711629e+00
-4.614875257657766738e+00
4.927284980077246135e-01
-1.190973913295234388e+00
-1.543117485146340062e+00
4.039360143799564540e+00
-3.721646779982314523e+00
-3.905779676041328141e+00
1.237244642610595857e+00
8.398476801706672434e-01
-6.351262364337838306e+00
-2.818274756625852362e+00
-6.271637126941829177e-01
1.816329565799454371e-02
5.466929711622040777e+00
7.515251873627584178e-01
-6.903067132645487547e+00
-4.633321430641625938e+00
-1.649755475399627080e+00
-4.230446493233435135e+00
-7.361161469466723783e-01
-2.342034289436301542e+00
3.911977485684104416e-01
6.428360407941215549e+00
5.504118978842866383e+00
-4.530688094537260735e-02
-1.412150882494704884e+00
-5.591376997385026915e-01
2.558777235069614520e+00
3.979570838535912536e+00
-7.420946466896274352e+00
-1.233858420097966452e-01
-7.739137516126377569e-01
-1.346610687151803543e+00
-1.735643626603038392e-01
-6.725958220714700619e-01
-1.451487742778901913e+00
-3.776707525362366535e+00
4.435506719728117275e+00
-2.193283030739459960e+00
1.113590710330531586e+00
-1.826711939521503458e+00
2.111692934823542700e+00
-3.926819188614034672e+00
-5.119623877762331521e-01
-1.716613601920742749e+00
1.915627957986170582e+00
-1.420136451230953778e+00
3.319611774216045808e-01
6.766604318200669654e-01
-1.550109632036393181e+00
-3.556095654372512627e+00
-4.009475631624557779e-01
3.794251363366488050e+00
-3.921657651146262857e+00
1.490976031294490634e+00
-2.588537605784300588e+00
1.535579999146553520e+00
8.913704204944417064e-02
2.008965511624982270e+00
-5.056436725364104046e-01
3.583909821948336738e-01
-2.093703838593510724e+00
5.595046153147641199e+00
-3.701411755488698052e+00
-1.427384238070469546e+00
9.910555179193925035e-02
-4.963694683631741711e+00
-1.859728757059652349e+00
4.386950684355900854e-01
-5.459259978890738552e+00
9.780925569079089443e-02
1.061595347084909324e+00
2.448448968967341877e+00
-3.912156422793833799e-01
-2.086864588931285791e+00
-4.186808352092388219e+00
4.091051399625850182e-01
-2.054456254254424685e+00
6.049863327433813609e+00
-1.044190869017040946e+00
6.924956962996551724e+00
5.825844600561485898e+00
2.010241825898387180e+00
-6.175892383543807540e+00
-4.669306979867367424e+00
2.620014431237169816e-01
-3.636107341201348042e+00
5.105676768937825294e+00
4.822602253879851197e+00
-4.949063363788920533e+00
1.356364364696366120e+00
-2.333152520064627478e+00
1.710795385853130623e+00
-3.906181566230239266e+00
2.278709099666363258e+00
1.352951492762561880e+00
-6.759742955088431593e+00
-2.435552349216919765e+00
1.770152961320776486e+00
4.048969534783294577e+00
5.897607827794857371e-01
5.444568201387886219e+00
-1.878943152192405153e+00
-4.058676559933944161e-01
2.111700701348294018e+00
-4.023050692468548295e-01
4.493292819856700149e-01
-4.704156019505251862e+00
-5.858452479601814478e-01
1.628107739194893711e+00
2.081283181841898866e+00
8.379928094682698170e-01
5.566551410075288864e-01
8.374260154601662620e+00
-4.437087784662986145e+00
4.240474769681317646e+00
-2.379475300732710741e-01
5.397740081472414131e-01
-1.568949482630289660e+00
2.235228921988787754e+00
1.383833148156511816e+00
-3.772890993222985934e+00
4.383182476498294733e+00
3.702978796614574630e+00
-4.931376085274043142e+00
5.228724107907202878e+00
7.944965463356370439e-01
5.256526540604520292e+00
4.151248912880852515e+00
-4.190731772670416855e-01
-1.651248077390517155e+00
3.498473153175707395e-01
-1.618930789328418829e+00
4.310064075262047822e+00
-3.540767710716388628e+00
3.162736739104134109e+00
-6.536397687646985588e+00
-1.782619812531365477e+00
-1.160886988367710870e+00
4.809886523945881009e+00
-1.193329351336515964e+00
-7.173694429243255399e+00
3.684987718775443177e+00
-3.974989521006719317e-01
5.184310586220164385e-01
1.698349254788926177e-01
-3.353730214701093448e+00
4.886020717424260695e+00
-3.553090577696239594e-01
-1.335382438978257813e+00
-3.748688044687696674e+00
4.595211157414393455e+00
2.502229114671991272e+00
-1.514008922507542376e+00
2.729301039661816919e+00
3.243125632388435875e+00
-2.842980978329576747e-01
2.587128877398936933e+00
-1.727546338075981236e+00
3.369350500718735208e+00
-6.607963218199250477e+00
5.025470724930170441e+00
-5.478986642757954773e-01
3.098514715391638585e+00
-2.741079486137966370e+00
-6.562774582342039142e-01
1.490391940500598089e+00
6.870319558629120138e+00
5.250193161225588767e+00
-5.261660661509020898e+00
-6.802197701939785013e-01
-1.054494033287743049e+00
-1.694514296382599206e+00
5.595735377275017353e-01
6.981805420444564536e-01
-1.165784586672037326e-01
2.365469093168911741e+00
1.773807900274094518e+00
-2.527390335650921749e+00
-3.495102735165624974e-01
-1.376548160021414113e-01
-7.062955352851946422e+00
9.859653032582686993e-01
3.307382120679092097e-01
-5.185748229689115085e+00
2.939790758214956279e-01
-1.483760625680887069e+00
4.780043116213057885e+00
-1.717617798394963202e+00
3.891815407914319902e+00
-1.438417334451672858e+00
-3.455975066975978116e+00
-2.475532375138537411e+00
-1.063358372738203661e+00
2.552149066334690186e+00
-3.931676230888826673e+00
2.692183952532859692e+00
2.540935005765081023e+00
-3.523325316328845602e+00
-4.018394736640041320e-01
-8.830457603486738805e-01
-8.710958138781021987e-02
2.564489928298752552e+00
-2.476422588617562592e+00
-1.681939475397410177e+00
1.485194703144042450e+00
-8.163030139374665151e-01
-4.137501035465810162e+00
5.006179472965864186e+00
3.092331766452506292e-01
1.393333044344581495e+00
-1.230103096598180290e+00
9.647633974547520364e-01
2.061743007113720161e+00
4.099758666644236271e+00
-1.121541201171531998e+00
-5.081214804169090549e+00
-3.026881533156256854e+00
6.494274366976944712e+00
3.973272660588122118e+00
-1.655289297158376582e+00
1.439515039336966895e+00
-2.381396210025847893e-01
-3.195780705172548863e+00
3.458113676544257498e+00
2.797803751562089047e+00
-2.554104992617459935e+00
7.052907481129249589e+00
-3.042363518659014332e+00
6.660164157427699294e-01
4.300650599264059792e+00
-1.197817699796229984e+00
-1.567480013794686045e+00
4.914187623215097389e+00
3.557384493717791418e+00
6.229491433664517075e+00
-4.318638399874898948e-01
-5.884661336264402465e+00
-4.414528496483232090e+00
-3.306679783326166522e+00
6.163268014484352797e+00
-5.526305214523863363e-01
9.020457432316806301e-01
-6.597193040637348016e-01
-1.717329353290614868e+00
5.971125630146551622e+00
3.204132560998683044e+00
9.615152438822417436e-01
-1.270700611912537026e+00
-4.624148275270735908e+00
-2.834701827044203704e+00
4.558550517945658243e+00
3.988751247787218013e+00
-2.945413809875638389e+00
1.717103103997269065e+00
-4.292839035506541556e+00
