-1.855014418153669853e-01
-5.261409903291014434e-01
-1.550865188724419808e+00
-1.315304624437196868e+00
1.731712355378967061e-01
-1.156280755435413976e+00
1.179999369099872464e+00
9.929377966005981104e-01
1.041978937242328040e+00
1.520607795040378907e+00
7.945809132349591630e-01
7.958776521035082485e-01
-4.186869323689177413e-01
-1.157548956921598204e+00
1.006618890801882937e+00
-9.266681561631850972e-01
4.678229276766410760e-01
5.530775432869539099e-01
8.898471692654679188e-01
-5.353086699700930762e-01
3.417474077909306018e-01
-4.844854197297461251e-01
-1.233481356270449414e+00
-1.282014373051822531e+00
8.208784900577376087e-01
2.129961392477068838e-01
-1.938567241687416676e-02
-1.491445005215824127e+00
8.022835109307551171e-01
-2.778674719066077659e-01
6.487065523633531172e-02
-4.749199430051260773e-01
-6.938533053564734931e-01
1.446310328760072594e-02
-6.309211320507559506e-01
-1.883763849186562700e+00
-1.094102948907784256e+00
4.172608957164418708e-01
2.923698997858472648e-01
6.884970485616989100e-01
-3.577828663354724048e-01
-9.382472005369614232e-01
-1.541585096428291557e+00
-1.080290666728571658e+00
-6.372823860581549038e-01
-1.538113548061966096e+00
1.520536190690064071e+00
1.426651474495246763e+00
8.452141896591416348e-01
3.317256226159123189e-01
1.267956369605529598e+00
1.538276755400148854e+00
8.312967392109978926e-01
8.813152963225407976e-01
-1.325997876470170311e+00
-1.325054281526456101e+00
-8.070054730313183100e-01
-6.806412925595626273e-01
-6.647922594265676111e-01
1.317550385239113719e+00
-1.428409961946632278e-01
-1.772240696150457762e+00
-3.277755455657620498e-01
9.312403289625255098e-01
-3.658522144284586108e-01
-1.085114484044316097e+00
-1.075079868630625324e+00
-7.396113109876785163e-01
1.675406889696366308e+00
1.124329902008383453e+00
-1.431334944074028392e+00
-2.060395041763174451e-02
-1.272161611593001229e+00
-1.175983152617535943e+00
-1.314634970964925653e+00
5.494928763888329293e-02
7.234256612361587013e-01
5.130838422168817470e-01
8.664736357070850215e-01
-1.327223903003444949e+00
-5.984868840322048467e-01
-1.123253818469927001e+00
3.182978148630390969e-01
-8.447431713424615740e-01
-1.084003995010519139e+00
-1.511038549099787520e+00
-1.258235520873848823e-01
-9.667448613820863734e-01
7.281512480508804952e-01
-4.343967684238068117e-01
-2.841656450708844317e-01
9.646636472275262886e-01
-4.287886407910653785e-01
7.879756362366515665e-01
4.276703123850973398e-01
1.088851761890917036e+00
-4.752661590136708636e-03
7.632549024954977668e-01
1.630548356213013417e+00
-1.022316876309459222e+00
1.450203680025702990e+00
-1.652815399920059658e+00
9.229299387137718247e-01
2.266961556262590882e+00
-1.079409430417218374e+00
2.051604252893736380e+00
-7.167650056944883108e-01
7.476515575547353354e-01
1.888688742114585484e+00
-1.171880926866579298e+00
4.279277369654967411e-01
1.068736461448724917e-01
-1.830911336407075041e+00
9.331868736164832256e-01
-7.941977122616911133e-02
-6.987170533125128813e-01
-3.305141295895136500e-01
-1.579604037026978158e+00
3.858204861477326775e-01
-8.244954144714972122e-01
-2.034479368703846269e+00
-1.095180194726519840e+00
-1.972700892157965291e-01
-2.170575544263076972e-01
-1.255112043014205980e+00
-4.951969532968217846e-01
-2.481367694671419710e-01
5.746901543961298042e-01
7.973200508992729363e-01
-1.196611951642666538e-01
2.283986526828472585e-01
1.743448203710949773e+00
1.000217377549991404e+00
-5.814884956777086056e-02
-8.070039313492505251e-02
-7.286208823871995754e-01
-1.649265345051641241e+00
-7.336647875044768896e-02
-8.199803077860767786e-01
-8.769179826830668378e-02
-6.381271578012686074e-01
-8.348468815044971514e-01
1.068533532600318026e+00
-9.095832834107702158e-01
1.203467665467869541e+00
8.124103170736107771e-01
-5.769185353408283756e-01
1.616367186909528630e+00
-1.403596539266244392e+00
-1.012400665812738243e+00
5.552921687310499177e-01
-2.249466152047054912e+00
-5.970321635358877277e-02
3.967206364585322831e-01
-8.667239896098586360e-01
-2.127538271452532825e+00
-9.148230790645641708e-01
-1.145423986651798121e+00
-3.092239456142692466e-01
2.969659620639386599e-03
4.186328526689342411e-01
-1.120017638406758387e-01
1.343839051963739428e-01
-9.196590573961113124e-01
1.469823547938815089e+00
1.099977957222020297e-01
5.076928826492743685e-01
-2.052785767736478029e+00
9.558021742532580856e-01
8.551697747171864705e-01
-1.001657399817420302e+00
8.662733428756382859e-01
1.436614075613100727e+00
-2.017131832141297654e+00
6.244092113913140007e-01
9.575750691947771953e-01
-9.784172012123240059e-01
1.545275446681088072e-01
5.086457398584549594e-01
-1.480693300639559951e+00
-1.006882184005538416e+00
-1.605896746992193869e+00
-1.189887148094970204e+00
1.795131541429959565e+00
6.016808627143401811e-01
-1.999660461932479816e-01
2.685284742074716124e-01
-2.116371649732828431e+00
1.459950172943356606e+00
-1.618748063381274971e+00
-8.478345436001852864e-01
6.395696877798686675e-01
1.232157310183761734e+00
7.505455939647289743e-01
-6.586185108624822426e-01
3.506338560153647865e-01
3.081064046959800518e-01
2.130535649184790437e-01
1.477960064815980967e+00
-1.463789127813409086e-01
1.563710359174699693e+00
-7.972719562851879882e-01
-2.673624762758034512e-01
-2.348453817569910174e-01
3.373980531465768928e-01
1.842735360893417607e+00
-5.322943500770958014e-01
7.117591907806013474e-01
-1.092788351581679418e+00
-4.914869253960815199e-01
7.828482240058520780e-01
-5.080027414166017330e-01
-1.165919569335027273e+00
1.824940143580820351e+00
-8.375679165459681830e-02
-3.262251347101203791e-01
4.587475512626461027e-01
-1.231569347892696342e+00
1.734577995541193518e+00
1.262434397134696962e+00
-7.719602151712177118e-01
3.135680546430087423e-01
4.572305438025294211e-01
-2.823900457031909284e-01
8.269258647001977991e-01
2.240296962692113480e-02
-9.457676329964646023e-01
-7.602091176159477826e-01
-9.324603731359631942e-01
-1.142420735118681918e+00
-2.326754821532662554e+00
-1.482968298491008641e+00
1.833074548257590308e+00
1.139831927400992928e+00
5.619171349392928505e-01
3.810393690995363958e-01
-1.096662068334032902e+00
4.011063266309633502e-01
-1.522567029520130122e+00
6.258648064210170503e-01
6.016913694448589034e-01
-1.765990092316192861e+00
-4.357317336670130103e-01
2.214009881014727954e-01
8.887231117888185761e-01
-1.594712169224508092e+00
-9.824129174859368430e-01
1.288527127553294793e+00
-5.137215023403751690e-01
-7.794610269231898592e-01
-6.567181532767809582e-01
-6.436882083753163730e-01
-9.345223906927424551e-02
1.573350645161619155e-01
1.739557110756179359e+00
-3.931140844750437013e-01
1.637978446292644552e+00
2.659741131242047141e-01
3.225180738870145891e-01
-4.243951774004992572e-01
-1.474740888015179774e+00
-5.075876765372837607e-01
9.251544904788936430e-01
1.795518875659004809e+00
2.315012923851871296e-01
