3.490858980016380286e-01
8.802561233369043947e-01
1.313288571622426293e-01
4.026436212868220732e-01
-7.834881477504309633e-01
-8.798895130220971694e-01
9.375647809159670665e-02
-3.400887868919164614e-01
-2.185535407141379061e-01
-4.898835575116464724e-01
8.372824724558001197e-01
2.165521176032287887e-01
-7.787941129382103256e-02
7.199953277755750669e-01
4.031537242737304183e-02
-5.923894355375165510e-01
-6.212647466948229003e-02
8.400123355391557745e-01
6.773731003520422345e-01
1.318146886960942510e-01
-6.227125950287915046e-02
-1.559203077451651875e-01
-9.929919255681480816e-01
4.701904939372001380e-01
5.152365256150259754e-03
9.149426287799038437e-01
7.876522575673261528e-01
4.295429461971413954e-01
4.376251381266427209e-01
-9.232681808659495282e-01
9.972182742256432419e-01
7.392643956295783525e-01
8.834513970693473883e-01
4.257329814686581226e-01
-5.263156707561511549e-01
8.653001513399374289e-01
7.927134056797378037e-01
-3.184799875772281741e-01
-9.191969464394940115e-01
9.178241752674898279e-01
-7.204460719928842405e-01
-4.890727057786650178e-01
2.104211671723654753e-02
-8.393464550162001991e-01
9.411066824921221485e-01
-2.889412130728121753e-01
-5.729469918289364916e-01
8.864584517469245029e-01
1.045468562776237231e-01
-9.651046319794829298e-01
-7.004448162927121579e-01
-1.438881109053411489e-01
6.056422454305183667e-01
-3.244273830949269133e-01
-4.917513410844125410e-01
3.706703151754009440e-02
-8.415945297847224893e-01
6.718400252091383251e-02
5.469004046802836694e-01
7.429703626383421522e-02
2.477661190842193051e-01
3.951502845284462495e-01
-3.990508315499736725e-01
-6.637693330664620195e-01
-3.612938085562356072e-01
5.707111982831156727e-01
6.962403847390929990e-01
9.215393248599641485e-01
3.934616012722520484e-01
-6.612102823016272612e-01
3.997257743096525040e-01
-1.399121596946839574e-02
-8.177265145559640125e-01
-4.443595543418776828e-02
6.799677132642412136e-01
6.320785113301912173e-01
4.762063313179014656e-01
9.088267880473843707e-01
-6.848431720113186127e-01
-5.040142789427062286e-01
-4.554717342881706710e-01
-4.660048599193884478e-01
4.515077814327110861e-01
2.789940560702517391e-01
7.159226265561973168e-01
-2.553529189913206210e-01
-2.940513410370115821e-02
2.050957623115103878e-01
9.983110459657951186e-01
2.606763710772681542e-01
-8.931273838317195235e-01
-3.073544690278449121e-01
-2.897296314003832141e-01
7.548229045832615114e-01
-8.121056366601790977e-01
-5.569528747241925259e-03
-4.202412120615157676e-01
7.732577953014443395e-01
-9.031732643491485746e-02
-3.800287822222658818e-01
-9.326798841786296812e-01
3.550768970629449850e-01
2.379674396954911675e-01
-9.914769733170973876e-01
-3.542818995779422053e-01
8.415970913726795732e-01
-6.574529500686079331e-01
-3.266828761157754002e-01
-3.532725401393628228e-01
9.641156078394879092e-01
7.945210103114452860e-01
6.154454855522935031e-01
-2.025653959525868242e-01
9.908361155117690888e-01
5.798153494894517923e-01
-3.355162529037742924e-01
-6.904789125998918031e-01
4.817315244631465987e-01
1.867730543179617619e-01
6.510684801344790440e-01
-8.957928121655891474e-01
-4.689372607347130906e-01
-2.873859499484485713e-01
1.696703115623336977e-01
2.404433555022020830e-01
4.441057556795562355e-01
6.189281209799186723e-01
-4.650521026026261939e-01
3.126694164455112723e-01
2.419299339286389294e-01
-8.367508292787775304e-01
-4.126800677437467701e-01
-5.439777336070747982e-01
4.666291647168230305e-02
-1.963850017404382697e-01
-5.897677005592170119e-01
8.783739500292762070e-01
2.184245964021003239e-01
-2.016612958803380984e-01
-6.104266544583569765e-01
-3.223088488518235373e-01
-1.244858022934738351e-01
-1.433183671822355620e-01
-6.173309100946184902e-01
9.832201471044246244e-01
3.268032599518970738e-01
-2.618656209027190318e-01
8.599583661203309415e-01
6.164281065980792285e-01
-7.271139032977806949e-01
-3.749074866525150540e-01
2.990697939649502590e-01
-2.867718562760412926e-01
-1.768843910011614895e-01
4.960761549707399798e-01
5.075646572094885123e-01
1.929718732277088122e-01
-4.068268300100648105e-01
2.351754446379719088e-01
-6.651360481425316884e-01
3.210097823366966363e-01
2.115567879070012758e-02
-3.945244926892568227e-01
1.558732139466669775e-01
-1.791485457663042347e-01
-7.856776084621581724e-01
-1.485921074858602697e-01
-1.159536812029686725e-01
-4.157930091503603265e-02
-8.649443288952334274e-01
-3.830945017284645981e-01
4.631491352029359909e-02
-7.568044286919874963e-01
-6.023958353443534808e-01
-5.867647502958073247e-02
-6.783754803227382002e-01
4.810008600056292494e-01
-1.430771192743263143e-03
-5.876154740443633173e-01
9.333929824415692078e-01
-8.292165813929570639e-01
-8.605000188108473669e-01
2.436952755632253442e-01
-4.452346194939507118e-01
-6.644370267096517679e-01
-4.338042395096632919e-01
7.171572855792183177e-01
-5.673965611698403855e-01
-9.803992818284439359e-01
7.446789185730173788e-01
-6.604370321678696421e-01
-8.218960268226171983e-01
5.502827242019954213e-01
-5.376524049099704605e-01
6.282955362939479649e-02
-6.631214927318762609e-01
-3.117106961183266911e-01
1.871746978647048643e-01
7.669291115947640680e-01
-2.715268736299005781e-01
-3.697661265957743471e-01
-7.333874032097309481e-01
-4.338671982461248522e-01
-4.444761987815335491e-01
-4.341178452530616294e-01
7.403466737065593772e-01
1.133820452138751822e-01
2.781392912789959482e-02
9.311528623767317825e-02
7.853828233575019802e-01
-6.748815823584346507e-01
-7.823895242612288747e-01
8.299705494055742427e-01
8.468954750564390288e-01
3.255381925459490677e-01
2.476945194588666688e-01
-9.008567534624625228e-01
-9.577971806274392375e-01
1.443104795425176334e-01
4.358155187642909212e-02
-5.158271297276462164e-01
8.059431775968346479e-01
8.939868170896143607e-01
-2.889552105443147223e-01
-4.334640180453448455e-01
-7.924905726593860500e-01
1.686422744517146466e-01
-8.275905663437641557e-01
9.383925250433555743e-01
-3.741880288984715808e-01
8.638476878752874288e-01
-2.686400615483011123e-01
8.143451620117279077e-01
4.021644711309007025e-01
-6.490946331899636323e-01
-1.899210654611607207e-01
-6.693947421484014448e-02
-8.938651253160927457e-01
-6.854959626474892431e-01
1.385742875733149138e-01
6.638608538794577019e-01
5.590866704974593038e-01
6.528545186057306271e-01
1.593082425485037312e-02
-8.802420225388738473e-01
-6.491928667031450217e-01
-2.481324076815960566e-01
-7.129208643045512606e-01
8.037673445853734666e-01
8.587657787471609794e-01
-5.458910710105899788e-01
-3.522100798395135790e-01
-5.069512016518351594e-02
-9.018933762279663924e-01
-5.289100839776870178e-01
-9.060064238850165097e-01
8.790401989084730694e-01
4.026257053590980295e-01
7.501798477986036939e-01
5.477459553253911650e-01
-1.963769247313524868e-01
-7.960354327646117500e-01
6.503251836529169161e-01
3.596101309566652748e-01
-7.889639190310715477e-01
