1.772135246773508186e+02
-1.203489061014607273e+02
3.916067992519760566e+01
-5.594341231469252307e+01
-2.888452083996330444e+01
3.987752061091540412e+01
-2.993969346427376195e+02
4.595034878193500205e+00
3.218138147649724488e+02
-2.543058146437831724e+01
1.838011783765625182e+02
-1.252246766979191364e+02
-1.285162929152290019e+02
-2.250764891017575735e+02
-2.198508116649967690e+02
2.291587579924940314e+02
-4.867261823923186626e+01
-1.707063469379012872e+02
9.035846626257928449e+01
2.054608356974893724e+01
-3.033568144323369893e+02
5.203532118453453847e+01
-1.420847454142527511e+02
-8.847691595230571693e+01
-1.569140534879718984e+02
-7.552663276893281363e+01
-1.563028994909369018e+01
2.244361533042930645e+01
5.149488632132231913e+01
-1.709115997745713571e+02
-1.169823931353615336e+02
-4.430682104913091557e+00
1.348283548443981772e+02
-1.512280284123640683e+02
8.011875385915232073e+01
-2.947522638773099501e+01
-6.010590179889582885e+01
-3.327923191389479740e+01
9.273677430815760658e+01
-6.590161352167552877e+01
-1.399588530508213147e+01
8.410748910475946616e+01
-1.399995988280753068e+01
-2.836054265678537689e+01
7.721256731133421702e+00
-1.099257467498367333e+02
8.846709460440675343e+01
1.938645173713270822e+02
2.034252047491571034e+02
1.091833666041431314e+02
-1.339629916516975356e+02
-1.420254365817931728e+02
-1.784980521028158762e+02
-3.307237515122491089e+01
3.007371073396230088e+01
9.648136722164049672e+01
2.647612159034397337e+02
1.261231868005702772e+01
1.031261007540087462e+02
-8.844023050571578892e+01
-2.184317021918097623e+00
-2.576561352414985322e+02
1.173593847077280685e+02
-5.934893644397912738e+01
-1.278269281932596897e+02
4.770076353228835586e+01
9.536349959787531816e+01
2.246683678517600811e+02
-4.717463540378949460e+01
1.845570553038317598e+02
-2.696964073932233532e+02
3.954979896141224316e+01
1.735660705141370386e+02
-7.107626181425149525e+01
-2.832985899172477389e+02
5.938035387701256695e+01
-3.829914421442855854e+01
2.329231516977510630e+00
-1.006987502181131191e+02
-4.052898813091007213e+01
-2.738621501256108672e+02
-1.337135146047884682e+01
8.492978440029597209e+01
-1.746064978049821548e+02
1.914196914400235698e+02
-6.361326286494470850e+01
7.290547866492367746e+01
-1.415980115644959483e+02
5.320454131532208208e+01
3.203914615537972566e+01
-7.918545302276301356e+01
-1.087926057828481845e+02
-6.350922695332648082e+00
1.807820855734316865e+02
1.081594748785097266e+02
-7.044183435876996668e+01
2.082708824873263040e+02
-1.006386999604916532e+01
1.284973665923196506e+02
6.556340869242744418e+01
4.047173986245163064e+02
-1.141505186886608527e+02
1.253992506338880730e+02
-2.368670038800037787e+02
-8.277217678766976405e+01
3.527043672156408149e+01
2.003078444082094478e+01
1.982705690985290516e+02
-7.888444672373289279e+01
7.257933537303233607e+01
1.391987467712509954e+02
1.853618542094431518e+02
1.354563336615872515e+01
-5.725591842318256397e+01
-9.055963019870922892e+01
1.205291048022332916e+02
-2.564505586947190707e+01
1.196870959717549283e+02
-1.138338709529812007e+02
1.575410318424892466e+02
-1.891200613782130517e+02
-1.007078980575416551e+02
5.267072906699323909e+01
-1.883590748053504456e+02
-1.982314737906885966e+02
2.166739325590144460e+01
-1.167964140416989665e+02
-3.459913637712033108e+01
-1.443605515718846277e+02
3.403321705513602069e+01
-2.226486949614720459e+02
-8.430337497905884270e-01
2.846600164454883952e+02
-3.486671161494145821e+01
-8.421040445992589696e+01
-9.629070678373652470e+01
-1.507694826148143932e+02
-1.789808464076773475e+02
-2.229871333414860999e+02
2.337723429053200874e+01
2.346265682659492597e+02
-1.758974953210369279e+02
-1.756483390603177099e+02
8.881828660796576003e+01
1.969858495969591061e+01
-1.456539763552160025e+02
-1.903233241306888885e+02
-2.679623618636688889e+02
-2.412738123830912329e+01
-8.670726513001871183e+01
-3.110136808231492012e+01
-1.426232099235990916e+02
-1.824694509165753402e+02
-1.543966111368405052e+02
1.290044900363314468e+02
-2.555661581031460514e+02
7.060731322617995431e+01
1.048018109793482182e+02
6.379582111649685316e+01
8.338246238428467905e+01
9.213001607631312595e-01
2.399002523966424860e+02
-5.398660247457078043e+01
5.068173801800577749e+00
2.100092847464406987e+02
5.436111099235074562e+01
1.892525154742815516e+02
-6.947041113159851022e+01
1.203395027224659941e+02
-1.257792610244870133e+02
-1.144263551695673442e+02
9.394319615415756175e+01
7.515746224327568825e+01
-1.050426480184603832e+02
2.298913910510493608e+01
2.365358351935360304e+02
3.009013477769726830e+00
-2.108178238837787877e+00
1.043891948257640792e+02
-1.305945625921554267e+02
6.405447693073121229e+01
-1.739451619312164610e+02
6.750539644055544386e+01
-8.827122493962791339e+01
1.677664158544998827e+02
1.176285298032743611e+02
1.748689050172126827e+02
1.465524918935529968e+02
7.499210316888371608e+01
4.531416167141235718e+01
-3.137825454226679511e+01
8.471931487711265163e+01
6.663961783877994094e+01
-1.080801656385666405e+02
8.795262265971467741e+01
-2.297776802988173728e+01
2.271525622914203950e+02
-4.452928998950339690e+01
1.134709674578529714e+01
-2.422998113830347222e+01
-1.256757232259440649e+01
3.722310145774437018e+01
-9.579378285200208154e+01
1.350287128453925050e+02
8.368208630438874707e+01
1.271224122981504507e+02
-8.188837975517562029e+01
-1.182547053981705574e+02
3.630026651882815969e+01
-2.415316527412846881e+01
1.731055399225078304e+02
-1.453412934889571417e+01
-9.300816862505156735e+01
2.184054065767437010e+02
-1.937657106326971146e+01
8.777250924821112221e+01
-3.122463611274156747e+01
-1.108076862312049542e+02
3.768616969943819583e+01
-2.177184486717113998e+02
-5.016972134926716365e+01
-1.966680470122586541e+02
-7.713113645485654501e+01
2.083843269991456282e+02
2.026585118288555236e+02
2.396612573734673290e+01
1.463655596698959585e+02
-1.378539102959534262e+02
4.461715623493505944e+01
4.051283572434580371e+00
1.569401233859185254e+02
-7.085486009792977313e+01
-2.095289781038131025e+02
8.782391769733423814e+01
-5.334685675771194724e+01
-5.889334732960755758e+01
6.290510847620998902e+01
-5.576567348129261603e+01
1.210231969581846698e+02
-2.402952466635261715e+02
-1.099912773698692092e+02
6.339103055195602821e+01
-1.810423769643619707e+01
6.731416386327450141e+01
3.183739441539216273e+02
7.271479545426141833e+00
-1.445279631420098987e+01
-6.418227586237144067e+01
2.506066790832278457e+02
4.721446574873105817e+01
-2.586503700965482153e+02
-1.445972707394528243e+02
2.138260513481736211e+02
1.786547298485252213e+02
-1.686982043568175982e+02
-7.363301709293497765e+01
5.950700843610333379e+01
-8.614379168937435338e+01
5.932277970148288659e+01
-5.354358553521696251e+01
1.307666989999322880e+02
-6.494206362114087483e+01
1.117908253825719100e+02
-3.679542001581516502e+02
-1.706826375493448325e+02
