1.042257657487113409e+00
-1.135371270326516746e-01
5.702067078314729809e-01
1.213963896703028067e-01
1.079724288444840585e+00
3.016341982188867621e-01
1.973699920522341333e+00
-9.495128300356863171e-01
-1.531682137959559320e+00
-4.396249892148310079e-01
1.758542093926575234e+00
9.894032181620660005e-01
1.059445154116780641e+00
-3.280708584616756074e-01
-1.700303690731803208e+00
-9.215540804586048740e-01
1.831016700370441841e+00
4.118064704726837055e-01
-2.113149056268632364e+00
1.266632915081386646e+00
-1.194907251090372657e+00
1.412658661921860848e+00
1.801236535307368047e+00
-2.112716397855332051e-01
-9.121788482503441209e-01
1.242852060872667419e+00
1.550573124133188818e-01
2.051588374842321816e+00
1.328086526670813616e-01
6.971105299452221016e-02
6.679354968622632782e-01
-3.469955436088524303e-01
2.604120315484870773e-01
-5.460142296571069975e-01
5.783086056073460934e-01
9.345799550219952012e-02
-6.881572955269945613e-01
6.470310594991831588e-01
9.230394210852965742e-02
8.774311272988888355e-01
-6.868937733201174733e-01
2.004496786835591460e-01
7.154882531780036858e-01
9.150319625589118377e-01
-2.862476067452628392e-01
3.990135701914018784e-02
1.018391047955104156e+00
-1.553207488087698263e+00
-7.586298994776448090e-01
1.077491310215153986e+00
-1.639884508622882375e+00
2.404142646021253937e-01
-4.498813089376744179e-01
4.201139074177545063e-01
-9.308033518243841176e-02
4.149914862249922121e-01
1.380544514692273683e+00
-6.541871548286762872e-01
1.454147081644087125e+00
-6.443927962591688985e-01
-6.809163379162939123e-01
-1.754526287368904258e+00
7.342122904242551207e-02
-1.652994503806671567e+00
7.656449895398534933e-01
-8.378288821254553653e-01
-6.412629392758137925e-01
2.026331802753745248e-01
-1.795217312523900155e-01
-1.502817267442181137e+00
2.137011465999310855e-01
-1.240777255784533128e+00
1.554091516336694734e-01
-8.479058616975563289e-01
1.612690180318661071e+00
-2.934023496417400012e-01
2.133219841474620626e-01
-2.493606750881521839e-01
-1.199675875473725561e+00
-1.060860614322778339e+00
1.493523899924701581e+00
1.913071630257555888e+00
7.284396422185590581e-01
1.691364599867074325e+00
1.210562677427096112e+00
-2.201789356282771060e+00
5.877148110721953922e-02
2.053017825778294725e+00
-6.658457246707231991e-02
1.419143949134765270e+00
7.660536210213575448e-01
-7.208232936072123120e-01
2.443884508965705193e-01
-7.297784382411045545e-01
7.769468268443677772e-01
6.746271587339299769e-01
2.013375539314042895e-01
-2.922630865769796915e-01
6.658635412898511463e-01
-1.299916313062636219e-01
-3.390908957738918983e-01
-3.500534628914990787e-01
5.947760852505070694e-01
2.457404216286678267e-01
-6.141551164677117036e-01
-6.079189486472413861e-01
1.418709436542962832e-01
9.041467784952867959e-01
-1.623051668886312249e-01
-5.515739629675134870e-01
8.872926259666560345e-01
1.077656564443884468e+00
8.926089035815221173e-02
-1.470194854934556705e+00
1.588605213724246235e-01
-5.361144548125142961e-01
7.320043545793335216e-02
6.276289282426124050e-01
-2.726368700536789813e-01
-7.028069397309397726e-01
-6.906613066451083860e-01
-7.178425380002013689e-01
2.594735463653801144e-01
1.571465549526294803e+00
5.195333948494140763e-01
-3.673810568131822274e-01
-1.098362165635612175e+00
1.001002975137430084e+00
-9.086204966642394965e-01
3.563945071364506556e-01
1.101831472206648677e+00
-2.690514848450526464e-01
1.020137012054472381e+00
9.462236689918035459e-01
-8.835891789519034756e-01
2.573891835917012649e-01
-1.837326130504481680e+00
-4.808226454609763056e-01
9.167056542167433264e-01
7.797804955933489435e-01
-1.259241574268971764e+00
1.040695928479262955e+00
1.566261296778530543e+00
2.930265476206947994e-01
-4.063503875708045499e-01
-1.925994617123843344e+00
-1.454033494256252723e+00
-6.627553913827896603e-02
-8.404848399170274931e-01
8.211026180240917904e-01
1.348759729459505952e+00
-1.424704014334676194e-01
-1.339213442895448303e+00
-8.883277674615783770e-01
-1.429444163203432705e+00
-3.476648316162678221e-01
2.617330835172269055e-01
8.949747554159239726e-01
8.731031805919299282e-01
-9.464604183905964696e-01
-5.626004910640900469e-01
-9.275813772352481390e-01
-4.716821773574610965e-01
-7.068185756573011069e-01
4.191498365657743697e-01
-7.269515846677370163e-01
-1.694916783670882943e+00
9.603194435520315819e-01
1.007723644758442560e+00
2.532439039523833868e-01
-1.255613954325980552e+00
-1.099715412538045722e+00
-1.221641748017726348e-01
1.800594744333043895e-01
-1.252035806334108381e+00
-1.479035103985941457e-02
-4.491947862569504735e-01
1.901389481751832866e-01
-5.102083489404662942e-01
-1.114015786503640415e-01
-2.013904636639486934e-01
-1.254149348233083217e+00
-1.593251214992581932e+00
-6.226631869167227329e-01
-9.422804094354241267e-01
1.207257005365999003e+00
6.064474003816060499e-01
-3.600304225106127909e-01
4.189843706632476739e-01
-1.390356020456732233e+00
2.805387983690282513e-02
-5.703380277905736317e-01
-2.647131660233180694e-01
9.622014182160087969e-01
-1.593318316895309672e-01
-5.656267927890423763e-01
-3.262904519281852878e-01
-8.436101208111931871e-03
5.612061688598251052e-01
-1.343757990798769786e+00
3.112000512346532188e-01
-1.497295827786087608e-01
-3.230450363490814381e-01
1.693491313609724713e+00
1.572692285194855932e+00
-3.904252913337221131e-01
1.229048569730730733e+00
1.650094096388091902e+00
-1.130108974832896074e+00
-2.275915256751708249e+00
-1.534495165027305319e-02
-1.328336167729180728e+00
7.500702151093864289e-01
-3.246628393008325619e-01
-6.026416479720737573e-01
2.167564000849683259e-01
4.603766963655112621e-01
1.282496791589982088e+00
-5.214318352522471223e-01
-6.439501583952293995e-01
3.043522870044966799e-01
5.326747256091084459e-01
-1.362535278035663433e+00
7.284803792737717387e-01
1.708935432925910547e+00
-1.632868874485576605e+00
-8.572997456471734834e-01
6.697652533708036149e-01
3.765592442987385491e-01
-8.537405890810596532e-01
2.097306989473482486e-01
1.615305989020558775e+00
2.924157618138992776e-01
1.598301411864743837e+00
1.173787296159118032e+00
-6.203979226139304248e-02
-1.960972769941791594e+00
-4.167976184991948330e-01
2.699401866113012027e-01
1.236351143007235587e+00
7.831432935959332653e-01
1.364272015155660323e-01
9.245730104865265142e-01
-8.031152313180429658e-01
1.289715205071283677e+00
-1.028047303676078161e-01
-3.954368981058977717e-01
1.235222346608753963e+00
1.335445597493577219e-01
-7.720879062551144756e-01
-1.368529964491440376e+00
1.116717269506008137e+00
1.487565960668541631e+00
1.450267496148227586e+00
5.021785923972623689e-01
1.317556620579565019e+00
-8.287716357265964562e-02
1.418496341006960648e-01
-6.767388733255575994e-01
-2.633586134079160535e-01
1.543391738394262747e-01
9.267175862810703713e-01
-2.915915685051716499e-01
-3.384142138129609956e-01
7.670189429158569272e-01
