2.386315078172991377e+00
1.912737447397386825e+00
1.864463997613100110e+00
9.915243409053504653e-01
5.888070509655812801e-03
2.606084714303116723e+00
3.156569244217776848e+00
-1.745907104697508982e+00
-9.556479210707554683e-01
1.400229764607675842e-01
3.147945550478910448e+00
8.553110805158703478e-02
-1.455980692850102676e+00
3.848372384680447844e+00
-2.217019880973151391e+00
2.219583759368266573e+00
-2.963534110067696847e+00
1.744954573460180791e+00
9.913488502616729647e-01
5.773991469242782948e-01
-9.447689395122622624e-01
-2.970405762110886805e+00
3.269134528345029600e-01
-1.945296717143698118e+00
-3.152416508987573085e+00
3.041794308731822216e+00
8.974079103586023454e-01
-2.278318025980291539e-01
2.310658326045774480e+00
-3.642064882617088717e-01
3.032030332982097232e+00
-1.058791595366918248e+00
-3.061870469327923061e+00
1.906292639285618762e+00
-1.893850267558137679e+00
1.237432930500758754e+00
-2.469552551220702163e+00
4.456114388253998304e-02
5.604240754127391977e-01
-2.534793899615105151e+00
2.606581911331922186e+00
1.053154358606910534e+00
2.646697630096886300e+00
-1.399779384260425807e+00
-5.602227445497506286e-01
7.922904877208201135e-01
4.387292735382630759e-01
-1.769146210221117066e+00
-1.484571177230771699e+00
-2.421379046267058688e-01
4.252975221684534901e+00
5.625067277511396346e-01
-1.204416700923840677e+00
3.496005467217497387e+00
1.943558667499443615e+00
1.203643421604382091e+00
1.814974729865766356e+00
4.327356723935596450e-02
-1.844820843250470244e+00
-6.354856973555135236e-01
7.464001746081376787e-01
-2.135666774485890151e+00
-9.942791372263010130e-01
2.483094401508218141e+00
5.598065481542091604e-01
2.962507825449880450e+00
-1.499136134686096244e-01
-6.297713479160567118e-01
-1.859748938023541243e+00
5.062066058941839808e-01
2.547091902662116158e+00
1.583338273516604389e+00
-1.087022615766958689e+00
2.201211449393158048e+00
2.280052871532906700e+00
-4.203124738769393076e+00
-1.257298300034065175e+00
2.550043170989131358e+00
2.074972205514923118e+00
-3.004974599792220147e+00
-2.750779647602938915e+00
-2.690588058992821274e+00
-1.521232779168792071e+00
1.814537371055181980e+00
-8.893942177260624193e-01
-8.370080865578873874e-01
-3.961189314250961324e-01
1.827480929298980206e-02
9.697010264120230483e-01
-1.398581439875369758e+00
6.843468964810364152e-01
-1.541747630322130913e+00
6.326920338513185582e-01
-1.302139563921066001e+00
-2.696061651981985996e+00
1.732215511343241809e+00
8.795702877339370840e-01
3.675928695727850304e-01
1.472385550400500343e+00
-3.728257778570935876e+00
-1.347161165633477653e+00
-1.457601683149002181e+00
1.684070234690504320e+00
-2.435123195262406615e+00
1.836247090783366787e+00
-4.124315561289289556e-01
-8.627208881529254692e-01
1.683275357099731195e+00
-1.345889442081146692e+00
1.145241823281502036e+00
-2.649693745486118246e+00
7.890261053278671000e-01
-1.898871773544235309e+00
2.054052757512308425e+00
1.833943620365455995e+00
3.022867984031977873e+00
-3.596438939627095710e+00
-5.980129878717818093e-01
-1.227057152177266630e+00
-2.727455062120605511e+00
1.089075040260658600e+00
-1.366568417361014198e+00
2.247916404175724470e+00
2.652377104990437218e+00
-3.368856335113588951e+00
-9.203309755832342898e-01
-2.487719916229602202e+00
-3.841601850566779497e+00
1.667836090556039930e-01
-2.823831812187211909e+00
3.313730075665223263e-01
9.180699488915732287e-01
-1.955130176256642205e+00
-1.908665803684705731e+00
-5.965579091478052653e-01
-3.676658769712592090e+00
-1.612753978883918915e+00
4.115816257955011714e+00
3.011046846465800786e-01
-7.789240932438765697e-01
8.610781559994823420e-01
-5.126905818943824356e-01
2.856162419416901077e+00
3.483527379573503779e+00
9.597175221166303061e-01
-1.477556351091681153e+00
-3.251774770612610999e-01
-9.866608711501546614e-01
2.978720412836036058e+00
-3.624083050384947935e+00
-1.490253775228704392e+00
-2.129185404014210192e+00
4.199192421950053156e-01
-7.847144801155409022e-01
-2.508185445416580284e-01
-3.257833814018582963e+00
1.255641919811171014e+00
1.088898662277240081e+00
-6.286559153011361811e-01
2.324314195032338048e+00
3.081157647982705861e+00
-2.142095754353986248e+00
-2.844681754339747126e+00
8.387755000342165257e-01
-3.283667530717479188e+00
-1.797788999645241415e+00
1.628263078468129343e+00
2.710043320129327249e+00
3.621953146081143604e+00
-2.708839448162853714e+00
-2.370928453474173914e+00
-2.035346471067448704e+00
4.317235467374987978e-01
1.884428453733509645e+00
-1.572258352368799184e+00
5.739835655179780227e-01
1.668562831243743938e+00
-2.783459841124736212e+00
3.534890928932320264e+00
2.130294425508636014e+00
-2.277181344193009993e-01
1.173123389386743654e+00
-1.009570300262118414e-01
1.639677179953346053e+00
3.371200450369945756e+00
-3.034298245202390887e-01
-1.237363665853733696e+00
-6.178981085625738501e-02
1.125196146977676115e+00
1.411984206571207379e+00
3.778491799543529428e+00
-5.752526721049265879e-01
-3.210771506246108409e+00
-1.168178879100414402e+00
3.131123542286597505e+00
-1.944557265305081772e+00
9.007374130993697214e-01
-1.091740878726094710e+00
-1.897391381122930820e+00
5.080068431108700766e-01
3.159026249032995448e+00
2.834335857469804654e-01
-2.717883242588894355e+00
1.570399436737885068e+00
6.970126976219095383e-01
-2.074792476220424842e+00
3.288491517894664540e+00
-2.087976702318205202e+00
8.079139846465586139e-01
3.816126919490507585e-02
2.508243851808808156e+00
-5.493371776485816982e-02
1.307822352904431495e+00
8.494768960914707012e-01
-2.487304946679009365e+00
-1.331975650946875200e+00
-1.356946571765655918e+00
1.946010974299685614e-01
2.470379918736586244e+00
-1.112666833794322407e+00
1.621785704899825431e+00
2.909583697892613730e-01
1.978689752597645457e+00
-1.810553975756227896e+00
9.601330717113065738e-01
-1.004141287450477149e+00
1.283572788133123810e+00
3.523058645853366366e-01
3.101562882714709257e+00
-7.683339267220958835e-01
-7.171557031583388753e-01
-2.268968216316606501e+00
-2.825332430239436921e+00
-7.907376393847458385e-01
1.813112105864210344e+00
2.115760875155918153e-01
-2.207574459168047731e+00
-1.485479752776772244e+00
-3.675934711206513938e+00
4.056547705780254587e-01
-3.436102604420123718e+00
-1.889586413564651624e+00
-1.170898073540931561e+00
4.924182994058673435e-01
-4.002403731149412058e-01
1.692792213720590189e+00
2.973919561383629784e+00
2.680708041116325102e+00
9.063077216952069026e-01
-1.057166019398877221e+00
-2.670619894252794779e+00
6.674006903179804384e-01
2.652542924202053953e+00
2.610353442585264250e-01
1.994069912259235799e+00
-2.403701863588772802e+00
-1.635734897720785008e-01
1.119480075564830202e+00
2.157605297769836117e+00
-2.998491495744664004e+00
2.482125289444558458e+00
2.432103940193934388e+00
1.728650377119252957e+00
-1.330827444736093268e+00
-2.171765638878206950e+00
