5.038870649684735525e+00
-7.167325548099567900e-02
-1.275080159606654107e+00
2.298574409845104860e+00
-1.690746711496878829e+00
-3.991501494247642778e+00
1.467073148952179107e+00
-2.968979290122846226e+00
4.861598437769536485e-01
5.101241155834573826e-03
-1.119134979113283634e+00
6.078360653859832041e+00
1.363916110220911415e+00
4.657079748447257028e-01
-2.656347235190659184e-02
3.192844500466991420e+00
-2.149911471354393200e+00
-9.944705821475565699e-01
2.462957253751907327e+00
2.278978109686515374e+00
-3.013520300229422411e+00
2.164187770746166528e-01
2.780891498692450448e-02
-7.097839431321700809e-01
3.833163637171320914e+00
-2.452050971748362951e+00
8.727849280402821819e-03
3.194381373228725174e-01
1.236314945777718277e+00
1.950084087471570804e+00
1.639963006250513722e+00
-1.587030347605613345e+00
4.196951121941173923e+00
-2.441176201176075145e-01
-1.468119982429826553e+00
-2.374275600516551066e-01
1.746191304201510031e+00
4.392704390894943245e+00
-3.107482174146761089e+00
9.257581190562700346e-01
-6.812529074587572175e-01
-1.551402842628394563e+00
-2.127443990517953409e+00
-2.783890772553570425e+00
1.183801919949655446e+00
-2.935172337821531308e+00
-2.393754061167712166e+00
1.357686099718057982e+00
4.932719549226849409e-02
-2.533593803749525808e+00
-9.051164867791627877e-01
2.112061999675248991e+00
9.182393394946057885e-01
2.843167882847765782e+00
3.440854369206808983e+00
2.625991348798474845e-01
1.693502664172322536e+00
2.360910655464446783e+00
7.092567597577222882e-01
-1.301592480847580280e+00
-1.070379917110535262e+00
2.022666848810026341e-01
9.979547661093635114e-01
-1.641480398148798869e+00
2.685703033926421401e+00
-5.329059708741699097e-01
4.390036599606261802e-01
6.069101408058684699e-01
1.745613631824850964e+00
2.157012423673815071e+00
1.953751645437165063e+00
-3.473395266886136312e+00
1.447001530793898816e+00
4.165834839424095826e+00
2.534047190457385579e+00
8.565319111578089117e-01
2.635962577999636736e+00
-8.488196937834693867e-02
7.695667363575200426e-01
-3.550187608594906230e+00
-8.173387246228183689e-02
-7.830072384105494221e-01
-1.940350489663126288e+00
2.238834221447892237e+00
4.077320036245848378e-01
-2.053336268791766450e+00
-1.712217227013949294e+00
1.352078040083505517e+00
-2.165807477715824270e+00
1.450253083470520288e+00
-3.699339885446027765e+00
-2.441849877457459517e+00
-5.521055349476353680e-01
-8.741174386345273994e-02
1.804507225936913262e-01
-4.421599819771571127e-01
-1.675613683427565004e+00
6.295696431309572016e-02
-4.019479445655318450e+00
-2.311189877133340342e+00
4.673841174832062961e-01
-5.982125278701744264e-02
3.478580093190464240e+00
-1.743568836198216010e+00
2.315739844084869326e+00
1.167419360077013746e+00
-1.867763650521989671e+00
3.376098231478094736e+00
2.336344864919596809e+00
-2.070438381480610435e+00
1.608192008971671916e+00
-7.987078610673644663e-01
2.909352360623461031e+00
4.501430605558288112e-01
-7.641672358207396432e-01
-1.471153984782231250e+00
4.372879107221708139e+00
-2.153037107569470532e+00
5.591098893348858123e-01
5.329881493224420730e+00
2.128460513810923604e-01
2.490596595208754760e+00
8.356179839561872491e-01
4.507487680938893071e-02
-1.022130204427767586e+00
-2.543386117843136951e+00
3.347858140001036542e-01
5.137851593172345410e+00
2.918471069576831667e+00
1.332382014511244162e-01
-5.073881287372872251e-02
-1.380083924320997468e+00
-8.634525560399916033e-01
8.779579052422206153e-01
-9.567388571622705840e-01
-4.381389679828706640e+00
-3.032113274092922417e+00
2.974497758054110985e+00
3.831954839617490727e-01
1.800646728996907475e+00
1.767904081129869631e+00
1.024577741976087086e-01
2.628997283961198583e+00
-1.541361581840179795e+00
1.161053463974013766e+00
-2.405420551856432443e+00
1.140067326465363351e+00
-6.444627192851171138e-01
2.371192929391805482e+00
1.906623028525362917e+00
-1.014079061464023601e+00
3.377765039447024442e+00
-1.098713489865280613e-01
4.384904834843805332e+00
1.576709757229354025e+00
-4.045949693983503792e-01
2.596811921308945337e+00
-1.832915061941841950e+00
-1.932128609372769645e+00
-4.623994847937775710e-01
-9.939820793485931727e-01
-2.508807126190871095e+00
-7.477830513790661993e-02
5.611545076336676097e+00
-7.396872083287324706e-01
2.916173027511085536e+00
2.039346320009251201e+00
2.363157595368286401e+00
1.484032647285288276e+00
2.378171910458100058e+00
-1.823274914406867619e+00
-4.885944172309551803e+00
-1.454674228719352591e+00
-4.066255153111235643e+00
3.619061871570449895e+00
4.116371378708901574e+00
2.042018674732450356e-01
-4.408652946037192599e+00
-3.127939275179004497e+00
-2.185447336813060915e+00
4.411275577568916084e-01
-5.814715994123065279e-02
3.391834611960653945e+00
-4.400971958589298794e+00
-2.573773716701047931e+00
3.025958840267870542e+00
-2.834014117889140483e+00
2.113721401104673880e+00
-1.240769573094830935e-01
4.183058512352608727e-01
-1.732420899360252786e+00
2.140832792572185728e+00
-2.514395114418549237e+00
-1.567396489129739168e+00
4.386927284822001560e+00
-8.853967815823464704e-01
6.331215590077849953e-01
-2.699842306834686845e+00
-1.101310695762230396e-01
1.348194428457300198e+00
1.574698693046809872e+00
-9.805038148200406756e-01
1.538428818772901163e+00
3.018433469639991706e+00
-1.519725051038241181e+00
1.804001745035093141e+00
1.529186273622578973e+00
-1.527769321590174423e+00
1.835162885410212441e+00
-1.149668327402169732e+00
1.992123633392185900e+00
-1.522374161759364242e+00
1.362660885113306186e+00
-2.610857348364735486e+00
-4.342784547191804734e+00
6.488171796181174678e-02
-3.788345815277423867e+00
1.970126888743703564e+00
-1.342720657679877583e+00
-6.791973123926982048e-01
-6.908556159554279930e-02
-3.684532483759254795e+00
1.896533545392307119e+00
8.510062822407116201e-02
-5.410596217036107269e+00
-2.842592739231949661e+00
-3.318557633938510332e-01
7.097002642639609338e-01
5.371238894363307814e+00
2.021541637705983163e+00
-8.394169871779466607e-01
-1.952678898750124903e+00
9.797411895809242655e-01
-4.648478897466501003e+00
5.176204842717153642e-01
-7.111180983552527479e-01
-1.605937481548677992e+00
-2.592080785777726160e+00
4.283823847699926191e+00
-6.476665414391493680e-01
-1.697429177509888643e+00
1.466894463400035820e+00
3.112642293387340331e+00
-2.361860932549173953e+00
-2.567592083496822220e+00
-2.331384211762811187e+00
5.050853355532836098e-01
5.475388678369711215e+00
-1.485807391094977392e+00
3.508825142157016241e+00
4.677805743954067674e-01
9.839754416158830175e-02
1.263027372292140793e+00
-1.939637045412701655e+00
-6.282271250967919052e-02
4.186562839911975864e+00
3.197169043990650383e+00
2.518107606039029278e+00
1.867896513774676137e+00
-4.261624085397183181e-01
-2.991719152239124213e+00
-5.932847204869078350e-01
1.201764750095146050e+00
4.811805543314151556e-02
-4.202884563599248224e+00
