-5.544603677177105672e-01
-6.040976458509289770e+00
1.218105407544335161e+00
1.850455407728037738e+00
-4.846135550861833785e+00
-3.732753777516141014e+00
5.745493091116616879e-01
-4.878669735991181255e+00
3.890939720188325346e+00
-3.649855685833546026e+00
2.349972859005286629e+00
4.993823739130736961e+00
8.229640959256929733e-01
-9.142579039135659835e-01
-1.522054354235595985e+00
-2.057000470375797807e+00
5.515883037477761874e+00
4.899833353414035919e+00
-7.687694438982083378e-01
4.359305998932481607e+00
-1.300618240457741104e+00
3.841274352727843233e+00
3.640096530930398089e+00
-5.239022343728823472e+00
-5.567400166637350267e+00
-4.572483975759252139e+00
-4.552993310532861548e-03
-2.716335589487141267e+00
2.617607506837925091e-01
-3.178815973062266709e-01
-2.673750383133268294e+00
-5.929588482418735040e+00
-1.765001270350919471e+00
5.996754861887071186e+00
3.451872080125870212e+00
-3.855897583680531482e-01
6.182547628367884407e+00
2.469663043816454184e+00
3.171754417101395163e+00
-4.854877492005076789e+00
-3.253169187462832124e+00
-1.512773993472456668e+00
1.913652836563215942e+00
-2.199847939956306453e-01
2.053951204067759218e+00
-1.656010784916490231e+00
-5.358137133839109723e+00
-2.596352758400301663e+00
-4.294299423338421740e+00
3.195154839805233404e+00
3.447631913275027049e+00
1.549212721468538612e-01
1.250298626600043983e+00
5.663694749617212310e+00
4.306695756751488524e-02
1.186339840297172321e+00
3.145839683399275444e+00
2.718075270824375167e+00
2.641986730474671141e+00
3.514918514354430368e+00
3.323090669818101972e+00
-2.202631087337495686e+00
-3.075303378403872578e+00
1.218399128751857852e+00
-1.632177208310757521e+00
-2.610528002459771457e+00
1.777723894779054792e+00
-2.239697193014815291e+00
-2.752174626574485750e+00
1.403427895221013522e+00
-6.576123153529688459e+00
5.021443124587309903e+00
-3.363156377797035024e+00
4.877430363910177924e+00
5.646129229567392827e+00
-3.431648976585374822e+00
4.120964539886285749e+00
-8.129989245526733077e-01
-1.786342779521657098e+00
6.486187106237868427e-01
2.451561980963013809e+00
2.972025855140801864e-01
4.209273822054957037e+00
-2.651640942562476511e+00
4.060705487484557730e-01
-3.054685523491080801e+00
-3.902243064158887886e+00
-1.246800126649116880e+00
4.849378929094065871e-01
-3.092358677942188994e+00
-1.714725389609338402e+00
4.857400212414224039e-01
-5.619682326842570852e+00
1.665528729747062786e-01
-4.493843459857906453e+00
1.107557156382434627e-01
2.687374627341374111e+00
2.846905515753566096e+00
-6.629514881909747137e-01
1.877726933318544233e+00
-3.059256738736955139e+00
-2.537234113057034168e+00
1.638600418477434095e+00
2.608404724764949556e+00
6.049629605798373388e-01
-3.871181426407074966e+00
1.705628030805268036e+00
-5.773606859414710968e+00
3.618688198217564711e+00
-4.850893501007081388e-01
-3.223125136520064160e+00
-3.026466391453625504e-01
-3.435911744448215011e+00
-5.824219347808718084e+00
-7.201464165699139386e+00
5.902832793282025037e+00
-3.310619247432072587e+00
2.090398955019987959e+00
-5.189596478802910084e+00
-3.832185371748029201e+00
-5.338998517176272607e+00
-5.442557561492557205e+00
-3.848836075670334367e+00
-1.638819742373255339e+00
4.268448316762651906e-01
-1.001103024842564748e+00
-6.297967184394941853e+00
2.132874049006669992e+00
2.714085923831891733e+00
2.074191133148270083e+00
2.469110528714796304e-01
6.185032337198006047e+00
-2.280273723963705645e+00
5.567873327825395569e-01
2.207414471501131459e+00
1.103400455754572906e-01
-1.212869915876314320e+00
7.124879246477459072e-01
1.587958671695208324e+00
-1.943707491799034459e+00
-3.129171894957782918e+00
8.173712689869760961e-01
-8.471999646930012062e+00
2.614547472436514752e-01
1.259297715374690707e+00
5.075191461944550397e+00
4.798960644811788967e+00
-9.498722397901034897e-01
9.301894688717750048e-01
2.253777594239863014e-01
2.531101149573244058e+00
-5.714734638263093025e+00
2.035748604875701862e+00
4.563361733108315832e+00
-7.567572404817042298e-01
2.298058848678546706e+00
2.436878743549563353e+00
-1.135937056897408759e+00
4.582306833051981165e+00
-6.445832487928602639e+00
-4.556926898127231063e+00
3.120642231160744462e+00
2.585088693647460634e+00
3.397812782143316834e+00
-3.147052444637508994e+00
-5.799276132443661247e+00
-8.074031274181217022e-01
2.437613601443848199e-01
1.184073186309622994e+00
2.174102019759503790e+00
2.129686094034080046e+00
6.453946728934882415e+00
-1.594734371569790365e+00
-5.012694934464850149e+00
3.461345711983508266e+00
6.744714164388436739e-01
9.660603209298400662e-01
-6.531054880743387692e+00
1.583061894979017836e+00
5.510878368088508061e+00
1.659412615266474544e+00
8.092564185504995677e+00
-2.966520103092948446e+00
-3.087012538120882166e+00
1.395550339106902404e+00
2.666384796766444243e+00
8.587779510607519429e-01
3.039073859755090812e+00
-1.166278115220072964e+00
5.311817029142618107e-01
-6.815514067899085537e-01
-6.366087461879590403e-01
3.291115269414020883e+00
4.115083478857351373e+00
-6.011931156430225798e+00
1.186772670821028886e+00
2.566284531444081640e+00
-9.755943340964106092e-01
2.710054919106861249e+00
-1.039902909092810024e+00
5.628140247277015895e+00
2.011090388831710207e+00
-1.582646745572598990e+00
-6.392176525961636990e+00
1.340779008845649267e+00
6.314413172666704988e+00
-4.057341824032044464e+00
3.160035111267409214e+00
-5.179819795551996897e+00
4.766087161798641780e+00
4.185135371550074979e-02
1.370116198412382413e+00
-1.830015338256938962e-01
-1.379231746321577523e+00
5.793146590200796808e+00
2.589107812104678441e-01
-1.590387327389376049e+00
5.528699643539214392e+00
-2.947352020458336774e+00
2.341107082310195153e+00
-2.174622073072212558e+00
3.528964507109412896e+00
7.712772461225192444e+00
4.401776008164197229e+00
-2.905409251502175660e+00
-1.759550833521053903e+00
-6.649748751497941424e-01
-3.079398927663695495e+00
3.031263696664098228e-01
-5.127535562784983014e+00
-1.525527794599665699e+00
2.105249817707695925e+00
-2.768821689451645529e+00
7.739177228476126658e+00
-9.539031696546262928e-01
3.658538254236250786e+00
4.739723671411284478e+00
5.765543164398927445e+00
-4.971437802107157022e-01
-5.010643120013813956e+00
-3.004848469662071420e+00
4.646097287534090015e+00
6.993253309105970317e+00
1.030111403303127116e+00
-1.538273091760446132e+00
-7.721459802987094001e-01
3.775136897186651463e+00
-3.029160589297031358e-01
-4.315902473425690999e+00
-2.188707941155667136e+00
1.137794954565302774e+00
-7.117341713869237196e+00
2.068173810613778585e+00
3.425139581920622955e+00
-1.314638293321479967e+00
-4.401078423840527609e-01
1.023761796256411394e+00
1.918125582444579758e+00
4.574311291005749069e+00
4.214269760914399754e+00
6.498196737409336343e-01
-5.169171155661324235e+00
-2.475244660391320295e-01
-4.474919339991322076e+00
-1.784949043690996495e+00
