4.152515331027084589e-01
3.171650542281738705e-01
7.776187887875917193e-01
-1.342918805642231983e-01
-4.490429477338211267e-02
8.974500348137647299e-01
-1.258837688926361054e+00
1.007364810151853557e-01
2.866314888430246954e-01
8.862799044425836437e-01
-5.992208571582544607e-01
-8.136405791884037120e-01
-1.066137857152813506e+00
1.442787006496671687e+00
-1.665780823443553826e+00
1.655517143012514403e+00
-7.113969128466239855e-01
-1.044984842054586860e+00
-1.457762359290798004e+00
-1.298819825025855579e+00
4.127079819373896119e-01
1.460336723900250711e-01
-1.434868076234201428e-01
-6.295273535261207698e-01
7.436805355965514508e-01
1.081532523645878818e+00
1.046186642159132596e+00
-4.703331846030689434e-01
-3.089326305710622389e-01
3.188871337918990800e+00
-4.100749121678297082e-01
-7.469585758962355992e-01
7.633478269423510376e-01
-1.296837848064743337e+00
-5.358974700262073565e-01
-1.758706327945550374e+00
1.538290489447468046e+00
-7.453312204421363996e-01
-1.155492273449720553e-01
1.238311631057815720e+00
-1.819327691734746288e+00
-1.721486460207083624e+00
-1.037262734424455601e-01
-2.549009214770879828e-01
6.415430596469076097e-01
-1.570511055611929496e-01
1.341463168050824661e+00
1.103210853505010913e+00
7.598624942514546898e-01
4.753184340901911997e-01
-1.572099146657529589e+00
-8.694701541480556184e-01
-8.810120182576733905e-01
9.998526608158998519e-01
8.590477085732745044e-01
-1.105322696199488239e-02
-7.050938369291539498e-01
-1.885228774200904844e+00
-1.128220017473092085e+00
-1.277046261887209599e+00
9.950638195318457502e-01
7.962646148832636106e-01
1.188137987237623872e+00
1.285917196424775977e+00
8.512475535020964656e-01
1.349680759655865758e+00
1.577385387403957839e-01
1.075405733333799851e+00
8.361091084631528947e-01
-7.913469764593289435e-01
7.319071909592429481e-01
-2.714847882011176550e-01
4.870143705059690187e-01
-2.333595573384713850e-01
-5.404688499194107432e-03
-1.022730717796364708e+00
-1.294910240213185570e+00
1.566320162625897128e+00
1.118277559572716795e-02
8.424788145834811726e-01
-2.118687479681517161e+00
-1.667988165580696291e+00
5.891003302304087530e-02
-2.911673618369806649e-01
7.113537725685045165e-01
8.218525587807046229e-02
-8.854470857040755427e-02
1.111645777672585655e+00
-1.289212506321102847e+00
-9.270171187681086611e-01
1.316868272351130464e-01
-1.112712726950916498e+00
1.437602388515803131e+00
-8.656836282209107170e-02
1.519053679999801121e+00
1.316231087639609054e+00
-1.364392456393465070e-01
1.438119105742630133e+00
2.623422583105569084e-01
1.239391400342404470e+00
1.114507581880817000e+00
3.974542713233343849e-01
-4.248203881282968664e-01
9.716733559578664137e-01
-3.001061489948254613e-01
-8.255651538889606789e-01
-1.225284967357462396e+00
-5.727991263887186602e-01
6.253786902450955143e-01
-1.071309605381871588e+00
1.066205982419801135e+00
2.817200643717970854e-01
-5.381271781359762141e-01
-1.205121063261910042e+00
1.102635085237021695e+00
6.042558348611046792e-01
5.190278162598347400e-01
5.303495735640577635e-01
-3.013025784596373713e-01
-8.429303499920933751e-01
-1.036584388878913909e-01
5.333146166479044714e-01
3.512074958321448337e-01
1.366279539881904148e-01
1.052777812661438883e+00
-7.783932112768436884e-01
1.357659063497603125e+00
-1.883670241961201253e+00
1.271195373857311406e+00
1.945028942090515800e+00
-2.817481092941516163e-01
-1.122542023466978289e+00
1.128705131612085300e+00
-7.906297074769025324e-01
-4.404138463030832229e-01
8.167698023672013141e-01
-1.659607014261731850e+00
1.411002467231114443e-01
-8.557730325817167749e-01
1.152066828581642444e+00
5.247590094550564910e-01
-1.282409360271958398e+00
-1.558119249621800151e+00
8.054434642771276520e-01
7.810336234622095031e-01
2.111730222000285373e-01
1.484009720701520152e+00
-1.182538583502039664e+00
1.027609631197339279e+00
1.306732651176413018e+00
6.947146508399708598e-01
1.652876269403732223e+00
1.866830782143027889e+00
-1.070920237650309303e+00
-1.302227080166320494e+00
8.158422503802208459e-01
1.776035551307785454e+00
9.648322519105965167e-01
-2.962043591037701873e-01
-1.286399039829359214e+00
-2.428192742698990769e-01
1.308633144182147490e+00
1.647265479231269758e+00
1.776860982025661784e+00
-7.686281063080050435e-01
3.311696714796980023e-01
1.810249031027047595e+00
-5.996809076016431650e-01
4.274894195073903336e-01
1.117364150602150108e+00
6.850905780945359957e-01
1.316905330659552398e+00
1.750849426162672806e+00
8.980315072822484534e-01
1.908225814856838953e+00
7.157939308701694037e-01
-1.153287352411218603e+00
-4.574483897726526749e-01
7.455432701490489755e-01
-7.781272156737829571e-01
6.189552735397014782e-01
-3.751292611991168258e-01
-8.573055675366392236e-02
-4.079993566330530896e-02
-8.557457859042711945e-01
1.578780965446715534e+00
-1.692485254622033697e-02
-9.566867849097078214e-01
-5.808621465585634969e-01
-3.167970472739478627e-01
4.866599930184978828e-01
3.201855104684884212e-01
-1.512686949519337132e+00
8.041762869341951836e-01
1.398652825876685268e+00
-1.148919585447694569e+00
4.410443396540137395e-01
-8.310298698840763443e-01
1.106610443319788750e+00
7.500466167090195091e-01
-1.135588861313579390e+00
1.193315441174829239e+00
-3.829193012185370115e-01
9.312395380202580508e-01
-8.402283633024838494e-01
-1.314953200151820045e+00
-1.434102756546029367e+00
1.254582176875329136e+00
8.366358647302950535e-01
1.260969560447419813e+00
7.502422265267284507e-01
-6.293491291718622538e-01
-1.238485133843030273e+00
6.100806258414566141e-01
2.458265348877942402e-01
1.324385966829653150e+00
-7.341357194221792559e-01
6.649649593687241289e-01
-8.917180862162424893e-01
-1.528770419875037923e-01
-1.508489196482240446e+00
2.015667684715055641e-01
-5.634256616753416935e-01
1.346560406908481111e+00
2.549775791331955199e-01
-1.491684472183964827e+00
1.537034081234898819e+00
3.199807787030892747e-01
9.851246925957524159e-02
-7.131229707912302151e-01
-1.468686063660228358e-01
-6.296207783524458979e-01
1.191961861976650550e+00
-7.950419043255191331e-01
1.857948239867858620e+00
-5.309607717109616765e-01
-1.124496315108443500e+00
-1.512131957547026673e+00
-3.272158404257553554e-01
1.847481455881580248e-01
1.186634946801832236e+00
-1.164600987397517162e+00
-1.799019707336399376e+00
7.074490735645304618e-01
1.148628905624331065e+00
1.447212541500965677e-01
8.553524868494439826e-01
1.860681235710786474e+00
7.603551012855522817e-01
1.349709243861099806e+00
-3.321899803125761830e-01
6.934232168890275272e-01
1.871634904448065129e-01
9.420283621276214214e-01
-2.042103455573429649e-02
4.767428100458725448e-01
-3.325120538365545775e-01
7.571806297094123561e-01
1.634795935718925008e+00
1.106410588102252568e+00
-1.136413489423902856e+00
1.476244329789762277e+00
9.616148649020571648e-01
-2.732916574725929859e-01
6.087445767497434712e-01
