-9.655378545829802484e-01
-6.896035740838897254e-01
-6.596473507911744250e-01
9.164517284703124211e-01
-4.929538559049118085e-01
-1.820666618459454433e-01
3.157299865131986127e-01
3.334935388744122431e-01
4.400338780439638775e-02
9.286840477779727543e-01
-2.269535833107954037e-01
-5.903808473021410208e-02
-9.166747779730517465e-01
4.127328201683828635e-01
3.534730275707786973e-02
-5.210550334754711077e-01
5.004449209020092049e-01
7.952071575118482283e-01
5.534310930046806298e-01
-8.102161791162014737e-01
4.103374283822303070e-01
-9.531706904262551294e-01
-9.984422704730369080e-01
4.568118756792050039e-01
9.776388799340498537e-01
-5.802957017400636186e-01
3.417606748031751795e-01
-9.842300317116858821e-01
-1.823866110159562126e-01
-5.710371079016269835e-01
9.404873848309232010e-01
-2.304466880254865124e-01
4.631933063671864748e-01
-9.860169768208382202e-02
-8.144278773556239415e-01
-3.835371645122085393e-01
3.259784239955527685e-01
7.591810587325935611e-01
6.741495514273028178e-01
-5.938614519355311927e-02
-3.044767986920748903e-02
2.460656824828701961e-01
-4.950884738484704339e-01
2.786674806565325735e-01
1.192703815270854673e-01
7.407328215376152158e-01
-1.735671061700267970e-01
-3.885069962769944762e-01
-8.796942618305214623e-01
9.025206106632253089e-01
6.160610748268813275e-01
3.500381440443820491e-01
2.471209737386346195e-01
8.937800050984678890e-02
7.913100298087585305e-01
-7.688409506911868529e-01
-5.696112613119130863e-02
1.129465683816899269e-01
3.024917094567465270e-01
-9.576843651585686956e-01
-9.677236760456322529e-01
8.839294053567046117e-01
-2.430864431484422994e-01
-8.842009045939835943e-01
6.942190737045084159e-01
-4.302536630286803998e-01
1.848862811810056961e-01
4.649721927289158785e-01
4.267632865668435915e-01
1.256060578474968992e-01
-4.112939004184872349e-01
7.304568753558406957e-01
-2.251430097054736290e-01
-2.177910032724283962e-01
3.133037642214417939e-01
-1.347251823661326231e-01
2.893542320930448941e-01
8.023046217568285954e-02
-2.098473298666008180e-01
1.204334865862417558e-01
-2.902200478980487830e-01
-7.979090500154673027e-01
4.748045335330997041e-02
5.513369081093908441e-01
6.286487663629585221e-01
-4.363896329285705811e-01
-5.852961170140202896e-01
-1.832786445196630254e-01
-8.773854139590924195e-01
9.884420189600253703e-01
3.869472405632872203e-01
1.988208145256344928e-01
4.279283097039070505e-01
-4.357100607738415565e-01
-4.766321799467960751e-01
-9.303141248939168495e-01
-3.477124173910992599e-01
-6.788035146400772657e-01
8.185702765891822441e-01
-2.040413235630804678e-01
1.783053711732500712e-01
-5.104810298413924308e-01
7.130550667425317179e-01
-2.135009400533718349e-01
-1.201447206237726828e-01
-7.159174736362401426e-01
5.694425820505937264e-01
-5.828349331834048463e-01
-8.760173316002071164e-01
-4.742088112949338630e-01
-5.295645095996914797e-02
8.559335322402845669e-01
9.319922412276615553e-01
7.621316444088099828e-01
-6.469912029791780039e-01
-9.699028128358619938e-01
5.454178215665859142e-01
-1.018367852327870526e-01
-7.793180220111726175e-01
-7.153913728440322028e-01
9.469569734037865949e-01
-8.682679564139004214e-01
-2.017502473037982025e-01
2.003886803624881363e-01
-2.542025154903813089e-01
5.732057627560465107e-01
2.262347786522918014e-01
1.090009525186050876e-01
-3.751000465869549494e-01
4.228118681090673459e-01
6.653840432020812212e-01
-9.069928428277060917e-01
-9.433608039125525035e-01
5.924819061310326873e-01
6.767446846045865883e-01
-8.572643382357767461e-01
5.333687331480418958e-01
4.085182931955944063e-02
9.278584162050629303e-02
-2.763464841880642897e-01
-1.734738481186790526e-01
-3.929065836967100545e-01
4.788782852386530564e-01
-6.069332403811837917e-01
-3.126872907293809511e-01
4.272161362124764494e-01
2.091400192543744208e-01
-1.290800363949482499e-01
8.888564009055919257e-01
3.392861614541682336e-01
3.225103788297005725e-01
-3.572785286406023886e-01
-4.067604355312348652e-01
3.914119362517149980e-01
-2.399642181363939031e-01
-3.917391204876150557e-01
-7.114672656238241188e-01
-8.435579190886719481e-01
-5.635617986450294215e-01
-7.576540872406467564e-02
-4.264328921463518274e-01
-9.377559271507567296e-01
-4.307419791195390424e-01
-7.105168967559087889e-01
-3.370147763790303230e-01
-6.955038180814101523e-01
-4.919177223812782884e-01
-5.480197679824350132e-02
-8.493644126960286922e-01
-4.821919340608589177e-01
1.859686343112916251e-01
-5.313204218657774369e-01
6.608186805393467811e-01
-4.248574451084998760e-01
-5.263754244652971703e-01
-9.887348535046844855e-01
-6.360211571414737808e-01
-5.362377761469001580e-01
7.574143835164948158e-02
-5.144671445447170921e-01
-6.630514295730627339e-02
6.116566088618125008e-02
7.289326066076289301e-01
-1.116682418727690251e-01
6.115663953022365540e-02
-9.324420679549374480e-01
-6.662238521801171487e-01
-5.232819786470297441e-01
-1.302764205768625061e-02
1.506399945250953554e-01
-9.317198033173756944e-01
6.007067301934259085e-01
4.063557486434987709e-02
-8.786652755324158015e-01
-8.493059510030327441e-01
1.948556410045581000e-01
-1.502798501921553953e-01
-3.338096280979740982e-01
-4.797842918162278369e-01
4.647699027911973424e-01
-7.013975545600237282e-01
1.117376940210295100e-01
8.989710611709116339e-01
5.171467326862155822e-01
3.046330914456845118e-01
1.373769931242008191e-01
-5.201281810936519978e-01
8.154448882042464319e-02
6.880994829268587409e-01
8.429742865258935680e-01
-4.146349615147670864e-01
-6.634365366158416766e-01
9.134410627994473675e-01
-5.221961234359027149e-01
7.013107639908815472e-01
-1.715816723866339100e-01
3.075776488242047968e-01
-5.708308772676773390e-01
2.678531522965090783e-01
7.228365151565407931e-01
7.166112960729302817e-01
-5.646285776793629196e-01
8.928960721729666261e-01
-1.256300057699057948e-01
1.375548197124947247e-01
-9.722974860730615454e-01
9.081825042161644213e-01
8.030892897346679771e-01
6.361853104643042656e-01
-3.828015982736401313e-01
1.803483337382845164e-01
9.719897498336680375e-01
-1.215371893064565167e-01
8.045592050293002284e-01
-3.425148145865133387e-01
9.721116923680683808e-01
-4.016528688780982570e-01
2.073110722091011660e-01
-7.428242145572183652e-01
-9.716539777800936584e-02
8.941302644727013860e-01
1.942153272947850784e-01
6.535343822518382417e-01
-8.595945133249656145e-01
6.242926898839333827e-01
-3.737302569622960036e-01
-5.280207372093057572e-01
-5.667214526899466698e-02
-4.275250884862813461e-01
-7.060086319514755626e-01
-9.121275832217172752e-01
-5.709253846346471484e-01
6.535048899490503160e-01
3.635493990013904941e-01
9.085797021847343835e-01
9.452276068185276880e-01
-3.900510582895326817e-01
3.788094337255645261e-01
7.478371152616991591e-01
-3.686792027533456473e-01
2.533666572396287009e-03
-1.419699787000627822e-03
-2.936097938596846646e-01
8.707106535357516108e-01
-7.771085560275547977e-01
