-2.892362866966329715e+00
1.616927477920308220e+01
-1.309267873092914058e+01
2.792706478847886586e+00
2.639495597591216125e+01
-4.895433521771375140e-01
-1.492611831605923456e+01
-2.059714859902639361e+01
2.335836377702066591e-01
-2.495025294538485150e-01
-1.617998034676494257e+01
-1.878866746972979840e+01
1.440401882149283352e+01
-7.671814691814989651e+00
1.975573346689718690e+01
9.044604686057095222e+00
-6.552930725708483450e-01
9.565104809561606913e+00
4.011711598770368425e+00
9.522858805459129883e+00
7.679900369482997924e+00
-9.378067554185536281e+00
-1.524247373234862657e+01
-2.458583293117100332e-01
2.239862161548924480e+00
-1.874769266109186461e+01
1.033611011003103464e+01
2.715879432747706801e+01
1.515717057916759458e+01
1.046126621178844118e+01
2.444840934735107219e+00
-1.504584200373743030e+01
4.323982249401847611e+00
-5.839743851947750919e+00
-2.456876991958375456e+01
-1.266185195631100235e+01
2.550664451262774080e+01
-1.000942031320096781e+01
4.975485591571978006e+00
2.391154234148952185e+01
1.144928207298082512e+01
-5.665389807751169293e+00
-4.340905733458460958e+01
-3.274420867494179710e+00
-1.610442616386684378e+01
6.192542086821408720e-01
-6.904292239813800691e+00
1.264133807560931544e+01
7.953291273962473262e+00
-3.824376353379221882e+01
-2.100710895368822495e-01
-6.444340303843132389e-01
-1.279597634228060343e+01
1.275723982871578066e+00
-1.317141310781555319e+01
-3.844323326796076579e+00
1.455550834028854901e+01
-2.911070192817697411e+00
-4.316194118778744482e+00
-3.003363242221609219e+00
1.927685383784731954e+01
8.725052173503325958e-01
-6.373038039732060511e+00
-1.558508006158133874e+01
5.747496024401268500e+00
-2.252479390229512823e+00
2.395366681478125770e+01
7.476756834737889434e+00
2.067323594958120125e+01
-6.438271784844851631e+00
1.456098026230685782e+01
-7.467733303278740742e+00
8.093441079242637670e+00
2.208102719378176459e+01
1.665353688770927576e+01
7.404057251185891531e-02
1.506570805482395059e+01
-1.679146663545193263e+01
-7.169632486026215723e+00
-5.708667408984846148e+00
6.933598785717594915e+00
-2.936926752809731145e+00
7.350647284179159691e+00
2.512259312294069957e+00
-3.208025249591635486e+00
-1.034915336005715680e+01
1.993058827382020937e+01
-1.663264195800393352e+01
1.138603930767156669e+01
3.225985236724558725e+00
-2.441814087342816020e+00
-5.078611228592218030e-01
-2.283921720071885986e+00
1.934393882854524094e+01
2.661147466811060625e+01
-1.625831054123344899e+01
1.517966132358633757e+01
-1.932809795319172963e+01
-5.151696035001753771e-01
3.129187513638957796e+01
4.843691895431788907e+00
-2.464411760695679021e+00
-1.676693491197742603e+01
-9.004157845547938743e-01
-8.580573583177307784e-01
-1.430267457669124553e+01
-1.648320558561338345e+01
-1.248088717095283684e+00
-4.377626433115368698e+00
-6.591389506143872978e+00
2.146264426057014063e+01
8.268399931426985816e+00
1.864731675004989153e+00
-4.814143898746124250e+00
3.560090050843868426e+00
-2.678493777497915396e+00
6.520095122346173611e+00
2.921656509588054007e+01
-4.172402593676783233e+00
-4.816075662836409421e+00
7.963832578311122568e+00
-8.535601176330693818e-01
7.329434524627866931e-01
5.437984456872309025e+00
6.863064261640200669e+00
1.711310286173257111e+01
1.141886089031494578e+01
5.752787368577394034e+00
1.515312751863521434e+01
-8.016040736445489756e+00
-1.642492730837765080e+01
4.044815808613763330e+00
2.917009512984485742e+00
-8.486369962760653252e+00
1.172592840992729180e+01
1.665091875194839588e+00
-1.172906215082408821e+01
8.190144375257800036e+00
1.750211603775823477e+01
1.520669211459527759e+01
-1.323800753126964214e+00
6.737165575760908354e+00
-4.066505109475616386e+00
6.639897829180442912e+00
-1.456836051438589408e+01
1.975695990619207976e+01
-1.686377537730522125e+00
-2.652728633889428878e+01
5.630699204717632966e-01
-7.132742704296761715e+00
-7.721932978306198514e+00
1.681539139375913550e+01
8.523562185700404470e+00
-6.856461426537221016e+00
-6.849711524736367352e+00
-4.625600701592633257e+00
-1.581369971992785395e-02
-1.394195217685034294e+00
-9.890979472552946516e-01
-1.057977981260236433e+01
1.073585545353346760e+01
7.655900451740327739e+00
7.249885510062878957e+00
-5.226438677511267450e+00
4.155577774170843841e-01
2.510550774922451112e+01
5.319913469028714204e-01
2.448570277688545360e+01
7.461142878487218688e+00
-1.399902677621585134e+01
5.470326686221386403e+00
-8.888543313634120757e-01
1.945179581835812144e+01
-4.854927527108205965e-01
-6.115399550449484245e+00
1.540464134909043548e+00
2.762080767621230493e+01
-1.089413240114794235e+01
-3.225279289999844679e+01
-1.978222753759843400e+01
4.246672840972229857e+00
6.242806680803352215e+00
5.200130017199001919e+00
4.178331223438134678e+00
-8.451106397843780371e+00
-2.190072517370058947e+01
1.897750573053964018e+01
-4.274086407569927637e+00
-9.911192532985255710e+00
-1.141694653489363986e+01
3.047333536211947358e+00
3.281956213164696123e+01
-1.816560899165514087e+01
-2.115719098895584693e+01
-7.796006537529470037e+00
6.492793262567877477e+00
-7.990613303333139683e+00
1.308586611626552632e+01
2.552519366577372750e+01
5.199079576903908873e+00
1.001405890608539906e+01
-1.824569448204016453e-01
1.184883677594371321e+01
2.108618728701268452e+01
6.699626393349944919e+00
-9.352383743665203752e+00
8.121017557805041420e+00
4.497964268054073678e+00
6.709263894665307149e+00
8.535872089444563882e-01
7.680426683187102643e-01
2.154708088144741396e+01
6.737829745853574970e+00
-5.461630389932506269e+00
4.907145981661399148e+00
9.588922064595713834e+00
-1.699969313457144793e+01
2.451398034742466869e+00
1.272262440032900521e+01
-9.085960900154246289e-01
-1.461721678605460362e+01
8.767476282829195000e+00
-5.451282697427025425e+00
1.669241447824693081e+00
-8.903455426084082580e-01
5.916660449325760851e+00
2.500314391271640702e+01
8.399736800139837811e+00
2.005233435551233612e+01
3.877937626021139561e+00
3.962343510114476608e+00
-3.145156189214353759e+01
-1.051590825857723743e+01
1.530843691522519379e+01
3.073108984855500214e+00
-9.080292192771670656e+00
-9.309607603179347990e+00
-8.021146112811038620e+00
2.155268867519056286e+01
-4.320381299534438724e-01
-1.667517317626234075e+01
-4.179935429554545578e+01
-9.002757825648769696e+00
-8.580454096587580182e+00
1.156858406290453090e+01
-6.147826097577972604e+00
1.752114562451826174e+00
-7.852957787853673821e+00
1.365529708351536975e+01
2.079206304527794558e+01
-1.737105147957378470e+00
-1.028541037820604842e+01
-8.249674143702351969e+00
4.176829564655630378e+00
1.499698665293834310e+01
-9.619538962552613981e+00
1.699554673085157575e+01
2.586089311594551887e+01
2.281084698320943360e+01
2.123793156213013944e+01
-1.975840374078298112e+01
-2.940628505301460471e+00
-6.103487644808231138e+00
-8.730571650250228188e+00
-1.564854497908410025e+00
