6.370693957005875152e-01
1.033811830065465287e-01
-2.078531127281757485e-02
-3.619023097327376259e-01
6.981955172222646944e-01
5.237833998888110631e-01
-6.341533482758368034e-01
3.384741087151417194e-01
5.642334148921444026e-01
3.993249980622348705e-01
2.681538781030572416e-01
8.858458435445477619e-01
-8.021223098430285692e-01
7.504060879673379869e-01
-5.735795550031639323e-01
8.136181613955395520e-01
8.140143111840631995e-01
1.548372913590427835e-01
-1.892205985498907062e-01
9.864808659437749316e-01
-8.731830095755692689e-01
-2.652009201951943673e-02
6.954913338113644095e-02
-8.255678354970596988e-01
8.682987444335252825e-01
-2.931264638370723041e-01
-2.104349217015903939e-01
8.505953428627528456e-01
8.171220867483832695e-01
-5.051567173706466019e-01
5.472788124879928162e-01
-1.597200616582723498e-01
7.952137746865191037e-01
8.644889211167943177e-01
2.843047452178781853e-02
8.479421507912425771e-01
2.775499459395078805e-01
4.534919214048294123e-02
-3.686840225632979084e-01
6.749728829367704908e-01
4.632271772762530659e-01
9.878744524050870890e-01
-5.606372630620597430e-01
2.034691532789092427e-01
-2.311860145665580735e-01
7.448958448624067863e-01
4.528700353153654046e-01
-1.838673860101269764e-01
2.707957006099133146e-01
-8.985950509167810463e-01
-6.862803804121948570e-01
6.510466164517403342e-02
3.712194768162473402e-01
-4.874205939938662802e-01
1.995938791659968015e-01
-4.177001571890122111e-01
-9.868953425447326566e-01
2.971267250126086168e-02
4.843568849329771275e-01
2.222876138139178170e-01
-1.605164889980206233e-01
-9.107403216929663703e-01
-4.883341016383517807e-01
3.979235118096990931e-02
-8.292649147382427088e-01
6.952323958936201809e-01
4.605983687653369962e-01
-5.676594996500585744e-01
-1.987496452176054085e-01
-3.525335683580643753e-01
-8.688827284553968244e-01
2.266462340152430865e-01
-7.877260379380992550e-01
-3.584326056449771425e-01
7.151451938123933871e-01
6.231496193299215225e-01
-8.299132745894972629e-01
1.811375398374670542e-01
-6.567249908490637722e-01
9.170342721067117342e-01
6.690029833877972898e-01
-8.598228106222221001e-01
6.338495705318007989e-01
-7.016981035502114494e-01
7.688695583761433472e-01
8.455803355529003529e-01
8.417458574610292565e-01
7.757268550508071847e-01
4.907508644565028444e-01
4.629120145522145346e-01
-6.783553676371312235e-01
-3.823419609259288698e-01
7.302336060509593274e-01
-9.308419807004844060e-01
9.773967459376473599e-01
6.856722507405130784e-01
-2.113549887942076655e-01
-4.238003426533869522e-01
-7.078959652594969398e-01
1.671222099263138805e-01
-3.212710083947132311e-01
-6.124232751957263687e-01
2.570891119483342813e-02
8.062128933739960424e-01
5.272235279047958745e-01
7.528525958268503793e-01
2.553020859483301486e-01
9.150229839218049221e-02
-2.584306515692562645e-01
-9.143278680932360736e-01
1.338770421985617798e-01
1.857453329330234215e-01
8.235523283072676559e-01
-9.238739436861189702e-01
-7.805958021569781025e-01
1.819787605494751492e-01
1.513972780973733556e-01
-2.507226227804966179e-01
4.856747450401699417e-02
3.737194819190641226e-01
2.308984558580062796e-01
-8.034218045877188352e-01
-1.535197371938152866e-01
-8.009179823986802838e-01
-5.376081421349265810e-03
8.126203444505430973e-02
2.350580512714641745e-01
-8.574394672831155972e-01
-3.491864385124321402e-02
-5.503396374646356559e-01
-7.094741982274199721e-02
2.676809602066265725e-02
3.251768226773212866e-01
-7.732565710980054963e-01
7.046197630584345450e-01
5.418655582045002195e-01
-4.490631993694629287e-01
-1.039050207364078382e-01
1.312228834335316119e-01
-1.688842081267760697e-02
9.319193657175914858e-01
4.239258646560135624e-01
-1.851319125934400844e-01
1.898462915557770359e-01
9.797679926092794922e-02
5.992035376514590617e-01
7.242546611574551818e-01
7.223739387652661215e-01
-2.352115050735605895e-01
-1.949769347506524753e-01
-8.697249773279149831e-01
9.581098177780125180e-01
7.827843939531864415e-01
-7.841955593268405966e-01
-4.276123760203980328e-01
-3.620049795116533353e-01
7.108622852207044929e-01
2.659271596053960351e-01
9.729891647847683789e-01
-4.866420674137779123e-01
1.308088312553061794e-01
5.625368733531395105e-01
-5.596318052174829027e-01
4.097085358835927948e-01
-1.844015811395327553e-01
-8.401876144618491971e-01
4.357701979666439573e-01
1.805499082111658993e-01
-9.287670752747512193e-01
-6.248657483734074702e-01
-2.813111607488132382e-01
9.046065128294584756e-01
1.738958672536001782e-01
9.236178326788062609e-01
2.410075740051069726e-01
-1.080508638507393648e-02
4.380836282670974580e-01
-8.832392381000975234e-02
-4.655527274896238410e-01
-8.437534773321564430e-01
7.251190332579517950e-01
-1.024646527484638359e-01
-7.215102186351818325e-02
-1.986106343628959436e-01
1.332401196873935767e-01
6.415270791107061665e-01
-3.361420262272527548e-01
-5.970128926423150517e-01
8.995512231434492634e-01
-4.990818076654612856e-01
-9.299724149067682966e-01
-1.568843083611588529e-01
9.559224499048561974e-01
6.004781577827529304e-01
-8.625921571912105179e-01
2.961182390827721278e-01
-9.743443687184933921e-01
-4.216218797348039171e-01
-3.644391179872874531e-01
-1.058017204073324891e-01
1.144515016187330758e-01
-2.553635550601980331e-01
6.807891764657985068e-01
6.382404247556243693e-01
2.207473026816910711e-01
-9.552151753800957046e-01
-2.467963088700546592e-01
3.243348576476474676e-01
-8.641479336510959897e-02
4.164651573357962544e-01
-3.107422034526132748e-01
-9.182811260003713727e-01
-6.713162658917282144e-01
9.150794967034032723e-01
3.213673168364588051e-01
4.439227575743625032e-01
-2.243542952815309466e-01
-3.226743687521338444e-02
-1.236434428684154430e-01
7.141726475046266120e-01
6.024946922077241140e-01
-7.527278770309475675e-01
-7.755682512969390707e-01
8.508468046146742125e-01
-3.204365859839541919e-02
-5.371994901623804441e-01
6.336693329531017937e-01
4.998545645389269598e-01
7.187848271667836020e-01
-1.758092158596058496e-01
3.056182396080215913e-01
-7.718217475374367087e-01
4.244887664127878768e-01
-7.701377967729372553e-01
5.892705196333811735e-01
-9.324252741678518142e-02
1.261164408943553639e-01
3.913736426300848947e-01
-2.390514604268085819e-01
-3.852030697269088755e-01
-9.020159020971301178e-01
1.732354843913326281e-01
-1.660072812758384142e-01
-7.478901473579622206e-01
4.457987632895765717e-01
-2.350454327608488825e-01
9.165759641509059197e-01
-1.250180607761495200e-01
-4.292180074328317829e-01
-6.740661111834800323e-04
5.712619361639035276e-01
1.685689361869711078e-01
2.039088109894267031e-01
-6.358315467101538498e-01
-6.144825923857348826e-01
-7.930276059198151373e-01
3.670500990548686282e-01
-7.915543421917230482e-01
7.167144309436592753e-01
-5.498758980526701201e-01
5.580577457040816203e-01
-7.866011577558507106e-02
4.410951292782483435e-02
-8.141040034339006581e-01
3.530787483776276492e-01
