-3.509389951165594823e+00
3.424623501539099668e-01
2.361000451159554370e+00
2.474558032678572772e+00
3.072239370974852335e+00
-1.371326219929762891e+00
-9.681639290994678015e-01
-3.110343381591251788e+00
4.216500206776188975e+00
-2.632095734449572788e+00
1.313142909804448699e+00
-2.219853971910311863e+00
-1.650932880690191951e+00
4.211530053382809946e+00
3.121340175427930408e+00
-2.011563593279030560e+00
-4.752826132987976848e+00
-1.617729533602945136e-01
-2.407499444867627236e+00
1.447544993580862194e+00
-1.743721919203054804e-01
-2.594498010689367806e+00
-3.356639029143150044e+00
-7.855019478510241737e-02
4.032440777255787978e+00
4.804819900361795959e+00
9.276276483816831009e-01
1.796769526046109178e+00
9.304588177376141855e-01
-1.482140574680394618e+00
-1.348218673757555774e-01
5.784501052392992948e-01
5.197294796186793242e+00
1.900719383320240485e+00
-2.439849289375406016e+00
-2.241123009121023024e+00
-2.162882627392995083e+00
1.556896308158914000e+00
-8.310840296063394250e-01
2.707684705702413375e+00
1.592669089082229705e+00
8.650982409266042561e-01
2.785081989376335665e-01
-1.349965644808239773e+00
4.080571749564448680e+00
-1.394702263569711942e+00
1.315516096043752192e+00
-2.545390943987615895e+00
1.743938115638326902e+00
-2.452308487078213250e+00
1.428668777670601520e+00
2.351593369516508325e+00
1.377331032096839047e-01
-3.191183047576262588e-01
-5.306545466635201880e-01
-3.215625911516430069e+00
5.614363840421757956e+00
-2.445462513544607752e+00
2.015473412982475843e+00
-5.481292867660736423e-01
5.261758019204665349e-01
-2.850935675004575121e+00
-1.881482088957070475e+00
3.001500830774006978e+00
-4.145003403491295479e+00
-9.559021410992707413e-01
1.615101043336901077e+00
-3.140514888665646986e-01
-3.889928073968463185e+00
-2.433974739299886281e+00
-1.279305475196863107e+00
2.104549601892122368e+00
2.910614442917029976e+00
-1.054930277920274495e+00
1.257172968896616005e+00
-7.738508080831714153e-01
-4.229498853628545163e+00
-8.021958780984106419e-01
-1.205544954240981959e+00
-3.671128869576767983e-01
-1.613827129391124160e+00
3.858072397641377549e+00
5.427114537891439383e+00
-7.784404792879984214e-01
-1.631754831634873115e+00
-1.080253011513399919e+00
4.442417430245066412e-01
2.379092142173969471e+00
-2.775374082671524967e+00
8.851453779543954070e-01
3.408675335374399928e+00
-5.230153175453218672e+00
2.382282755592398438e+00
-2.716181931086728785e+00
3.256967979118371215e+00
4.853685690168880740e+00
-5.542234396708765054e-01
-3.277969761978982266e+00
3.331539634365289770e-01
-1.532958680894990211e+00
-4.784549663019026511e+00
-1.405797753720363863e+00
-1.331165865181103802e+00
-2.821923063112526719e+00
4.834194331905335318e+00
2.423839267555983334e-01
-2.837011133505559002e+00
2.272313375000358349e+00
-1.583414288415067706e+00
3.578094473540367471e+00
-4.720390419216567435e-01
-3.341493262425800914e+00
-2.079776339155098297e-01
-1.827910726542710140e+00
1.954606859316535550e+00
-2.384002989110609150e+00
1.434199881766599627e-01
-2.720442852620906571e+00
9.298948375440860836e-01
4.337633078439629974e-01
4.734942455551948703e-01
4.736061468714160227e+00
3.859341465350046629e+00
-1.763992690076474190e+00
-6.769014245352256154e-01
-9.915615853765219478e-01
3.299087886347615850e+00
1.224103970492686599e+00
-3.220871801411482771e+00
6.627793306005787255e-02
-1.492533956215367219e+00
-3.173948049767587154e+00
-6.301424154619658102e-01
1.578258059321332674e+00
4.677139588612940768e-01
-6.749812084190376371e-02
-1.692683466910819723e+00
2.971547149815285227e+00
3.264488184855537378e-01
-8.881909566101306996e-01
-2.573897167414681331e+00
1.678464644298565567e+00
-2.613520782136712128e+00
6.323944734871799200e-01
-1.743952207182441372e+00
1.105406610640981890e+00
2.501078597161073169e+00
1.491408366267589880e+00
-1.080241075087694513e+00
2.907945052355617399e+00
1.240387646574562686e+00
-4.116092014982280389e+00
2.058534661765824225e+00
3.082174950212437370e+00
-4.437000782417326761e+00
4.542729483955678660e+00
-2.650598089901406329e+00
3.945867937146176452e+00
7.534952391113491910e-01
8.071496148533265913e-01
-3.918108802901871801e-01
-2.934533494417476795e+00
-1.133003144531960160e+00
-8.761624400855243522e-01
1.218227392095841299e+00
-1.779695090006176539e+00
2.878011305000245823e+00
2.394085457602015410e+00
1.559865359954861530e+00
-3.390503272630570608e-01
3.827710275832656439e+00
2.145218452947757815e+00
-3.646724979997989280e+00
7.850962600509516776e-01
2.082140790010713616e+00
-1.005691373265253263e+00
3.738037676411990251e+00
3.023852634315250754e+00
-3.264836531227946370e+00
-3.680504683966667745e-02
-1.105573534010518166e+00
-1.881621193849318252e-01
-1.303128267993893807e+00
-2.111027634097836447e+00
1.173600885437714458e+00
-2.149399003397216568e+00
-1.011784588313712652e+00
2.330204146857397518e+00
9.696793283814544306e-01
1.841357884932885103e+00
-8.049688335049778320e-01
-4.705960451430435398e+00
-3.978354795742078398e+00
2.767859300639537334e+00
-2.549866490058751545e+00
4.024282006560968017e-01
5.153543271481521693e+00
1.798609691477626393e+00
-1.036638060817631990e+00
3.967038691604315659e+00
-1.934641854225692681e+00
-1.223215501560003249e+00
3.682023839066790316e-01
4.199219682080450156e+00
-1.872715149528810574e+00
1.930920760637568012e+00
1.588962888595629064e+00
-4.038938650303007805e+00
-5.942738822616211447e-01
-2.248289334419759200e+00
-1.729355238947590578e+00
2.589656720387291111e-01
2.039610065842914821e+00
2.827857812368467005e+00
-2.590905515477557763e+00
-5.845073057963570684e-03
1.040948442726923995e+00
1.805618928288414970e+00
-4.334164029493503989e+00
-1.913009159311747087e+00
3.865231789290384690e+00
-1.865865852295661265e+00
-8.431448676395068009e-01
-2.477384189542841231e+00
-3.233675904347784069e+00
3.556371955949086061e+00
-2.888553237588781908e+00
-4.449798887293510141e+00
5.222600013619573822e-01
-3.064267292060346648e+00
-3.199509383905958515e+00
-2.881280251181764562e+00
5.049516265519880420e+00
-9.408786753043031359e-01
3.208682973422757989e+00
-3.224090060562701865e+00
3.013309105120794307e+00
3.293894906361813368e-01
3.239010679046463448e-01
1.030275032050540052e+00
-2.401922975523895776e-01
-3.854031517190562361e+00
5.479647277914281744e+00
-1.345165636933866038e+00
1.993318203176177805e+00
-2.462188185608380042e+00
-3.983505311354978762e+00
1.313235665702297439e+00
2.385845180022398981e+00
7.415675216373248668e-01
9.487756492701537869e-01
1.060326398413036220e+00
-3.413573774694860674e+00
4.378105842447395091e+00
-3.010456984016316451e+00
-1.183897874396016459e+00
8.387238895754193235e-01
2.460918959076378698e+00
-1.079852954616870253e+00
3.094317575538329645e+00
5.620720643026342334e-01
2.629763991786112420e+00
-2.860228567422037571e+00
2.749767249340180797e+00
-5.392626301552763124e-01
