-1.451930257519300493e+00
-5.533967841029170387e-01
8.384404412834223219e-04
3.851241028036572200e-01
1.562477386737762375e+00
-7.649110975735698981e-01
6.045450484247493206e-01
6.396656405863490047e-01
9.425485765461338872e-02
1.371466041973405381e-01
1.100068652162956129e+00
7.796877025678352613e-01
-2.395711307316916727e-01
1.455741029711127843e-01
-2.345777269392799180e-01
-4.709678654211291171e-01
-1.480436247973150765e+00
8.627975498959467027e-01
4.239621129188735349e-01
-1.569320656421215876e+00
-4.956854372177147416e-01
9.033820770268754519e-01
1.010473544336085716e+00
-3.597683699766152099e-01
8.066047802651755694e-01
1.385257064592424925e+00
2.006889090111638185e-01
3.791799933968729164e-01
5.710757239162218557e-01
-4.007528168106905264e-02
-1.020398600434346159e+00
1.739939274211944054e-01
5.607201474548009767e-02
-6.990047475243137409e-01
-1.140631518271861378e+00
-1.422742049624211580e+00
1.588682677611319205e+00
6.623909508012608693e-01
1.400966200489077051e+00
-1.600871475399527677e+00
4.964984447595344880e-02
7.910079543470601715e-01
-1.286278818702890181e+00
2.433766698355740998e-01
1.104661501093430642e+00
1.706309861392149019e-01
-8.606339400926825700e-01
8.748576066396165363e-01
1.622554693745662302e+00
-1.196284784249550093e+00
-1.836194508081090637e+00
1.728987492441838025e+00
9.677894903291965889e-01
4.787521123576548021e-01
-7.895059700328885821e-01
-1.540821540753136154e-01
-7.808624067949569980e-01
9.702959987627570726e-01
2.306265969953555484e+00
-5.478707981944103134e-01
-6.010841451521711232e-01
-5.547448897529215772e-01
-1.175851897100224086e+00
5.517685441774038413e-01
2.576969648300003191e-01
3.174838420762789992e-01
-2.485110531360795183e-01
3.063858863196148308e-01
-8.149935903449087027e-01
1.204851106736305688e+00
-5.945969913636248716e-01
-8.328971958016984090e-01
1.598128231884501371e+00
1.753689760553284738e-01
1.194725743581131372e+00
-3.057714318115537511e-01
-6.248851038716349837e-01
-2.477690987014384283e-01
-1.423830408747853937e+00
-4.764351912255519461e-01
2.376984156474821752e+00
-3.701217276456172933e-01
-6.258834615482087305e-01
1.186545684699604308e+00
5.791442526280776715e-01
-8.122149512414523764e-01
-2.818465772173668338e-01
-5.905616201436574286e-01
6.822687295802883911e-01
5.652601568183417413e-01
-3.721227698628865044e-01
-4.612485822412937808e-01
-5.606416139450365321e-01
1.729262641015257174e+00
-1.209843355242110174e+00
-5.749507973603917854e-02
1.263814206902096560e+00
-8.637556622227147152e-01
1.032153085923248614e+00
-1.426936683949504125e+00
-9.220321471645238631e-01
2.373519387277778225e-02
1.387845770158172343e+00
-8.484263391692286049e-01
-1.252591222930423465e+00
1.658106299480727408e+00
5.371046438279314383e-01
-1.512190863175849387e+00
-8.296734785867551087e-01
4.042330551912551861e-01
6.448789591021156786e-01
-1.020380910342475467e-01
1.016358897453260024e-01
-1.914808795886219883e+00
6.209769508735127896e-01
1.186994554782426547e+00
-1.463277773473825816e+00
3.670406091334379450e-01
-1.224445769103204573e-01
1.269410383570312550e+00
9.258491593219027038e-01
-1.017798069328975652e+00
4.674964786816649398e-01
1.961993931515851886e+00
1.375415577854960936e-01
-8.421576515649797923e-01
4.869710106331433530e-01
-1.674116850985694072e+00
3.731076196794148592e-01
-1.487446644827120856e+00
3.811493776268462530e-02
9.722617328995661334e-02
3.265893333094176398e-01
-3.202123397617746003e-01
-5.049776159386911711e-01
7.799613526196701452e-01
7.672819770925671801e-01
-2.370024032987523732e+00
-8.695082957916459021e-01
6.193418232019843872e-01
-1.231114768497745482e+00
-2.396788064702296328e+00
-9.933892226305216511e-01
2.905287827085422658e-01
-1.976646191254589624e-01
1.554685486182086351e-01
2.847368993772503853e-01
2.961921725329346722e-01
-1.593303158438741374e-02
2.274816335521120947e-01
-1.854284370163350182e-01
-3.911561173658421597e-01
-2.950108794995791039e-01
-2.189366985777821406e-01
2.207239150621506663e-02
-5.256139586824886134e-01
2.471577285897690046e-01
1.161599556316998960e+00
-1.137568410725370294e+00
5.978380077096374645e-01
-1.911432288115196276e-01
1.226269262651321190e+00
1.396573977030386438e+00
-1.478379612279116184e+00
4.665833676229895199e-01
-1.194643998250317196e+00
-2.185635611755500918e+00
1.449468644360763614e+00
4.910589843058697501e-01
-9.184803383669153387e-01
3.802961735420726797e-01
-4.968383202492798745e-02
-2.191341643740042144e+00
-1.875050493401455576e-01
7.085804431871287612e-01
1.053892076446007575e+00
-1.634291276383635916e+00
1.067749911503873550e-02
-5.542083562692914356e-01
6.868767649265862252e-01
-4.785395614108999829e-01
-1.192692232249992212e-01
3.880032768569924295e-01
6.962142404426412412e-01
-1.921659572835320962e+00
-6.649294121378919176e-01
5.446115997259243224e-01
1.255672639935485058e-01
9.548875433816563785e-01
8.302590361079924541e-01
1.516965291204061872e+00
-7.570521515759059961e-01
-6.366450717033456108e-01
-1.735443914537089460e+00
-6.257110744563185722e-01
1.126755694061821522e+00
4.973805413235746209e-01
2.149639550114562425e+00
-3.858872898598811330e-01
-1.078122295514437834e+00
-3.521845352772878801e-01
-1.296636699835079565e+00
-1.540982213134020729e+00
-3.994085744131871119e-01
-1.039228864487602877e+00
-7.544246865982939809e-02
1.637016921828401195e+00
2.012818494176399908e-01
4.798942019863455810e-02
-1.127168868286051451e+00
-6.459954091122854791e-01
-4.929457853712926330e-01
-2.905378191463303117e-01
6.319429348475006369e-01
9.092455471467389971e-01
1.498811797017252978e+00
6.657503961053109487e-01
4.018575679497176645e-01
4.951010620671926765e-01
8.033457823950186372e-01
5.343998595491026293e-01
-1.021363050525242233e+00
-9.747221486437626092e-01
-7.677442659173474571e-01
-3.123549442982130331e-01
1.544416478106152568e-01
-4.812802057651557885e-01
-1.747043057203483629e+00
-3.409479619222439695e-01
1.071319222491323164e-01
1.650117273835458143e+00
7.592908233740072177e-01
-2.589212050561102707e+00
-6.056072706447349074e-02
6.058258511381181544e-01
-1.008880668785863133e+00
1.511518466896576873e+00
-3.561773493320216644e-02
-4.155476514171237978e-01
-7.682356856371059806e-01
-1.235475690502819024e+00
1.277944493957992256e+00
-1.075037044713607060e+00
-1.131189323424352855e+00
9.238741572744105235e-02
1.759985589779830550e-01
6.354120785880890132e-01
-9.094020116613468208e-01
1.465133599228673367e+00
4.524900822916499976e-01
-3.671538720056377603e-01
1.992920518637174010e-01
6.515965491002735366e-01
1.849269685836128385e+00
-8.337753240696301749e-01
3.969026283004017941e-02
-1.358579166230640789e+00
1.871781883956889825e+00
-3.730814468934477990e-01
2.141449924998172216e-01
8.627742148555164192e-01
-9.628671405605069289e-01
-1.317322770815031907e+00
-8.424224828837860723e-01
-6.750101630959188803e-01
