-3.870632933935262976e-01
-8.120085966833346935e-01
4.857023274394883794e-01
-1.727680564963924859e-01
4.802392257734278136e-01
-7.531809301453590288e-01
4.556269319391255124e-01
-6.024047611903546873e-01
7.399710210544756528e-01
8.716876239427115980e-01
2.217552915030817362e-01
6.576821615952082034e-01
-4.958956504156968315e-01
5.287506185401036340e-01
-6.312803837604692436e-01
9.289435408654475035e-01
8.665743299263528598e-01
-6.685973103410116636e-01
4.450159017761046165e-02
-3.007550073140603519e-01
9.974803647736953938e-01
7.527927836463556011e-01
3.250046898403480822e-01
2.509984485954135369e-01
-9.665147248447242267e-01
-7.459148263031303294e-01
2.818595030040258465e-01
-9.773823172096296474e-03
3.757401989906218320e-01
9.692567524447047722e-01
1.276739984807005734e-01
4.660012678271974185e-01
-9.883862700683998526e-01
6.124565103527299659e-01
8.780912862808434305e-01
-8.690145801205163556e-01
4.759974251145333568e-01
-1.181830259949687711e-01
-7.847342299675931221e-01
4.255675636371651915e-01
-9.293356173665343611e-01
-6.543561366028669557e-01
-9.301741520328508095e-01
-5.961845058951091847e-01
-9.613588945212345749e-01
-4.433787400634239262e-01
4.448763341691368556e-01
-1.282130781692925048e-01
-6.112246354646388991e-01
-3.411308997470012816e-01
3.262070642061656311e-01
7.082301285580601125e-01
3.672283209532911652e-01
-7.120978775177588815e-01
-7.487623769763581683e-01
9.511324458667074211e-01
-8.488100509081076828e-01
1.181398927011314548e-01
-5.233061379481265263e-01
-5.819081640438585890e-01
-8.778222521680693058e-01
-7.261497311185080017e-01
-9.946537689844442420e-01
-8.652036432639723107e-02
7.061756083136456752e-01
-8.787260540056097691e-01
-4.699098330422470937e-01
-3.426459339381144886e-01
9.326077272967620013e-01
3.505847037433944546e-01
9.382639578823553927e-01
8.132811502922224212e-02
-5.127967967951507777e-01
2.039544591877766599e-01
-6.263169805244287458e-01
9.924856723293346006e-01
1.156209478558545278e-01
5.532661623452403976e-01
-4.159486435934836024e-01
-2.012693016527024314e-02
1.065383371941646118e-01
4.376588638372327367e-01
7.680459526686806981e-01
-7.971601051674754856e-01
2.091261725971231833e-01
-7.281228193909191626e-01
9.460125111276550536e-01
-1.002486583905783268e+00
-3.167975887638567745e-01
2.519062105792357897e-02
6.239408782482688265e-01
2.189626187287983250e-01
1.704505252987364994e-01
7.951584325249014817e-01
-8.062220925532610494e-01
9.432203008484462137e-01
3.833162038860928877e-01
5.487874799395032754e-01
5.624171245548854614e-01
-5.356377865353101342e-02
-7.562069601401206764e-01
4.875509501973054327e-01
5.166656546056471733e-01
2.616154234975134885e-02
-4.497620239199613401e-01
9.194027146522691929e-01
5.086709851868314036e-01
1.613761535522049984e-01
-2.998106384170640126e-02
-4.906749023352030559e-01
-5.954424995477629601e-01
6.646893192278950924e-01
-1.054002460539187336e-01
7.001007224886078850e-01
3.783965188887254971e-01
-5.316569335805172436e-01
-8.769555684634940951e-01
-2.931173755481730758e-02
-4.611673274303027537e-01
-7.739758123334959938e-01
-2.923710696154169231e-01
7.060616361303515554e-01
-1.427242021737811228e-01
8.499606110808470838e-01
-7.508398751599023591e-01
-2.010447016179728319e-01
-3.796252236257517954e-01
-4.089904374789452568e-01
-2.901264925003019801e-01
3.962650537851366561e-01
-6.408805474323725493e-02
-2.549072839434844417e-01
9.127413905210864931e-01
-2.073366885949200489e-01
6.112769103476488608e-01
-2.112869342636407577e-01
3.677849196137503718e-01
-7.458131390261358851e-01
-5.591907844058383592e-01
-7.631046331727265875e-01
-9.559086150497485557e-01
-6.666358604037125879e-01
6.349015508481685721e-01
-7.512375907426362964e-01
2.035553297086677149e-01
3.304549347230874012e-01
3.141792128662159733e-01
1.027383309673572942e-01
9.363797002526869084e-01
-2.371509448256234887e-01
-3.308658414589547014e-01
-7.726324101727181093e-01
-3.974526061978933544e-01
-3.801375318694280026e-01
5.032655504090175480e-01
4.240715430050379098e-01
5.421171797968193928e-02
-5.111191267499686219e-01
2.992992582059517126e-02
7.852937855168761194e-01
5.377329162083903658e-01
-3.160343924903081803e-01
-2.060191327608715817e-01
-1.230863761656872946e-01
-4.434956106169554158e-01
6.314160563968058693e-01
-5.947104971273906582e-01
-4.285331262688760745e-01
-7.220135526312837504e-01
-6.928458280225706645e-01
-6.224938224682206034e-01
-4.567741061616648057e-01
4.672978994524101815e-01
-1.287547236208699264e-01
5.393581084162102357e-03
-7.510286289785833569e-01
4.711250217152596065e-02
-2.910877935668465533e-01
4.854456416951520303e-01
-6.423891988864935398e-02
-3.699038425614606940e-01
4.875144058491898136e-02
-9.545526347359446495e-01
-4.207124543533504735e-01
1.168773669750522437e-01
-1.620693880371337769e-01
7.151701277290225534e-01
-5.176367708296865100e-01
9.049079714738020863e-01
2.336459802798729335e-01
8.911972861122019474e-02
9.835929037174979683e-01
-6.253181410319290645e-01
-7.370559905950413437e-01
4.132420782139123450e-01
3.524781936433840634e-01
7.589587068594522146e-01
5.670095091262556952e-01
2.570495815716340449e-01
-5.576247936406850680e-01
-4.003463095440162878e-01
-5.295091049010380857e-03
-2.323490530457172909e-02
3.369050650410813086e-01
-2.706463771304101762e-01
9.743322359599912996e-01
-4.494218177329878383e-01
1.424465593519788076e-01
1.650780305055832287e-02
-2.772371938790250123e-01
-8.350332302239692472e-01
-6.447980543690252642e-01
5.754945343322859230e-02
-5.871553297137219740e-01
8.200258268401507955e-01
4.787934918057394906e-01
7.092630811497299126e-01
5.511194349264187942e-01
8.385354128886429725e-01
-3.826405585258757514e-01
-2.125781820993719595e-01
1.806348384781686356e-01
8.405482634581892265e-01
6.842513749722729521e-01
-9.941464838020334094e-01
-1.295026056825439031e-01
5.101503657287844717e-01
9.109107342975479860e-01
-4.936325912345617128e-01
8.890044252995763507e-01
-4.153552309492773986e-01
-2.794729058998897120e-01
-5.623115528415969511e-01
-2.328635886686969414e-03
2.232062698158874259e-01
8.969330243030126937e-01
2.039511440044772250e-02
4.297328404565581295e-01
3.682278793392297356e-01
-6.334937940062068673e-01
8.324538268694881005e-01
7.321246270388686028e-01
9.423962949758951657e-01
9.960156306502726542e-01
-1.403665548847294886e-01
-1.819134046052766074e-01
-3.836453579726679664e-01
-1.146096763456376788e-01
8.116706893215597240e-01
5.295181088624525412e-01
-2.315225258421519106e-01
-9.152080065395630237e-01
7.042092639370954865e-01
2.931367256951541642e-02
-6.858854948222536940e-01
-4.837513922399834243e-01
4.319013993824929454e-01
6.434985087419748950e-01
7.249654417412058072e-01
-8.790537725657193713e-01
-7.943654594452493889e-01
7.647839105212062005e-01
5.892560974181633160e-01
2.541301196009508878e-01
2.836051781766724122e-01
