3.212069679012281576e-01
-4.708456169617656339e-01
6.678978140547220388e-01
-8.914245726500196199e-01
9.819680878895293841e-01
-6.558471077542977756e-01
-2.238529923357648332e-01
2.384239290519356569e-01
4.459791703408946262e-01
5.588459101881793067e-02
-5.178323806915861027e-01
2.748964683489589778e-01
-2.541047834932068650e-01
2.287009754596787126e-01
-6.498428052597631233e-01
2.116599182420508818e-01
1.723913314025504739e-01
2.743672082662844680e-01
2.482314335353332790e-01
4.287941023027581622e-01
9.489634282199357340e-01
3.013851088971408743e-02
-6.867833735984083532e-01
4.821048277784678593e-01
-5.091712247995789919e-01
-5.999751997535960335e-01
5.908888068586062303e-01
-1.538232318146670607e-02
-9.370939276160015208e-01
-7.281254066111939593e-01
-9.066654638313331738e-01
-2.700751032703176957e-01
7.941197602230916086e-01
6.129474231602194401e-02
4.239193574663895347e-01
-6.464797312467451817e-02
-5.781398758481988143e-01
-3.814481972614491845e-02
9.297158658835691369e-02
2.510207968757720565e-01
8.983534564676776135e-01
3.578560864304880518e-01
-9.952150694714223533e-03
-5.359582234377706644e-01
4.812197660743449124e-01
9.264937134984081446e-01
3.623684065320411651e-01
5.645205299366276019e-01
-2.926537124857773176e-01
2.690721113530478714e-01
8.759640729853939156e-01
-6.970410862991107681e-01
-8.016807280045967765e-02
1.059817715504971503e-01
-2.328204591224316555e-01
-3.504893699863533829e-01
9.882680071506451114e-01
8.399384772218077000e-01
-5.129425414261410410e-01
-4.668681833120407187e-01
2.726556456552391428e-01
9.318078150390540770e-02
5.382645619950705562e-01
-9.360192907630999759e-01
3.936957789409760711e-01
2.928012506847377239e-01
-2.019912096012519420e-01
-7.976761459788355157e-01
-4.479774834422323160e-01
-2.435409810471809156e-01
4.901626004932080338e-01
5.872857153380555140e-01
4.561010109384595612e-01
-8.844263907473470798e-01
-5.121640535521192472e-01
-1.321023931801912354e-01
7.406978388244866984e-02
7.766206072394021831e-01
4.361720210183483992e-02
5.493327672961507702e-01
6.074903328345171438e-02
-2.365680577308839627e-01
6.178528073853883917e-02
-6.503534569139048926e-01
3.448294270648131210e-01
-4.124685104656602430e-01
-2.443206660233439020e-01
4.452687299872057913e-01
2.199577857240826440e-01
3.395145134923933661e-01
9.074751585146414445e-01
6.601632662093066539e-01
-9.646333279421197560e-01
-3.079660837443962684e-01
-1.194430680078195639e-01
6.358735650045399534e-01
-2.257582771555051160e-01
-1.581787822511586672e-01
7.047632074751424280e-01
3.496922417805967687e-01
1.787491005983918857e-01
-1.572846370272173999e-01
9.919410969441413428e-01
7.786311284187386050e-03
-5.009771838811349909e-01
4.626347376721409166e-01
6.932339249133228076e-01
-8.360694562031660837e-01
3.018552678592041350e-01
8.183171880913553409e-03
8.259356930199825975e-01
5.365691325089798625e-01
-7.796732261311305479e-01
4.779801926077476004e-02
-5.162028838880237114e-01
6.368748776534620681e-01
-6.531307103326640107e-01
8.378558235639730345e-01
2.129426119030219944e-02
4.583539266433345194e-01
7.991166369155746629e-01
-9.449600356378007326e-01
2.492875030822219173e-01
-5.325773313950279420e-01
2.017270513080435812e-01
-1.504429800751772017e-01
4.296896969821157874e-01
3.428881615083181345e-01
7.595071506498758396e-01
-1.379310414981833599e-01
4.200620774589822748e-01
-2.721928100106838500e-01
1.686499254281290661e-01
8.730524141241957636e-01
-8.095298043992611436e-01
6.275644120540722071e-01
8.750878367943750735e-01
-4.724258491282662398e-02
-1.764829112575336811e-01
-2.110055885499755313e-01
4.745639045724538985e-01
-4.525031607884644202e-03
8.695403339459355507e-01
-4.688653076724618174e-01
2.711622316145152478e-01
-5.148043534448678571e-01
4.481125446012328428e-01
-5.416130038879161113e-01
-9.931155255411925342e-01
-3.396838069445173858e-02
1.533358494684537998e-01
9.953875065486559315e-01
1.590278462898346845e-01
7.184650737882034566e-01
1.608637554925884672e-01
6.485424362261076325e-01
-9.906525114771145279e-01
-8.450844610383692057e-01
-2.475452098707260351e-01
4.587396463856003859e-01
7.401922541065664163e-01
8.481357670036024921e-01
-5.023843684125794962e-01
-2.109786072449957306e-01
5.975482404680787507e-01
6.306034264433679759e-02
-4.480579844830190339e-02
-7.204853196429257256e-01
-8.674425113690691358e-01
-3.533163488960511245e-02
-8.873543662362854967e-01
6.941494967262451521e-01
-8.242896543388673614e-01
5.716565936458515296e-01
9.118903065246133366e-01
-5.176437823915258640e-01
3.959303802804228223e-01
-8.206685055092499681e-02
3.189932816155591766e-01
1.053253932282860461e-02
-9.445847181037019258e-01
-9.804963498325092175e-01
-7.274675849395093596e-01
2.981698697156043298e-01
4.103940503825860286e-01
-8.383230147316589331e-01
-7.375448890944800162e-01
1.596445554493535202e-01
4.515440038689395585e-01
-5.525068403359250091e-01
-3.576471739017039742e-01
-8.942415077173511140e-01
6.972344498583322725e-01
6.240357371445710566e-01
-7.020811643496482901e-01
1.965987314899577676e-01
7.647250734683967988e-01
-4.439222326009442110e-01
8.839033734521002383e-01
2.975710858002920123e-01
-3.938075534936926747e-01
4.239116440056274193e-01
5.745410629449443363e-01
7.780462101782090745e-01
-1.150261831576198102e-01
-1.489166203827445578e-01
-8.628724345314287003e-01
-9.298391519773383518e-01
-5.719837488967618455e-01
-1.999339040965006919e-01
7.230205236252276180e-01
-9.368649610307324682e-01
2.723636007548226878e-01
-8.025600052823860242e-01
-5.586148694892798527e-01
1.451982790167167803e-01
-9.062272299824696287e-01
2.319969294634269819e-01
2.095567483106126616e-01
-9.091687087006699031e-01
-2.697223288262931007e-01
-8.657815557365728942e-01
-6.261840125040534222e-01
-8.900338929229032470e-01
4.385234739641519219e-01
6.611134640001903318e-01
-7.598611001172221879e-01
-8.253913652895004116e-01
7.527716355511990809e-01
3.174458493610063936e-01
-1.903890839881323682e-01
6.458504695979130350e-01
-8.418834865081394891e-01
9.195258031957227463e-01
6.921624555512366772e-01
-5.385921074245740847e-01
-2.656954983223753786e-01
3.177511853216250515e-01
-4.230169656958637781e-01
-2.869766994759075374e-01
-4.199633084996974297e-01
-2.853659873275606884e-01
-4.871504524449385976e-01
9.414438810030989480e-01
5.320693564039578050e-01
-5.345227633052234140e-01
9.451695853340540410e-01
8.423855193768354788e-01
5.335515133912704933e-01
5.116786234295942482e-01
7.483308730684183896e-01
3.886547291978637020e-02
-1.914779830196779997e-01
2.363484275046290328e-02
8.994728283677875247e-01
-5.002735296914924135e-01
-6.317684076514828995e-01
4.006168844780719773e-01
1.573134624829197747e-02
4.823099134981960745e-01
-6.733900909394319179e-01
4.483841244026192108e-01
1.769317208030594113e-01
6.505528121413290954e-01
-1.435789339697119971e-01
