-4.357558339387502255e-01
-1.713103307836446598e+00
2.085210338542869968e-01
6.367654141303377147e-01
-6.650740947051348995e-01
-1.246665935490405497e+00
3.003398781159745401e-02
-8.998232892427007190e-01
1.371775690839220019e+00
-1.217468341197880249e-01
6.032736113202478156e-01
7.477079103942840810e-01
1.673250566855243759e+00
-1.309969990638936377e+00
-1.598592505732444047e-01
2.801937585483474380e-01
1.702397709548908233e+00
1.166142800612689712e+00
4.611905365374234234e-01
-2.106601234018411484e-01
-1.413888685868323281e+00
1.323122725508292241e+00
1.804922623381318258e+00
-2.000051812605870616e+00
1.991478493522118864e-01
1.141488677077547642e+00
2.095488201410236506e+00
7.413526735644808685e-01
6.605585997245460028e-01
2.217978727921859072e-01
1.447287511343885003e+00
-4.174641879767158614e-01
-2.007656340617461233e+00
-1.563489890344766930e-01
-1.323246142533769099e-01
-1.529099662777914759e+00
-1.149750129942652910e+00
-7.717033359178393503e-01
-1.104580090471056764e-01
9.476446845114303019e-02
2.438125531491095177e-01
1.142606632221871144e-01
-1.394638136292146058e+00
7.789646938682707189e-01
2.423828368077335926e-01
-5.256121544476851648e-01
3.094092964995454054e-01
9.070091593639544314e-01
-3.080967533099653738e-02
6.864743018934507113e-01
7.755032052181685120e-01
-4.916598027230046353e-01
7.479398148753806375e-01
-1.600919335401782551e+00
-1.286249710413227998e+00
-7.560325956097954103e-01
-8.334004618798286357e-01
-1.316002863750343588e+00
-7.203790178141251666e-01
1.127040517063120362e+00
-3.945558706030348473e-02
-4.078668347230566260e-01
7.486207087465266419e-01
7.124882818791056227e-01
2.577637394489041611e+00
5.346366608974247869e-01
9.586105466416035004e-01
9.361907910988687131e-01
8.082352401928560859e-01
-6.416485342509268275e-01
4.776586395359043169e-01
1.340025214372618234e-01
-6.400377463292152846e-01
-5.474304717917441443e-02
6.768789916653128458e-01
-1.560217711999348111e+00
5.303885577461333600e-01
1.669214433526345687e+00
-1.364150265228257330e+00
-2.932294255901984892e-01
5.709671156989061247e-01
-6.759710989851785978e-01
-9.666036972224886781e-02
-4.646123936458128600e-01
-1.719367386764040218e+00
4.923530305531123585e-02
-2.143013156797796803e+00
4.940304043716316484e-01
-2.127514618960140713e-01
-1.523568929191209342e+00
-2.300993177122302669e+00
-3.569926885794777460e-01
-1.121942484896022219e+00
1.555363387232587602e+00
-3.349666651467420042e-01
1.272897095434886383e+00
1.094411147644824833e-02
-1.123811187428723546e+00
7.134245503418077394e-01
2.070130350859537227e+00
-1.216762748830191310e+00
-2.306674123024437528e-01
-1.169911790029901200e+00
1.630844884949211870e+00
-3.842987331370471549e-01
-1.057630973417566844e+00
7.125867277388899801e-01
-6.961766493032663927e-01
2.050004038010560414e+00
-5.909852036643246098e-01
5.114993578974211808e-01
3.501786703166520631e-01
1.295270375724731693e+00
1.056258747694770905e+00
4.888398067692407700e-01
-3.214519942115703910e-01
1.547537581658925632e+00
1.689585429946887984e+00
-1.958295295378721379e+00
-1.460182019240324314e+00
-2.169545663308811267e+00
-7.677993518503005710e-01
-3.505970535839114666e-02
-2.418723315471871693e+00
-8.667239118131909725e-01
9.459542486121754745e-01
4.640950919913297001e-01
-2.538304579799724459e-01
3.125802098312425725e-01
1.854119334204523462e+00
-2.408310769068204571e-01
-7.598203684547042425e-01
-2.108400879055456034e+00
-1.441855695685395178e+00
1.507982380264630384e+00
6.059062901329785866e-01
-1.665131966922019258e+00
1.635448746687578447e+00
1.689159696302796387e+00
-1.462793560838353990e+00
-9.408324026208343405e-01
8.060433959303053841e-01
3.422628730081637705e-01
9.864105465583734578e-01
9.956438697589167774e-02
-1.316558556251932632e+00
3.841175986221245786e-03
-5.621192145713557187e-01
-1.697876343545855482e-01
-9.620982221749458940e-01
-1.547787229541411173e-02
8.040705804200265483e-02
4.034367435242274258e-01
-1.439409879545803239e-01
-6.556603762098012211e-01
1.535715949070780351e+00
-1.451247606847855698e+00
-1.464053267722789098e+00
6.204487868359818137e-01
-7.762759505672314209e-01
6.534120415552785444e-01
-8.749768651628473393e-01
-1.186086866470987600e+00
2.412280546771369827e-01
1.347531704960043264e+00
5.774067020859918742e-01
-1.037989167742248003e-01
-1.631159880233235882e+00
1.152169243461183129e-01
-2.232527763053674619e+00
3.260150667457366591e-01
-7.856732110949534720e-01
-2.084371383515819520e+00
6.438502077489483000e-01
-1.061668064264045253e+00
-2.261654702461658673e+00
9.344245501237644635e-01
4.209051723827428315e-02
-2.493902526256492336e-01
-1.046070555011220593e+00
-1.656184229258146123e+00
1.387729235295517727e+00
9.306892263702151169e-01
-1.103204652491860394e+00
1.072391607885595954e+00
1.770635322055546856e+00
-3.733772516743466552e-01
1.751666701236045398e+00
-9.778714333240619005e-01
4.350964052717374297e-01
-2.244726327352387085e-01
8.753024933913327033e-01
9.963857258297070807e-02
-4.930157423607702816e-01
8.424438946201444622e-01
-1.071500155302054225e+00
2.057160422286514745e+00
-1.653406559199905868e+00
-1.669665512314688183e+00
4.451249900734605136e-02
4.489293613925766646e-01
3.830508948378669731e-01
-9.034553495304837867e-01
-4.706391501697337887e-01
-1.871335958003123301e-01
1.619081241301881136e+00
1.737306366443309269e+00
-5.660855946627377788e-01
1.288527497496007479e+00
4.639832133877812015e-01
5.822476137520238293e-02
-6.018088698421275584e-02
1.308878936167865437e+00
-6.826351135828674366e-01
1.601928477074919810e+00
-5.230881420371596979e-01
-1.410098980471465646e+00
1.345487415607664383e+00
8.345634846839917742e-01
3.136236825100195968e-01
-6.168316138881764221e-01
1.137011346103531384e+00
1.446032000973018317e+00
2.282326355894916114e-01
-6.895571557082116332e-01
-9.658036953723445617e-01
-2.752960994820279783e+00
4.859324486788475506e-01
-7.436122737205081989e-01
-1.578674359572433961e+00
-6.072527989846162599e-01
-1.035030441155094572e+00
1.131510310307910050e+00
1.805632264505574736e-01
-1.772367582923079388e+00
-1.682289016892321298e-01
-3.090381374250489310e-01
1.633300502241026742e+00
1.209798828241503144e-01
-6.865216235597082495e-01
8.629067579666940269e-01
-3.692970702366572544e-01
-3.341735497272159128e-01
3.221769786705754868e-01
-7.188745509979965753e-02
-9.658544074052960449e-01
-4.482975942888679510e-01
-8.769665067196150687e-01
1.033755623974108806e+00
9.244706583440184255e-01
5.377716184202721017e-01
4.117107603901676294e-01
2.715786716620559038e-01
-5.455046662957122039e-02
-1.075390459253334541e+00
-8.907481467254640961e-02
1.282165232625742668e+00
1.668239796893381310e+00
1.642471488040906813e+00
1.586349150918707318e+00
-8.480264771289633963e-01
-1.148910552437693466e+00
-6.558107104198005466e-01
2.605291955011455607e-01
6.797765932728738747e-01
