5.258383368589747420e-03
5.442746176496791044e-01
-1.251725649365691417e-01
6.419397172358303205e-01
-6.611242221860986756e-01
1.231641296509500272e-01
-5.864047980121973591e-01
-6.165219159286443595e-01
-2.912352532211728295e-01
-4.136253327893426590e-01
-1.324220694882560778e-02
-9.656907709312609889e-01
-1.290945224214810061e-01
2.429328632276612776e-01
3.104601306326215671e-02
1.580634233395883381e-01
-9.245276895848781873e-01
-6.990779043410142446e-01
-8.222807942439775974e-01
-6.304379193001790060e-01
-3.042231875012459952e-01
4.340457830599002698e-01
-3.635243810900303796e-01
-1.065788483413099286e-02
-2.011081446436058240e-01
1.412096991511526678e-01
2.294480267333878221e-01
-8.927039078101564051e-01
-2.360396123054071538e-01
9.553814404929636961e-01
7.667861795087007604e-01
-5.492482278332349033e-01
4.629969773598898719e-01
-2.022872084858653441e-01
-5.315780289989220364e-01
-2.612102656675583390e-01
1.793515551680784359e-01
-4.913510349563361412e-01
7.864212167106863216e-01
2.443610946640337733e-01
5.729469694520188394e-01
-6.776825032366748935e-01
-1.916128483363401802e-01
-2.428159905739006863e-01
1.858339506821773401e-01
-6.132054105873054883e-01
1.643254663510727021e-01
2.028859875245172528e-01
5.106109013777508920e-01
7.030709759307083306e-01
-1.012420948415320154e-01
6.827048506738015998e-01
-5.031577202828039219e-01
4.715699851577426216e-01
-2.029287483748380971e-01
-3.297127127495143029e-01
8.653150513212874984e-01
-4.697240455033910855e-01
1.749513732644607522e-01
-9.036722026395391794e-01
2.313617202020756825e-01
-3.411722446080656113e-01
7.436887354728523025e-01
-5.738975461309767656e-01
6.049311849289029652e-02
-9.175253746213707373e-02
-1.095275668275133008e-01
1.840188564620102163e-01
5.717373305804285266e-02
2.618636672990639624e-01
3.234559039095783461e-01
4.622834261404018541e-02
-4.552836820863959133e-02
-8.263016230644684157e-01
-7.436249152017027075e-01
-6.690166638362546880e-01
3.270635573121181139e-01
8.417476491891791035e-01
-6.574941561380069910e-01
-2.479166048674861234e-01
1.904143162746629869e-02
-9.278269031888091156e-01
-6.618559060953679296e-01
8.034260404424660162e-01
7.322796569369978137e-01
-7.888630335503674651e-01
-5.943990396991427616e-02
8.275117526676218915e-01
1.967605373773297917e-01
-1.752353197551588249e-01
-9.263604538747356454e-01
-3.285475524221190824e-01
6.272206245221583210e-01
7.427748289684643623e-01
6.937240083763285270e-03
-4.715132761931153382e-01
3.951561578221762794e-01
5.225945555015103494e-01
6.216149990833996775e-02
-6.568363492716386975e-01
9.023751303094280640e-01
-4.654930623744597540e-01
-5.879179093484570018e-01
-8.506357631122936080e-01
-3.004154084838612793e-01
8.457179508073719987e-01
-2.447653386750787696e-01
7.125400836433741780e-01
-1.551908338000624887e-01
4.184124085088836154e-01
-7.207916895520338763e-01
-3.625416844564619545e-01
-6.672265045446157394e-02
-1.495021920631123269e-01
9.804684920696160599e-01
-3.535854910358859904e-02
-9.882713127399467279e-01
8.302494980180004092e-01
3.087931595232482618e-01
8.100681431430842849e-01
2.648245786724181539e-01
-4.151351753725878169e-01
5.104009414351913243e-01
-4.101331568140980099e-01
-1.991218784449477752e-01
-5.710685710608556231e-01
-7.314572619903692008e-02
-1.859341028340955049e-01
-9.980910530622000287e-01
2.718628638537892162e-01
9.770199816087070666e-01
4.589200293238788753e-01
-6.266738591493590249e-01
-4.106007249405898563e-01
-3.761760550739705611e-01
-4.602455073205251601e-01
3.583351717431502159e-01
-7.082085236849460230e-01
-6.834104287779012576e-01
-2.575842487369073286e-01
7.053393704009514042e-01
4.076163780038961626e-01
-3.373145817975027327e-01
3.860275232448766580e-01
-9.844876031209479628e-01
-8.529083532543049184e-01
-6.482017185199917542e-01
8.272857657493117856e-01
9.344505425599340942e-01
2.574037686523045210e-01
7.496661237163926295e-02
9.962695970766581866e-01
9.828779604248327750e-01
7.548408824195678157e-01
6.991721528798537921e-01
-3.701506241855379020e-01
7.231049440480490365e-01
-9.928798019123268315e-01
-7.644086986551550389e-01
7.260288716918392726e-01
-8.183636731648202822e-01
-9.820195785696088642e-01
-5.260357369251447146e-01
5.242723372786830538e-01
-6.041333421962085115e-01
7.565144559578440564e-01
1.743184188892956676e-01
7.448560431700510520e-01
-8.868930297810140306e-01
-2.359312441176553143e-01
1.800677488912505453e-02
-3.509095784931257622e-01
-9.968071645978113793e-01
7.437738326497602692e-01
-9.502732506811757407e-01
-4.178777445318946349e-01
3.977323025116339394e-01
9.284790346333731126e-01
-5.721496052167773794e-01
9.266633010309199836e-01
-4.589503471886449137e-01
6.208358441976107311e-01
9.441050590433863743e-01
5.007899289890944683e-01
1.282378147233631527e-01
-4.728407782614121313e-01
2.824022900803349057e-01
-5.797375613671211791e-01
4.578533537555484756e-02
-6.487435748546710457e-01
-1.822137109472032890e-01
5.925920364710177690e-01
3.340293497237256659e-01
2.626992208931764328e-01
-4.505596258707331714e-01
3.702176840761608467e-01
-9.264284953696659830e-01
4.902215593333543175e-01
9.427435348977049046e-01
6.221937773350245671e-01
1.391374078575129403e-01
7.853741295007532486e-02
-9.080890542899529017e-01
-5.124701171509966624e-01
-8.220982797968490186e-01
2.595503144929438566e-01
-9.066367573751086262e-01
3.224783960565122953e-01
8.972026484314394867e-01
1.317669017649842900e-01
-8.306735551176709365e-01
-9.432538021097420788e-01
-6.702959693856167522e-01
6.827397368221601592e-01
-4.316143032333408236e-02
-9.749476636441478661e-01
-6.589577502626182692e-01
5.459086794789584918e-01
-7.401951178680432619e-02
4.935779001939000210e-02
-6.302955903957012662e-01
-4.162127253322382980e-01
3.404553564408909772e-01
-5.731322025127598696e-01
-9.271312004609824076e-01
4.881241119594346145e-01
3.628399571960150283e-02
4.383216270443424101e-02
-1.638515442149417467e-01
4.273789582860074709e-01
1.962248874271859123e-01
6.963236266876384750e-01
7.369119695718819862e-01
1.515158644648835207e-01
1.426691303696965285e-01
6.211324077089253048e-01
-1.907598723064738433e-01
-5.264769185764557324e-01
7.944940337633323857e-01
-1.817992107049692940e-01
9.544088522914435657e-01
4.588330014317980599e-01
-6.405797609511680868e-01
4.045081274315132092e-03
-3.265242248775299672e-01
-2.128895067791634066e-01
-6.666876401169548050e-01
-5.354481373897359564e-01
6.333660173713924202e-01
5.669569925856017267e-01
-5.090966173742246248e-01
-8.676342338334825932e-01
4.258928087751050473e-01
-7.163284290210767402e-01
-2.222628416042529143e-01
-8.550670476444788282e-01
-3.112803122634308917e-01
1.036537777487092082e-01
2.907859464016018247e-01
7.021386282611785656e-01
7.243179022116599253e-01
-4.216867740566367928e-01
6.536083330705719785e-01
-2.064826773578667396e-01
-1.529371179306280304e-01
