-8.123370569636105820e-01
2.233645511235430869e-01
-2.301644146138449309e-01
-2.851735466446495004e-02
-8.960894978324629445e-01
-9.843164177546825933e-01
1.211829175549550275e+00
-1.176378743332545218e+00
-9.136902985083497075e-01
1.253348564999045567e-01
-9.029355461195279764e-01
4.295810116703954185e-01
-6.172674770045607495e-01
4.003849309362440545e-01
-1.770004870884214765e-02
6.300368941263885247e-01
7.130419554684144234e-01
1.388883264201263845e+00
-7.505072284880658362e-01
2.673775842839036798e-01
-1.074169799123750185e-01
-5.728631315276012936e-02
6.645560966706032247e-02
-1.737497812900012650e-01
5.040711728479029263e-01
-1.274022373496127125e+00
-1.449677721484586401e+00
6.902703398125367151e-01
1.388409070868442896e+00
-8.377733729272565655e-02
6.955536731567518727e-01
1.389162117006165653e+00
4.159849308574999904e-01
8.299085457154276035e-01
5.209634188871468119e-01
1.172304305332679375e+00
-4.968112777790651413e-01
-5.200760018044221500e-01
6.264783359357116721e-01
-7.182841175433437586e-01
5.022743426293224678e-01
-1.112789938870805795e+00
-7.084690951431085182e-01
5.231065157448675507e-01
-1.301067646133035272e+00
1.336930255792809552e+00
-1.828409591289141267e-01
-1.256557048176553781e+00
-8.966928251717858345e-01
7.379210607620181328e-01
-1.366727656568764715e+00
1.863416818111975459e+00
-8.049961107046521569e-02
4.772277652419686933e-01
1.772258292835082183e-01
1.251469129316439943e+00
-2.279110810267243603e-01
4.924934341188791365e-01
-2.489187529311547575e-01
-1.365791510696493960e+00
6.162639276960077961e-01
-1.520541793473628722e-01
1.811518305341099477e+00
3.147656078160985804e-01
4.773342459843973318e-01
1.818652534654317421e+00
2.582908474277749722e-01
-5.838655665167783448e-01
1.386172535331925193e+00
-2.585678593954957583e-01
-5.405886494208247406e-01
1.961484705391922795e-02
-9.770666386754969235e-01
-5.478037283174562733e-01
-5.579614526084256676e-01
-2.260017972602652858e-01
1.258381228688134623e+00
-4.178430810530149309e-01
-8.606069696190915552e-01
-1.804017074452124447e+00
1.724121381225607319e-01
-1.678039556087223882e+00
5.841477752593646766e-01
4.927017022449816097e-01
7.112319251280028176e-01
2.424289460189054390e-01
3.971165749520579880e-01
2.748002758184454053e-01
-4.077970274384912913e-02
7.247539996533300943e-01
6.026274321425497682e-01
-6.538609132309589622e-01
2.379661752557096499e-01
5.867012295280031875e-01
-1.014544629756136240e+00
-1.008789281724657316e+00
9.565845750538369829e-01
3.613581748289421691e-01
3.609869049182309886e-02
4.999312621102096621e-01
-4.151450868033260133e-02
-9.698625523108511670e-01
-7.921832172566639629e-01
7.100871367221681663e-01
2.055142438685762796e-01
2.454559448447460324e-02
-1.930196867032230479e+00
-5.652901373475316404e-01
1.320201141634226305e-01
8.113211577069263658e-01
2.546895959227568063e-01
1.219297580768950451e-01
7.162133759358965124e-01
5.808847957290959041e-01
1.467941067883083539e+00
-4.841087650968994849e-01
1.404628137327805781e-01
-4.407715894235147980e-01
-3.512957560749414010e-01
6.944482046399510500e-01
-7.210268872455645184e-01
-1.156520629666298317e-01
8.355853372088108966e-01
-9.719929431251340679e-01
2.090261706625380356e-01
6.684636872819216258e-01
-1.073888107402801939e+00
-1.288912794608085832e+00
5.645734237984595394e-01
-1.488476535788233024e+00
1.221293246057335358e+00
1.240992882909997430e+00
1.523982244962676980e+00
4.636488319351047549e-01
-7.388719877143494763e-01
-1.332633037868975023e+00
-6.578384072760422585e-01
-1.254754916422333166e-01
3.405113159255238608e-01
7.475196492330262732e-01
-4.698109891572877506e-01
7.292137915638723378e-01
-1.596041085559201655e-01
4.188806344337162035e-01
9.567437064859132256e-01
7.343988062811017681e-01
2.064889246296773284e-01
-1.223317305255380738e+00
2.876557640409779792e-01
-3.624367134026920678e-01
1.166094941874376845e-01
5.833203024019900651e-02
-8.716226277215182172e-01
-1.770741728057380504e+00
-1.960048807432595575e-01
4.821503440523149941e-01
1.147859235205035633e+00
-3.137660701232095062e-01
3.025317110043415081e-01
-8.974735919771164028e-01
6.521799700982044978e-01
-4.405315523052421023e-01
-7.006531550601935443e-02
-6.888549687507234953e-01
1.083724083170360952e+00
5.791183055445868755e-01
7.562262912051828656e-02
6.794164515142132599e-01
1.267151532839430328e-01
-9.643565123326425237e-02
1.170346911876033680e+00
2.986954481641191927e-01
6.343295218834951732e-02
4.622575893289345705e-01
-2.104656372991695057e-01
-3.723470795862156013e-01
1.936536985677246303e-01
4.387561922265973413e-01
1.030293314589269538e-01
-3.728365996495786039e-01
1.294637350011916377e+00
-4.632392244177486740e-01
-4.225851647004424949e-01
-3.576738874541233182e-01
-4.545729962862873896e-02
7.356651165170710049e-01
-1.289864410479991674e-01
-1.517922438113303851e-01
-3.505971554368548793e-01
8.278275292527313978e-01
8.647309293336122304e-02
1.289847633624484402e+00
-1.557604939688994605e+00
-3.259464995360571438e-01
5.926014316470644694e-01
8.536082207234899633e-01
1.575785116000538999e-01
1.254971361277952002e-01
-4.005923729960437218e-01
4.019146452598312824e-02
-6.473309804789633137e-01
-2.839044059653847429e-01
-1.186288700576282773e+00
-9.900839232035962834e-02
-1.147169940970607094e+00
-2.026385362553272174e+00
3.940825013545052324e-01
1.002782333989409302e+00
7.954286438998795505e-01
-2.808243258481083471e-01
-1.910451789604368233e-01
-4.626874009949656363e-01
-5.242604538660873281e-01
2.144650016495827649e-01
-1.373083226519940803e-01
-1.370785216874668144e+00
4.322994857889507214e-01
-5.825603448947563878e-01
-5.237147040703906686e-01
-6.108409169521217263e-01
-4.216782884550191457e-01
-8.892148501838437191e-02
7.081850395506624762e-01
8.851555047905170781e-01
2.468807604972433900e-02
9.747626448377272323e-02
-3.546331017968747390e-01
1.759593983048823029e-01
4.362097275668911367e-01
6.041633562322781814e-02
3.723359752926763688e-02
-5.503687009017664833e-01
3.069646695614571819e-01
9.466934768615893336e-01
7.942025619380496115e-01
6.072237246812046685e-01
-4.901440927758548560e-01
3.730448342924463923e-01
3.515003257403327419e-01
-1.337932140016564908e+00
1.332698135345704804e+00
-3.090273118260824514e-01
1.480190515084705005e+00
-5.310221894192398429e-01
-1.594202872120218828e+00
-8.257014889626198562e-01
8.601423395986188547e-01
8.541168006031363280e-01
2.385912662673906337e-01
-1.175514656233507260e-01
1.064811273726235186e+00
-6.881908502549567430e-01
-3.028141302556786041e-01
6.576160453696777708e-01
2.081003421299547906e-01
-8.339264859688545473e-01
7.253623829410506263e-02
7.433075953599794783e-01
-1.155396326596707990e+00
3.192456499873929654e-01
-1.227559134918562833e+00
-6.948474590407585083e-01
-1.225388637671701808e+00
3.065286940963317663e-01
6.744787013133310971e-01
