1.234508251345866796e+02
-1.101290601452915041e+01
1.350888275270439181e+02
-2.219322995331422277e+01
-4.108669750006478694e+01
-9.868950098477579047e+01
-2.710941018074232645e+01
8.913054013277786680e+01
-3.981452884047371867e+02
1.466181794054471084e+02
-1.772184155357310829e+02
2.815166842057807344e+02
-6.880423283522276279e+01
1.880063677655127208e+02
1.007016310955467304e+02
-8.256905040506724447e+01
4.363759385406630145e+02
4.712886870012241616e+02
5.090416935207239035e+00
-5.982489230307069050e+01
1.254457954884983479e+02
-1.494395324119793429e+02
2.239550698093655967e+02
-2.379718111291682305e+02
3.649706823997150451e+01
-4.644508528240797318e+01
-1.030611851754079282e+02
-2.134256593498681411e+02
1.047107639991579191e+02
2.682538636459684653e+02
5.308906705892798072e+01
-3.370808110271482860e+02
5.858908248159141294e+02
-1.648099307261696822e+02
1.961693339615360969e+02
1.002288451083059471e+02
-3.212321396537534923e+01
3.109805195086237291e+02
3.285554013611162105e+01
1.195476031096055891e+02
3.131721199743735440e+01
-1.785202016709422708e+02
-2.034263654366618113e+01
-2.554207736110670055e+02
5.551750581224981573e+01
-3.015883513607780486e+01
3.082560538681586308e+02
1.028759812517636618e+01
1.674323372489411668e+02
-2.206525939565489125e+02
-1.324762286375944598e+02
-1.962650040493823838e+02
5.385028571579515955e+01
-9.892287715015429228e+01
-5.454798286231164894e+01
-1.445911647324639091e+02
-1.547706066130410534e+02
1.858157730517686730e+02
1.248145469611345604e+01
-3.130785147646512456e+01
-9.270729372751392816e+01
-1.362042477926804622e+02
-2.391647395542856600e+02
-1.087400951482227924e+02
-6.588257019092765177e+01
-1.755764651715492519e+01
-3.078994531582303580e+02
2.552171808333940817e+01
2.655251929583606056e+02
-1.141773562024271484e+02
9.174419980919412865e+01
2.811806594898773426e+01
3.223991560129024947e+02
-7.032569545935967881e+01
-7.227505346478262993e+01
-2.671315235526240173e+00
-1.484815758494614784e+02
2.287700500620410935e+02
-3.963844997649475772e+02
1.442429188776608271e+02
5.861498214702660903e+01
4.191885776792934593e+01
-1.325790290442870401e+02
4.652621727908539384e+01
-1.345972488453553524e+02
2.846099062865985729e+02
1.215638394166050240e+01
-3.944294606601756072e+02
3.503945095578406210e+01
1.397377146472966274e+02
-4.396460621406598435e+00
-1.459880209503563435e+02
-6.824156851986472816e+01
-1.074883595086678838e+02
-2.192287119770544024e+01
2.117608990620204565e+02
-2.988269958584745609e+02
1.827661615342997550e+02
-3.611975562300205667e+01
2.684507363884997062e+02
-4.971164150564061401e+01
1.289661134748418476e+02
6.600159979817148326e+01
-5.611733343968501231e+01
2.153156819294139837e+02
-2.545355920542067452e+02
1.054791172145392011e+02
1.354349826437719457e+02
3.044602327081106523e+02
1.537403237989943534e+02
1.299621670078779232e+02
3.334616556335853943e+01
-7.006193961403795356e+01
-9.326489682942602144e+01
3.842270393954986929e+01
-1.511664854027168303e+02
6.831678477691217211e+01
-1.603036475040832158e+02
-1.525963537219394368e+02
-7.769224324663771775e+00
1.063979064444660594e+01
6.278557246562132121e+01
1.109994088305319053e+02
-6.190676729371755727e+01
1.704334085362347366e+02
-1.878975602117409238e+01
-6.181438812418106465e+01
-1.123073793239867797e+02
-4.317236273211493369e+01
2.137421119217058845e+02
-1.761112300237035981e+02
1.420792467891827471e+02
-2.051089933761524620e+01
-1.668423791366607247e+02
-5.387794097741318922e+01
2.947098424734131186e+02
-1.912571762209976214e+02
5.778782227589251086e+00
-1.955212009180007726e+02
1.812531105448130972e+02
1.707780762787454307e+02
1.567802051321271506e+02
-9.556889820199053531e+00
-6.667426804040739796e+01
-1.700865977494522951e+01
-3.451357716977678365e+02
-1.174686311581262004e+02
-2.045641573699105322e+02
6.482147089477712143e+01
3.976541976796477940e+01
-3.242736759902718546e+01
-5.598428636779964052e+01
-8.215825564607219178e+01
-2.160277668336994168e+02
3.166292904488491899e+02
2.553454693745860880e+02
1.766221392194016175e+02
2.305221769973302770e+01
3.022100097849025246e+01
1.553546592255735561e+02
-1.093254716189369589e+02
-1.964145055758041849e+02
5.059155331369034059e+01
-2.826140278446582101e+02
1.141354224835772584e+02
-2.738036336318047859e+01
-6.264416646567197233e+01
3.402492370005185762e+02
3.590584721751422848e+01
-9.060344552424774633e+01
-5.334362163188996675e+01
3.792111631856216292e+01
-3.068612704746107624e+02
-1.091456023102702311e+01
-1.683503161235943821e+02
-3.011468657413394681e+02
-1.685607084388540500e+02
-1.946948643021173098e+01
1.131635837357586283e+01
2.336613749609667821e+02
1.937584752952131737e+02
-8.027370060748333458e+01
1.824457271041783031e+02
3.998332711316150778e+01
1.157903024895156108e+02
-6.408358817582755051e+00
-2.365481409741639141e+02
3.115145578482724886e+02
3.705922028092128073e+01
-1.154836032238502384e+02
-1.511285356173993080e+02
1.712213727801229766e+02
2.381046350388884605e+02
3.441615842879571829e+01
2.478577667818159114e+02
4.979451326465478900e+01
2.842115476049807299e+01
1.299383300446964142e+02
-3.211524645616742646e+02
1.410248223729688561e+02
1.760338451253057030e+02
-4.427973503201108940e+01
2.635144736463954587e+02
1.352613691908897522e+02
-2.434663282014563492e+02
2.884988689891032436e+02
-1.411501207861901150e+02
-1.936247585132548750e+02
1.977649234648560395e+01
1.774532200941249869e+02
9.673566262525316972e+01
-9.394354536534089561e+01
1.126301595443516135e+02
1.636382891638384649e+02
-1.578323843968183269e+02
-1.967025756482916847e+02
3.723643929942354447e+01
-1.291894461159825767e+02
6.143353646301555671e+01
4.807600017213327703e+01
3.612229454867202776e+02
-2.214117135997805406e+02
5.586190634347320128e+01
4.398463523439366440e+01
-2.308064579176061386e+02
-7.168498894809225419e+00
1.798159982927973886e+02
-1.245481547557645854e+02
-2.210464298316201450e+02
1.210401238940084596e+02
-6.393362647899504481e+01
-9.880869188043192253e+01
4.522179815383125856e+01
-1.071673643452728015e+02
-5.569897992390891517e+01
1.366216252896464596e+02
-3.078893524292166717e+01
5.422790375946232189e+01
8.387415039899816804e+01
1.038517026374205301e+02
6.118003224795396022e+01
4.105882132237749147e+02
-2.119458271769096598e+02
-1.722589226911237574e+02
1.256861489248047121e+02
-1.196339165202751786e+02
-2.451845609177679819e+02
-1.078630256823200284e+02
-2.165783395711822124e+01
-1.708840959481565562e+02
7.990320922192057651e+01
-6.056765579359895213e+01
-1.817503335823698762e+02
2.952737874472065300e+02
-2.360926188135217103e+02
3.835154662357791722e+01
1.689118090231741007e+02
1.344806715271020003e+01
-1.314384349440765050e+02
-1.123880168079473947e+02
-2.186577090932354395e+02
1.628348925129723739e+02
2.093374920576043223e+02
1.740090521404277624e+01
1.703053118618913118e+02
