9.838881553681394507e+02
-1.172091028485199786e+03
-1.484922012575441386e+03
-1.625423768180819934e+03
1.884129979719664405e+01
1.136935403406503610e+03
1.301698362034455613e+03
1.081373380998684752e+03
6.412649613837793368e+02
6.809631292249924854e+02
8.775572347395524275e+02
-1.580433172867704798e+03
-1.997840322282555690e+03
-2.368966922601976819e+02
-9.331124728890059714e+02
-8.743328365265226694e+02
1.409036502909126966e+03
-4.570297075111183460e+01
1.432025944699208537e+02
1.939861332539382147e+03
1.156846522871971501e+03
2.911503385011552382e+03
-1.045130859865971615e+03
6.270436550695425240e+02
-1.118811746224742137e+03
-5.666033082657251043e+02
2.847194080779233332e+02
1.835401720564032985e+03
-1.691054144091900980e+03
-9.402896611970193135e+02
1.525933260582960429e+03
5.618189770203351827e+02
-5.603181041805333962e+02
4.351917059873989615e+02
-3.432195968603936720e+00
-1.101300130501507283e+03
4.996914068471294854e+02
8.857536744464422327e+02
1.285083805539782588e+03
6.370062576846941056e+02
-4.024635594185996865e+02
-4.029784421854676566e+02
8.386549405436981033e+02
-1.093212293891323043e+03
1.007964679098280271e+03
-5.529348783433399603e+02
-1.608368176892116935e+03
-8.784191868450268430e+02
-2.219138536893423861e+03
4.624451384435812429e+02
1.138181244407429631e+03
2.466652906242308291e+03
-2.212800217245087424e+02
9.443878301889098736e+01
-1.987166798399415768e+02
7.304618592619353876e+02
-4.499239434612664468e+02
6.104116899012686872e+02
3.333666961119406551e+02
-1.634741408211255305e+02
-1.221507766313321923e+02
1.318666868000664181e+03
2.364321845673876396e+03
1.420835466760703184e+03
1.307923981628441879e+03
7.587266988425972158e+02
1.873053899491026186e+03
5.912142858523702671e+02
-2.239409849135863169e+03
1.200066905440548453e+03
2.338421800112358824e+02
2.928554792685271423e+03
1.997587171667045141e+02
1.055667477748061458e+02
4.465160189464298810e+02
-8.898412704748656097e+02
4.044804456455890431e+02
-6.475680057328629857e+01
-5.676698161291496945e+02
8.660647739744227920e+02
8.061517621555465212e+02
2.666009937170696958e+03
-1.255160944081206480e+03
8.114420980811192976e+02
1.319023236721458488e+03
1.500133228975284055e+03
-1.348130722077674477e+02
9.141459743833317475e+01
-1.201974936529952856e+03
-2.429141493484123657e+03
-1.111138629169915930e+03
-1.052324666551193786e+03
1.451051909807026504e+03
1.440191864911767652e+03
5.900193505721681504e+02
1.109777481440085012e+03
-1.189531841253874290e+03
-3.077667215910515210e+02
3.396677736257781817e+02
1.208902734057311363e+03
-7.910970092907409708e+02
-1.917136347365156325e+03
2.950892394264912582e+03
-6.630434662330692390e+02
3.387599703359526757e+03
-2.051244845397025074e+03
-5.010637841338309499e+02
-7.615098087220491152e+02
-6.703915029495781255e+02
3.639878551530798489e+01
-1.659920594161980716e+03
1.698404427268750396e+03
-8.004603720139734833e+02
1.144815132457840491e+03
-1.971610852991187357e+03
-1.170869969650102348e+03
7.951207118897679038e+01
1.848426750144386688e+02
-9.965887343450662001e+02
-2.029989182354219338e+03
3.646535382690988740e+02
1.492468719855565951e+03
-6.435772479084940869e+02
-1.179074216434741629e+03
1.649023487972442581e+02
-1.409332203712642013e+03
-1.641719025850053981e+02
9.690294482035331214e+01
1.080233196110942345e+03
-2.651331958416772636e+02
-1.195732450612412549e+03
-2.381273045095491625e+02
9.051954713363450082e+02
-2.236827429952825696e+03
-1.463810458538142427e+02
2.071412307845171654e+03
-1.081356099268114122e+03
1.527572333511009674e+03
6.106651046687846929e+02
2.866176650647008728e+02
2.673560366967390109e+02
7.169069222558705405e+02
1.001552340810381594e+02
1.221351452827352432e+03
7.951014689332442913e+02
4.692301456626775007e+02
1.196761658502128057e+03
2.158362429326653569e+02
-1.515008622102349136e+02
1.241780790723183259e+02
-1.688235837063302597e+03
3.800025894255868479e+02
1.737920635217546760e+03
-3.035053473977748126e+02
5.418676239456214034e+02
2.264637665648270740e+03
-5.727712162028889225e+02
-1.073828385178222334e+03
1.143799792900973443e+03
-1.167494795009402537e+02
1.542367014423146202e+03
1.374328572559473741e+03
5.934758179922594223e+01
-2.119967808625624457e+03
-2.628516193644572468e+03
-7.281476622206926095e+02
9.954181715463871569e+02
-1.088810055677865648e+03
-1.167974845069644289e+03
-1.283182541910584632e+03
2.160459229788512857e+03
-7.616654421148455185e+02
1.703137489669416482e+03
-7.189717909662582542e+02
-2.519514989479197027e+02
-1.376787256541342003e+03
-1.247375475538804494e+03
-7.694529151270660350e+02
1.899883629190139118e+03
-5.688075117680114090e+02
1.675044378024887465e+03
-4.657534000531237552e+02
-1.082313656131403150e+03
2.142481295047732601e+03
-1.668344771856892521e+03
2.597413884151683874e+02
3.720129847598591368e+02
-7.763151604261556926e+00
1.875907430377675155e+03
-9.812054840461386220e+02
-1.114746696841085395e+03
-6.394439777032605434e+02
-1.053895578809071594e+03
2.886431051018516314e+02
9.587745186247550464e+02
2.545400163043407815e+02
1.291697941372639434e+03
-9.105434684221604584e+02
1.965252670601238663e+02
-1.108236332278965392e+03
4.753175195564755882e+02
-2.947701617042034741e+02
-9.957975816020463071e+02
-6.067291168567386421e+02
-4.540951545877900912e+02
2.009092441640382276e+03
1.926045787398754101e+03
4.497978716457886890e+02
-8.010806996327585239e+02
-1.995523841308949841e+03
6.544171510785649843e+02
8.662505894092583958e+02
-2.028722711539825241e+02
-8.953372612623735449e+02
-2.620778816314825121e+02
-1.560924110038927665e+03
-2.534215514636511671e+03
9.887927633168775401e+02
7.903597595714250019e+02
1.915663291434405664e+03
-6.553632862009227438e+02
1.579032186822199264e+03
1.244650002282813375e+03
-1.927186850085677634e+03
-1.242364247349355765e+03
-2.222169144599413357e+02
2.223515685484033384e+03
2.005097693970346882e+03
1.789587465405431203e+03
-5.517566964334415616e+02
9.320442111366617155e+01
-5.085615919901526638e+01
9.721375078574873214e+02
-1.805203191534110374e+03
4.887273925241809138e+02
3.516878857997613181e+02
2.195400804781241277e+03
-8.955947246460167435e+02
1.299840161965966900e+03
-3.765331119605956474e+02
1.109966108001960947e+03
-8.077138244621688727e+02
1.364586685353638813e+03
7.328077297488741806e+02
9.685482058980252305e+02
1.095154112786096761e+02
6.578634643216162203e+01
-1.516918808979982941e+03
1.528398688946439506e+03
8.910006386322766048e+01
-1.694877376938639372e+03
-2.473515955466592914e+03
5.851221054725230033e+02
1.706315572093023320e+03
1.438132631733582684e+03
1.342533654790695209e+03
2.173751215041302657e+03
1.100858113108320566e+02
-5.101997810898532748e+02
-1.054614016428689638e+03
1.296377688860233320e+03
-7.602660331926969093e+02
-7.962053372285021169e+02
-1.305037576705597303e+03
-8.789439598959846762e+02
