-8.530877867627054134e-02
1.656739443851175331e+00
1.371660331875666494e-01
-1.257291634572258010e+00
1.011073803443125030e+00
1.853028205256211924e+00
-1.196578225879854074e+00
-3.296454504887422754e-01
-1.154521322175930287e+00
2.847175265021849588e-01
1.260552993893178098e+00
-8.599574530956138885e-01
-4.683179193397915552e-02
5.093189316530253308e-01
-1.930893380230467749e+00
4.467435419648526640e-01
1.050368870338046268e+00
-9.283051910146357111e-01
4.258561894247339663e-01
1.225889797253482405e-01
7.183829973807315250e-01
-1.505340544145602477e+00
1.353823585190236711e+00
2.961835403671683742e-02
1.304171589136941201e+00
4.974880377176394974e-01
7.142152750864249056e-01
9.039114462951018947e-01
-9.216991805494374468e-01
-1.380937757669284394e-01
1.260890927959272156e+00
-3.219861160125744304e-01
8.203759021083663061e-01
-7.581701872450442581e-01
-1.060090923276586494e+00
5.167273357644872611e-01
-2.353441093479487378e+00
-2.242771248634961800e+00
9.019109655309005547e-01
1.512538122309215360e+00
-3.060160722031930014e+00
-1.013062459069630439e+00
-4.106627141953494431e-01
2.867868865536174483e-01
1.070088232156526153e+00
-1.638605558086186909e+00
-4.431649393957236005e-01
5.471518304496945928e-02
-2.357379455179719752e-01
-5.582925378944687544e-01
1.313325769546461963e+00
9.812174988970040479e-01
1.451387923462158502e+00
1.904378256492479382e-01
1.263702431413448624e+00
-9.496758725000491452e-01
1.196832709659492178e+00
2.232811501357855333e-01
-7.342118498485449285e-01
3.505380719863877004e-01
3.179915907111963147e-01
-7.897393081503156775e-02
1.454391477973883684e-01
-5.713318240900280287e-01
-6.658656145729218157e-01
-5.772165329423346591e-01
4.634580102290549730e-01
1.095341584948768654e+00
-9.228351496403592868e-01
-1.560404952054840200e+00
-6.494699282844396127e-01
-1.282699460114766765e+00
-1.066046064467493615e+00
1.207051182684930335e-01
-2.385765921849192228e+00
9.168897669560116537e-02
-1.915803288101879165e+00
-1.890245360461399127e+00
2.799062406738835662e+00
-1.429784747913366516e+00
-1.384557746158576075e+00
1.862945119198190946e+00
1.839906679950013890e+00
2.010549984596667894e+00
-1.175823617497509244e-01
-8.320912405097289355e-01
-1.069024248313107384e+00
-1.121818041408391142e+00
1.427638239004000109e+00
-2.426807577465479870e-01
-1.373854181985826761e+00
-1.818455804075108428e+00
5.720968393154772791e-01
7.027228492537002102e-01
7.910518118258016429e-01
-1.118835146938903957e+00
-2.944986628152872488e-01
5.753789662707745056e-03
1.641676911599739552e-01
-6.569732136759781627e-01
-6.825860473129809203e-03
1.122854743835649538e+00
-2.132763928106947038e+00
5.046171420190271872e-01
1.037695443292936615e+00
-9.547250824991224682e-01
-1.069888773708849605e+00
-1.022047314573256260e+00
5.079311013706183653e-01
1.978937575608407107e-01
1.181502584163610647e+00
5.349590844220291075e-01
-1.127110573393839577e+00
-1.749376776668093658e+00
5.470351475198577118e-01
-1.205076841527412679e+00
-3.037914333925391674e-01
-1.658327329293520780e+00
2.389682765937845010e-01
1.150587188643723002e-01
8.057980476085319088e-01
1.799528909019579181e+00
-2.991231669791427072e-01
1.611184994524378578e+00
-1.492686505652144779e+00
-4.068185824838961850e-01
-9.593969210953012805e-01
1.011879683099510707e+00
-2.121429341796840617e+00
4.218294699123101288e-01
1.031611193875363042e-01
-1.559681467750226869e+00
-3.247503348627840403e-01
-1.235352006818709825e+00
-2.194630699810941277e+00
1.673101346510809329e+00
-1.128057058107973631e+00
2.339601874297039114e-02
-1.926697731652655121e-01
5.387768975063698118e-01
-9.376273746196486236e-01
5.729128456854883922e-01
-7.394730390489909766e-01
-1.390386623414263667e+00
-2.474639661557206383e-01
-1.420262721113873639e+00
-1.365877321512246834e+00
1.046726912462381032e+00
-1.466730470331794489e+00
-2.865621568787403151e-01
3.058764668352779714e-01
-8.362062393852895403e-02
-5.272538986523997995e-01
-1.478089246461629758e+00
5.312289087791066677e-01
-1.356946704700622730e+00
-5.782173077221711699e-01
1.719135917938903191e+00
-1.710743813582917827e-01
2.075164985896620351e+00
8.904160942998063932e-01
5.986448285975464190e-01
5.872227938228574695e-01
-1.350873546518732482e+00
-1.241393815356964136e+00
-5.219840370916311034e-01
-4.524987058807935503e-01
6.505917148443087772e-01
-2.382057563640174180e+00
3.026666322432350675e+00
-6.673463272472351937e-01
5.764158127195000425e-01
-5.895673586598723093e-01
1.068431358697408129e+00
-1.085494937011673572e-01
-5.231844742226678946e-01
1.933267176745263605e+00
-1.438108377710651808e+00
1.625028940890556606e-01
1.855826854875906928e+00
-2.614263016552789143e+00
8.533234748635626365e-01
1.362747829934064958e+00
1.983121632345334895e+00
-2.698699869456397504e+00
-1.064201823578142247e-01
-4.235978281158001568e-01
7.290562584051312189e-01
6.643724212333409485e-01
3.729577468605146939e-02
1.460413188385516259e+00
1.116910014501465653e+00
2.044128357765707116e-01
2.404549129292484100e+00
7.665195194417613600e-02
-1.524424464990502326e+00
-2.663430931170992277e+00
5.729671369359767841e-01
-2.487247590719674495e-01
-6.652709907792653254e-02
-7.874997746134801968e-01
1.778246995899881000e+00
-1.212106061263741541e+00
2.178135763303909123e+00
-3.821572197960151906e-02
-1.970291033014544557e-01
-1.027679440743809014e+00
1.376732860010265069e+00
1.548424732622294631e+00
-1.734043676323543948e-01
-4.769232664090585772e-01
5.408899923924899156e-01
-6.484822941253696182e-01
1.490837183794788245e+00
-1.078437433405953660e+00
1.576081069147114988e+00
-5.724402882210259946e-01
1.577403638022936816e+00
6.895519580564883899e-01
-1.377680357840638248e+00
-1.127976557367834087e-01
5.541026273578211203e-01
1.076086848200383805e+00
-1.435934165559024533e+00
-2.043997066085156689e-01
1.984476910443341291e-01
1.704190050321095162e+00
-7.148636469869918963e-01
2.211388714124192134e+00
1.807915635857096359e-02
-5.955979041415313535e-01
-1.423438802181818064e+00
-4.060009568274037806e-01
1.663934913045567843e+00
-9.050740656800108086e-01
1.673561657159359228e+00
1.562079975841444535e+00
2.001898865979417241e+00
3.122121983082147834e-01
2.635725011337566870e-02
1.738475008448545633e+00
1.915394823447572170e+00
-4.415707172566230021e-03
8.574385087684810447e-01
1.684938533323465937e-01
-9.708207594891624659e-01
-5.939714787278581598e-01
2.370106415762281149e-01
6.013793434674609140e-01
-1.680940935467272412e+00
-4.720334922143760714e-01
8.589636206412072372e-01
1.856102920644485677e-01
1.049593270844259019e-01
1.146235899012722381e+00
1.029372403731915409e+00
-8.556545731197297000e-01
1.257080187519516334e+00
-2.198173370633333679e-01
-2.913807966970705099e+00
-6.332105245636335256e-03
-4.804538748152109573e-01
-2.407095290187731829e-01
-1.030358872029899731e+00
1.225610681924608869e+00
