1.389096035548432306e+00
1.612932742718928836e+00
-9.313921075048041676e-01
-8.151824987822732238e-01
-1.299990248346291732e+00
1.766699665345927706e-03
9.499423709311143327e-01
1.474604521743500207e+00
2.955861917725828292e-01
-1.872820433325078859e+00
1.745849699954004519e+00
-1.184753392471180833e+00
-2.531748835419417865e-01
-6.512727255399595183e-01
-1.004919778926179674e+00
3.527103568389717281e-01
1.211932044880712933e+00
5.473068332398036695e-01
-9.621788036193230642e-01
-1.303064822616625928e+00
1.474270299777574733e-02
-7.189450278600740818e-01
3.042751948211953605e-01
2.784709616051110892e-01
-9.102536660906982435e-01
-8.715210154652918151e-01
-2.254857692036847272e+00
1.050412351078779283e+00
2.030290435790890191e-01
4.923743803923973372e-01
4.150722671574871292e-01
-5.648698414123731748e-01
-7.909122703602267102e-01
3.791015010078804814e-01
-1.813432837409612253e+00
4.514185989813856992e-02
4.219664395346588437e-01
-8.391589070692888619e-01
-1.315177788142181781e+00
1.273529932882699889e+00
1.362137824182302781e+00
8.195311109338214717e-01
-6.976754135899938536e-01
1.358644798259390774e+00
1.532615147702315328e-01
-7.015462936164641450e-01
-7.746656304582000274e-01
-1.399910221012631295e+00
1.838714694599227428e+00
-1.254637259694745544e-01
1.467974656798713418e-01
1.402951725416812900e+00
5.960865288492031011e-01
1.476300689661070198e+00
-1.876586586070934759e+00
-1.539252802414549537e+00
-1.291929527993710414e+00
7.497232333416552486e-01
-7.126791650554307189e-01
-1.552407161986917306e+00
3.051805394130660543e-01
6.595396302279731282e-01
1.833668746654872228e+00
-3.839268190391690316e-01
1.045789698968665693e+00
-5.961529775210868687e-01
1.546802166949488688e+00
-4.099056947537003115e-01
-1.016950658533929630e+00
5.235384355017611568e-01
-1.947051117821794741e-01
-7.727868182541525188e-02
4.372211554963594260e-01
-4.675745283074947412e-02
-1.153942482021394378e+00
6.809257842242030234e-01
1.185034435432457789e+00
4.041269084096504871e-01
-1.330176035174138072e+00
3.920927624110408516e-01
3.744510290509084904e-01
1.668773397910080503e-01
2.065997195328278302e+00
5.070852852795360022e-01
-1.230552832046900580e+00
4.325512712172792651e-01
3.339964016033836192e-01
-1.229234844583609432e+00
-1.455985059259866876e+00
7.173126161867646733e-01
-1.002055203251227322e+00
1.451990480624635094e+00
1.870477043979820397e+00
1.703488274816011838e-02
5.398484263382954396e-01
1.316903518304506360e+00
-5.874081312877872385e-01
-1.848804584155475439e+00
-1.314639847875012091e+00
1.509782800648685974e+00
9.444592627944392582e-01
2.685815638327176957e-02
-1.065630324257701211e+00
1.593949422249682168e+00
-4.084258195795554824e-01
-1.140039796206983036e+00
1.345369281800144368e+00
-3.033032072876763463e-01
-2.041640715809337481e-01
-1.643577421597603561e+00
2.145802059188724187e-01
-1.030301186335122798e+00
-1.083802401511885005e+00
4.217504454817376791e-01
-4.434299043644109872e-01
3.908544869603124972e-01
7.963587817323152240e-01
-1.232927816913167995e-02
8.358117064213337333e-01
-1.760932133620752182e+00
1.325860443548469325e+00
-9.982059323574362653e-01
1.754705039783237330e+00
-1.490109851699827681e+00
6.223571452274243576e-01
1.436663019281429809e+00
6.343927007800841400e-01
-9.001841847332514579e-01
-1.508475377141373919e-01
1.221649107707543980e+00
2.754938936233903291e-01
-5.735944416941368695e-02
-1.771227857904840386e+00
5.357864230272433304e-01
8.706457201306321281e-01
1.376482106791881321e+00
1.286200966716138261e+00
-1.363327296016572543e+00
-2.492297533191847880e-01
1.920982854677455443e-02
8.562672222823088930e-01
2.065474519435053224e+00
-2.600908626390598943e-01
-6.605321945284354790e-01
1.233885682964001695e+00
8.896003268918475371e-01
-6.053427654722104423e-01
-9.634734335939600935e-01
-4.217709060435964608e-01
3.580754482790324822e-01
-5.965171543236909013e-01
-1.137931579941305449e+00
1.313711430619508791e+00
-7.841406715497654112e-01
1.225054267313812950e+00
-1.292960003259378654e+00
8.451124688215365666e-01
1.411381652937036435e+00
3.875648351364281985e-01
-1.558951993671114034e+00
-5.067190989350722763e-01
9.382955033750994822e-01
-1.287683708661215176e+00
-7.494001792339729517e-01
5.093127981164440321e-01
3.141452125769879089e-01
-1.443434924940189878e+00
1.304356661338463841e+00
3.635621586422718710e-01
-4.802242730659440628e-01
1.365352154973605625e+00
-1.383698228218319448e+00
-4.326134092274151466e-01
-4.304041926622133030e-01
1.066238430795242831e+00
-1.206647482937472482e+00
-1.382463014475246998e+00
9.011341785218209832e-01
-4.288509792621324479e-01
1.774422074469932387e+00
-8.559526656721014870e-01
1.453705806943494494e+00
-4.125681811257312925e-01
-1.422090899730786617e+00
9.210860675977928791e-01
-8.642918243563069147e-01
-8.081751680379449798e-01
1.137409342190586869e+00
-6.999559436090785347e-01
-1.200743780021230389e+00
7.859476000635876591e-01
1.107354203190540343e+00
8.969513754027801378e-01
-1.837677243585702502e-01
1.081461463954689561e+00
-1.551039457555660750e-01
-9.980529687228937297e-01
1.681563305790923835e+00
-1.628406347738524662e+00
6.297742285268380646e-01
1.232432558391572508e+00
-1.269826824144135058e+00
7.819777173072084420e-01
3.329213033698233404e-01
-1.430935975955271111e+00
-8.682743950892459761e-01
-3.339588407338262566e-01
-1.079470821305318129e+00
1.192499147684515481e+00
1.212386197670454191e+00
1.012343007424658881e+00
-1.853820953050245635e+00
-3.141812835385845437e-01
1.782021003112291391e+00
-1.021173957169267732e+00
-1.368862922557329886e+00
1.491568036906576689e+00
-2.674584575178064472e-01
-1.133926708496034275e+00
-1.611578205208084480e+00
-5.600475567905958130e-01
-1.403028482504481422e-03
1.259343572866404859e-01
8.250940881731888554e-01
3.133733824039504068e-01
5.204150522714999783e-01
1.039790212397543989e+00
1.032862972057721374e+00
2.299098030485383637e-01
-6.975645520613734663e-01
-9.740598271306358802e-01
1.542066067060208434e+00
2.474899088631791200e-01
-1.445587698103883323e+00
1.208781178035943094e-01
1.463853156352705964e+00
1.057036684267553373e+00
-1.411646171476393374e-01
-1.245511795238939401e-01
-4.829116483492144063e-01
1.270446810526242754e+00
1.183209238797238605e+00
-1.134284459062110395e-01
6.911531561972226179e-01
6.183305747313880274e-02
1.401829265702719263e-01
2.218045819120608275e+00
1.256545754176354057e+00
-6.319639137009365193e-01
-2.330649915790622417e-01
4.716525325716717232e-01
-5.980588118993360736e-01
1.543791741595603950e+00
1.301129394157564345e+00
-8.979878008741184470e-01
-2.704850306762976997e-01
8.222333796534613271e-01
-1.096422593048085314e+00
1.134662171829269539e+00
2.194081070715536708e-01
-8.806557477918108834e-01
1.080215466956872872e+00
-6.492672908257759445e-01
1.545225044055843489e+00
1.028896459321110735e+00
