2.914687461003651059e-01
-3.816452875039648696e-01
-7.658549773886815792e-01
-8.324221383481367198e-02
-5.748879286205643702e-01
-5.163497111999055811e-01
-7.969541453615354154e-01
1.706057126321280926e-01
4.697321584340279355e-01
8.228436168111059601e-01
-7.227122592559007686e-01
-6.408535910726236295e-01
7.093516746064676415e-01
-9.511195101362781568e-01
-5.960076094014543635e-01
5.484909174292276202e-01
-9.970571083773371868e-02
1.602303408199599044e-01
-1.100541824788099365e-01
9.153904740778813220e-01
-1.324678941255756914e-01
-4.396485935274951906e-01
-6.367154051804495563e-01
-6.414878631734539649e-01
-9.973520151088417496e-01
-6.118053482535046328e-01
-6.914548641264801621e-01
8.430456956566318993e-01
-1.646955911439011988e-01
9.277383743643137226e-01
-3.166438106359905635e-01
2.191928259757318642e-01
7.465546766265700462e-01
-8.571328473179620211e-01
-6.464847165586002919e-01
-4.105954769107680313e-01
-6.023267074728035908e-01
-7.321979178870077209e-01
2.486667900220786986e-01
-5.419515510496575317e-02
-9.268743226611118047e-01
2.317224502565913280e-01
5.082668026025347618e-01
-5.392295267481299614e-01
6.223053352118657067e-02
4.411018951263621091e-01
-9.831735259915930225e-01
-9.678710530318879179e-02
-1.329072941424833676e-01
4.520616531088192946e-01
-1.432564956079327434e-01
5.193086534497350915e-01
8.703742265412162116e-01
-2.038232678838831635e-01
-3.786240649527847779e-01
8.632171393534109338e-01
-4.500699028903478727e-01
-7.982709423200304855e-01
6.662615222672465531e-01
1.751452349550650656e-01
3.907096726887437921e-01
3.607909571071565846e-01
-1.542438400048962155e-01
6.966810433214818410e-01
6.077514751360086898e-01
-4.698331082121636193e-01
3.742564299474662182e-01
5.073130146756594794e-01
-9.435493180055463114e-01
3.909331132542239740e-01
3.540737344970461553e-01
4.242398315636894957e-01
6.817221087310267880e-01
7.869635732599888911e-01
-8.612969502777334529e-01
1.432250852233702965e-01
5.118311227759584359e-01
-8.734578282176055364e-01
-6.709294822616955756e-01
-1.815581752989590125e-01
6.090834520353496373e-01
-3.094402591292724214e-01
-6.372276284670259638e-01
9.295739657647967835e-01
-7.473965971637011041e-01
9.410527329759996729e-01
-7.885466355779700010e-01
3.802907276343150400e-01
-5.866408020954088087e-01
3.937623539720935817e-02
-8.123734256298071887e-01
-7.880528376056097350e-01
4.106570150768029670e-01
-6.575785285398338953e-01
-2.020861682188397346e-01
4.944463312193416726e-01
8.601522413452629134e-01
-7.287820594150447029e-01
-2.569412615583059889e-01
1.344894363670503523e-01
-9.040862246045917594e-01
2.780067536657755412e-01
7.668035298076845141e-01
-5.752670229546401615e-01
1.115692022958896246e-01
-7.381048870810626994e-01
-3.597458252627456776e-01
-1.207249192246129255e-03
-9.354645047018728121e-01
-3.215354878392071569e-01
-1.978564589436915266e-01
-7.550457362867570854e-01
-2.003066881398805066e-01
-6.025931474518897435e-01
1.210574264992885229e-01
6.376865140844689694e-01
8.802515219264370749e-01
3.528405547847370816e-01
-7.095669903860415406e-01
-8.612790589896892612e-01
1.958240833896738309e-01
-6.708915623040399012e-01
4.923338972755297860e-02
8.765423615087373221e-01
-4.248846814133391270e-01
-1.712914699272947150e-01
1.545409797055139478e-01
-3.268545942616274402e-02
9.558877101415705901e-01
7.579950911192345764e-02
9.180403231887686033e-01
3.490074436157974969e-01
-6.643912522809880539e-01
-9.752639602547348296e-01
5.405515647529506307e-01
-3.598135153196333480e-01
-8.060424084269932621e-01
4.029677328180001350e-01
4.501631732839455058e-01
1.399977733320449946e-01
4.688973157797373670e-01
8.406764643822619565e-01
4.648685427227354783e-01
1.408671027154848598e-01
-1.444432938621369455e-01
-7.196565116877500223e-01
-7.067546214399020865e-01
-8.322745089875913660e-01
5.690780454137043254e-01
-6.860675309316903725e-01
-3.283674246468417657e-01
6.565598234248541942e-01
-6.015348249701493177e-01
-5.954581864576402594e-02
4.268510855023535111e-01
-8.543123489207595789e-01
4.978701188730649818e-01
-2.946498380261040051e-01
3.947263018585651650e-01
1.326365003491927208e-01
-3.541843515165272738e-01
3.633983889446408266e-01
3.604866401909712081e-03
-7.745214447265591495e-01
2.191538773495864678e-01
9.750157563982866371e-01
1.096796199671752348e-01
7.705857992011972968e-01
-7.406250163066487868e-01
5.562611071889334013e-01
2.865079342444347699e-01
-4.045969931084645310e-01
2.800982859572562766e-01
-8.951238795355151989e-01
3.007478397934029157e-01
-6.211103760034575316e-01
-3.899478634781066155e-01
1.944065647793147278e-03
2.084567564298933640e-01
-3.962099478982046286e-01
-3.512309183020669856e-01
9.562675335385744102e-01
-6.451258797750292207e-01
-9.374687696553252181e-02
-1.967290005377455575e-01
-4.774762137683019603e-01
-4.882768809648430075e-01
-7.331874297689964237e-01
3.382571314411131347e-02
1.830098704191669423e-01
8.117764098088307012e-01
4.500474138422736470e-01
9.417763393110352155e-01
6.640278326031061606e-01
-5.498850112096052012e-01
-6.779352514094458826e-01
-2.201355644748503870e-02
-8.316556357522348897e-01
1.412245773865410392e-01
4.045810956336759467e-02
4.933929955134648271e-01
1.267365907700424010e-02
-5.801309991404357547e-01
-7.006479061483741333e-01
-9.562290187363844396e-01
1.093431641603235249e-01
1.096915607790795999e-01
9.663916785315345148e-01
-4.310542642675450065e-01
6.498649588056764070e-01
-7.836582017399504885e-01
-4.797048419065976788e-01
-6.621658472096114689e-01
-1.159493597841481094e-01
-3.548215897165334365e-01
-5.537734839705676926e-02
6.962421113380738991e-01
9.980227526941107818e-01
-1.070760036419502459e-01
-5.264160819692149662e-01
-8.566380591153572865e-01
-4.512332991294807361e-01
-7.369494064745696349e-02
9.157601996033108982e-01
-5.153965343577797675e-01
-5.145676238616185838e-01
-7.646524274117387776e-01
3.272818427754156101e-01
6.140325304139717666e-01
6.888828412299548010e-01
2.794531813888054828e-01
1.590567846441137689e-01
5.442172284918824765e-01
-6.893891466622295017e-01
-8.361356788946874286e-01
2.446243449326810371e-01
-7.394918438445474695e-01
2.982028919105172982e-01
8.622001414675983799e-01
3.950001382941670247e-01
8.629722162787323292e-01
-7.696846844500357943e-01
-4.707685268208634533e-01
-9.486052437459668862e-01
1.190843917599579971e-01
5.720654916758949327e-02
-4.153966264486257387e-01
4.907327105840144643e-01
-3.682198908921026081e-01
3.772617811592797743e-01
-7.696499078206273659e-01
6.102566879493755980e-01
-5.637659236897492043e-01
8.770226990062350847e-01
-6.343430011591197903e-01
-2.866889320855809942e-01
3.708172720543037038e-01
-3.785110110383156368e-01
-7.433746253051833897e-01
9.662971135211861906e-01
-9.009420777337460162e-01
3.221675319805710203e-01
2.733840569893688510e-01
-9.812520164265086109e-01
-6.320844099249167680e-01
