-8.024220628233875718e-01
6.820538862018696857e-01
-3.815057826413523756e-01
3.220536312916471022e-01
3.433403805125323505e-01
2.950747365265278255e-01
8.204176322735001747e-01
1.462872197222566673e-01
-6.239402969828695689e-01
7.289764901135820097e-01
-8.428264633496760361e-01
9.650719965310623483e-01
-7.519403272622315892e-01
-3.399757109915950704e-01
4.754158397093481980e-01
5.583868098475597286e-02
6.251431190995218046e-01
-4.141683235643824901e-01
5.689034172469482620e-01
4.726013266685686887e-01
5.147151429790104427e-01
-1.623330266806506383e-01
-9.613596511231670139e-01
-9.908129050970404528e-01
-3.053558201504722458e-01
-9.330265820801728616e-01
7.707109705498111918e-01
-7.714945025183044258e-01
-4.031048367872602789e-01
-6.125668076204928703e-01
7.681688102583024147e-01
1.879624489038036472e-01
9.384927272523400088e-01
-2.124180762884670948e-01
1.758343526333647766e-01
-8.824108002398516337e-01
-4.943949420284552421e-01
-6.803411092841054053e-01
-1.880638396172016336e-01
-3.961830876192748985e-01
-1.260816600747738381e-01
2.727517074829084454e-01
1.120418690442228637e-01
3.298663624820541429e-02
-6.343351158828764991e-01
-3.119663731512407612e-01
8.395064341788609497e-01
5.746465440825820892e-02
-2.568400689472116749e-01
8.685590546064010375e-01
1.468588105917585374e-01
-1.365576294853294570e-01
6.938263477311372718e-01
5.525273731392918997e-01
-4.286523478529971065e-01
4.441775910597667298e-02
-3.866160040208179716e-01
5.959033798551063299e-01
9.041986498572895936e-01
-9.474470103379522001e-01
-8.835716175032799491e-01
9.341720803899675740e-01
3.946693092263622304e-01
-7.573271674566073308e-02
8.994586568615148270e-01
9.065822928074964704e-01
1.179862415566099720e-01
4.605966553938816155e-01
8.329226553540136635e-02
3.056276322405144796e-01
1.685397744408230203e-01
-9.929016969870174680e-01
1.640377179379721717e-01
-2.030666113010066720e-01
-2.827842970572467252e-01
9.804346592421275819e-01
-9.162699253654302822e-01
-1.525837549286568340e-02
7.341607605447006968e-01
-7.781808323068000188e-01
8.143528485349964541e-01
2.389344736353051779e-01
-3.745043309981050950e-01
1.409921403428848752e-01
-6.608831160316648301e-01
6.279211181081660875e-01
-8.509077551117778526e-01
3.758534918078886289e-01
4.286984629441075167e-01
-6.887094710776242579e-01
5.279950102637465115e-02
7.537580302829227641e-02
5.874255443310074654e-01
7.220956314226221195e-01
-9.384569290587434498e-01
7.797619945535072539e-02
8.502849301420887240e-01
-4.875102628188856535e-01
5.928642908599808248e-01
-6.421018277664225504e-01
-1.040833749013272413e-01
-4.228426964999221216e-01
9.713615642221036239e-01
-4.897272085407167186e-01
-3.103320371501530062e-01
-5.856104045258969659e-01
9.851369627378188110e-01
4.355244565314821958e-01
-1.756692710113680889e-01
4.870920100681195297e-01
9.475707435620848162e-01
2.606546315182294293e-01
-6.790049312503811940e-01
8.478897789394854723e-01
3.056250125035073761e-01
7.615302606126521656e-01
2.942528635408339088e-01
2.668300133315986145e-01
1.122261929649122081e-01
5.816187936681820325e-01
-1.098521250069941502e-01
-4.979297018189732249e-01
-8.064186611204133825e-01
-8.751697140399645747e-01
-4.747854719642758958e-01
6.302336618477810681e-02
7.852635510097938365e-01
7.443522578602390638e-02
-7.503174155115490684e-01
-9.240243062735471469e-01
6.480923430542451236e-01
-5.310700943666610829e-01
-5.446358540355247246e-01
-9.394811796840543128e-01
-6.011828475825771179e-01
-6.540691785617047671e-02
5.743022148308110086e-01
-8.956178870751392296e-01
2.877681729704217872e-02
2.356722438667766539e-01
7.896762775652570454e-01
-3.088307522215205658e-01
4.562904009052000109e-01
-7.143653910091667392e-01
8.808301532346118901e-01
-3.651360286418008361e-01
6.652528538558217797e-01
7.372302587948684760e-01
7.019839370331495410e-01
-7.903214374856766256e-01
8.214477252693752618e-03
-6.910123353141206515e-01
-1.102841001148717748e-01
-3.956221008541738193e-01
-6.542408465324389688e-01
-1.218733755782392958e-01
-6.226577923226006561e-01
-7.839733636723631438e-01
-9.547398406927474213e-01
1.591930703592585594e-01
-1.285664360991858324e-01
9.447948845470532930e-02
-4.890632756704669237e-01
-8.659160109658887716e-01
-1.950702210129631187e-01
2.033696349616298527e-01
-1.512719250803384874e-02
-7.263441703260538063e-01
5.552438022846299948e-01
8.474800782811360289e-01
-3.040221867220143093e-01
-1.288553406924093370e-01
-3.924705738712090941e-01
3.226000224216769574e-01
8.730087380825337640e-01
-7.706994756848686290e-01
-4.851602802062424669e-01
3.426835083130175263e-02
5.040346992812971827e-01
8.381552923955357670e-01
-8.400298593750898934e-01
-1.846877207642816376e-01
-6.831291567765029882e-01
-9.687175210985288221e-01
4.756347803080900327e-01
5.813071386891355274e-01
-6.635186844393368144e-01
7.340910883216213989e-01
1.906024261903069839e-01
8.855303852295834943e-01
-3.960485723762099397e-01
9.854418783526883718e-01
9.652661731854339511e-01
-9.442279847626278144e-01
5.772654724698962347e-01
-9.318289737395368810e-02
4.894829127215925002e-01
7.387168536389543405e-03
-4.427381514578669908e-01
-1.480940311374689955e-02
8.818013700005269406e-01
2.813174764233346004e-01
4.327735884961203539e-01
1.150527600957522711e-01
-1.885672194021503767e-01
-3.906561823257843624e-01
-6.703201481796527972e-01
7.036440509243271357e-01
5.120030564245137139e-01
-5.809676084417865205e-01
-5.482474486196888819e-01
9.826791858828491932e-01
6.876090906368705902e-01
5.455418924291628446e-01
-3.611862257929250308e-01
-1.806086118399292673e-01
4.461826393326151496e-02
1.350993809958891401e-01
-9.607166500750159432e-01
-4.755700140792507025e-01
-8.058395118321797224e-01
-4.230561710538360831e-01
6.142084091254251810e-01
7.875727341376230761e-01
-1.857587098981892115e-01
1.300959971673008031e-01
8.476165733075411435e-01
-6.992917737766621844e-01
-4.629531407199036774e-01
-8.480423280389308704e-01
-8.075243318814995241e-02
-1.169686069941033857e-02
2.897492034414508311e-01
-7.509909227879454363e-01
-1.599353777673262478e-02
3.835778838574732674e-01
-8.375316702212409758e-02
-1.632276862631707459e-01
-7.101391845699551730e-01
8.343972404752497685e-01
3.684327601573984534e-01
-3.878648526663353024e-02
-3.327090526210110255e-01
7.216186918330356193e-01
-3.904598144036641738e-01
-4.894406528864723160e-01
-9.728527085205960212e-01
7.633952695228869434e-01
6.940330103686096486e-01
6.629253884852004397e-02
-7.908200147125148405e-01
2.803100496421244703e-01
8.846865196708011414e-01
4.922999878948532970e-01
-7.724988524712894655e-01
-8.663566020631225939e-01
-8.236901822490272362e-01
-5.454459160500759740e-01
-1.281766196616149767e-01
-6.149531425294108011e-01
5.496729111177554028e-01
-1.893619291267241156e-01
-7.294433194359903894e-01
-4.147907759242692727e-01
7.611076921058095301e-01
