-5.295467198009049525e-01
1.881056718300074149e+00
1.186939585714361645e+00
-1.105409367770719298e+00
-1.373326033457220596e-01
2.643404637732841289e-01
-2.486460884849309050e+00
-2.447197478345627175e+00
-3.055872127727225607e+00
1.802722266809879681e+00
2.714945618493191937e+00
-5.493470603294324794e-01
-2.849023436832283984e+00
-1.901682210110049454e+00
5.749535998096388933e-01
3.809066700287572882e+00
1.708716784504872965e+00
-3.682929602475578656e-01
-2.972528899187644846e+00
-5.039684301946839362e+00
-2.777049962315974341e+00
-4.384101900789714179e+00
2.201092603767198952e+00
7.935841923146791377e-02
3.515604244368123243e+00
3.306841671713783626e+00
-1.150161013117440012e+00
-8.373777144778361547e-01
1.610451685071468741e+00
2.260945715101807529e+00
-2.210403246498736429e+00
2.577759241953136105e+00
6.184029888736980451e-01
-2.836737165218457424e+00
-6.957776838861249313e-01
2.432379611622191184e+00
-2.416001162737008379e+00
-2.970861977285690791e+00
-1.658266725432017585e+00
1.322748691295440038e+00
-1.042555638184030631e-01
1.860572231172350488e+00
-2.879585165796034740e+00
-1.109903431950331587e+00
-2.770350169279590435e+00
-2.386999231979920921e+00
1.494109472144341755e+00
-2.043250142551671367e+00
1.248327552971918664e+00
4.985707696195965100e-02
-7.604201545035099707e-01
-6.658577312785436408e-01
1.844087087561798732e-01
3.105301939808924772e+00
2.491041894334399487e+00
1.159015273598473783e-01
-1.241224480257146601e+00
-8.115691040947947688e-01
-1.386613289553303208e+00
-3.326656764565516511e+00
3.694027466147831174e+00
2.882415050351205821e-01
-4.434017007847530500e-01
-4.941764537422153047e-01
5.680989099985557234e-01
-1.681585568458321411e-02
-1.090089275896094723e+00
1.841010357422956822e+00
5.942875290253167853e-01
-8.437567342585594599e-01
5.386394826175127548e+00
1.928739267364230958e+00
2.578635974624861493e+00
1.802365979873085777e+00
-8.782973349488729653e-01
-1.936572272124215566e+00
-3.740970940987474513e+00
-1.432382923609876180e+00
4.404695526817653750e+00
2.008079989513281705e-01
1.320067599809676473e+00
-1.364742896771111269e+00
5.178589070107035397e+00
-1.723258560073446466e+00
9.586881530156549092e-01
5.066067569165851880e-01
2.889743282793974188e+00
-4.539281509688769312e+00
2.624697467037723886e+00
1.346947337402112366e+00
-5.014528316894140580e+00
-1.172464689764863843e-01
2.966541168072158174e-01
-3.118896570811432234e+00
6.437275672166480334e-01
-8.722084505249394493e-01
-2.813007766275487320e+00
-8.817642940394760931e-01
2.574506591345739004e+00
1.945743450432836141e+00
-8.985015950831196641e-01
2.715345061597329579e+00
8.309598926421404297e-01
9.065630449439647798e-01
-1.635968967590977430e+00
-2.489473143538825983e+00
-3.299525608166177015e+00
-3.884900728121864155e+00
-4.863449386254692364e-01
4.018052759297564336e+00
-2.337352013606035950e+00
2.096764108110662050e+00
2.527454296160412284e+00
-1.233362980138240417e+00
-4.769751776039063529e+00
-2.951868974581593807e+00
5.032223347789005485e-01
2.423051622350668843e+00
-1.625589924972066669e+00
1.192312537385561422e-01
-1.760538526075591470e+00
3.093727400956537421e-01
1.142371682270762800e+00
1.429452781103809578e+00
-4.156143460093038478e+00
1.099166095263595100e+00
-2.883745398041398511e-01
2.407467734095221523e+00
1.965759773209976080e+00
4.024784583667393889e+00
1.831122452402638157e+00
1.156953147892948897e+00
-2.594840914242409369e+00
1.739174917633956374e+00
2.448206946861640088e+00
1.467682665257279861e+00
2.102009832211707785e+00
3.586351869048661989e+00
4.926489890343114020e+00
-9.951587482976259613e-01
2.740917341581354805e+00
-1.197472702660487665e+00
-1.918533952656128472e+00
-2.806089790117997307e+00
-1.167572910042428136e+00
-2.961074128213099677e+00
3.138749975411139204e-01
-2.035753201993181438e+00
4.773426646631946380e-01
9.737693513948370017e-01
6.496231802398730881e-01
-1.658829448332522327e+00
2.589920944591290741e+00
9.443097465289224113e-01
-3.613683318384007137e+00
1.198165974450051019e+00
2.006429408151122029e+00
1.891110798121112158e+00
-1.796098570016098961e+00
3.379876656444340988e+00
-2.278817192911883449e+00
-3.328840520264840563e+00
-3.493847027543234951e+00
3.799187482392744286e+00
-2.198872247363474308e+00
-3.608212738511701101e+00
3.180804444667173492e-01
2.339752078562001625e+00
3.368306437817274457e+00
-1.438786500013442993e+00
-2.233925984116189589e-01
6.361536263238043443e-01
4.362405714962964254e+00
3.858477519775046494e-01
-1.477812085583382284e+00
2.711232399855334485e+00
1.855918315577727018e+00
-7.363730634374147099e-01
-1.469668234614639690e+00
4.312240188107089978e+00
4.065580257860870184e+00
3.112009111173462905e+00
1.227529514776849240e+00
2.170075624883739174e+00
2.926247549490944344e+00
1.693681280701498926e+00
-1.866113767202541407e+00
-2.622825415777588987e+00
-4.124921062270773042e+00
6.960402963768178575e-01
2.697535347152030916e+00
-1.001581966765313636e-01
4.203418849100277743e-01
-2.752646023275853615e+00
1.088180230284569117e+00
-2.832797285251690944e+00
-1.861965274139377069e+00
-5.370985526838520929e-01
2.081339522465547098e+00
-1.230065382381903882e+00
2.395663361408547409e+00
4.786338138528965835e+00
2.718259534467028171e+00
-6.352643684305607774e-01
-2.261981408034023922e+00
4.702154345064035290e+00
-1.715342310708858786e+00
1.314240322903827973e+00
-1.066856655842647994e+00
3.675446422911894384e+00
-3.169859891077974279e+00
-1.653595136055625137e+00
-2.515569490090306393e-01
-1.318498029597882759e+00
-1.729892032847463179e+00
-6.758286997462594758e-01
-2.454650577184984250e+00
-8.427139843746014325e-01
3.400446699674528173e+00
-2.574630405816006107e+00
7.002719906887729939e-01
6.660905758473077976e-01
1.705295552043752272e+00
1.987667413410605155e+00
2.739643239135306496e-01
3.562130547074955356e+00
3.005557476646327775e+00
-4.664723445758133025e+00
2.301415826170394752e+00
4.078494753703568731e-01
-4.343831184454738370e-02
4.193358555260224385e+00
-3.517534998370339672e+00
-4.376056851516184842e+00
2.942633219174191517e+00
1.169768142117612708e+00
-4.028422621267033321e+00
-8.694101137788212696e-02
3.613194230506105775e+00
3.123187427347798639e+00
-7.409155153163730079e-01
-1.740322459897481577e+00
2.183712370969559391e+00
-2.527688478271790995e+00
-2.074349174978643795e+00
9.299718206574267843e-01
3.489926795917166480e+00
7.138803827816467829e-01
5.131332888257359448e-01
-2.664287896960026991e+00
2.644689537190572537e+00
4.200582049258355433e+00
-2.240486040915808275e+00
-2.461423254355357138e-01
3.887800795980558277e+00
-4.349793130338669989e-01
7.946870121701004042e-01
-2.930848219179054137e-01
-2.738222431022830694e+00
-1.795648670805648717e+00
-9.994581057981700711e-01
8.012188984751940080e-01
1.362806760861910549e+00
1.612795236865310011e+00
3.785583767773533559e+00
