2.559896604124134001e+00
-1.339685174032088977e+00
3.372641376719405670e+00
1.169215658605231134e+00
-4.357119606066781059e-01
2.980291278534227040e+00
3.766339906169689833e+00
1.107100079222202105e+00
2.014328524081856919e+00
-9.797401750205030346e-01
-1.139581605809848242e+00
1.898970426723840976e+00
3.839777972723043220e+00
2.637632608462258110e-01
-3.206215205655230438e+00
-1.753316062232347150e+00
-3.290885299561672750e-01
-2.608775770606563960e+00
3.371329617916862809e+00
-1.587604082902100977e+00
-2.414182724730503382e-01
-1.107456979466749036e+00
-1.658608912227040211e+00
4.952464459956923193e+00
-1.142028109422993792e-01
-4.658100448871023147e+00
-4.821722347751398630e+00
-2.526644715827379706e+00
8.879708401010670826e-01
-2.349142537350864757e+00
-1.030616746149928264e+00
4.557421126858899996e+00
7.641009743792885889e-01
8.702474174318275413e-01
5.854336469994075642e+00
1.093383699217528315e+00
3.805534568523578631e+00
3.663998262528245786e-01
3.800894274323169952e+00
-6.248147755833972639e-01
-1.452162666271168412e+00
-3.941670546458644342e-01
-1.157774892463770300e+00
4.948093358604721104e+00
2.531376478332817648e+00
1.622090806316695444e+00
-4.684546816466975017e+00
-1.890186718631188256e+00
-4.231944654276794893e+00
1.688506925559390748e+00
2.579247175269776093e+00
-2.370129445975234894e+00
2.537505876624761569e+00
3.986370620743382887e+00
1.444820182490425209e+00
-4.901905342888243311e+00
1.464395300950132484e+00
-1.629013776230654742e-02
-4.119689287616170148e+00
2.959144996191730659e+00
5.955549071905570369e-01
2.177268377972168878e+00
-2.329883524650079529e+00
-3.105015748142896825e+00
1.376867086405416440e+00
3.420737478301330903e+00
1.154069263736566153e+00
-2.090236634081736877e+00
-6.210825372431223457e-01
4.241397021064845507e-01
2.553312109828657306e+00
-1.840288404993793758e+00
-2.956146250017291921e-01
-3.141866962238105687e-01
1.852660966026734357e+00
-3.389624554961174319e+00
-2.132772981057024231e-01
-1.410930846371281744e+00
2.836341405061469700e+00
-3.501884941378534677e+00
-2.196507413685414800e+00
-2.767210654911014700e+00
-1.941124313328763673e-01
-5.880577129012540816e-01
3.276084808050731212e+00
-1.881354377485769946e-01
-2.119673372591785121e+00
3.157392878568996419e+00
-1.237626842946246475e+00
-6.443630152020919155e+00
-1.817852931302561537e+00
1.741130579177791349e+00
2.436107402661531030e+00
3.425721775558358662e+00
2.660073300455197298e+00
4.802888044721235872e+00
2.720717517055133428e+00
-1.554118249791728079e+00
-3.324492412431194310e+00
-9.753902124069068202e-01
2.319651972154145037e-02
-7.706606002013001167e-01
-3.982594137287136515e-01
-2.542381818790248715e+00
-2.000915969393201266e+00
-2.807063224306828975e+00
6.218902831940595899e-01
2.195240526976406925e-01
-4.125291646540862445e+00
-3.847755350486206538e+00
-3.745162109394630345e+00
-5.190436496936824184e+00
1.652488835610057327e+00
-6.577589222067835306e-02
-1.233888509762512298e+00
-4.852409023580195324e+00
-1.132942735063890982e+00
3.474453327877216058e-01
-1.373835227602785869e+00
-6.544140691567177370e+00
-1.087979590137228225e+00
-2.515989032281687354e+00
-1.478379336821265655e+00
2.533145740246662392e+00
-6.967033520016687742e-01
1.512434334332280805e+00
2.550868139453143613e+00
2.957073637930025534e-01
-1.575626742113390266e+00
2.542777650103498210e+00
-3.467637079785771625e+00
-2.188904488245968061e+00
1.764811999388342878e+00
2.966110876453054157e-01
-2.570509999186402439e+00
-4.826948284966520175e-01
-2.169326516902510882e+00
-2.437222225320082813e+00
5.053429383344399950e-01
-5.981886611454718672e-01
2.224210214327039914e+00
2.922962650616359959e+00
-2.208562467869222168e+00
3.833805103801925185e+00
-3.820208400371737367e-01
-7.148675037293998891e-01
-2.870381184715769862e+00
7.845807609786814574e-01
3.345259600621093732e+00
3.486632596262037254e+00
9.085719305436386062e-01
-3.908805960167141436e+00
1.195307145935935900e+00
-1.978800301273922813e+00
5.736887507462832048e+00
-4.474896465429452075e-01
1.500524062907421463e+00
-2.041510391071040154e+00
5.635199686411617392e+00
-1.063838723146995902e+00
9.812310239498801545e-01
1.716190073592900323e+00
-3.127001254584149237e+00
-2.385977893774505754e-01
2.184046331905159732e+00
3.024897472987199132e-01
-1.924722526427490976e+00
3.495832557200378998e-01
-6.589765234629366697e-01
-4.375398108867726954e+00
-1.244239470864559438e+00
-1.840797783516864961e+00
-9.003259995981902630e-01
-2.258081728507214780e+00
-1.847336196912996886e+00
1.081468471925026847e-01
-1.762703711849403554e+00
-5.389043912058697483e-01
1.017736903083875433e+00
-3.666466619732862586e+00
-1.194872732996166587e+00
-6.100434153099205670e-01
-9.792535335238058969e-02
3.301041088731031081e+00
-2.568569345625277833e+00
3.725473366236742301e+00
2.188416159185270438e+00
3.951848092326801343e+00
4.912122906573555881e+00
1.273138401696965794e+00
6.929922909981750534e-01
-3.762763370742215341e-01
-1.161923634466227151e+00
5.487070812245221418e+00
-2.299351699088134637e+00
-1.582827054169878345e+00
-7.295853079750580505e-01
3.102856181547489989e+00
2.035345996223243858e+00
-1.058529602372702882e+00
2.779540818047145478e+00
-1.468596076758937663e+00
-5.061661328092103673e+00
-6.447132345053010027e+00
-3.652270968612680413e+00
-4.898084829513402183e-02
-4.258392334322053330e+00
-1.643046404237005653e+00
-3.741090795034887506e+00
1.678534993736867209e+00
-5.209443576800370401e+00
2.274368035955514622e-01
1.361273445017441075e+00
2.007841813838784795e+00
3.055451877523555737e+00
4.563928730820562829e-01
1.585681185873853316e+00
-9.353147211162424757e-01
2.353648308069437256e+00
9.857384745792099334e-01
-3.748274639202815450e+00
-1.120105289017805150e+00
-1.669417731287470008e-01
-3.729336257727245751e+00
-7.442306994614451554e-01
-9.821613213844856416e-01
-4.253485625649939372e+00
2.138893142116847557e+00
-1.399127694017240575e+00
2.204760152716838562e+00
-4.065904620569138928e+00
1.164074415716477962e+00
-2.207541235303161820e+00
4.289900497709067118e+00
1.640882080780758701e+00
-5.008533819840657486e+00
5.006119100467898875e+00
-4.092479029181305350e+00
-3.037649965120549300e+00
7.343828961241951614e-01
4.128606894310729913e+00
4.793419268933261534e+00
5.830757848337524141e-03
-4.635121478519296900e+00
8.048918883519640133e-01
4.251832411003556800e+00
-4.852127139713651172e-01
-6.291384083181308373e-01
2.712212204073690902e+00
1.882783403450179804e+00
3.748201354194569568e+00
9.344677055560061119e-01
-2.940301494951714112e+00
-2.432183519896635726e+00
3.138543295626543550e-01
-3.392623989981168320e-01
5.082371372031333490e-01
5.064169645834617484e+00
2.152749957324982866e+00
-1.735034803070824694e+00
-4.828244718849059591e-01
8.571643526380748890e-01
-2.922602591149300322e-01
8.563080559821203974e-03
4.788662307512067784e+00
