-8.700420615239425892e-01
-5.490920783514383618e-01
6.804662816514053247e-01
-5.489805993892848957e-01
-1.438657247372117087e-01
-6.454307958412419666e-02
-7.389916674887755388e-01
5.976621963576436158e-01
-4.962805405535044567e-01
-5.894431741023422600e-01
-2.232772712224597722e-01
-2.212566685417325374e-01
-8.138539531748878453e-01
-2.986022730249677792e-01
5.934288060274659493e-01
-7.144737312462712264e-01
9.039813193100809663e-01
4.038503441277883077e-01
9.159759779645844091e-01
5.173912066366406215e-01
3.559918353909541366e-01
-3.955031176468299936e-01
-5.048413428256126601e-01
-8.117566510592422180e-01
-1.583333378612274966e-01
3.939687285265660588e-01
-3.411881102029357127e-01
6.141297170614694600e-01
8.896384297916468675e-01
-4.760060588854904129e-01
8.068322697961525236e-01
5.535024251402902440e-01
6.561568218663413887e-01
-4.799642298507067473e-02
2.079207177052699862e-02
8.195040519024823222e-01
-1.782163447400553213e-01
-3.180008191381962224e-01
9.526011624683832224e-01
4.825621287669248360e-01
-1.755627406078101860e-01
-2.910893317768277200e-01
8.072666691106160641e-01
3.548909829632853619e-01
9.893634383868410431e-01
-8.217404651064850185e-01
-1.606992205069783797e-01
-4.874004051729199372e-01
-6.218016094677105698e-01
7.420348798863096729e-01
2.886245360797423665e-01
-6.530150155970990689e-01
1.603757865603228083e-02
-9.417104374340778961e-01
-3.661395131691518312e-01
4.165217076089802184e-01
2.734008901661360014e-01
-2.694665320906157735e-01
6.505592801431905325e-01
-8.193781509112016970e-01
-2.887727209480779322e-01
8.688543638788472911e-01
2.839362757400325510e-01
-3.748840587152713066e-01
6.616353167148836256e-01
-8.498171843984245744e-01
-3.862301669568577456e-01
1.947091875236572900e-01
9.398303745842353507e-01
2.778618806655617224e-01
-4.006975993940797842e-01
-4.051215872629225778e-01
-1.298621699333994961e-01
-6.498760324440355785e-01
8.969073990932512341e-01
-4.548429583057782555e-01
-4.258903575097401362e-01
-8.705430611470943436e-01
-7.102162907499274258e-01
7.295409289265959440e-01
6.710719640558737709e-02
-4.531471420100730008e-02
-8.848606461162018544e-01
1.202261748491115778e-01
5.737142250406890298e-01
-5.271221805104886471e-02
7.059067953691655628e-01
-5.147060438893942269e-01
4.078020458512259250e-01
-6.292810812971316725e-01
9.481193325523129545e-02
1.394562787325948072e-02
6.370840351838193971e-01
4.408818446123046186e-01
5.615501337681452210e-01
-9.160352182084219308e-02
-9.789485677443687806e-01
-4.286220971677623393e-01
-2.551933933578367508e-01
6.978200238480880557e-01
-1.877296555684422330e-01
6.591108993991776632e-01
-2.065215194823180056e-01
-1.826329624779468030e-01
3.506555910945370336e-01
-6.676937130126525677e-01
-6.267579945574150990e-01
-1.703878591114320606e-01
4.628813611936601902e-01
7.670596103580595848e-01
-4.943469526739179276e-01
2.612688784030572364e-01
1.834300201323169066e-01
3.447808173334991899e-01
5.384316638943138500e-01
-6.168552765177510722e-01
7.683525633087167073e-01
1.005343803154619131e-01
-5.756405738620995471e-01
-5.557581006309000315e-01
3.936999695169680624e-01
-8.830487564867743888e-01
1.843617754610384907e-01
-6.698622292078690865e-01
8.100520214141568864e-01
1.831581657541128116e-01
8.648130683316941347e-01
-1.358136361670483350e-01
9.335951000227511454e-01
-6.717169044248425536e-01
-9.046293176652973056e-01
2.971739522013643331e-01
2.584421548537019220e-01
1.063548385332255819e-01
-2.692476989284655620e-01
6.240630841145649033e-01
9.297691905737115459e-01
9.250253595101791682e-01
-8.074100776612547214e-02
2.144157302058460335e-01
-1.850312554860988890e-02
-8.517318125399053752e-01
4.377927026979091529e-01
7.741134859340179641e-01
-5.248902274606901397e-01
-3.912430517647582651e-01
3.372078141246690475e-01
2.645938599914032796e-01
-7.570580688091874677e-01
1.303045162330225271e-01
-4.185897065659294203e-01
6.763421239396880669e-01
-8.147665061225193295e-01
4.433247029486344637e-01
-3.908703087163332146e-01
2.014555174427945516e-01
7.338513642705297713e-01
-2.231377749221077345e-01
5.657042385431911846e-01
-2.639628238193503229e-02
-5.161962776097919203e-01
-5.975935653282540283e-01
8.853496921852863633e-01
5.331147289324671412e-01
-6.256015794321292400e-01
4.271044248497160023e-01
-7.198607802058585303e-01
-2.889376452184193589e-01
-3.775056296423606739e-01
-9.929954376189664700e-02
-9.725536149565656707e-01
9.278560381192346718e-01
3.093578737412221447e-01
8.865726851102908590e-01
2.062574770647900291e-01
-8.651024688231252480e-01
3.519308358585322427e-01
-8.740220706767363179e-01
1.706469625906053000e-01
8.389130473659145437e-01
2.637205103849040722e-01
2.757407737287838057e-01
2.434494924191976661e-01
-3.164500631774436190e-01
1.475870766908555787e-01
8.120262544538359162e-01
1.531776637033743782e-01
9.306098842303534013e-02
2.625887996411078174e-01
-7.777800644334740277e-01
-4.191630600181519561e-01
-7.437127596521782014e-01
8.733620894006148827e-01
-8.609339650365455121e-01
4.975416827163157141e-01
8.369339604402352695e-01
-7.643764563960910863e-01
-2.455931084086648841e-01
-7.649728979054448708e-02
7.516068110499400934e-01
9.073158537976011573e-01
8.940196986540134283e-01
3.389874849787914979e-01
1.700768700250041565e-01
-8.979347693911199357e-02
-9.070421433544653134e-01
2.899353813807972191e-01
-1.916942874112752548e-01
7.182661752841081881e-01
-1.576274277476390484e-01
-2.001287992825151463e-01
-3.843477982980074703e-01
-9.247519229684120212e-02
-6.112630160429044501e-02
8.845944503574438844e-01
-5.594928965725354253e-02
-7.158672816616711287e-01
-5.917307885055347327e-01
9.330591191117925121e-01
-6.575573917647286049e-01
3.549790796539238347e-01
-7.661746585274955557e-01
6.857040839644401586e-02
3.645618094898870343e-01
-6.643058685456220136e-01
-7.472569571423901547e-01
-8.979368163001806291e-01
8.787596614295887232e-01
-3.501759905201478063e-01
-2.604203275697254405e-01
-3.354042631052209789e-01
5.344502540743758523e-01
3.546005450316123131e-01
7.586929575052465680e-01
6.700642100792357780e-01
-5.555226562397814760e-01
1.499953108219973519e-01
-4.659499646984628374e-01
3.358904381741942835e-01
-2.462329593252368110e-01
-9.486100592152419964e-01
-7.263467188960437415e-01
7.912594862962933906e-01
7.900125702713145515e-01
5.439248121406012881e-01
4.966292712978093160e-01
-6.811805115414801826e-01
5.644130905819610966e-01
-3.744714630099696961e-01
5.024484250176213251e-01
5.389111210328196844e-01
-2.697620022283329089e-01
5.554802912876204424e-01
-4.016773777896101016e-01
2.714271382209874073e-01
2.054334152142067715e-01
-4.064020483543588913e-01
5.209775041523003747e-01
3.277981949409050078e-01
-5.342219909534169364e-01
-1.998970103635013817e-01
-4.100686424430430854e-01
-6.085196178864291650e-01
-5.148786291546729732e-01
-2.096074364270905654e-01
