6.758165291221166493e-01
6.966302412282554535e-01
-3.686740037648074120e-01
8.767804021893446098e-01
-1.444191094398342701e+00
-1.406158547950710824e+00
-2.809711955755659352e-01
4.585332190869196300e-01
5.513705623897913188e-01
-5.074379950061020939e-01
1.091470413509199933e+00
-1.273584592683723482e+00
6.522340765521208450e-01
1.663412986496832557e+00
-1.027130492922147642e+00
1.631108428530373189e+00
-2.267037826414713686e-01
1.104490358479901513e+00
-9.259050382118245992e-02
-7.170631465855072939e-01
2.207761296397234840e-01
6.725969928445116874e-01
-7.536992614755928521e-01
-1.532130042064377307e+00
-4.447336072991714961e-01
-4.336936385741416711e-01
-6.658058208795554211e-01
-1.061552472973825711e+00
-1.421563555454162242e-01
-1.749724340435116210e-01
5.788897285243217450e-01
1.910432618703860497e+00
-2.997326689485116935e-01
6.214164281351393093e-01
-5.349188593519420554e-01
1.127706896731984321e+00
-1.919679590251536505e-01
8.018543715340524791e-01
1.228563953920239538e+00
1.998960263790242609e-01
-1.608458248747224317e+00
7.454485328339354178e-01
-1.098350905158174129e+00
3.065202132203652674e-01
-7.531212310047422642e-01
-6.450203088357540082e-01
-3.784496512732108964e-01
5.689206678162566089e-01
4.331185424250938443e-02
-1.132640270409900562e+00
-1.778396310869153396e+00
7.615387302220548715e-01
2.647595533908930765e-01
5.209629760387219921e-01
9.168833059403915797e-01
9.642684145173351373e-01
1.611874399809532177e+00
-1.543048394884626973e+00
-1.530296964181550479e+00
2.025057909138783252e+00
-1.870662209571185786e+00
1.299851534312267187e+00
-5.631743943488445314e-01
1.610803964468898952e+00
-1.698171098056742379e+00
1.543937253118461861e+00
-1.636037241322847224e+00
6.312799381750966443e-02
-7.611563553264164561e-01
-5.884975260121765306e-01
1.016067510948055252e+00
8.627863119943161019e-01
-9.552481325769410780e-01
1.167070401442401373e+00
-1.849369440269619247e+00
1.010393932449746623e+00
6.813512662165133182e-02
1.418873059044966967e+00
-5.213184612047150335e-01
1.880905197117557770e-01
-1.550142687326550028e+00
6.386342327321883339e-01
2.226342080612719876e+00
-3.225948769651367787e-01
-8.419310455177222430e-01
-1.967641254370166293e-01
-9.123649050868913868e-01
-1.200432851453378635e+00
4.935142278696151297e-01
-8.374729445124040605e-01
-8.258362861136272493e-01
-9.836079193855548075e-01
1.506824066113863436e+00
5.512633240117839062e-01
4.108929252362403250e-01
-1.010100968511537634e+00
5.968933800253057864e-01
5.710216004691155423e-01
-5.019823926310273965e-01
-7.917211949176663488e-01
-7.593760650813443647e-01
5.065273605380020694e-01
1.393207430766042032e+00
-5.701312849831394747e-01
-2.967689902256853696e-01
1.307633225390810505e+00
-1.106752683926222947e+00
-2.820180937039523661e-01
-8.533678043718577466e-02
3.996590877961522237e-01
3.880228710487336752e-01
4.214813475345637883e-01
-1.197948173200975130e+00
-1.169718663463034769e+00
-1.223121418600295662e+00
1.126853032741917726e+00
1.121673010185097130e+00
-7.479070872592948893e-01
-3.171388396425803835e-01
-1.212758564724100818e+00
4.087023051184826561e-01
1.015987407913587215e-01
-1.495072828442917556e+00
1.447196657596624192e+00
-5.923738245935441515e-01
-1.088902449066623035e+00
9.176748260241418542e-01
1.677567617714887716e+00
1.154029541292065086e-01
8.332714286326229347e-01
4.080467970296974833e-01
4.795905166855158885e-01
-3.003952899908496343e-01
-1.465530815176018797e-01
-1.070630873135975047e+00
2.437453993577845535e-02
-6.608087852877506663e-01
-1.168840246987468579e+00
3.838336262540915089e-01
-6.077467161536945772e-01
-3.286156235077436483e-01
9.091615435930415767e-01
-3.935478337643554814e-01
2.507743088401974685e-01
-1.507784379713343337e-01
8.190480811068600042e-01
1.416736798107197437e+00
-1.289914213816107047e+00
1.363202880922916305e-01
-1.642957881471540649e+00
-1.452989570617361004e+00
-1.398520033371888904e-01
-1.118687697185371199e+00
1.159960252575597206e+00
-6.431741273029272232e-01
-8.368442223330128105e-01
-9.847772138316172041e-01
-1.001602153649661542e+00
9.229106670749156471e-01
-2.238925923826725617e-01
4.206509229395877236e-02
1.520517523659777881e+00
1.114038770783615240e-03
9.484514193597424203e-01
-2.008044966079266247e-01
-5.430435868143803635e-01
-1.042818827247349756e+00
8.213073880468374499e-01
-8.698805889712607486e-01
-1.089151926012878357e+00
9.830258090482693056e-01
1.698076788357567368e+00
-5.744110678735465658e-01
-9.178941985316795282e-01
-6.787335653195882834e-01
-1.494811969656625883e-01
-9.569136753933701334e-01
7.631960326656250793e-02
-1.091540528242148422e+00
5.831644845719579084e-01
1.685882058179132004e-01
2.006863723280923217e+00
-1.121875266568220564e+00
-2.872183548761757521e-01
-1.097791967921091238e+00
-5.426979330852403915e-01
-1.178680159178850051e+00
1.316013908032084845e-01
-1.711304156103551355e-01
-6.429237792288959863e-01
2.908607509000992186e-01
2.034276039409054493e-01
-3.279669035160482915e-01
-4.998630711291790485e-01
1.381956585163548468e+00
-1.065495526207900223e+00
1.493003445156545483e+00
8.169451219253871521e-01
7.355371048762089359e-01
-6.363863882273257389e-01
-1.559244798527012144e+00
-7.041250820781796982e-01
-1.237376321070515761e+00
-1.258650157039402639e-01
-1.611949319200334241e+00
3.415943897793433104e-01
-1.305637806858919725e-01
-6.096439403050826211e-01
3.530730689668146738e-01
-4.950215610112064790e-01
-1.167851570511412085e+00
-5.848095499250163254e-01
8.520968238470021383e-01
-9.903751729971750628e-02
1.014496265138298270e+00
3.363040870095524437e-01
3.707132877811578076e-02
-5.334121911688192164e-01
-4.294970841959324520e-02
-1.762509772112970552e+00
-5.619599165657545026e-01
-1.207880427293873904e+00
1.310391907217849816e+00
1.574406028086900777e+00
-6.852801987867422895e-01
-5.665667773535527640e-01
1.128302389632556135e+00
-7.309061034749294583e-01
8.554597577175805379e-01
-2.447402539352899753e-02
1.017899981166221490e+00
-1.808758633017417905e+00
2.564815184100518453e-01
-5.387828479401299830e-01
-4.922428448561443903e-01
1.566360389639100292e+00
-1.076001679300714553e+00
-1.448729215911147561e+00
-1.287675207913717479e+00
2.097796369869983302e+00
5.328947712699825257e-01
-1.028296564785635692e+00
-1.126710789549620451e+00
-9.798527719619687382e-01
9.721670217864281094e-02
7.698393997901845642e-01
4.134568878385470048e-01
6.338434507913401905e-01
1.278617926638023317e+00
-7.898296790981667037e-01
-1.257325075872430364e+00
7.460914262862982094e-01
2.064751974572600624e-01
-1.270620649141017022e+00
2.051625629478026624e-02
-1.534823721625657500e+00
-7.492932394121125661e-01
1.713764148678085242e+00
1.322520658884194233e+00
3.194613956608279848e-01
-2.019414406196397671e+00
-2.299798374057656358e-01
-9.104900140984315549e-01
-8.939538748274000746e-01
9.816167241147452094e-01
