2.830896625657655363e+01
1.036819944555988826e+02
2.540557859201677502e+02
9.744309298738831160e+01
-2.273722249730715816e+02
-1.974279083017502145e+01
-3.077839675552707277e+01
4.796345357518054442e+01
-5.857906272364963307e+00
1.569576841197753652e+02
5.071099968867979157e+01
-2.109441037200801077e+02
-1.095471170388434246e+01
-9.416935813654292531e+01
7.375277615565094891e+01
-6.613567260479615584e+01
6.713952781114439006e+01
-1.539975979838064291e+02
-1.924165281634950873e+02
2.202649418325182396e+01
5.086528114752393037e+01
9.731576863159908442e+01
5.682980562877153830e+01
4.495036557282510614e+01
-3.999879099500347479e+01
1.477876293885644543e+02
-8.423264666730066352e+00
-5.046587701030199469e+01
-1.783453046764441581e+02
-1.448538683795152338e+02
1.511889136174607273e+01
-2.104294767253841485e+02
1.227994439123561676e+02
2.644305663089381042e+01
2.019609981860924961e+02
1.269493069577520430e+02
-1.571503263507522696e+01
2.427165615233282381e+02
-2.177433125291330498e+02
-1.439175861102299052e+02
2.294823786767106100e+01
1.995408320145477887e+01
-2.339860099011584111e+02
1.921553296405109279e+02
4.284301252070763510e-01
1.673006298250322743e+01
-1.148164698448684646e+02
-1.060666556550140598e+02
5.139208502886437202e+01
5.186020405930496935e+01
3.738337392556472594e+01
-1.358104600950817087e+02
5.583044861198334274e+01
-2.965717149023056276e+00
-1.967638016621517352e+02
-1.815554296621587582e+01
-1.986349085628867428e+01
-3.041861007157448427e+01
-7.075928920544689049e+01
-7.476671381881746470e+01
-1.782268292991073224e+02
7.660252792148907020e+01
2.288558266943293233e+02
-2.719148577396049760e+01
4.376709602831282808e+01
-1.843710980933927033e+02
-1.829271981512438217e+01
1.269507316470191682e+02
-3.023373697169851226e+01
-1.545821784550628308e+02
1.517956137344309582e+02
7.929310802722491758e+01
-2.008070081405042018e+01
-1.130387371033034043e+02
-1.484472715469225363e+02
-7.180812613975590786e+00
-7.610867325414184847e+01
-1.426587926524153715e+02
8.197097002805551824e+01
-4.547390150123175090e+01
-1.111434279220800931e+02
-4.666383594855683725e+01
7.694710152770939260e+01
-9.139924236961421400e+01
1.886404347726732738e+02
2.541637154575357727e+02
1.283530810513518361e+02
6.642180018178775924e+01
-1.990853113162643808e+02
-1.068123599367732908e+02
2.507445308536325115e+02
1.962221204457926049e+01
-5.179706803641784774e+01
-1.321322221553067493e+02
-1.691605652349606430e+02
1.032651252110219176e+01
7.411218448157653427e+01
1.972880375800829142e+02
-2.160957426908069294e+02
1.883909178007646901e+01
1.035903934133823583e+02
1.612644149847322410e+02
-1.129467846259841082e+02
1.809698585287178503e+02
1.487734624721181547e+02
3.091188314255743919e+01
1.041612820740368335e+02
2.474493446532459373e+01
1.579243815847714245e+02
5.784065690000706184e+01
2.448715241533163862e+02
1.118952157393191982e+02
-1.133751665836227858e+02
-7.168473340328887389e+01
-4.194905607718003893e+01
1.212734872847578629e+02
-1.136582560642603568e+02
-7.139486148022702139e+01
7.111865196494017383e+00
1.763548581425546757e+01
-6.043311796216066512e+01
-1.370188113091396360e+02
1.819307936180970557e+02
8.470924877804643316e+00
7.216499748185793806e+01
6.474928774371512930e+00
1.607549698223781149e+02
4.843853661277867673e+01
-6.366821680451358390e+01
-1.390849305704789174e+02
-1.679774729276152243e+02
1.411764957767597934e+02
-8.827224832213639161e+01
1.784721017205818896e+02
1.076551485347760178e+02
3.521238625297942093e+01
1.397036678082365313e+02
-9.908707939292254707e+01
-1.003043134262194087e+02
4.742791786161136613e+00
5.259285172340912595e+01
-1.810007768629814962e+02
1.125874215287758062e+02
2.005036173524466676e+02
-6.036131380856418360e+01
1.942742369556232802e+02
1.471047016737616886e+01
-4.093757709521990762e+01
-9.340141917835985907e+01
-1.802988315879319998e+02
3.932591362616731345e+01
-1.273124872730770534e+02
-6.876076102680205793e+01
-3.753571912907606389e+01
-3.323252002938532712e+01
6.098783095218892214e+01
1.702167287224334871e+02
-1.671759186738962057e+02
-7.118709477358383708e+01
9.678166970800609192e+01
-5.910565826453252214e+01
2.444780131367826925e+02
-3.206412356595192392e+01
-2.484814738646627674e+01
1.257208101162523235e+02
3.718123437497190054e+01
-7.918439128230613733e+01
1.608430449228648058e+02
-1.751253335437275211e+02
4.345238990179958449e+01
3.528635128270305188e+01
-2.384624440013630675e+01
-7.488639182028188657e+01
2.770637119205270693e+01
4.636499716555070094e+00
-3.428052303368641418e+00
2.237913964434177672e+02
1.660815145691984185e+02
1.354723643158299069e+02
-1.852398089164717589e+02
-1.405549232277453431e+00
-3.553375787470369573e+01
-9.429284559485473949e+01
1.910741621227823543e+02
2.582508930879577065e+02
-7.896938388542520215e+01
4.461648726643387164e+01
-6.966457395298810695e+01
1.643323479784248775e+01
1.295107606253699295e+01
-1.848324790434094496e+02
-7.251090861307552871e+01
-1.442050674133737971e+02
-2.309180313571857823e+01
-3.755046631647937971e+01
-1.738636928209432142e+02
1.851580785080494991e+02
4.131648346470514355e+01
1.024295275274168375e+02
-9.811501464704595321e+01
-1.336585442093951883e+02
-5.238274363598867467e+01
1.466656870539591182e+02
5.849408072216525056e+01
2.024474175206649207e+01
1.214714158537416822e+01
1.892034882612994124e+02
-2.326492804189095693e+02
-1.260083017002481256e+02
-6.486341759669223883e+00
-2.484603855261072169e+01
5.469461131844012414e+01
1.143777091101315335e+02
6.831195293368735122e+01
4.170489500019814244e+01
1.101071886999228724e+02
1.988617679032992669e+02
-9.258753304486616287e+01
-5.030323996314010060e+01
-3.142576593503231663e+01
-2.106787073762883438e+02
-7.843767786310932877e+01
-4.249350886996560916e+01
-1.111969176692546739e+02
1.656437200903971245e+02
-8.602750040101433626e+01
3.777849090609920779e+01
-1.208419670933002692e+02
1.361391398947092455e+02
-9.573849240575920305e+01
-8.172172052097516826e+01
-1.629239417854695375e+02
1.052124311720246368e+02
-7.687096184819748146e+01
-1.579984157977391135e+01
5.928568687397670089e+01
-7.092892727570823297e+01
-2.540519754712617839e+01
1.050840399775847800e+02
1.988921826441632845e+02
-2.928000600079456603e+02
3.142309367788616825e+01
1.178889675953219012e+02
-1.098611530548673976e+01
5.754555904220853080e+01
6.012989460028429534e+01
1.381264419201788485e+02
2.547264631175835063e+02
3.119452058041507492e+00
1.304477852146880537e+02
-2.784824773500926085e+02
6.834396412633120255e-01
8.552555896985888140e+00
2.043819263627148075e+02
2.075549812690497120e+01
-1.452515652926132717e+01
-2.530180595069978153e+02
9.633123010363974004e+01
-3.121142498408250177e+01
7.104330246008234440e+01
9.166018145969113107e+01
-2.866633336644097767e+02
-2.068169019797661434e+01
-1.198525988845400292e+01
-9.348156863669535355e+00
