8.386402596510988960e-02
-1.859236003110027236e+00
1.586348350651014538e-01
6.614950203230024472e-01
-3.714513303117550347e-01
8.718122068601639185e-01
-1.506601147657951056e+00
5.627686851141113777e-01
1.480708704246375351e+00
1.691958733068295251e+00
5.675544291881974290e-01
-9.828720485021968933e-02
2.513346830667735343e-01
-9.745928608813169136e-01
-3.992929936726855589e-01
5.973091606201748061e-01
1.067733296785556396e+00
-1.332464888152074867e+00
-1.766264317153944940e-01
1.102305444188836914e+00
-1.155058881685481431e+00
1.064774999707186254e+00
6.175374037173095854e-01
2.741303972715990245e+00
1.638418644441482552e+00
7.994027728591878157e-01
2.519731422812993560e-01
-9.814899946854951374e-01
1.575409416617455483e+00
2.847390114000099892e+00
-1.263210904727283035e+00
-1.235979899891331391e+00
-1.962033161687145810e+00
1.383207143925013760e+00
-5.122962218957534120e-01
1.573424157102932597e+00
-1.796539832358041711e+00
-2.114950795344994194e+00
-3.565033922768469088e-01
-1.623056762410721277e+00
-1.028246769585993370e+00
1.511457682528083879e+00
-2.149108367805950603e+00
1.946358352028219496e+00
2.147888076691688575e-01
-1.305569559640985755e+00
7.097335859291620253e-01
-3.249166084668774213e-01
-1.003117051292645723e+00
-1.174942550201127034e+00
-9.714588089968934081e-02
-2.157726694503054876e+00
2.251519568539693816e-01
-2.089193036979257734e-01
-6.076369391256131181e-02
5.537728518660380850e-01
-5.720787876686908024e-01
-6.371483063904475053e-01
-1.422399945264787302e-01
1.118269692036487628e+00
-7.042514254603670087e-01
3.872754804862461042e-01
-4.618379551684718143e-01
1.170458081923960725e-01
8.947756226505233501e-01
-5.141721340118706740e-01
4.696071306093405617e-01
-1.457619284212072208e-01
-9.583285300824533337e-01
-6.609587375515562080e-01
1.166198894907391814e+00
-1.562577440108625648e+00
4.233190268194031436e-01
-5.574684628161264976e-01
-4.363512596681532463e-01
1.006939595295271994e-01
5.103887731411682616e-02
-1.376695174355534457e+00
1.367382530081598269e+00
1.693147679026473007e+00
-2.379443460692877377e+00
-1.095981876660703680e+00
-8.395303225021668592e-01
-1.587965764417703873e+00
-5.482135058638595293e-01
-3.474356654002906941e-01
-6.544830928541056636e-01
7.349182285664406233e-01
8.205550765400949631e-01
1.030104546781728025e+00
-9.134131408745499447e-01
5.403791159962303414e-01
-1.520998508145409822e+00
2.442788647014949355e+00
-4.355509593262379964e-02
-2.150454550105949103e+00
5.733301076104905247e-01
-1.146891779685798252e+00
1.104301226259882585e+00
-5.433072170787439648e-02
5.394564645273174364e-01
1.578669588639378452e+00
7.096804474327517154e-01
1.236723130743731858e+00
4.669669732289075115e-02
-5.300353307989321694e-01
-7.254378131529548579e-01
-2.265252196536857721e+00
2.630504442074895088e+00
5.915709249455336494e-02
2.891241234039468866e-01
3.334360963853569837e-01
-8.656394542328109676e-01
-4.422463262251927207e-01
1.567576459464480987e+00
9.238847836417303228e-01
1.287978229224107096e-02
-1.081682767425980796e+00
3.855747573808647743e-01
3.385219312801455160e-01
-6.357807331880208634e-01
-3.226238996557808103e-01
1.699617641306548910e+00
9.758708706771730412e-01
-3.307915183745180343e-01
-1.843827608264286155e+00
6.070919412583863917e-01
-4.505891485335207225e-01
-1.318193767220786405e+00
1.912516439182544992e-01
4.162597768885309413e-01
-9.450731811981573083e-01
-2.458630759550035627e-01
-1.140866384826541235e+00
-7.976383991688773545e-01
-1.080732986300322884e-01
-2.719312205832706830e-01
-3.920505019383478951e-01
-1.258924583820625998e+00
1.775151156196532742e+00
9.488081110589022260e-02
4.034357081489536867e-01
6.316215068947463873e-01
1.438862863300447437e+00
-1.637323955972719292e-01
-8.973528821019653989e-01
4.764760745704234024e-01
-8.226307132701282665e-02
2.787543657510353490e-01
-1.154274704830583476e+00
3.388352111510145037e-01
1.712095740559610890e+00
2.071460228386845515e-01
1.253672922110783183e+00
-1.426641815311098682e+00
-1.213502329854834194e+00
1.110463038767709243e+00
-2.120632120434672974e+00
-3.463370731766723942e-03
1.336386023228045783e+00
1.755133136055036847e+00
6.926721479306920948e-01
2.392648186007681477e-01
2.761951178640653648e-01
-2.035427150741856650e+00
2.865354967708531042e-01
6.216191042282244172e-01
-9.767992509025186232e-02
-1.705042828322788750e+00
-9.602421404506443769e-01
1.552900125340384019e+00
-1.381695281907736161e+00
2.221038000483718911e+00
-1.872348895093036703e-01
1.516798793371816334e+00
-2.045768174764471592e+00
-9.606032075688647476e-01
-1.503494936063499487e+00
8.138732663646650600e-01
-2.071256210909174778e-01
-5.197097235419503303e-01
1.888008451840346602e+00
-1.854553515358468019e-01
1.198885911051105868e+00
-7.969839540220140517e-01
-4.857819141136190400e-01
-5.506109904161449187e-01
1.326796522585350635e-01
8.290441162113068030e-01
-1.800512610018948578e+00
4.999583504090119868e-01
-2.648479451668949380e+00
-7.461923631970655002e-01
-1.482789943259007703e+00
-1.754491875845066051e+00
6.775936432670792708e-01
1.115470938138207746e+00
1.479697598903371158e+00
-1.821645216204644591e+00
-7.588434960680181529e-01
-2.237778889333935872e+00
-2.372733486533265823e-01
-1.555853233255973578e+00
-8.683154504117651662e-01
-1.031211644202807420e+00
5.596661840040477731e-01
1.445536644620964761e+00
5.177047912649906936e-01
-4.555461248880283698e-01
1.135440750795239984e+00
-1.969469839114149912e-01
6.749008924519811492e-01
2.156541451178670687e-01
3.607428655200926038e-01
-1.802684756030553448e+00
1.885696732534143383e+00
-1.109353119758674788e-01
-1.228646417059134244e+00
-1.555810791454519171e+00
-2.248362803711768443e+00
-3.526035281318824488e-01
3.830945888578565217e-01
5.387089673659650746e-02
5.676415868111945873e-01
-6.338744198482103576e-01
3.927571670773692403e-01
9.353560604532821232e-01
-5.125211212832767593e-01
-1.625794174797531522e+00
1.034509665236771347e-02
-2.606746004959886509e+00
-1.809381739325426341e+00
5.745811196581118718e-02
-5.692987566928819909e-02
-2.130555581773896812e+00
-3.229322842964548745e-01
7.657124393122116679e-02
7.209078707238431027e-01
-9.607728410373906902e-01
2.787122555219325726e-01
1.860331192440141113e+00
2.163409696538109550e+00
-1.324865898796121932e+00
-2.043545612358261543e-01
-8.628334749340619281e-01
1.067129899218344669e+00
5.390043975701901413e-01
-6.715020960251119053e-01
6.026192286401514941e-01
-4.568398237692449237e-01
9.166349305765358890e-01
1.750984057708124819e-01
-3.218844285877754952e-01
-5.395334382115619665e-01
-1.585220231180185291e+00
5.807253960248115465e-01
-1.400369408189838571e+00
1.770969560779186214e+00
-9.203390243349093836e-02
3.891213275021359053e-01
-1.533319580787117831e+00
-1.835524178797316219e+00
-1.192557551021823370e+00
1.036279230815492447e+00
1.578793963513616117e+00
