-7.030722803429521051e-01
3.785456816366743471e-01
-7.691896785329555009e-01
7.138197672838930696e-01
5.777348129933894683e-01
8.635287434068983359e-01
-1.503885354927469997e-01
-3.470705855107403259e-02
-3.703610264137238151e-01
-8.301997552025612848e-01
6.585357650882863734e-01
-5.547337813353447888e-01
-6.376158122125130667e-02
-8.564232184784581481e-01
-9.076296684216700328e-02
7.682489927549278619e-01
-6.862448151995717005e-01
8.035197892816650089e-01
-9.417685113935601038e-01
7.203442607799950270e-01
6.012720933790334232e-01
8.637005467655551882e-01
-2.146065811941477719e-01
9.310937741480433960e-01
4.113348879385663182e-01
5.267645224733152887e-02
8.961286976005977678e-02
-6.956652056728884759e-02
5.591546087952719013e-01
-4.253039614459217521e-01
-6.992650014901033995e-01
-2.205182302156283303e-01
3.721676416204560134e-01
-9.056662749360122611e-01
-1.780730127270302443e-01
6.852327719759403468e-01
1.021651928581479574e-01
-7.661380102235160194e-01
9.983838618274116783e-01
4.751290654845456984e-01
-4.102563686561346845e-01
-6.081283632366127900e-01
2.818720265630443311e-01
8.154373845758664530e-01
4.546415095803730821e-01
-5.371103603627502832e-01
7.443017020063331657e-01
-8.580885455048758992e-02
-6.283056722846005471e-01
5.990062984187596307e-01
-1.599912622970427467e-01
-1.901475539625456790e-01
-1.773610628615260865e-01
-3.142792549392972035e-01
9.371869760121780413e-01
2.804506509153241733e-01
4.350694856053070048e-01
-4.378826573404861477e-01
6.472779899749432353e-01
9.779978599315803933e-01
-8.966153294708820720e-01
-1.982307690859514970e-01
2.291680729053027221e-01
5.802025911689034920e-01
-9.975847258755421443e-02
4.530053835169938203e-01
-2.563980767992055654e-01
7.026346975667883132e-01
8.749882595203379854e-01
9.612219918059192736e-01
8.549401479783149682e-01
-4.764945917398506481e-01
-6.226077949856367866e-01
9.703359938855125044e-01
9.336180326779786043e-01
-1.282587594358262084e-01
-4.431857941725971806e-01
-8.299909034491443904e-01
-2.570986055956085981e-01
-9.655386451738698916e-01
-9.567056917510314840e-01
-2.632277132202942571e-01
-7.915626840404128561e-01
-3.115857519442959411e-01
4.622543125983018530e-01
9.419343298449731616e-01
7.241914775674362925e-01
-4.737369926082601879e-01
9.446545217969548602e-01
6.812321715386457921e-01
8.265136291776369326e-01
-9.105364382440686022e-01
9.565802259405076224e-01
-4.237346075592118844e-01
-3.344969450903161334e-01
4.476506384029839136e-01
-7.450981394122753176e-01
-8.070670913688997583e-01
2.594762880095546898e-01
-7.849003996287275964e-01
-3.772566303230155960e-01
5.403419846638186641e-01
-1.718532707208606514e-01
-7.794695228906758366e-01
-5.658091922223558168e-01
-9.535512321265895430e-01
8.795947202229479345e-01
3.743522805612409243e-03
3.805590623303158893e-01
8.995242559919018888e-01
-9.341951689629974798e-01
-4.417124071104490124e-01
3.204009457438909969e-01
4.872336888235198060e-01
-3.616575058504636342e-01
-6.454370182276290002e-01
-2.583163048225665115e-01
-1.913689729177905363e-01
-6.023859088505056913e-01
-8.950532860793354306e-01
-8.497053082898977650e-01
-8.229932084822475513e-01
-8.872142902521060748e-01
-4.392682695550849115e-01
4.380678853148241014e-01
-2.134961495129836795e-01
4.077931563541399296e-01
-5.959598090714732788e-01
-3.605497551350551610e-01
5.658792456196739540e-01
5.503002167469890349e-01
-4.343460946789716726e-01
8.836799172937508384e-01
4.652618225577713762e-01
-7.804498093344549581e-01
-3.949523804901609036e-01
6.147966253276453408e-01
-9.375152309312451138e-02
-2.542128915011858670e-01
-3.057836864355678586e-02
8.388899314890319037e-01
4.064466531849668662e-01
2.813298198775446846e-01
-8.529972883722416466e-01
-9.137478036041424279e-01
-7.783868076381723622e-01
7.177071481429446731e-01
4.631820066641225697e-01
-1.667630481229651629e-01
-9.175125740639573646e-01
-7.327709997652849250e-01
-4.848111508194201669e-01
8.221495098016733394e-01
2.277716082458236535e-02
4.764790812211621152e-01
5.104055557822693157e-01
5.602845548749901816e-01
4.825460481335190899e-01
4.639158494207469285e-01
3.510603315420379733e-01
5.844320445322248592e-01
-6.378344354293963292e-03
5.028967749321149316e-01
-7.650449710365119227e-01
7.618970776427900216e-01
-3.757934015620694179e-01
9.576943199492242709e-01
-9.906354361488001192e-01
2.066621698025314924e-01
-7.637224734773666590e-01
1.769486637761492620e-01
1.656935206291065832e-02
9.346820417753292087e-01
-8.370082368258504601e-01
-8.032514110625956771e-01
-3.518368445363977415e-01
4.916664202986984478e-01
7.640458042985116549e-01
-8.164115697989995368e-01
9.388456314562976246e-03
-8.357643091883206754e-01
-3.832703586239836202e-01
-1.288671745937330915e-01
6.604320082585182217e-01
8.288316907197335048e-01
6.040786967537588037e-01
1.091557302371732874e-01
8.953572649364245351e-01
3.402598032151369356e-01
8.014349390497508274e-01
-8.622219470015803910e-01
9.356601885118251971e-01
-3.146559301728399927e-01
-2.421612907648464930e-01
4.886090646189613640e-01
8.574198914772555025e-01
7.739179192815228703e-01
6.599400931640482248e-01
-1.405445522033306194e-01
1.025652574779845061e-01
-3.850463156521002350e-01
2.664241706433978507e-01
-6.377169839578247235e-01
-9.703244088523883537e-01
1.429252777481215819e-01
7.255229056133989385e-01
-7.666922970222422862e-03
2.685642735954760774e-01
-1.056329743497352869e-01
-6.687126296025591721e-02
-9.476082820020224062e-01
-4.418430787559688433e-01
7.333391400948143790e-01
1.421142511966151378e-01
9.011728653758011021e-02
8.663368696250846046e-01
7.611618200413088342e-01
8.586435679181261271e-01
-9.558515844052413168e-01
-2.433644600692570492e-01
-1.571164659497104044e-01
-1.523188658937584261e-01
7.343812202701702763e-01
-6.671747095844466902e-01
-3.264378070533022758e-01
1.162253794757148739e-01
-5.473055992527922076e-01
3.000270001647660223e-01
8.011854279290375747e-01
-3.776151009608339493e-01
1.089465348169118553e-01
9.959812424945753140e-01
4.431636822363593797e-01
4.459746328964586670e-01
9.752542844352580786e-01
-8.960612468941626663e-01
-6.851092011317649888e-01
-5.239646430586175629e-01
-7.804934638043257156e-01
-1.825268384755176498e-01
4.309007782370031236e-01
2.130772190322824944e-01
2.414587357408666257e-01
7.207951785367414654e-01
-8.531560474962927021e-01
8.104941805461285398e-02
8.084958850114942752e-01
7.058581649483401943e-01
4.694421969346933565e-01
-1.970195695935716973e-01
3.681912856598754669e-01
4.258320210801624928e-01
5.742879193885108702e-01
2.768148293069061516e-01
-3.238570220409162648e-01
7.865510747414816706e-02
-4.337011223910420821e-01
2.120909015382821394e-02
3.760672225982877315e-01
2.726022075045779758e-01
9.611939867897656420e-01
5.865968980816285150e-01
6.893996837540339317e-01
-5.803703329615172990e-01
-1.765404582626530772e-01
