-1.540601603115614449e-01
2.957239860386926544e-01
-5.324124312165581241e-01
3.295940707343514298e-01
4.921250093664104597e-01
4.975522778019609849e-01
-7.067752433719309835e-01
5.396609065091206858e-01
-7.946500447350222096e-01
6.619453116191786890e-02
-3.043602730524397337e-02
-8.454797605126427307e-01
-3.525460712387566975e-01
8.215016889617632323e-02
-4.792415705517816260e-01
-1.585506451347702406e-01
-1.221797896936627215e-01
6.162904564147630992e-02
-6.421538552643946129e-01
1.614017199788235768e-01
-6.124376833606945958e-01
-2.931465747311634562e-01
3.909525638634663292e-01
-4.471276851904442129e-01
-1.261664622008358272e-01
-9.886616226863309542e-02
4.512615152986483302e-01
-7.118416506673201916e-01
7.613831552519600976e-02
9.855577189343125433e-01
2.823534118793631364e-01
6.459823707981948715e-02
9.263189969714247241e-02
7.788614921091190357e-01
3.005678131715605605e-01
4.423061797093057468e-01
6.281738057266263997e-01
6.937226141212613495e-01
2.577317993763439397e-02
3.723982657215016978e-01
8.424253072323169000e-01
-7.009333935806134619e-01
9.477348757517696232e-01
-4.240507681743774793e-01
-9.970110971217278628e-01
8.864059935336048301e-01
-7.070944516858712614e-01
-4.718528055750526029e-01
3.852848969984812300e-01
-9.530138527638187806e-01
3.341076690059203713e-01
-1.669798694337298883e-01
1.609559355237075717e-01
-4.253504735332254150e-01
-7.464396084618445393e-01
-4.599681356672751242e-01
8.315185205343502695e-01
-7.754663133791914742e-01
-3.813958972919828661e-01
4.177198312491503529e-01
6.038262113501318140e-01
-3.638059134287074947e-01
3.438276471255592437e-01
-1.447209335318795365e-01
6.463190691899591833e-01
4.086422685754738104e-01
-3.417738537286767464e-01
-2.775245010105151788e-01
-4.548889871045327382e-01
2.208358959318981185e-01
-3.848382793650535483e-01
1.747835722461503760e-01
2.343918920717062981e-01
-2.878142059366803895e-01
5.484570349049942006e-01
-6.698003757717962969e-01
-6.239311302456662656e-01
-2.205954396718514676e-01
3.261248772135478813e-01
7.862505626682265714e-01
-9.091987223526833972e-01
-4.646752326196779137e-01
9.250882536401747736e-01
6.712492151655389261e-01
-8.713208920934012447e-01
3.020246685463461311e-01
-9.784274567486261898e-01
9.228883499487889885e-01
-6.853694839433717156e-01
7.998918912347310339e-01
4.525533559961292251e-01
3.162122332853887219e-01
-1.335864445698256020e-01
6.024111989668361478e-01
-1.337981938791164005e-01
9.417843513869041949e-01
-6.437315018423817037e-02
-7.913786171168446515e-03
-7.246256191150766135e-01
6.053329337706068181e-01
-6.683163267431064813e-01
7.353647358382979782e-01
-5.640631067840484736e-01
-4.479300379532318299e-01
-4.812145391699869101e-01
9.690875926745246005e-02
-5.395885919917744467e-01
-9.726369430957719775e-01
6.744906848510696662e-01
4.804521432372315104e-01
-4.289881682423613007e-01
-5.895161474547285785e-01
1.540799786428368456e-01
-6.719123703610692111e-01
-9.584575936499144522e-01
6.381367994971089974e-01
8.513946328529664598e-02
-4.428578396613684909e-01
-4.349100982593774312e-01
-7.792873574146479410e-01
-5.881150512121902096e-02
9.102522726397650477e-01
8.639234565948339384e-01
5.239614988176906074e-01
2.017375969064150176e-02
-7.978646623976919372e-01
-7.234616484828115812e-01
1.156417926799777618e-01
-8.927415200387984751e-01
7.461869712703139701e-01
-1.383306784829045899e-01
1.112380163660335874e-01
-3.253373625039923667e-02
-9.867279479281216847e-01
1.276115133077593278e-02
3.240168742038442851e-01
8.990078050164904688e-01
-3.281984743486425771e-01
3.860388156039686880e-01
-4.042631149385680356e-01
3.648013188726793032e-01
3.462464545093801860e-03
-1.221636021283030171e-01
2.398795484702673786e-01
4.385293060705361956e-01
8.985715858389424771e-01
2.375339081625058579e-01
4.354581291876458149e-01
9.712358587585923075e-01
-7.628902128358858725e-01
1.522480518823259299e-01
-7.463538312009143638e-01
6.413344596757786231e-01
4.388285712338177991e-01
-6.799240501522005875e-01
5.756831885897177870e-01
7.299760916371780262e-01
2.425368046075826456e-02
5.621646805708768735e-01
2.627638301130506004e-01
7.488127806775961570e-01
9.095257282104147745e-01
6.222530290348184945e-01
-1.540345837735992429e-01
-4.575330071067236215e-01
-3.825591674994182068e-01
9.582029871094435158e-01
-6.468748068645320259e-01
-2.722318321854144685e-02
-3.924052531291177814e-01
3.119949251552074365e-01
9.845719552065790303e-01
1.307952697153436095e-01
-7.722218486740302090e-01
7.817655237483165376e-01
7.224029428068967640e-02
-5.878545648042265981e-01
-5.090928471313052039e-01
6.524375993575508570e-01
3.006203803915277195e-01
-3.099032527549150373e-02
7.136168880748678944e-01
8.829676802393902069e-01
-8.484650797418475943e-01
1.941386556171618150e-01
-1.058197324210117252e-01
-7.953299050960342953e-01
-5.210576035690173136e-02
7.443675016102735409e-01
4.535801455195438425e-01
8.441444407630329660e-01
3.448829851532411173e-01
7.298016559957811733e-01
-8.067505922130326912e-01
-5.669809029104995179e-01
7.762171973137685921e-01
1.360051697527322467e-01
-8.998063370983637732e-01
1.776304038086442549e-01
8.007395616088992529e-01
2.170061941973644437e-01
-5.120378175945154986e-01
6.939884980019166427e-01
-4.856493682725615546e-01
5.500209121751369334e-01
-1.015094590527843010e-02
7.816700997972243492e-01
5.321971130349723023e-01
-2.984182174463283488e-01
3.383633598684543387e-03
2.283907368167517049e-01
-2.626100629742433856e-01
6.084481914999442242e-01
6.401873199640015777e-01
-7.302725344874643199e-01
6.411814314458557096e-01
-2.039240401606923214e-02
-4.026820434128386417e-02
-3.748314896915916350e-01
6.521991576441741323e-01
6.201150197731273295e-01
8.392663572601279931e-01
8.051357153565046332e-01
-2.760895385308366201e-01
7.305907885008193769e-01
-7.729379921933945408e-01
7.420683121248232705e-01
-6.483496874924874476e-01
2.235251378643632325e-01
1.808079985551569457e-01
8.966144958639745699e-01
6.359593830824226135e-01
-9.045259754269763253e-01
-3.313656122314532215e-01
-5.289619486841954377e-01
7.923320804424278663e-01
3.571493388329263219e-01
-5.229392135297417088e-01
6.254793329578975936e-01
1.036781608703831736e-01
5.303259212937594391e-02
-4.346003365772705962e-01
2.338864451486217799e-01
-5.230450558945956008e-01
-9.304009044971377485e-01
-9.323033144301646757e-01
-8.217168108104180302e-01
7.900187976020036640e-01
2.251999274594465028e-01
7.513847655957248683e-01
1.516464667128054611e-01
2.598480648718242136e-01
4.013741313633119034e-01
-4.487728070919181356e-01
5.621207179075993210e-03
-5.847460873762870825e-01
5.072256032381530222e-01
-8.807358778574303493e-02
-7.019332837988747631e-01
2.408593073550842067e-01
-5.463316130599349396e-01
4.103988844319856888e-01
3.159770221637034915e-01
9.242830408944415765e-01
-9.139667638701953756e-02
