-3.737610895556853219e-01
6.969584757306863665e-01
1.725420133954913560e-02
-4.470179762166530679e-01
7.801749797267374387e-01
-4.038849666116459680e-01
6.472309429257621094e-01
-5.439457555655855536e-01
4.169312299559466695e-01
6.881594658962624234e-01
-5.441500880802048190e-01
9.553138584618192652e-02
2.560240742921604529e-01
-7.776006444242153925e-01
7.592934452755173425e-01
3.807442248678878371e-01
5.494560751661712317e-01
-3.855654284983671687e-01
-7.723845078369615536e-01
3.821280250845504600e-01
-4.325499379426880342e-01
-5.531555789269870793e-02
-7.649500611341726319e-01
-7.836426087709773558e-01
6.618156970855015864e-02
8.966282407731971382e-01
-9.121513289757006149e-01
-2.197694384146069435e-01
-5.141916807455837457e-01
3.121767947231686158e-01
6.147557609183571525e-01
7.893404058495592235e-01
-3.116374248827646909e-01
4.284035768007188327e-01
-5.088529031776538591e-01
-4.468705287057048725e-01
1.099381143668860528e-01
6.446701673004759936e-01
7.895969821729800220e-01
8.638070758164231311e-01
-8.148718403710992764e-01
4.711198238370513103e-01
-6.115685015184200157e-01
-7.008326173349739285e-01
4.314981641650750266e-01
-9.050843526512502013e-01
-6.040757295254686188e-01
6.488157042618769577e-01
2.660434937890914231e-01
-9.628662460709209725e-01
-9.361069282605649633e-02
-6.539011980839319893e-01
4.627014789905219416e-01
4.739720700602498837e-01
-2.312450714777865013e-01
-6.982612919957231767e-02
-9.998577647279112135e-01
-6.164722228320578257e-01
-2.729067908051756586e-01
8.164943740046137766e-01
9.402399145904021260e-01
-6.412872633335942041e-02
1.317074934969164612e-01
-1.669618786042428304e-01
1.256773372145985057e-01
1.261246991377307225e-01
3.532469222759706540e-01
-8.574526763782106542e-01
-5.845018333493072760e-01
-7.391634959674491245e-01
-1.430303203340304030e-01
4.327446339174161327e-01
3.237708817984950027e-01
-3.317976498195207569e-02
4.567144123134281308e-02
9.066670301176049662e-02
-8.519069125795450947e-01
4.527289994026553188e-01
-7.404174832401508866e-01
8.679039591330670600e-01
9.821535777290106850e-01
-7.502192668491003413e-01
-4.184873215568527538e-01
3.009571570538440710e-01
-4.335998311025404117e-01
-1.911185145960183629e-01
-1.376292595038566269e-01
1.696359665128814864e-01
-6.403272411319071988e-01
-2.482837413590539555e-01
-5.758062927223863703e-01
-4.950996563914336068e-01
7.859073975238759502e-01
-3.436481340115526972e-01
8.982267035831563717e-01
2.740376634834689185e-01
4.895491111236556225e-01
2.144042132646184484e-02
-2.483958870700606614e-01
1.330519923902064860e-01
-2.568916514236188053e-01
7.394872954588715963e-01
3.400726506515232561e-01
-6.964529875216345367e-01
9.779828971010184890e-01
-1.360769953161895529e-01
8.894338199106432974e-02
-6.621026029091507947e-01
-2.687145554616510168e-01
-7.862778306526565508e-01
-7.011742538056233709e-01
5.182070762149346699e-01
-4.042034348773126951e-01
9.709004084546015712e-01
-4.432692416622645570e-01
7.147838624488755954e-01
-1.451512739446572109e-01
9.751228368960762616e-01
-1.902067482031459811e-01
-6.297494347263166148e-02
-2.231833115264556522e-01
-8.509029812388944070e-01
6.893408812275154673e-01
4.547562739341908244e-01
6.825150788292775328e-01
-2.190380965271190306e-01
5.132536029964680502e-01
-4.233197563546955422e-01
-4.385666352044126359e-01
9.369799878854043751e-01
2.547976463879868536e-01
-7.308589621161654115e-02
-6.107146917696641975e-01
8.094602996402597839e-01
-8.449966744539259000e-01
4.552640787935431366e-01
5.836973318178309000e-01
7.005550919982794777e-01
7.303971668732809341e-01
6.936515364710909015e-01
5.615779101740572266e-01
2.512233011767959212e-01
9.527614272071742718e-01
3.127753749511983372e-01
-5.211306910502500056e-01
6.801511270117717167e-01
4.751510127078968360e-01
-6.330146732745949301e-01
-4.781566445780189856e-01
-6.383614822835355085e-01
2.193953578241920610e-01
-8.860362079654395817e-01
1.796984884137642347e-01
7.499072681758804926e-01
9.270632526870754564e-01
-4.119930837760459319e-01
6.787358241550940363e-01
8.798642634192854750e-01
-2.880777275642709689e-01
-6.923258487510692838e-01
9.754574475019790469e-01
-2.914830478999337338e-01
6.209943848173617997e-01
-4.422594920066624802e-01
8.181615611900283636e-01
-5.275147942649676125e-01
-3.629837151170551834e-01
8.710127670402831868e-01
8.809150611479035220e-01
-1.985884856419963818e-01
-9.017692685103639860e-02
-5.686593179231227424e-01
5.545151531320415828e-01
-5.836918421447059302e-01
-1.960778462451608917e-01
1.298377103413468348e-01
-1.426168151217024338e-01
5.788906642463031993e-01
-1.836013049449611856e-01
-8.222261907596855046e-01
-6.008439012444017902e-01
2.511474319174165082e-01
-2.389091497346222948e-01
1.835687617468495514e-01
-9.330709867709765515e-01
-8.311032330311132199e-01
-3.165156871205290212e-01
-2.655624110093397494e-01
1.099191898962748049e-02
-9.779527765438487119e-01
8.208204252157647041e-02
4.258058725197733096e-01
6.708799103569651479e-02
3.284102518200255894e-01
-1.678447911905498469e-01
7.050163941034732762e-01
4.359680819437004029e-01
-9.543792271626836410e-01
-6.227684444765657634e-01
1.971528335993855130e-01
9.927359368365993308e-01
-6.241910731512652077e-01
9.679966429575428410e-01
4.979438496248724810e-01
5.928322078575940512e-01
-3.894375404114742700e-01
-3.013375736238461666e-01
-3.561112504063403961e-01
1.158448676567691571e-02
-8.777871168331363716e-01
-4.401358321061494827e-01
1.438320869150744308e-01
8.574674234063415224e-01
-5.503697976051553642e-01
-8.695384097938974044e-01
-6.310887558171065503e-01
-6.357509724393064499e-01
-7.492732861425244195e-01
5.751279496815571157e-01
4.792780266423763980e-01
-2.805912014656324338e-01
7.825067332324251446e-01
6.953705787333743782e-01
2.489312905814420329e-01
-6.140322506118895962e-01
3.535497455169562819e-01
-8.331946111444663572e-01
-3.470207038605661598e-01
2.238315657153482352e-01
8.200025263610100090e-02
-9.528993932369280717e-01
1.258763715786570536e-01
-4.181346332635225149e-01
8.318519868914755477e-01
9.775032154918297245e-01
-3.251560794424583900e-01
3.528602363168100720e-01
9.568368052847091576e-01
7.485757323814516973e-01
-2.964529252778014268e-02
3.516059128482591500e-01
6.287011642283784063e-01
5.894016341630663458e-01
-6.358051305952854282e-01
-9.687272669582482898e-01
-2.276044432351673752e-01
-3.436549884083732742e-01
-8.579723050030367837e-01
-1.095102595865680151e-01
-1.857583574759196221e-01
5.900795256353972285e-01
-2.291713323084929588e-01
8.191828320360567961e-01
-4.203359124376868650e-01
2.829976112260821353e-01
-7.784101874034621282e-02
-9.029520221496538657e-01
2.191262858780809175e-01
1.266986289691685030e-01
2.813695219356615596e-02
-8.737705559593857974e-01
7.574021740702649996e-01
5.771960682737400372e-01
8.328566818887137568e-01
7.978240061923664861e-01
