9.008505722769926116e-01
7.631543384208934189e-01
5.650690354961449557e-01
-3.044616828851924861e-01
-1.671219897271509769e-01
5.865950327907283324e-01
-6.576851793136695434e-01
-3.508322522899474105e-01
-2.866533144828868895e-01
7.388434490830821932e-01
9.134382885297434029e-01
1.161284331380787460e-01
-9.132026500890626508e-01
9.723894612888976940e-01
6.575527481160801102e-01
1.549781650169086422e-01
-2.584615534252110436e-02
2.195940533347604529e-01
7.506196498932120598e-01
-8.627853375011900194e-01
-6.361491215045000924e-01
-5.042441875278820262e-01
-4.346877553241546011e-02
6.287944811752046448e-01
-9.458127059127772185e-01
-7.647589052957690647e-01
1.640549660282071276e-01
7.746259544845017775e-01
7.664329833620910915e-01
-5.827754315765232285e-01
-4.687890570678234781e-01
7.688951592356769726e-01
5.475281288968711912e-01
-7.433205811277778796e-01
-3.290367120770201215e-01
9.985899566963896135e-02
-6.870113519332738949e-01
-7.190454946774740286e-01
-7.728213497072367044e-01
-3.075704742649645329e-01
2.274872922651518525e-01
5.725860110197062980e-01
-3.930764071932320025e-01
-4.188748973451572599e-01
4.257492210807682920e-01
8.555115938960740074e-01
-2.127924440746353785e-01
-6.000437827123561441e-02
8.215901313808529061e-01
3.688720471758120123e-01
6.707807683614110950e-01
-6.147378819546360784e-01
-4.342437405720112054e-02
-1.993446723407645838e-01
5.524536416938541361e-01
-8.480235635172115316e-01
1.827650864962286903e-01
-3.113752418549093903e-01
-2.056354015687180681e-01
-9.960497448641683071e-01
7.664292466910906931e-01
-3.327033295927204204e-01
-7.166975137018223307e-01
-4.012929689088324814e-01
-7.810980853174787075e-01
-5.652060390744240159e-02
3.489432408575234845e-01
1.624800835600623827e-01
6.872407882917064281e-01
5.672135623542615690e-01
1.534650237349433066e-01
9.188811355626005373e-01
7.143851928386928396e-01
1.484821318835891635e-01
-9.771051673794435288e-01
-3.083012209206006382e-01
-1.750698836342463593e-01
6.992228323125120326e-01
-1.025131667954570780e-01
-8.513371490098018413e-01
-1.957111803890592139e-01
-1.088823752731424843e-01
-7.906232793676146731e-01
-6.119903060156990371e-01
-1.490388430904381334e-01
1.521702440496579545e-01
9.676881683048339511e-01
-4.016641984426569945e-01
-6.843187755912647496e-01
-2.237727260572315302e-01
-3.619469831255315295e-01
-1.460867356532311589e-01
1.126192127736107551e-01
-7.856830741232392334e-01
-3.382788629921369417e-01
2.249775236533946288e-01
-9.853309491651640606e-02
1.396964407699898825e-01
-2.471575259587779350e-01
4.035517510867188129e-01
5.592789486981781799e-01
-8.112524961173885885e-01
-1.259478625772894045e-01
8.600602307349292097e-01
1.705624628273458843e-01
3.924985243806977664e-01
6.568527877136693949e-01
5.405962901737100257e-01
-4.245459108409079807e-01
-9.778131850839466566e-02
-9.906851764109596559e-01
-9.195840650983297948e-01
-3.659862912865985418e-01
-3.876614691594726381e-03
-9.078195980866761161e-01
3.305310221662998149e-01
4.274509995841346832e-01
6.454029300598926877e-01
1.330192753106604897e-01
-4.265532378543368530e-02
6.083728795303855463e-02
-9.883821343202401355e-01
-8.649638793878833276e-01
-8.630239030483088936e-01
-5.841189002221327531e-01
7.606576220653615827e-01
-1.192605465508747020e-01
-2.211063938318689193e-01
-3.625401611870280316e-01
7.720755410855368872e-01
-2.031322074172434711e-01
8.299832271962463981e-01
-7.691343841258120317e-01
-5.477339936517018337e-01
-5.300024726123919727e-01
9.205477252019056422e-01
-6.052910369524888701e-02
7.943287587785685666e-01
-1.561835279505114915e-01
-1.477082563116551839e-01
-8.135118872540803014e-01
1.403186935401097291e-01
-2.564348647300545014e-01
2.382842238817801661e-01
8.934908366982676764e-01
8.862959268096302079e-01
5.083127659265083143e-01
-3.828906019472737565e-01
-4.517077539279037435e-01
-9.324545638652941282e-01
7.152164661378723753e-01
-3.940953388784416145e-01
4.161310069217867280e-01
-7.978663854298380098e-01
8.883087477297091361e-01
-6.615319858144843579e-01
-9.913652021124041980e-02
8.792743433785759066e-01
-9.874056480261859114e-01
9.599717242689513874e-01
-7.630823994942566024e-01
-1.953959716255428969e-01
-2.740119372174245616e-01
4.354454455199778806e-01
-7.046584633110275497e-02
6.131440510322587745e-01
2.501953591373868857e-01
5.053405430985138391e-01
2.012151102602381947e-01
-5.500109550352960675e-02
-8.058959980075630636e-01
6.089281821735770261e-01
-6.238061922618032273e-01
3.579323049318903216e-01
-6.577603611919955462e-01
-7.248538851103918379e-01
-1.315441821915421805e-01
6.952135583543261887e-02
-2.132784946557384487e-01
5.832390602754777831e-02
3.179073039430531100e-01
3.011307573405328508e-01
-2.721894791578955974e-01
-7.327672424077813496e-02
8.117950995841256567e-01
-1.037799665802021654e-01
4.742133972095103900e-01
-8.882844047317484115e-01
-4.818883991103442010e-01
-3.550596490839521557e-01
-7.568712455300641295e-02
4.298002752552809724e-02
9.479220674890742604e-01
-8.774210026148339114e-01
-2.347357805827710031e-01
-2.502962814027198668e-01
9.374519147650890449e-01
4.528519787584617262e-01
-1.444802980422936756e-01
-2.392903114353122085e-01
3.309172209747053284e-01
-1.889251690161966035e-01
4.968555436546417958e-02
4.349152269190315057e-01
-1.891061632907593548e-01
-5.948215739582454198e-01
1.652395560597730295e-02
7.110193951536933898e-01
4.158450812756182557e-01
-8.290052548854804915e-01
-4.433914900612327958e-01
1.282358581370754980e-01
-6.457344844737988865e-02
5.440070278363862144e-01
-5.931468745516601526e-01
-6.859396507932122855e-01
-7.395983023014061075e-01
-4.834194376119760328e-02
5.670192381293803763e-02
6.422587325547413073e-02
3.248302366235122918e-02
-3.511267757326352879e-03
8.553045509183667683e-01
-7.735197555619865994e-02
-5.592702654385603989e-01
-8.215631431714613964e-01
2.344861147666088552e-01
-9.643268635975603686e-01
8.608803747453601662e-01
9.535471875867742586e-01
-4.544294566971049942e-01
3.423455586862085287e-01
-4.260010425520399657e-02
3.947082196880424831e-01
6.926068963540485957e-01
-7.630419656616660440e-01
-7.133277536717395062e-01
-5.670764315515610665e-01
6.092860320253101758e-01
8.456874708289296994e-01
-3.998623048233853616e-01
6.414114108597099850e-01
-7.755267370819036721e-01
7.163588523141632969e-01
-3.457737392556077261e-01
-7.157514540484224419e-01
6.408323032142355657e-01
-6.197050924267299976e-01
1.226977907194133355e-01
2.833544534394218939e-01
2.135714432730562162e-01
-8.299344988277774782e-01
5.885112973045834028e-01
6.749283285227258844e-02
3.474508978952812743e-01
-2.635517190358924733e-01
-3.332362654916409817e-01
-2.687449345436023762e-01
-8.640169205915686490e-01
-4.061462499690076111e-01
9.641671406378309328e-01
3.680794916821015228e-01
-1.060894127058975567e-01
-8.476555420126909990e-01
-3.991494321558339831e-01
