4.475580304542938137e+01
-4.224613804118114047e+01
-6.013049761529510562e+01
4.081092591600942399e+01
1.113699044320158151e+02
4.576239179182750405e+01
-2.552623950428326793e+01
3.677340001592194341e+01
6.784527464299557664e+01
-3.552300411540873171e+01
-6.365908924290000215e+00
4.159617812440574269e+00
-3.555801529075502998e+01
1.310123280259037983e+02
1.143555609963961643e+02
2.031947184721840216e+01
1.731437887445523316e+01
6.115967470461161781e+01
3.137061952241066720e+01
-1.311790275252082267e+02
-8.934651493578286363e+01
1.099874525378724144e+02
9.869837593916989249e+01
2.703845847174683925e+01
-1.832543185634614602e+01
-5.952286630497918907e+01
-2.662161850111903316e+00
7.284155826872890316e+01
8.190852694593099059e+00
-1.080736783127851197e+01
-3.647580374556510208e+01
4.615683899694612791e+01
-3.131979666649126059e+01
-1.982021101355939052e+01
-4.101666662112893391e+01
-2.581898703421662233e+01
5.659421384161165491e+01
-6.719771028729289242e+01
2.926301592234202786e+01
9.617998319127933371e+01
4.154336983154151852e+01
1.010519819209045878e+01
3.542060324522680936e+00
-3.051209675675017863e+01
-3.981114898840873106e+00
9.653418436207008568e+00
-5.212907592320391359e+01
2.533505404059648569e+01
9.520010269881584719e+00
7.145170844496513496e+01
1.887346135656467538e+01
-1.602883984567436215e+01
-1.078918204181950058e+00
1.178972054180688502e+02
4.442289636689326926e+01
4.896519394583152973e+01
2.320321632528727918e+01
6.527940963287234410e+01
-1.478062498015914450e+01
-9.383269813776074386e+00
5.306856712269591014e+01
-5.340620521380177621e+00
-6.932591971678979803e+01
4.649575429600783849e+00
1.319666569545580046e+02
6.236048821238888706e+00
-2.730015705859524289e+01
2.083374741115306605e+01
2.484247304991715311e+00
-6.272782155913910884e+01
-2.263493450291817055e+01
7.110258234467751848e+00
-1.295227282984941155e+02
-5.539155761971541914e+00
-4.044665153578648642e+01
-7.947090738104619412e+00
-3.647525348015226765e+00
-5.426685894833072066e-01
3.825643740185498132e+01
2.909471282484186716e+01
4.628525234732766336e+01
-9.076240978747348720e+01
-1.065699344485340649e+00
5.874301789758354886e+01
-2.946492940897348589e+01
2.868414077070829649e+01
9.715342004587587610e+01
-8.258670911438733242e+01
1.440822096888941672e+01
7.732310161989400399e+01
4.894194404660178321e+01
-2.050219972385799849e+01
-2.504080640990918027e+01
2.631493870848919769e+01
-6.880881393233764243e+01
1.065857739549307581e+01
-5.867603920955469121e+00
4.603588253226314464e+01
3.310178610166787649e+01
-4.784368433927628672e+01
1.405589404352762806e+00
1.309440800367295026e+02
6.897882138080396430e+01
-5.573972183653664558e+01
4.741794083731435450e+01
2.945159234643754953e-01
3.570051681181948311e+01
-3.282766312057175639e+01
-3.860798966077920369e+01
9.664886508662212350e+01
-8.389553914678955948e+01
4.717556619046356303e+01
2.694523479520950815e+01
-4.049264868066141787e+01
3.562701938639325050e+01
2.102336094277396583e+01
-4.312824506721479167e+01
3.928416514717560659e+01
-3.497096862317022214e+01
-2.287773930764501173e+01
9.083886540920505581e+01
7.170527047396872433e+01
1.082974584973686483e+01
6.442322163337048835e+01
7.911856451295074066e+01
-1.737041928185183792e+01
8.190770194746525590e+01
1.421111160109754223e+02
5.115121393896282598e+01
-5.508660848078063665e+00
-5.922971775509819281e+01
7.824324001808068374e+01
-1.238990207712895852e+02
9.333447873772816195e+01
-8.761330517712242738e+01
-1.625970985263002717e+02
-3.574418461030960970e+01
6.398743541396477497e+00
-3.254509632011075837e+01
-3.083761073562751420e+01
7.514454650318205609e+01
-6.388348272105956482e+01
4.155298360592014717e+01
3.302705570418113723e+01
-1.293626326068264802e+02
1.179262041135148849e+02
-5.316233921876238355e+01
-5.979999667578853462e+01
-4.943015765548942397e+00
-7.644602174785401871e+01
-9.821095515975515866e+01
4.046635709142088189e+01
6.277473052055613323e+01
-5.008869871847742239e+00
-3.111959032417783888e+01
-1.397022603936111977e+02
-9.103002035488616173e+01
8.685435712882525650e+01
6.609063915020463753e+01
-2.188400458794075121e+01
7.168112698993539311e+01
6.770149434919210307e+01
-8.136810119902106919e+01
6.661908688021702218e+00
3.464052191528532632e+01
-9.593744452908914866e+01
7.989311105378553712e+00
-1.023279398878948854e+02
1.562100471641682873e+02
-8.505480205678569661e+00
1.066829732212578534e+02
1.414996833458936187e+01
1.151370200238862296e+01
2.871768873519870979e+00
4.836449269215003710e+01
1.810764624737079487e+01
7.999690811820592273e+01
-2.181255448840254729e+01
-2.309808298044768282e+00
-6.716665565326965748e+01
-2.196836604957830019e+01
6.532030497660863944e+01
3.289006953151996271e+01
9.161937051580085978e+00
4.783915803135310796e+01
-3.946575834832430729e+01
3.064101480132105948e+01
-6.532144584820152033e+00
4.745692004991174429e+01
2.888087284385335796e+00
6.720725624922884833e+01
4.208951952110983541e+01
5.648814608942299031e+01
-4.538526322871047114e+01
7.061791924333870440e+01
-4.755131971752972220e+01
-2.234801146146006445e+01
6.137725542294587200e+01
-5.559850815885192254e-01
1.032708950069964260e+02
-3.409852739873589655e+01
-1.297614966120481483e+01
-1.115333276684924080e+01
-7.101755104416396236e+00
3.528761640068691197e+00
4.556898036251260464e+01
6.235049139743807700e+01
-3.045176917756147361e+01
-4.144098727733871357e+01
-7.312030822866125845e+01
-2.723988941586202017e+01
-8.120600981839385213e+01
1.214569339615544408e+02
6.630917374628283767e+01
-9.249158308668258144e+01
-2.768847469147646123e+01
8.285759258571468777e+00
-1.051272264598867991e+02
3.230668921448727104e+01
-3.856888949212120821e+01
-4.894458420007876498e+01
7.983435655021624555e+00
8.328871258539061273e+01
2.894245063782216576e+01
8.164431539228500867e+01
-1.183077368717940629e+02
8.586320816562524882e+00
5.135447753896571044e+01
-9.067248745694480760e+01
-1.108200437309496023e+00
1.745851151888732389e+01
-5.531634680050741792e+01
-3.223893010237632240e+01
-2.538325691596999434e+01
1.047125235221591453e+02
-6.172384838389689321e+01
4.895794494580916023e+01
2.054562177798903377e+01
2.057646789459534986e+01
-1.317909163221279023e+01
9.316517179873353882e+01
-8.456768469006509292e+01
-5.090249403720759958e+00
-3.468862002405499112e+01
2.407821167524289052e+01
-7.217927892283126035e+00
7.488166098536605375e+01
3.219442434091204319e+01
4.262391977427991918e+01
-3.902402271698964853e+01
2.775826517085446810e+01
-1.266109602566565240e+00
-3.570649748271547708e+01
6.856482742014790688e+01
1.407035377578887925e+01
1.727656653723536806e+01
-1.705424150591287002e+01
7.189445734535111399e+01
-2.854885571593168692e+01
-5.142800295060541060e+01
2.842893129490649073e+01
-1.790538173214850426e+00
4.367670248685371348e+01
-1.229128756848819748e+01
7.573371298999245482e+01
