-4.713735864296955125e-01
-4.917538620581853870e-01
4.764214233975527790e-01
3.475575366318084392e-02
-1.928274001987668740e-01
2.347979381017613054e-01
7.035818998641758526e-01
-4.035811292720294929e-01
1.463887965697798776e-01
-1.075555407445887290e-01
5.421786485359463281e-01
3.170509162506229828e-01
-1.297926692673425642e-01
-1.866916209488445055e-02
1.156009635586308093e-02
-8.216097745746686609e-01
2.182979836006513352e-01
4.129966837479808195e-01
-2.907009290483142383e-01
5.167118091087601339e-01
6.477213169002589144e-01
4.715192918837221026e-01
-2.175036706362205585e-01
8.849366206585862482e-01
-5.756966984859395176e-01
-2.439308045531833891e-01
1.295059811153862483e-01
-6.021637913191635327e-01
-8.215834265417327753e-01
8.800191687292582277e-01
2.912117944505474565e-01
5.925686803647041145e-01
6.460060340902511467e-01
7.281854073593423404e-01
3.036882180372058038e-01
7.737010688518921597e-01
-5.833680104652216869e-02
-4.338639816148290862e-01
-2.966258473572569443e-01
-7.324662888674708938e-01
9.892798546495276124e-01
-3.414807551917939943e-01
-9.222688751874521529e-01
-4.551366372566976182e-01
2.983413024650796164e-01
6.657920782774182644e-01
2.123623221962234187e-01
3.425862955283387468e-01
-5.835237143455362929e-01
-5.167319654017832331e-01
9.230825468216623531e-01
-1.715568205104729405e-01
-2.335216153573549391e-02
1.366809808265565529e-01
2.248504831547495364e-01
-9.937081362179611688e-02
-4.548452222692414004e-01
-7.851229662734691139e-01
4.608162275349743098e-01
3.917759523210277983e-01
2.064732021899742254e-01
-9.864895735649370501e-01
8.203166171939060280e-01
-4.946204060709402661e-01
7.213783054694968833e-01
8.158575294430130409e-01
-7.793391891417831285e-01
-5.665321136599594798e-01
1.922123331186673667e-01
-9.912591860369746044e-01
-1.992465376242569253e-01
-6.055396244039048526e-01
-8.344754043164326340e-02
-7.485368491881165820e-01
-6.634359910461766763e-01
-6.554299615372896071e-01
1.860407216830746169e-01
9.889170337208710304e-01
-3.121853439266948360e-01
4.180768971894239794e-01
9.839028771124320727e-01
8.794568559331390478e-01
-1.248411941620488630e-01
-8.893884207010118725e-01
6.511469216755623179e-01
5.650219864094032651e-01
9.249665101285029500e-01
-5.351847907470228538e-01
3.132684721376897130e-01
1.674604284430813994e-01
9.757539299742052918e-01
-9.970095379007157810e-01
5.902971485000274576e-02
-7.412805001116027359e-01
3.782004315956579710e-01
2.418376662407899502e-01
-2.651885169214727167e-01
-5.013066292126542312e-01
-9.602483120457476762e-01
-1.143162100165693307e-01
2.464233316990795952e-01
1.009886783749702754e-01
-9.856638565409445718e-01
-1.908016523973328216e-01
4.245722953570367775e-01
-8.120034034919223487e-01
1.021766007731679249e-01
-6.134787213623091873e-01
-9.179496179478863205e-01
-2.141475765272873311e-01
-2.876579088313830912e-01
-1.229192036497157581e-01
6.741078871011232376e-01
2.576578012712162913e-01
-9.600405761745713917e-01
1.154482025823571067e-01
3.558171040576689759e-01
1.334964108361471613e-01
-7.599304581873702613e-01
5.857898215832950672e-01
3.708714742446648227e-01
-5.347814097777550124e-01
-8.368802594590059041e-01
-2.297317104537583976e-01
-9.839910710981425446e-02
6.496654334073928005e-01
-4.948839144345051899e-01
-7.017202146454024625e-01
7.451563979528466053e-01
5.504947702733582471e-01
5.431683285100086245e-01
-4.918977593015541050e-01
-9.883482323880987686e-02
4.941667007778807186e-01
-5.202886226197243058e-01
8.033079639996607568e-01
-9.197844868490034909e-01
7.959128539614046538e-01
-2.507168569259787816e-02
-4.488150149600502736e-01
9.656324181379416505e-01
2.981296902789440928e-01
1.223981936999758435e-01
3.860655923525695421e-01
-3.238511331921640757e-01
-7.551365247543764259e-01
-7.912768361264306272e-01
-4.907292685213640038e-01
-2.880003476630550452e-01
8.834795288630390431e-01
-9.287155941695712791e-02
-9.598619659411657956e-01
-8.889015884778554977e-01
8.176829392562192655e-01
-4.941760441418816541e-01
2.041769616433044554e-01
1.489009010622548423e-01
-8.407063543167625497e-01
1.976251898511873772e-01
-5.456308539938774516e-01
-4.812847939065107994e-01
9.282720255068801496e-01
-2.852562169936465608e-01
1.806072339756401579e-01
-1.831451163376913716e-01
4.270010515414497387e-01
-7.106242649098430952e-01
1.860466572312573508e-01
-3.042011822397017173e-01
1.060833410473012162e-01
6.719667417599188841e-01
-7.143836688069169494e-01
2.785724675572616160e-01
-8.284840470910141974e-01
9.859844617301884995e-01
-8.001956220682111542e-01
1.810091088754433031e-01
5.304500841237058673e-02
4.426751696533040015e-01
2.335660841718913971e-01
-2.072301916754404338e-02
-8.863925467523614543e-01
8.229561368104651997e-01
-2.649227996002214702e-01
-5.127403633082658896e-01
6.003717703333066869e-01
9.067276175665515137e-01
-2.910530906953110453e-01
6.662579217917554697e-01
7.966449694172450524e-01
-2.758670786906403105e-01
-5.794168268659150023e-02
5.911330528211586888e-01
3.569637524058664191e-01
-7.143714793054098955e-01
-8.187175833501660893e-01
-6.240880452928643241e-01
-4.781398324886803053e-01
-8.135421968679936722e-01
-1.689584814375000299e-02
5.603899978500557211e-01
-2.331475364118751337e-01
8.801354120006739112e-01
-4.096045935254950532e-01
-6.981188362512980028e-02
-8.750928971828872971e-01
-4.733095745845208313e-01
5.121955170692065185e-01
-1.734377302292222645e-01
3.540326542666678566e-01
9.163067771689907826e-01
9.685691865099763653e-01
4.984709490854224434e-01
8.783365030101930593e-02
-1.392840159876773676e-02
-9.020124382723533341e-01
8.614181889077121568e-01
-8.106684198168427891e-01
9.775850040403313290e-01
6.264692726192944150e-02
9.060150874999413073e-01
9.392038837121468031e-01
9.074257497094209146e-01
6.957925961366235867e-01
-7.213167442533596763e-01
-3.434830792343583905e-01
-2.389357150493598425e-01
-9.012549423499025547e-01
1.085242985828400730e-01
-1.930370855429783816e-01
-8.039043570536716921e-01
-7.432732282521476996e-01
-1.142944099424214599e-02
-6.841275333193745922e-01
1.379434538548960365e-01
-6.388452047122843425e-01
5.837106146803388018e-01
2.648302854524444694e-01
5.451704645945014693e-01
-3.581939061723153905e-01
-4.138559758965643098e-01
-2.932218271529893894e-01
3.638955066782469938e-01
-7.567820452284155230e-01
8.517703634238049659e-01
-5.473079565877214669e-02
-8.900289608655640450e-01
5.762036387599209775e-01
8.587286524082367034e-01
-3.118948109244061850e-01
8.695614123035482201e-01
-7.177125589329766964e-01
3.577746118608879922e-01
4.730936225737205625e-01
-4.811909830670348942e-01
-6.501235579643263041e-01
5.663486535253836607e-01
1.126020846132698150e-01
-7.674862353069342724e-01
-3.824833418199828916e-01
8.946251806613321200e-01
4.314247890964273413e-01
-9.221547549199040628e-01
2.104288139114165457e-01
9.674634141368951834e-01
