-5.054682874433180650e-01
-2.942306838990060847e-02
-1.132405276587888920e-01
-9.776907331415027880e-01
2.350409270101194714e-01
1.280160165819708151e-01
-3.113796852718315744e-01
2.071412787483015716e-01
-4.906446212041386534e-01
3.117084047821343518e-01
-3.547166648899480190e-01
5.102071960932150763e-01
-3.788460909023776413e-01
9.083374454063697367e-01
9.374999765440819033e-01
-4.990564909595376353e-01
7.204769593447692966e-01
8.819796730739977164e-01
-1.556274328293121290e-01
-6.132503288817257037e-01
-5.788969656203317715e-01
9.794849650898802551e-01
4.629076440345862853e-01
-5.454495911103658390e-01
5.242878402023538609e-01
-8.676741212351839483e-01
-1.591281070954069232e-01
3.121346014405974589e-01
6.013245778679459086e-01
-1.094809172157891197e-01
9.252366100264282078e-01
-2.132577895400009638e-01
-7.974148111372971748e-01
-4.700843319801764064e-01
-3.453872816331449158e-01
-6.292047682072654524e-01
-3.774087472456510994e-02
7.059432373167162655e-01
5.958383403408231693e-01
5.802060921753453560e-01
9.793308040683552651e-01
7.368964902041550413e-01
2.173629778542220947e-01
4.965748793226736346e-01
9.243829056344510242e-02
-6.450131273979309299e-01
-6.301063194421672176e-01
3.328781737741353108e-01
6.909264354199553537e-01
-9.777772446389780825e-01
-9.709356069707104631e-01
-7.304068916387063126e-01
-5.674094892222703024e-02
-4.256234442813868757e-01
2.100025495528830000e-01
8.230750084467914895e-01
2.326345626374655140e-01
3.668491028150397959e-01
2.697849197729553783e-01
-6.472780431229354647e-01
3.481721356035500925e-01
8.402503889511327984e-01
8.046240430474123073e-01
-6.636789062299650599e-01
2.021230516651493225e-01
-4.778457157835829250e-01
-3.572838699187035338e-01
8.956616554691960719e-01
-4.698040143249762046e-01
5.207826244063173959e-02
-5.721969182508959140e-01
-5.462721431579828923e-01
-3.986534398701107040e-01
3.531999913771681765e-01
-6.192569620060697222e-01
-4.361111069765810644e-01
9.495543881477406245e-01
-9.725401065534944323e-01
1.108011643070323515e-01
8.891514817465240306e-01
8.061289391518362546e-01
-8.311693714316781278e-01
1.878997929255514787e-01
8.973341169993858113e-01
-6.678393465061311929e-01
8.037255220611561057e-01
3.712312914539119824e-01
-4.455342281529728332e-01
2.498143374639345549e-01
5.224491511201125871e-01
7.262975197050698384e-01
4.612046240135567743e-01
7.584861431563083567e-01
-9.814409622407136435e-01
-3.277276834104618786e-01
-3.922478976044421195e-01
7.120855040742635200e-01
-2.463627202541094352e-01
2.755876580618139560e-01
4.929243041779118872e-01
-1.284626020150982928e-01
6.134196090324395279e-02
9.602566601536244306e-02
6.694753205039671862e-01
2.776103527654498748e-01
-7.689014860961362885e-02
-8.360951885136520545e-01
-9.555849695227944807e-01
4.399649754152190617e-01
9.378010356859796115e-01
5.808597951407286075e-01
-2.392861262540184608e-01
2.799772973055072445e-01
-2.780348677604955743e-01
6.051741422586713881e-01
-7.611198799560867645e-01
-5.849840220336481877e-01
-5.188556591001780571e-01
-5.061726893716653741e-01
-9.707885747298088397e-01
-3.986444708824266048e-01
-7.430707717762923270e-01
4.707392291831828945e-01
-9.985807248214657594e-01
-3.010710703106227459e-01
6.924528313123112788e-02
9.131151622341939778e-01
-4.890515839163669387e-01
-7.715441097163087125e-01
9.259601602236000595e-02
6.516280606206323878e-01
1.842888718538735482e-01
5.538946075143780234e-02
-1.533918659362052406e-01
-1.056749839838539984e-01
7.763314517067627651e-01
3.841121838596777138e-01
-1.156451353794589743e-01
1.622005672054949166e-02
2.219264918400991604e-01
-5.307283727634202197e-01
5.554666534290972901e-01
-6.372599092482658101e-01
5.410601818824860576e-01
2.347777356424955997e-01
5.854942398420945882e-01
9.592498951974242072e-01
-1.918904390674593952e-01
4.444450794998733301e-01
-8.346924827044552853e-01
-8.524963679149937246e-01
-7.461377499466410601e-01
7.584276446445237241e-02
7.181651015577168451e-01
-9.331999304902072190e-01
1.040791993965106688e-01
-2.742605266009523479e-01
6.659486198895201436e-01
-7.601022932370504748e-02
7.303784856172312878e-01
1.378354901664644583e-01
5.229059138593612488e-01
-6.956658960471218123e-01
4.440955755118625170e-02
-5.110741327433832026e-01
1.980325150767339171e-01
-7.429908675945742225e-01
-4.239568403634916827e-01
-7.207649586299016420e-01
-5.851730173602942564e-01
4.336272885547209910e-02
-8.032806356512398605e-01
-2.212682760268680493e-01
-1.171189240361814043e-02
-3.263935890431635123e-01
8.320919873389920340e-02
-7.703883807589089194e-01
-1.487156252632757525e-01
1.392587136634992895e-01
9.404238704513363523e-01
-6.287824478475072532e-01
-1.042332569619488503e-01
-2.237872222492338636e-01
9.433032080838470446e-01
-5.324610492680741380e-01
9.032171402927291481e-01
2.210732089620328633e-01
4.013989270218745187e-01
2.372928625376207190e-01
3.643807662949105630e-01
5.879693645306791616e-01
-4.362503005863755945e-01
-2.319892993405618942e-01
-1.701453659459268852e-01
-8.420274858359091397e-01
-1.489580441017861467e-01
7.221363741608382014e-01
-5.862558307928302792e-01
4.329849851497766799e-01
-4.242038922632418441e-02
-3.539555569321721773e-01
7.171721584075967382e-01
9.839404094216608332e-01
1.802592627032280070e-01
2.611514650473072408e-01
-9.237310618661509487e-02
6.802403790578723797e-01
3.884989735366706221e-02
7.524710987884728475e-01
-6.237602151210144275e-01
-4.416073200132200061e-01
-6.741634709151784755e-01
7.374109486302939942e-01
-2.045940584578558319e-01
-9.734517723470696993e-01
-7.750324365726519726e-01
-5.647794224801749863e-02
8.770363102973277591e-01
4.957053308926910873e-01
-9.054342999732423181e-01
8.421613954994582318e-01
-7.627857993215021448e-01
-8.180170782869320423e-01
-2.468515767415015993e-01
4.895313039616902007e-01
-1.220339401609036312e-01
-5.871892106592964122e-01
8.172571881551695672e-01
7.943012005736487247e-01
9.851266569342480572e-01
-5.438636268252756700e-01
-7.937754184705008154e-01
8.270207739168995431e-01
9.474877524817459928e-02
8.279542298389563904e-01
1.900456117562736580e-01
-4.440544366417653599e-01
1.278755295184383911e-01
-1.526542035146678522e-01
-3.597645817886141462e-01
-5.783952918436847668e-01
-6.107696744439832237e-01
9.975636138393417784e-01
-3.984880756391393497e-01
-9.841092417031231943e-01
-3.234287219237783617e-01
8.728120148734286321e-01
-5.043771043304823287e-01
8.760430636955756079e-01
1.716151773500027566e-01
5.162749943541891096e-01
3.112563258539342570e-01
5.711963031213218578e-02
-2.840917469317298938e-01
3.997220192611614653e-01
4.920225285791435255e-02
-6.873200762614648518e-01
3.017667354413646752e-01
-3.496618638768795861e-01
-3.350038289979921924e-01
6.452485090968411718e-01
-7.999419133856897624e-01
3.909466375821957218e-01
-2.437571173842292271e-01
-6.667057307649417730e-01
