-3.403418175506978116e-01
1.474529144084120169e-01
-2.057804633702775554e-02
-3.971106431306956619e-01
-9.822090997705901216e-02
-2.310814259423565886e-02
-2.348021924987329090e-01
-4.891901184845615091e-03
9.082785329601659186e-01
9.990253423834845048e-01
9.215805015470781569e-01
1.810362253208968042e-01
7.709997567863764445e-01
6.882490725573715551e-01
6.358656789759744576e-01
-7.903456782215418919e-01
3.836249619045175585e-01
8.387975303999111176e-01
-3.857182015740439063e-01
6.408075313292851405e-01
-9.548715829384371023e-01
-9.303805425303623977e-03
5.435571164132924071e-01
7.408936016190896812e-01
8.929079684829388519e-02
6.113744147431705578e-01
-2.574789369631038660e-01
5.899855756798511042e-01
-6.680705832666047339e-01
5.394701087136597462e-01
2.187633619161628573e-01
-1.758605086905249415e-01
5.644298961480149757e-01
-9.766089509053477169e-01
-5.547090372366096922e-01
-2.256049695838411306e-01
4.418463927668694335e-01
-5.299066409020234403e-01
5.807103670865905176e-01
-8.112452974568218345e-01
3.771562328305333445e-02
-3.459833985763089981e-01
4.413098574357479098e-01
5.990203578452486521e-01
2.281751186379836760e-01
-5.096722431280953369e-01
-5.175930062075730920e-01
4.210762278233819433e-01
-6.268030741825514340e-02
-4.643602695251713985e-01
-8.427024094303776636e-01
-5.878137190788221833e-01
-3.874696634992738087e-01
4.401017162804863325e-01
-2.143924897615789860e-01
-5.480924040405850128e-01
9.243283440997338563e-01
1.484615901857180287e-01
7.764506364424006435e-02
-3.305856872904195942e-01
9.378862567766095282e-01
-2.424156244313468989e-02
-4.139507443613268389e-01
5.316112631617724293e-01
1.723217739714004715e-01
-4.794808710183480205e-01
1.777053664977170655e-01
3.806080195137069300e-01
-2.707178115807944430e-01
-6.465363831651040893e-01
6.752476504669682189e-01
3.154174520992647501e-02
2.979491971423831043e-01
6.154354927820724352e-01
-2.278116924102859819e-01
-6.464377986957097200e-01
-2.693319719655387079e-01
-5.395768854394622505e-01
-6.730502147776527000e-01
9.703121003156640612e-01
7.509146668690791504e-01
5.145076682824578640e-02
-3.647843986662751004e-01
-8.336815611034502638e-01
-8.573802596352555483e-01
2.431860756995771755e-01
6.585360522009366946e-01
-8.559041912991380840e-01
-6.760227845893400644e-01
6.600842850684229823e-02
-3.154893559416014348e-01
-7.623526651053151859e-01
1.764167329824117836e-01
7.556677403118252645e-01
-4.679215254385467038e-01
4.001802565880530071e-01
-1.401237382811675314e-01
2.124900570800936084e-01
4.285677311219198149e-01
4.410690201796449994e-01
-8.573780108829514024e-01
3.883573871642909126e-02
-6.312308191694300241e-01
5.892710737166202417e-01
3.243993267177744944e-01
1.646843527047692213e-02
9.552755405166002411e-02
-5.547648011286117065e-01
-8.111178610776832443e-01
-1.276830165353604052e-01
9.751172189796895040e-01
-8.165443627683361960e-01
-5.490122956279996913e-01
3.956488285819761419e-01
-5.768632068658630097e-01
9.435554239463141979e-01
-6.302390504055788156e-01
-9.441129845499909301e-01
8.889034151005810180e-01
-5.032329545228817480e-01
6.172703222063469219e-02
-9.397911569144898891e-01
6.849383463697038543e-01
9.094337058156141129e-01
9.504643455863526214e-01
1.871637630600886393e-01
8.837652251858101327e-01
-3.007070047524096346e-01
-2.781847456316504097e-01
-7.657643906548750046e-01
-5.332292002346681326e-01
3.791766334721491383e-02
-9.300796886509574701e-01
2.356335349235152421e-01
1.484621426331913518e-01
8.327728394245397237e-01
-9.007022079128106373e-01
5.430108126994421802e-01
-5.714901613218454912e-01
-5.434776655541520007e-01
3.433792627495779737e-01
-9.532565622957376306e-01
7.145732013377075198e-01
-6.533573597846520364e-01
-8.497284340513624468e-01
2.515539892195670646e-01
2.059320587272566172e-01
-3.063205461313751599e-01
-4.429655647184456146e-01
5.743761643420541851e-02
-1.686120565668716154e-01
4.314115357964853903e-01
9.527678940670480934e-02
-2.474712510486267725e-01
-8.226843105427923408e-01
-3.698208617299840739e-01
3.113086194419019126e-01
4.932038353425429733e-01
8.873817611642975667e-01
3.973185092715516564e-01
-6.864333327642391236e-01
7.009328455066379249e-01
3.850014875461660324e-05
-9.675381127909261636e-01
7.327215143513514661e-01
-5.120344737845923255e-01
-6.580248429892885387e-01
-1.251917910597746264e-01
9.118145787314058115e-01
-4.817870211166137562e-01
-7.267381720627084096e-01
5.591618266042204244e-01
1.817293926537746351e-01
5.826393532169467093e-01
7.483162915871739429e-01
4.620232416497718209e-01
8.836144324954489093e-01
-8.062019826577000448e-01
1.438197300751780094e-01
-4.570952213467647240e-01
-3.014121592027465546e-01
1.550446502706579466e-01
4.686651088576465618e-01
-2.216131009692723364e-01
5.609231267300058832e-01
-6.445108093854086118e-01
8.029761642941057875e-01
1.242172736564144397e-01
-5.260306598310933168e-01
8.560430380300212416e-01
-1.906372966534761737e-01
2.439673056587929878e-01
1.961473233769059910e-01
2.568751285285530983e-01
-3.934268378901726315e-01
4.824964674057692360e-01
-1.085607249735107693e-01
3.612039879935395881e-01
-2.348660077858131245e-01
-7.895632200848368143e-01
-3.161478546313232219e-01
6.552357964862511874e-01
5.205255094594305465e-01
-5.007093936698137071e-01
-9.896960372251781823e-01
2.928630022289306911e-01
-2.796319626194927466e-01
2.804610374084954838e-01
-8.302003961937385323e-01
-6.557190630460507652e-01
7.542676115176982776e-02
-6.016815751133126611e-01
-9.553746261252455962e-01
9.938211585561589345e-01
5.139042343635544796e-01
9.871146963577963618e-01
-4.833376620863394368e-01
-3.227724582311950474e-01
-4.802788810061027203e-01
6.915686200922399607e-02
6.297649243820244713e-01
-1.440262194355177439e-01
-7.871739125480021748e-01
9.353177839238724367e-01
2.052750756592574000e-01
-7.878013200459290655e-01
4.717191400057023642e-01
4.603023262547667471e-01
-6.169865110296255395e-01
-4.195607264928655766e-01
-9.228163006677840841e-01
5.384493553002287491e-01
-3.723869277756164387e-01
4.664402393616093878e-01
7.850924483529262421e-01
4.439955319702086900e-01
-8.228968093187085664e-01
7.018421725931334176e-01
6.326525515064425065e-01
-1.721891708250944397e-02
-7.690170250869878821e-01
7.224353981371407496e-01
-7.717747180119198802e-01
5.883606625125468170e-01
7.567238299855412187e-01
9.452998944124206826e-01
-4.197250165550014955e-02
3.551996774353345376e-01
-1.766210473894800348e-01
-1.683995650182854575e-01
-5.192787697503518096e-01
7.393135704317630452e-01
-2.651430797542282392e-01
-1.982214864586389069e-01
5.513746348390606844e-01
-6.005108673919257178e-01
-7.542553240344891385e-01
-9.119483720703625007e-01
-4.549184020018046670e-01
4.192253878184273308e-01
-6.164065565676490888e-01
-8.091597947092095122e-01
-4.245484981117426670e-01
-4.518223366367670746e-01
5.105659885401410136e-01
