-4.875164930755602199e-01
3.611794538907884267e-01
4.425995236040580760e-01
-3.042204049692598389e-02
-7.691113664453936849e-01
-7.241163223307767183e-01
1.612292022220587207e-01
1.714951530379351663e-01
6.253122825774326543e-01
-1.343455389798648980e-01
-3.546687187066492886e-01
5.959917005291810455e-01
3.468385435202099298e-01
-8.593036533413562772e-01
-9.856625526721862762e-02
-7.078409140237715835e-01
3.681457453126155688e-01
5.582250182906582925e-01
-4.369688758971241871e-01
6.920297159286665778e-01
-6.963794854767029197e-01
4.966306623065923631e-01
7.892554563858074079e-01
-6.820940398809260952e-01
5.764495819871018334e-01
-5.702513268007163294e-01
3.907798567450042615e-01
-5.690897068983598039e-01
4.062210311768494897e-01
-6.996554958612046793e-01
5.813863986139926610e-01
7.502566460875137455e-01
-8.061017180290397377e-02
1.872844976271588191e-01
2.124112858434186180e-01
-3.990617703289249807e-01
-2.596665049348709786e-01
7.388188019742483181e-01
-3.191779476794314174e-01
8.599627057260328389e-01
5.993972904281421599e-01
1.944357638119174059e-01
4.250141928747630526e-01
-8.551941443605119986e-01
-4.356966497450904807e-01
9.377663383775065586e-01
6.957912577077174365e-01
-4.160799751035713090e-01
7.812867039897293253e-01
2.104716906916253016e-01
-8.415980411767622904e-01
9.367515727195852016e-01
-8.570929056065290652e-02
4.250336846285620584e-01
-2.683816843783244366e-01
5.970092579045502834e-01
-5.060516436366717663e-01
-5.678673169302734802e-01
-1.856032796819080399e-01
4.543370836555267189e-01
2.731231239382270193e-01
-9.364344577227123878e-02
6.109372752461883493e-02
-9.056543779627761470e-01
-9.992018392526142989e-01
5.337492091315623188e-01
-5.960331874374540373e-01
-3.623435232502463244e-01
-3.118515413078990495e-01
-8.866274104307794168e-01
7.030572598981994492e-01
-5.825710334166995796e-01
-2.950160792737377413e-02
-3.670680093278089196e-01
-7.656722089359824235e-01
-4.396438138143230479e-01
-5.775002269605040706e-01
9.916988780327316011e-01
-9.818871017848842531e-01
-4.781945555352489219e-01
5.211775523346930949e-01
7.301987286570583713e-01
3.583081301297830201e-02
8.693232793470218045e-01
9.256718169009539032e-01
-3.176844680137713706e-01
-7.423271519443139788e-01
-4.792749223134329384e-03
4.845221877957390788e-01
8.054891219830719873e-01
8.407888615498926299e-01
-3.646417424860646239e-01
-2.616844333296717284e-01
-3.582885938003528281e-01
-7.732289873036530814e-01
-1.017609531178083060e-01
-7.180662376050510609e-01
-5.894950371927465405e-01
6.982937612360753388e-01
2.917909005821144319e-01
-5.580270062553296384e-01
3.203987254582425503e-01
3.630995381180945891e-02
1.253013439845171995e-01
-6.589630093165519398e-01
6.053260959337272151e-01
-6.675484439297867389e-01
9.500090670257095304e-01
-1.421075301346834685e-01
2.148163327346086504e-02
-1.876852268656734601e-01
1.393543021939094295e-01
-2.832632035700632933e-02
9.111235679204370275e-01
-9.059894552610876506e-01
-1.417923691769280570e-01
-5.618438767943849665e-01
-5.886826771952247128e-02
-7.403331586397792208e-01
-2.105462883694142473e-01
-8.851312637756443280e-01
-9.757744774588550385e-02
6.722623763778681205e-01
-9.842942462796386849e-01
-3.836122302277698015e-01
9.128399092161900708e-01
7.305702788205179488e-01
-9.737635704114115942e-01
8.936021537549529992e-01
1.526411883799678737e-01
-7.047680761778409853e-01
4.120336849363390730e-01
-7.737257792084553110e-01
-2.353050745171418878e-01
5.741781172137463418e-01
4.019111489706035378e-01
6.339237520159743955e-01
-8.150438962007306998e-01
-9.700953716298448271e-01
3.768373025837226109e-01
9.109404167196211155e-02
5.821447160038035751e-01
-6.235149832765458644e-01
2.645972631739776926e-01
5.097404354595029830e-01
-3.281084441970136822e-01
-7.118554718098013545e-02
7.798463529079919798e-01
-2.863907507345797576e-01
6.632036084066195158e-01
-4.361866635836517681e-01
5.410253293139084541e-01
-4.132208490683846325e-01
-8.796394750161464771e-01
-6.573144254185985247e-01
8.966911763158633697e-01
-7.563267650045153445e-01
5.178628752824716575e-01
-4.306149787165651777e-01
-8.114526465733713501e-01
5.550429717581881750e-01
-2.878049033640166510e-01
-2.038097001966772126e-01
-1.836827783928023372e-01
-7.695316880901805767e-01
3.979284072652395920e-01
-3.560896872290852944e-01
-6.518430873745468812e-01
-4.700494490259075064e-01
-1.914905457781452824e-01
-8.616724787808320851e-01
3.839227730858894017e-01
-1.525545242673251867e-01
-2.731840469890127743e-01
8.500221927138817968e-01
-9.645090789428567568e-01
4.834406709018717052e-01
-7.945658512574236276e-01
-6.914355467352071294e-01
-9.810414950204870976e-01
5.191806992834571144e-01
-8.973477667038509686e-02
2.327223671032137009e-01
5.034073566258725485e-01
-9.033978335363135326e-01
-8.648981162776037124e-02
-2.122103294339565682e-01
-5.986889042790719540e-01
6.139385916667821075e-01
-4.915878674077767130e-01
9.901496246416012781e-01
-7.056806552985712688e-01
4.869105458569848999e-01
3.647078982190099516e-02
4.903648166009517695e-01
6.342198707048463113e-01
-7.060790741736242548e-01
-9.469664932475407859e-02
2.388626711405250624e-02
-2.789789263837758604e-01
5.932181237668361362e-01
-2.220077774142108495e-01
-5.614636610936150074e-01
7.984742196724032848e-01
-3.424086233624075160e-01
-8.496162420978949914e-01
-2.172402160253883441e-01
-4.163352359097640676e-01
-4.137444184367760069e-01
7.202436401587499759e-01
-9.503357069105031751e-01
-6.044943078056701502e-01
5.535466751880151470e-01
-1.100034746538478547e-01
-4.315788593631355585e-01
-3.188224197799252035e-01
-8.088290810022158439e-01
-9.452970155714690570e-01
2.518167905385648719e-01
-9.536434162010294369e-01
9.349352145194003150e-01
9.644761849142331478e-01
-7.684244854445054784e-02
7.887803512142568252e-01
-7.852063954798471634e-01
-3.206391378498489875e-01
-9.862934072764222293e-01
-4.377503561926157083e-01
7.815852666428706463e-01
7.830418703473540631e-01
-7.906711305649545274e-01
-8.652892741549580435e-01
9.475371961347178740e-02
7.524643587704127334e-01
-7.458219959287868406e-01
-3.237754177372511588e-01
8.401792624363970674e-01
6.913690759508321904e-01
-4.667885715016653059e-01
1.391582920426259751e-01
6.952274894573708952e-01
-2.652935901985120637e-02
8.427720437039549761e-01
5.591060312344828809e-01
9.910928429260998929e-01
-7.211640644394985422e-01
-5.978578997269226036e-01
-2.969573549355841724e-01
-5.418446105573215821e-01
-8.772048305153103964e-01
9.448820560185722250e-02
-2.688438261442240851e-01
-5.835624525802656226e-01
-5.654009603527345718e-01
-5.257666418722639623e-01
3.037508232702017530e-01
-6.950796316834706445e-02
-4.479424299955290234e-01
8.974189995234547190e-01
5.954860024119619233e-01
5.130373473730975853e-02
-7.273259778913789830e-01
-1.380512693780060474e-01
6.130523158633989222e-01
2.547326809269812031e-02
