6.879855237073400076e-01
-4.040134101275045797e-01
-6.339027632573359661e-01
7.899013706501161192e-01
-7.552298059769864125e-01
-8.297577226557986130e-01
4.039395446926901112e-01
5.964313224485007225e-01
-9.632013973379871530e-03
3.470293378019961850e-02
-1.151699298060666621e-01
-6.341324568327955102e-01
-2.583489202530864226e-01
-8.066462759599086763e-01
-2.780014340988385957e-01
-6.146091725816074103e-01
7.114632484343681451e-01
3.820383780630625115e-01
4.621424054264873238e-01
-7.093191310366329105e-01
-8.399748826421538084e-01
-9.501433909740397699e-01
4.430744828960093695e-01
3.088946873559899053e-01
-6.666090633634640383e-01
9.737796717474254127e-01
4.119878888481858237e-01
9.797419599313565985e-01
9.457447150260180901e-01
1.230669824167185400e-01
-7.334402012710028451e-02
-2.593974969730514779e-01
-6.360086990335260815e-01
7.013272187130139557e-01
-3.417793912538629186e-01
-8.666678491646981897e-01
8.788760352968638667e-01
8.743611162615745336e-01
-1.250978228660035718e-01
5.038863382426295168e-01
5.973308012711742165e-01
9.069860987241278316e-01
-1.402959381111479331e-01
-4.514602162199816693e-01
2.270675108611217574e-01
3.159186060241576666e-01
3.480497759232099586e-01
5.846883483859373065e-01
-8.120571609553093317e-01
5.949574520519063103e-01
3.208054014790389097e-01
9.442706525485200508e-02
5.708328451578021934e-01
7.684953346868825808e-01
4.465856988581449194e-01
3.167626615417811209e-01
-7.409061138379033906e-01
7.347059840787892870e-01
2.530669076797660288e-01
1.651973608949164340e-01
-4.945888988215692006e-01
9.563962529478455821e-01
-6.239300832295804344e-01
-2.531480095092291105e-01
4.944977305475657392e-01
5.638040884034303257e-01
6.158741679637071975e-01
-8.883089027362545131e-01
7.899762402039745002e-01
-9.053414884753330227e-01
-9.409238414328919831e-01
9.183355203793432953e-01
-9.937715747369371133e-01
-4.074006514220038788e-01
5.992287054372567034e-01
-3.436496986508288387e-01
6.567285903816466597e-01
4.828839583318622619e-01
9.963174162921255572e-01
-7.172843007982325769e-01
-1.466632600440769263e-01
2.755914812938695668e-01
-7.547240620632893471e-01
-7.484952889078213545e-01
-6.576861736597712227e-01
4.001680950564470152e-01
-6.216342584538405713e-01
-4.915574945479477265e-01
3.474668463713603828e-01
8.162487283508310654e-01
-2.635896227711067574e-01
3.497743231671002206e-01
4.316647525077541570e-01
8.180668703005011810e-01
9.174256198032959553e-02
-4.211806528756434354e-02
-2.193980762402081286e-01
-8.236616299490986393e-01
8.629153487360412544e-01
-8.001338844555789809e-01
-4.296837326961517878e-01
1.054424049767441751e-01
4.210600210698700607e-01
3.198027839773380787e-01
6.210597001960074248e-01
-4.123571431385515407e-01
-2.117855956291843089e-01
-8.790054910230633567e-01
-8.037032017516276827e-01
8.219862488928721955e-01
1.507886775347484498e-01
6.760083078786793820e-01
-4.415366869125687543e-01
-8.928714958912975508e-01
7.894050895252626709e-01
-6.157884472358539085e-01
6.349285736648357936e-01
9.900669937795696374e-01
-8.466825953707981522e-01
9.625739240010051656e-01
3.368750055154097200e-01
6.863982527508378784e-01
2.650521078560548194e-01
-9.404737307874273533e-01
-4.188358585654989863e-01
-4.650557555969738743e-01
-8.296832100565865176e-01
2.227750568553967803e-01
1.150044237618390586e-01
-6.387032673449688502e-01
-5.260284285894534229e-02
-4.516156389115697500e-01
-5.635362171335656090e-01
1.960941307054919758e-01
-5.619084305260357848e-01
-6.205900081804287538e-01
2.654949141482119135e-01
-4.054230595286045791e-02
-9.605794970022483170e-01
3.711503478431310565e-01
-5.618097986277814648e-02
8.123647649518719316e-01
-5.810675225180286230e-01
6.272674790098957676e-01
-6.992797253810192348e-01
5.933374834282891808e-01
7.546821075640770538e-01
3.661721146536935922e-01
-8.418799323243415511e-01
-9.402981929510625392e-01
2.589538818855843250e-01
5.133301591090830840e-01
6.267122183118909451e-01
5.649853952669621204e-01
6.602348421609427476e-01
-4.992452258617265937e-01
5.898062549820719536e-01
5.044050424750510242e-01
3.359642456816167577e-01
3.071980582017399541e-01
-1.892784745767457366e-01
3.402208842605358718e-01
8.475806513986250401e-01
-3.121567960116991003e-01
-2.916099928588413714e-01
6.451834783057490696e-01
9.120209923856501533e-01
-2.042009041763874766e-01
2.903551810612747808e-02
3.583432780406088369e-01
1.904361867269703801e-01
9.587111995606971693e-01
7.215218656882482762e-01
1.985341164076612763e-01
3.083510702080458632e-01
2.771028058432203345e-01
-4.317730873568004224e-01
1.066368110492761367e-01
-4.369162702097884043e-01
4.662382865320833236e-01
9.892400846103344136e-01
-2.089456468585748627e-01
8.516703863151107168e-01
6.223496895650881822e-01
-1.218086260498998374e-01
-6.003124718070946830e-01
-8.877469361010803528e-01
2.961980294582629014e-01
-3.375800550001115674e-01
-2.238931909171193446e-02
9.773128270159663344e-01
9.958683427426300305e-01
-9.721613405962858945e-01
8.683201215683669094e-01
-8.301028656286282281e-01
6.391783400380743885e-01
4.265044366424453059e-01
8.761061577958477731e-01
-9.229826856177967276e-01
9.753542812340731949e-01
-5.335586470307229767e-02
-6.695597078022386128e-01
-2.182547300391188827e-01
-8.100775630624543755e-01
-4.865408307006089395e-01
-1.081433338015245216e-01
-2.514472164799026466e-01
-8.250836552170071059e-03
-1.731433623712166359e-01
6.468911306502653780e-01
-1.376777244328433181e-01
2.695146976151014950e-01
2.955307386387184820e-01
5.128090261496212054e-01
-8.998857179501644765e-01
-4.817501427094981192e-01
-7.431580513682010114e-01
3.434636654121148158e-01
8.811697641356575073e-01
7.303390408982726179e-01
-3.990251635777553041e-01
-2.521402651807069795e-01
-1.388815518157580087e-01
2.547503021819284008e-01
-5.568515633398183340e-01
-1.806654312088762371e-01
-8.663972237452055580e-02
5.518130458154348883e-01
9.665986973616009781e-01
-5.067659481394763965e-01
-1.011814358982245921e-01
-4.939465217288496746e-01
8.344133403757574285e-01
-9.202598106248049969e-01
9.354099932652188976e-01
1.775387904875462830e-01
3.414906951566334392e-01
-5.979740778932640666e-02
5.327811942629661068e-01
-8.146611310196771871e-01
7.156843504490129071e-01
8.135448125740141201e-02
-8.409694835555772130e-01
9.071825211810597978e-01
-1.510064413067986333e-01
-1.309804332587243270e-01
6.457669797362308728e-02
-8.773808772073388162e-02
7.118097474153755044e-01
2.409260056478981227e-01
9.967360702254033367e-01
3.330931801065140085e-01
-3.735160014684839602e-01
4.289396185917602189e-01
-7.112256127532470273e-01
-9.868250368152140517e-01
-9.011234807124406387e-01
9.023391950819352747e-01
-6.190337632945710489e-01
3.085596398445433763e-02
-8.283191926658559634e-01
3.710545111537817409e-01
8.074446896851446009e-01
-5.878324373296772709e-01
9.188499572273700622e-01
