3.759225597252672024e+00
-1.065373853260598302e+00
-2.452483638373920694e-01
-1.391566030530166087e-01
-2.512932859299980670e+00
-1.223538366339433470e+00
-7.850609974307093397e-01
-1.242618480143411697e+00
-1.755572529607769106e+00
7.299240959353732183e-01
-1.230789487284134509e+00
-1.635935911711003943e+00
6.685152678881800536e-01
-7.789287060064229440e-01
3.301277054445656667e+00
-2.204415048101054708e+00
7.599038126249699765e-01
7.175416759189495730e-01
5.709929605930661456e-01
4.718488379533163080e-02
-3.734432615698733415e-01
-8.983419299782458012e-01
-1.658244105544560476e+00
1.517937932688877778e+00
-1.420043973864519860e+00
7.310333236881951802e-01
2.210340995063253988e+00
-1.550134278690566692e-01
-7.511162187877328256e-01
1.135630515571407262e+00
-1.295663794867093488e+00
5.724470288546471552e-01
7.096733606283564533e-02
2.702426850816380899e+00
-9.019022549170193637e-01
-2.163055904045892319e+00
8.144474528629221943e-01
-4.917200481896160658e-01
-3.351860134121662949e+00
-9.903193712531088710e-01
1.660572882307427500e+00
-3.095585971824390548e-01
-2.632198828560418091e-01
4.026585098061012946e-01
-1.595356669781935910e+00
1.420269131978209032e+00
1.942732436248354455e-01
-1.017027295400084519e+00
6.357057972220956366e-01
-3.670859003953120259e-01
-1.353543926559191313e+00
1.288615376812655366e+00
-2.241803465000613116e+00
-1.065248529555956170e+00
-5.746099735562284483e-01
4.602749419532116693e-01
-1.321116410536218089e+00
-1.009830579478773416e+00
1.171492909623633949e+00
-2.090168824261800395e+00
3.557475666130905378e-01
-3.126778800766264466e-01
1.698283097228808991e+00
2.029757613463359256e+00
2.640179970992473368e-01
5.067102135619303560e-01
2.783619437440396638e+00
-1.862412136119378614e+00
1.790007538477449422e+00
2.810936098178765441e+00
-5.982780699812131342e-01
-8.762234066862454318e-01
-1.596837358275926100e+00
-3.182204270086578912e+00
1.047479685709340025e+00
1.566261613373296280e+00
-1.201881362211177695e+00
1.962870045226218663e+00
2.658276051758867276e+00
2.522934527029054408e+00
9.614058271265311095e-01
8.990905773217634511e-01
-2.223146729913136888e+00
-3.045944048958090900e+00
-1.937513426546219053e+00
-1.648689869140703479e+00
-3.257011247331539572e+00
-1.614407027605160083e+00
1.049388196835078002e+00
8.159677696214959752e-01
-6.754213418686679793e-01
-3.487506363739083515e+00
2.632309409966288705e+00
2.091455909724461382e+00
9.543698540294522914e-01
5.607445550513119326e-01
2.261353866758780917e+00
-3.175334222392789396e+00
-2.386508135116717000e+00
-2.336313456102030450e+00
3.438297871216557056e+00
-2.037753846272295277e+00
2.056975780221652172e+00
-1.159695698177856116e+00
3.394185523642454516e-01
2.096175771960165690e+00
-3.185630766153590532e+00
-2.003890625242855883e+00
-1.395670237714656259e-01
-1.473224637033530904e+00
-1.948579847899049700e+00
9.788936405940892316e-01
3.922649425593042194e-01
2.759684996426719494e-01
4.014723222676029879e-01
1.952905354210273670e+00
1.953579844229837548e+00
-2.999570138229829208e+00
-1.900431813251535873e+00
1.793064566999509335e-01
-1.628318899670869180e-02
1.357582306715167331e+00
-1.724133049683446384e+00
8.049129237326260178e-01
7.371592821241739202e-01
9.632416599909916499e-01
-2.879332550632738297e+00
1.330005177360017221e+00
-1.613652661703905755e+00
-2.629657814876511956e+00
-1.023166009364611106e+00
1.684027465876862584e+00
1.528020769044611260e+00
-1.337598850402219319e-01
1.398308458125281817e+00
-1.303465039583564522e+00
-2.012248355204596884e+00
-1.295097011274351839e+00
1.242966261147325557e+00
1.805102391554820551e+00
-8.107499405550929739e-01
2.525201585053966635e+00
-1.119846349102879390e+00
-1.556003741689049980e+00
2.606083613732550486e+00
6.149988770686154460e-01
2.971969595088541083e-01
5.395844927592012841e-01
3.849476117276044107e+00
-5.078181299310564611e-01
-1.771025512952697722e+00
3.715888513628904377e-01
-1.134944713175652264e+00
-7.116778561509793377e-01
-9.615339997125211813e-01
-1.427638814844133686e+00
9.749226916336590776e-01
1.132346056229176723e+00
1.413108498087045417e+00
3.047907462794147815e+00
2.704233546942019117e+00
-5.596501231496228135e-01
-1.347713679791374464e+00
9.968784306320840338e-01
1.773525531379774201e+00
-1.051638433608719225e+00
-1.210553575971474727e+00
7.982668868471257118e-02
1.006765827480138764e+00
2.103186393877628291e+00
2.765926187782074663e+00
-3.761216616355692599e-01
1.563551487530508988e-01
-1.039605890321824155e+00
1.987925254811518938e+00
2.698549077692952380e+00
3.123975694027442684e-01
2.862038104410131290e+00
1.690631786742222253e+00
1.097858483819045272e+00
9.126143964055012381e-01
-2.720376326658552335e-01
7.257851128151944220e-01
3.040566195686211781e+00
-1.487444110936403829e+00
1.233585981335229231e+00
1.101343164454805734e+00
9.054860097063355262e-01
-2.587627180052119336e+00
-2.544103891177261989e+00
-2.760458406930921704e+00
4.367617818399308627e-01
2.180178361342584914e+00
1.186190811206423001e+00
-9.501206917114953798e-01
9.116089676228196215e-01
4.102649273936598284e-02
-5.774901029281362952e-01
-2.367282226665834710e-01
3.878400462788043956e+00
3.034130873171977605e+00
1.260911789832568797e+00
-1.673407091785830358e+00
-2.580069193897535307e+00
-2.021377476957871622e+00
-2.497729850727978373e+00
-2.512295603857214843e+00
9.319156179023359021e-01
2.019985392401498103e+00
-1.153970879750110923e+00
2.487870848895791909e+00
-1.134150889811111229e+00
-4.345032074065141581e-01
2.359105748840310213e+00
8.451821692071197489e-01
-3.581117243791712701e-01
-2.197614187798111018e+00
1.349552107260835188e+00
8.759858621631262388e-01
-2.642797272288771593e-01
-2.287662287351028390e+00
-1.365312034033811184e+00
-1.798036832483982828e+00
2.239608504205888306e-01
-1.755469851152228866e+00
4.465223258268084527e-01
1.490742980807672868e+00
1.639864117232545215e+00
-8.850496988355034400e-01
-1.364629432701683465e+00
-1.660654448719933285e+00
-5.200932683508758814e-01
-1.306030761144478358e+00
3.577511743911053088e+00
-7.619585300497160318e-01
1.128300756575114416e+00
1.223320188776295669e+00
7.526908758184737147e-01
-2.742062064703115531e+00
-1.947294690685446694e+00
-1.647203421523394384e+00
1.322495898359118183e+00
2.743733366902407322e+00
1.652671530233701391e-01
6.735091777708950289e-01
2.615609549393286493e+00
-1.717086200524609696e+00
2.363024855894766851e+00
-2.189567547834806671e+00
1.876249300668315412e+00
9.847765532330787774e-01
-2.104374149117201220e+00
-1.882693989794694600e+00
-2.224228611711967396e+00
-5.079365961785728967e-01
-1.947736604414643358e+00
2.923069652060814594e-01
1.655138211379445057e+00
-2.169007007361129169e+00
8.912030798803480813e-01
4.885637164697239632e-01
2.738722041034368448e+00
-2.666583748129586873e+00
1.334200185652597792e+00
-2.672415268594883653e+00
