7.014920824643229302e-01
5.754081986876422583e-01
-1.927299031488252101e-01
-6.492840020576948756e-01
4.216633756100840458e-01
5.519888452016799008e-01
-7.238536279931306883e-01
8.395837159350587608e-01
-8.556614108647564443e-02
-8.658118060197976806e-01
6.712051558020220021e-01
6.264359980223368485e-01
6.736504133989620335e-01
3.975674318455868494e-02
3.535170284661348639e-01
-4.352915590084429631e-01
-1.709809821685825959e-01
5.068418833844328120e-01
4.198383228657589505e-01
7.774387734052601306e-01
-6.035613480635322325e-01
-7.455904212746444770e-03
-9.323805085828791306e-01
6.892822152168420757e-01
-9.677458872948796476e-02
-8.699162225552214966e-01
5.537634337799102191e-01
-2.970188658650949609e-01
-6.752843368258802936e-01
1.583456465907111532e-01
-9.388140664426019022e-01
-8.581202712691171630e-01
-3.907188703443031930e-01
-5.915537591495565461e-01
-9.075176715709094566e-01
9.997538841721760328e-01
-1.362184134230823851e-01
3.769175467331056240e-01
-8.305081741192998912e-02
-9.754763120664404763e-01
3.911930183266822958e-01
-4.730378406502206978e-01
-5.504490185720569695e-01
8.944809371996975678e-01
-1.521833467878819235e-01
-6.882544315771692567e-01
-5.386859553807699097e-01
8.817466945194674111e-02
-7.721574689564558724e-01
4.016125476811229777e-01
-9.861066271375742431e-01
-7.343239044220359890e-01
8.994792419180175358e-02
9.509460695506908312e-01
-5.146547426131349301e-01
-2.513014295147035781e-01
7.766478128783669277e-01
-5.725910188423182223e-01
6.020876198621305520e-01
-6.062444638570230193e-01
6.565826741531710642e-01
4.660406105956043099e-01
-9.365815696984391980e-01
-5.614677169246617972e-01
-1.058660648478537691e-01
-5.693194628516855538e-01
9.793572119899081052e-01
-1.222717621269469035e-01
1.399007603971298419e-01
5.864239841760732208e-01
9.794755224693447726e-01
6.102721124264516295e-01
5.991812246303152012e-01
4.273061951882670684e-01
-4.726129630971831475e-01
-8.377574215258862811e-01
4.897213755342040287e-01
-1.353601822647021446e-01
-2.018335410662772667e-01
-3.669359782642103163e-01
-8.119268591494335219e-01
1.325752566493252349e-01
-8.792735566773519640e-01
-2.128922823020471533e-01
2.673999700290741188e-01
-2.170564586336916069e-01
-4.639823282649653269e-01
3.012870130162437210e-01
-1.686705321159998050e-02
1.540122077759005226e-01
7.615329923185802929e-01
1.540497188478759938e-01
1.014458966122933070e-02
3.355916261485289986e-01
-2.444604520955739879e-01
8.507773455226428361e-01
3.777616726295198735e-01
4.162849436320243957e-01
-2.516137689647441888e-01
4.026378662952938559e-01
-5.614186328768324685e-01
-5.365489818574067371e-01
7.171814551276829430e-01
3.585185025548578430e-01
6.710609480207645472e-01
2.741797359431141778e-02
-9.275079939705817011e-01
1.001186289212314673e-01
8.065651277625485172e-01
7.408296461639418684e-01
-2.819279315050626789e-01
2.582450055713423342e-01
7.310319613201687883e-01
1.929328611421810002e-02
-1.194600693218197396e-01
9.796045912263735556e-01
1.934286416660202512e-02
-7.876739056194002053e-01
-1.138672327148402275e-01
9.952215720022716816e-01
-8.718591676629692255e-01
3.029520353834203039e-01
-6.870002465289446469e-01
-2.931719041916887036e-01
-3.715715068254292763e-01
-8.248970882755120027e-01
-2.996269721588040724e-01
5.408394534967355671e-01
-3.246027510213547185e-01
-5.992096855484752016e-01
-7.122465470899133066e-01
-4.110351379643861769e-01
4.646973911136813573e-01
2.910797304194956414e-01
3.658420223029950069e-01
-3.391013213623863543e-01
-5.672358235027525897e-01
6.098386328897689168e-01
-4.950107339546512275e-01
-5.127300629806323951e-01
-5.206586239294248575e-01
-6.144019773267506146e-02
-2.037250875417004892e-01
6.493386727474270703e-01
9.653631992035145437e-01
-7.588910004786468821e-01
-3.836238595195855527e-01
-7.231137177123951876e-01
-1.571529856088200727e-01
8.463019160276530339e-01
6.710140251228653430e-01
-9.040295454015048193e-01
8.914747232000703736e-01
2.745094234274498834e-01
1.872501104978836484e-01
-2.360096046679083237e-01
-4.014945824091094018e-01
-1.277285260817204726e-01
7.191811685855697966e-02
-7.722039138346232789e-01
-5.726885697188799362e-02
-7.652942627591818869e-01
-2.961900360404590149e-01
6.512789783145531697e-01
1.438145111422761691e-01
3.639291088338609814e-01
-6.932117314584858025e-01
-1.515372331176767506e-01
3.664824838292133347e-01
9.686593734916875142e-01
-9.950781928813434707e-01
7.550202008273365628e-02
9.601226308593460157e-01
-3.233566536960548188e-01
-6.572159561974122433e-01
-5.393525696230758726e-01
6.550562712996177428e-01
-8.855900674912964288e-01
-4.601986997403151314e-01
2.762450370651943210e-01
3.451493739777338199e-01
-6.508182374837940820e-01
3.049368265408953782e-01
3.674381615332558138e-01
4.020652581847070639e-01
9.488417288053603293e-01
5.275205562179487995e-01
8.371199716706985150e-01
5.708977328084374747e-01
9.299037807606636008e-02
3.551816591176153448e-01
7.318210717012925137e-01
7.793951259467462034e-01
-6.048353519135263312e-01
-7.754220844014203529e-01
6.013028931654988973e-01
-5.483600647011896978e-01
-5.983976412372575826e-01
8.520789006615345773e-01
6.739662768746164101e-01
5.033075835222688976e-01
5.615019451366436432e-01
7.508407023080099219e-01
-6.216539510822827186e-01
-3.642343608184672732e-02
-2.948613990733477408e-01
-2.721328194604897277e-01
-1.211651649557721200e-03
-4.857544090061449715e-01
-3.925287734522870942e-01
-1.396356426273306361e-01
-7.146375202972250484e-01
1.066726542964979707e-01
9.718490843430978021e-01
-6.744907831063953196e-01
9.244193364638548793e-01
-6.774204835103287969e-01
-4.206879457721821591e-01
9.892661058099934124e-01
-5.786430895022598442e-01
-3.150017111193881281e-01
1.044924547404009196e-01
-9.845932172036102603e-01
-2.300418542604718564e-01
2.600189039594102969e-01
-9.171894803664750739e-01
-6.230441154495258704e-01
9.100089768114623112e-01
7.143514347907344852e-01
6.687183628475263930e-01
-7.350686183673453833e-01
-6.428044686332661239e-01
-9.073222756102339304e-03
8.212139459452767465e-01
2.430500046825039284e-01
-1.455888902342226121e-01
-7.622865532996518922e-01
-1.182882414524335513e-01
3.941847548276209423e-01
-7.992145095829643608e-01
-7.198151679319779728e-01
-8.115297073568195074e-01
7.093282459885399405e-01
6.285146095367677432e-03
-2.808657196891393149e-01
4.529733018721657789e-01
7.840095863586307168e-01
-4.337487625646816447e-01
3.594541588467370374e-02
-4.308618899235197031e-01
-5.050409056339528746e-01
-6.376430150013758791e-01
-2.802245973885606478e-01
1.858374399384030706e-01
9.243620107865671010e-01
-2.584146741551727189e-01
-6.793958787309100078e-01
-9.812359964471180085e-01
-9.368743545489943703e-01
-5.399898559327840353e-01
4.675642305915594932e-02
-3.024668282385432061e-01
6.755501522474360865e-01
1.311987650306531972e-01
1.539459402120046949e-01
