-3.710653021504073834e+00
2.237355177098282688e+00
4.078094785702006675e+00
1.706091694490075472e+00
-3.420370637292900362e+00
-4.062563161929973354e+00
2.181806339583084231e+00
-1.708855746865438618e+00
-4.555455263112258457e+00
-3.927746305888383804e-01
2.231877821308422827e-01
2.388598499492266214e+00
-3.137456795149858202e+00
-4.073781466090430570e+00
-1.740405663891767984e+00
-1.453889347795974674e+00
1.711441192762925834e-01
-1.776171100256189295e+00
5.882924972295817678e-01
2.829630990678019042e+00
-2.378009328807655365e+00
4.342283322976002502e+00
1.891096063916820391e+00
9.024440594295120022e-01
3.012359058990197624e+00
1.914691009406651379e+00
-1.396743440134232905e+00
-1.870140656897389952e+00
-1.842732413859156537e+00
3.694932623221951040e+00
7.519818228858130560e-01
-5.631528300559261346e+00
4.185390348732370924e+00
3.962327056707528605e+00
3.368233450713788990e+00
9.350912750986587474e-01
2.647814301391060887e+00
2.920685100595793449e-01
-4.571698744594215214e+00
3.370906887729404389e+00
-5.341496794407895266e+00
2.345958687163529177e+00
-2.795597087020175397e+00
-6.881700180703742564e-02
4.336655082180153054e-01
4.080368437538048454e+00
4.039300969889552118e-01
-4.276402578860083459e-01
2.292491000735301099e-01
-7.890255126813494613e-01
2.795167516956628795e+00
1.433600395121072069e+00
-7.085284541921652579e-01
-3.053046752986121604e+00
-2.860729081182916467e+00
-2.960477129260945084e+00
-3.421103946057563405e+00
-3.192389079232839322e+00
1.797167773347693176e+00
3.979862184351833143e+00
-3.404463829688052279e+00
3.894214495930110598e-01
-1.646772298851393757e+00
-3.518633669156841393e+00
9.242322220132632715e-01
2.220642512105998723e+00
6.427430759978220998e-01
-6.000924201133884806e-01
-1.884023772585706080e+00
1.810484767289528563e-01
-2.204150888735825209e-01
-3.500756716863990814e-01
-3.759972344907141384e+00
-1.049799109111969608e+00
1.885025813607910550e+00
9.304684454434348773e-01
-4.193873283774722793e+00
2.369860213005895666e+00
2.526509231254376875e-01
1.266423107223110911e+00
3.791933062811717825e+00
3.457834490843327391e+00
5.249175729523982703e-01
-8.216933691561119080e-01
1.682406515891457843e+00
1.643202028036975015e+00
9.215494052055107632e-01
2.408614737090939872e+00
-4.451625738952674105e+00
-2.786084605702509265e+00
6.839537637237802503e-02
4.320763464134409482e+00
-8.280195428909209454e-02
-6.803836376098022498e-01
-4.429944493947843398e+00
-1.772469555547808051e+00
-1.205644552983974327e-01
3.429149387442570251e+00
-4.009641997256621515e+00
-4.361796610729549606e+00
-1.821427611956288661e+00
1.259200345198781879e+00
-2.301444360180219029e+00
1.751189452746019670e+00
1.451335470678948525e+00
-4.110388872130117388e-01
3.617116315254798042e+00
3.073915121465141453e+00
-7.934289503447340408e-01
9.649190507177740628e-01
-2.600569550930298846e+00
1.134464964558157263e-03
2.655186316929959212e+00
5.533059030826136038e+00
2.855492131822086499e+00
3.244315230139084960e+00
-3.550261328054199694e+00
-2.526928032728981588e+00
2.036952151834941382e+00
2.680195774393753005e+00
-1.865860868735613520e+00
2.804969530883809625e+00
-3.694055381908080693e-01
-5.117002049393115648e-01
-3.669744445833616808e+00
2.927454628033835604e+00
-1.608147560571830947e+00
-2.805964338362875399e+00
-5.989409743961477961e-01
1.443593470120866362e+00
9.857438389334456375e-01
-1.646938511582598963e+00
-1.886068700413017885e+00
-1.680850256075928195e+00
-1.853730384152405763e+00
2.099864852390397996e+00
-5.853493989145213128e-01
1.984427047889168794e+00
2.614254020554140912e-01
3.587431012888119497e+00
9.728663078251695850e-01
-3.410460406658087695e+00
3.579355212795407581e-01
4.557471518369429209e-01
2.269307046373759462e+00
-7.326107151977558907e-01
7.466391510117945884e+00
-2.728523080581559235e+00
1.423747363985270242e+00
5.371294925627912775e+00
-6.173509443805009766e+00
3.113141202268658425e+00
-1.537486905786612512e+00
2.024815464657484299e+00
3.483008458398761942e+00
-7.089603429330022522e-01
-1.659942357215460351e-01
-5.543856015527554248e+00
7.735854280673866157e-01
-4.683144594132301330e-01
-4.835333773905493793e+00
-3.627528936598849008e+00
2.030851344548388226e+00
-1.329159284348173653e+00
-2.952487160087213347e+00
-1.804952957199937869e+00
-6.264296855709593714e+00
-7.708282028355093463e-01
-2.441125765511483081e+00
-9.400937632853687553e-01
-2.408277554574092538e-02
3.048124602131453420e-01
3.020408151594239143e+00
-7.554675084162228993e-01
-1.307690877361620263e+00
8.280238066641658623e-01
-2.435906345146691798e+00
4.116937871623827405e+00
9.740205140169204689e-01
1.020210722304926154e-01
2.855379529271180328e-01
1.406153151264353252e+00
4.640557465749461485e+00
2.273692875064765140e+00
4.659596149790582231e+00
-3.465212646848428335e+00
1.031113141262716970e-01
-1.472907062875194351e+00
1.979822110448976158e+00
2.164341662299401836e+00
2.320732303397402330e+00
2.716275806413360971e+00
-1.014172119863393284e+00
9.544396065328863976e-02
4.673391498955387746e+00
4.342654449017754992e+00
6.937875498350616343e-01
-9.764807923270604206e-01
9.170705734343087556e-01
-1.671225038368039595e+00
3.593798432304498469e+00
-2.762117614452614056e+00
9.468982811038073599e-02
-1.373042548069463242e+00
-3.792390649186603291e+00
-3.299170356399355519e+00
2.530956878046080938e+00
-4.416125741693975648e+00
2.443968583286188601e+00
-3.471254149440143877e+00
-3.256720080880168844e+00
-1.198041363141011395e-01
6.647286279683672916e+00
5.263151718180222538e+00
-2.859789898196563485e+00
2.391517659839241805e+00
2.491401160382067381e-01
-3.767537261372968072e+00
-3.945061811712854194e+00
-4.639806367588063196e+00
3.062998079455575784e+00
2.072276975277195454e+00
-5.581584213636426206e+00
4.028136888291648177e+00
-6.239963998334321360e-01
-5.336878445590119036e+00
-2.656046597494541306e-01
-6.810532848905249681e-01
-2.565434214322174000e+00
1.927465040913758365e-01
-2.095465167782442961e+00
-3.609565581213501906e-01
2.643777277733208475e+00
-5.286982383212563974e-01
2.465097784613330401e-01
-7.969898961258574666e-01
-1.956532372311149626e+00
1.115373343283835084e+00
4.316962534247650751e+00
-1.202974871311681460e+00
-5.028713684661141770e+00
-2.442996157971732085e+00
-6.721238849148729599e-01
-3.790998717520529304e+00
-1.838648436519310647e-01
-1.073337098212967522e-01
-4.419500389503915883e-01
-1.518028036579920137e+00
-6.051589750016322711e+00
3.725514525047100900e+00
3.706759651781859066e+00
2.920969086788038016e+00
-1.650516251180550231e+00
3.613941048521962962e+00
-3.069194350746982991e+00
3.342865546365633822e+00
3.448248634281721792e+00
-2.178505712369187997e+00
-6.355491261725055852e-01
-3.018823371800323674e+00
-3.180570742300608877e+00
1.694054511128411100e-01
3.496221986736050447e+00
-8.065082645013612606e-01
-2.178038888692279684e+00
