1.625980342117684385e+00
-1.430413712908447543e+00
-6.294115590467619370e-01
-1.338264121981084687e+00
-1.463769037485135094e+00
1.532118490544444045e+00
8.671545837175264060e-01
-1.248771456959471227e+00
8.297519268325664887e-01
1.521574608890058355e-01
-6.562205977121615685e-01
3.782604648863044927e-01
-6.287802316194441854e-01
8.143118500700451401e-01
1.073811237535186702e+00
8.088767077125604832e-01
-5.786825671785438274e-01
-1.130273612962583663e+00
9.732996820957555695e-01
1.087781183931454176e+00
6.396580461377279203e-01
6.661680311772459895e-01
2.781709959474722993e-01
5.227726950682141105e-01
1.869977052154636610e-03
-3.650709423429515654e-01
-1.254822558298110291e+00
-4.777710887616506419e-01
-5.671336057552244236e-01
3.396190109657970524e-04
7.367249697082928206e-02
-6.659958301878956544e-01
1.098363968903066201e+00
-5.031583120544242949e-01
1.065956903277478496e+00
1.605495260351120335e+00
6.199367128089108281e-01
-3.425076036481377040e-01
-1.726421244254471299e-01
-1.773464337989009154e+00
-6.918031546461729242e-01
-1.261367746355712249e+00
-2.352636726313758475e-01
-5.076969184594997131e-01
-1.209115014209975580e+00
9.957174169518965279e-01
7.682501435747381979e-01
5.846897017855843259e-01
1.180839542938528552e+00
1.163105614586728564e-01
2.079571770734045810e-01
8.966667192994335345e-01
8.615901779495629409e-01
7.465691622547494521e-01
2.516177736483338201e-01
-2.239821708052303073e+00
8.957991866144394688e-01
-8.802725156388155892e-01
1.036177059361776287e+00
4.557265719543351912e-02
-9.780317322737124008e-02
8.383294909149581198e-01
-7.415761452629385242e-02
1.014661309356263974e+00
6.143899050721934874e-01
9.939557673054948417e-01
1.416208385976330586e+00
-1.468016515746783934e+00
1.538048266962401378e+00
4.672883982948226045e-01
-4.410568267300111339e-02
-4.080087752382012267e-01
-1.693333814553512062e-01
1.175009792994040847e+00
-5.058412317870859543e-01
-2.007116316768494890e+00
3.894278001218145491e-01
-1.010117156173550246e+00
9.296247010194229610e-01
-1.883459403780006203e-01
4.575043700122609636e-01
3.259996156344424634e-03
-8.164136738396954307e-01
-3.802938611149007109e-01
2.045448989664337525e+00
1.757740822483843668e-01
3.834414384482303650e-01
7.558953041347098445e-01
2.003111325619663652e-02
-1.718171140640170291e+00
-3.524621261968088892e-01
7.067359112341466965e-01
-7.898995983500463058e-01
-4.573320233791675626e-01
2.486371661699651736e-01
1.246191343113206340e+00
-1.429282136345418230e+00
1.659608637752818527e-02
-9.601345704637713752e-01
4.259403909502268992e-01
1.494087186436522607e+00
7.169623880235492797e-02
-5.705570516616906840e-01
8.472644300105128812e-01
3.526434407217958755e-01
5.355958539163119259e-01
-6.896083227377092228e-02
2.672343943998291005e-01
-4.403480024329812781e-01
-6.986699683127609584e-01
-1.673886148626121395e+00
-2.347045439127773414e-01
3.771623938671473386e-01
1.712848157824773621e+00
8.429959496499391802e-01
9.481975335732139021e-01
8.883118893641691605e-01
1.542583635237448902e-02
5.631639558017322855e-01
4.387522927625939761e-01
1.081160368494714419e+00
1.955935957025201621e-01
9.265537110803154786e-01
1.077525035162406830e+00
1.275545483039557393e+00
-2.559152296713769204e-01
3.745426159044510928e-01
1.315820945996654112e-02
-7.376059532667729179e-01
3.954297789971737975e-01
-1.679133989564774332e+00
-5.193881608659998150e-01
-2.085896707105992398e+00
6.075362645677764295e-01
-4.101665487064644067e-01
-8.073893274990388003e-01
-1.989051061037455659e-01
-2.578392324376118649e-01
4.200354563600656732e-01
1.117936440301358747e+00
-1.300977991963301772e+00
-1.477270220443462012e+00
7.413372648139582299e-01
-1.808284993506523275e+00
2.788055394261409470e-01
-9.128927244072473357e-01
5.228338694423135813e-01
5.805921152417445885e-01
7.276940305453164504e-01
7.221055114292943000e-02
1.148466124718552361e-01
-1.260173010306542718e+00
1.278647091987223039e+00
5.462466771397893606e-01
-1.739226706986675142e-01
-2.387426526286300366e+00
1.353944554158722724e+00
9.941408740554991130e-01
1.187238289930832025e+00
-4.337424425733857336e-01
-6.460630645382596793e-01
-6.529902099701039297e-01
-3.290155011801163543e-01
-6.825542974613446612e-01
6.135928396981822353e-01
-7.940236993441155411e-01
8.778408574126386199e-01
-5.999962514621728360e-01
5.160537750453979555e-01
-1.341747199856466732e+00
-7.809330726335685924e-01
-6.859825880905379147e-02
-1.791883084766205392e-01
-9.655702991495136445e-01
9.892113682614669390e-01
-1.024739911984634766e+00
2.269062542428610940e-01
1.628717739509796480e+00
-9.184334709589083712e-01
-1.033567228778268898e+00
-1.380634452241316312e+00
-2.028334849888200786e+00
-2.166790293772698217e-01
-1.778725641890002596e+00
1.038910600965853082e+00
-1.260819565752275384e+00
-1.004868561007325578e+00
9.426178278328429805e-01
-1.438934703655024183e+00
-6.976613663217017258e-01
5.620183670859402181e-01
-3.394655899222664974e-03
-9.571094928989858364e-01
1.626600409466462782e+00
1.840830378750371588e-01
-4.901423932884035883e-01
-6.485911931123402585e-01
-2.795623686371451200e-01
2.152002251410472800e-01
8.396533968773012280e-02
5.722439650410440226e-01
-3.534947446369690605e-02
-1.262739673115451211e+00
1.891630943214429594e-01
-3.964588031313837635e-01
-6.903943217630161833e-01
-1.062021864599912657e+00
-8.128211540879813901e-01
-8.600653863132251553e-02
5.404700832156048573e-01
-5.899071291425834751e-01
1.436642649673744554e+00
-7.866720735692478428e-02
-2.715552960536037341e-01
-1.188157455226560355e+00
3.374388098351616128e-02
1.689980822165887187e+00
2.965075187886769825e-01
-1.355754973830189725e+00
6.014019211208228022e-01
1.398084093615858947e-01
-8.719811466567297664e-01
-7.361372797351236619e-01
1.047053168633894416e+00
-1.183398997076272163e+00
6.808160681799423353e-01
3.534485067791132140e-01
1.424849060341743634e+00
9.250520573350107245e-01
-4.280338846389686314e-02
3.650349862638440079e-01
-7.375781428034825504e-01
9.107300205636426060e-02
1.362284582156291446e+00
4.058139409686992716e-01
-6.195338173894593403e-01
-3.154885363954064159e-01
-1.095596002526356916e+00
4.001744459325433656e-01
-1.268354836116819540e-02
1.576997207384160715e+00
1.143804275330897902e+00
-1.756056751871375665e+00
-9.082434855187417888e-01
-6.178637546515084455e-01
3.371106722549020995e-01
-6.501390935694568718e-01
-8.390953750090570651e-01
-6.373188127709339401e-01
-2.044018096912206262e-01
-1.397589616392925338e+00
5.701379140868207962e-01
9.067982004371882843e-01
-1.207856579568830080e+00
-6.048077120173525056e-01
-2.714789707244158468e-01
-3.448283525899603630e-01
1.664455557741159053e+00
1.383476972178026232e+00
-7.257077430927120210e-01
1.931714401375216883e-01
-1.589015670402890379e+00
-3.940423524840833136e-01
-7.224472437450634166e-01
-4.986670280349672635e-03
