1.590028036290494740e+01
1.503598697696880926e+00
2.335826366390498787e+00
6.524759251367111546e+00
-9.005315249332385363e+00
-1.465627245546784607e+01
-2.246757446629778343e+01
-5.271840039569415381e+00
5.823531871563742079e+00
-1.681490566553949684e+00
-1.292133603216420568e+00
2.353347059027477428e+00
-3.255933135349282637e+00
-1.412945542419491218e+01
-5.788077507910733388e+00
1.134660324175119683e+01
1.661271106063068004e+01
-1.076041157907614121e+01
5.219784235906414160e+00
6.081106190368598341e+00
4.959868157290274304e+00
1.823884164279974129e+01
-5.678956851951440399e+00
1.475210110515964956e+01
1.295977144007116877e+01
-1.126358317609474691e+00
2.221301080951736395e-01
1.693926347665868803e+01
2.530381393771928167e+00
-1.046132975772002993e+01
6.432479792789414397e+00
1.091593267059056593e+01
-1.184157822799919124e+01
-7.021955473336278786e+00
2.706874923042564274e-01
2.605681365936793448e+00
-1.210345430193305560e+01
1.243653260954846118e+01
4.407216486235789876e-01
6.041420861269420683e+00
9.529308128890891183e+00
-6.502666102573897433e+00
-3.945753156423529528e+00
-1.455116634086791150e+00
-2.603809973102540809e+00
1.101265985899320121e+00
1.172208337045230131e+01
3.448229917364640240e+00
1.244574909740052782e+01
-5.173899773371741340e+00
-6.134283904323842407e+00
1.285683899536368457e+01
-1.235010671894363021e+01
7.419345126456389217e-01
-1.490040752683275960e+00
-8.533995560446438589e+00
7.265941507890373963e+00
3.713279791289830545e+00
-1.169323965004118016e+01
2.087551780730249718e+00
-2.288003096245211143e+00
-7.496009974185326996e+00
-9.780616299140628911e+00
6.967559248896676216e+00
1.459876345674088149e+01
2.427759279542386039e+01
-4.849091906585663914e+00
2.241386085748049695e+01
1.103762751751651727e+01
-7.338301725927943053e+00
-4.897093773525051041e+00
-5.006644322128136260e+00
7.339487922667102815e+00
2.424248806881775131e+00
1.600626827786279449e+01
2.895627320811051675e+00
9.817730226308439612e+00
-1.930877322811338814e+01
4.473205130050077472e+00
-2.075356713297885847e+00
2.056546032665250934e+01
-1.634389166719418363e+00
7.653907667756719491e+00
-7.337696319360515140e+00
-1.094258586392875543e+01
-1.711325875933797747e+01
1.666431413688102481e+01
-1.863847358830561163e+01
-1.423198825442671733e+00
-3.890732303268815251e+00
-9.883403622794538990e+00
1.607052435060478146e+01
-1.189442004503643702e+01
-3.958746639609073803e+00
2.231220577995318699e+00
1.330673244989681692e+01
1.484213162302689071e+00
1.247073452299084373e+01
-1.182626782221444017e+01
-1.226812296958214965e+01
-5.215398993809854389e+00
1.479692021999457197e+01
-1.567647252638981747e+00
-2.282823800526105895e+00
-1.354821311453631338e+01
1.025715665275331645e+01
2.834934872208023648e+00
1.525905509500105417e+01
-6.279782011690034693e+00
2.150904214069292664e+01
8.349950847779081808e-01
-4.442398173768560277e+00
-8.765577025683855439e+00
-1.493532423030361045e+00
3.394618984863940980e+00
-5.446668296131872644e+00
8.485813953910341212e+00
1.581432801725591197e+00
2.625003590248653929e+00
-1.070771935843577793e+01
1.513051669882564987e+01
5.623276095384776241e+00
5.180479956332622038e+00
-1.301630962979238859e+00
1.263688404864907966e+01
-4.604675349766162995e-01
-1.681452060845927932e+01
-6.794071679041012501e+00
1.308759540250289177e+01
-5.355515937326790876e+00
4.733181894414509649e+00
5.858019784105117367e+00
1.177318428692008467e+01
1.466482361906411747e+01
1.535772178729680704e+01
-1.429409419647792490e+01
9.213731331740309116e+00
3.458833170831802306e+00
-4.171661602121175427e+00
2.740732312297062379e+00
-1.214828383112729249e+01
6.715167982950307923e+00
-6.619111792818368478e-01
-9.859646905838790332e+00
1.413552678141935637e+00
8.115255637610468753e+00
2.145489356054222085e+00
1.999876720669899299e+01
5.914757684691886119e+00
-2.460753574901253415e+01
3.939115591751323642e+00
-2.770818695284213096e+00
1.195840604582383726e+00
-2.193262865188000177e+00
7.382914568257696430e+00
-3.005598857874657526e+00
3.269656211900753284e+00
5.610381501068301802e+00
4.530833734712519600e+00
-4.376567104656570173e+00
1.597904328120394624e+01
-6.612954995545644366e+00
2.964648427586315194e+00
-7.633180603510380635e+00
-3.404110816179117260e-01
-1.872024158760402912e+01
4.211418188722713118e+00
-6.859031363385941660e+00
-1.773380093706372618e+00
1.398815136512106960e+01
7.208099050788194795e+00
1.415288052473250957e+01
6.562509114819988554e+00
2.974808127557002191e+00
-8.965593967350402593e-01
1.317795689073362020e+01
1.515482565762929212e+01
8.735360017330687787e-01
9.292752349817780200e+00
7.675214226037582854e+00
9.331171414200776226e+00
-1.275019675183591872e+01
-5.050775494741857052e-01
-1.059717116506809198e+01
2.896312948499562001e+00
-2.031656107734932704e+01
7.995270355534913609e-01
-9.191051697248852292e+00
3.110941483694206866e+00
7.470677078722916420e+00
-2.491725619666198099e+00
1.047298628280851318e+01
2.911133766749168128e+00
-3.557516420621382292e+00
-7.110007621180355342e-01
-6.444655588178354932e+00
5.486944257384672063e+00
3.108372127928602069e+00
9.331846532554568086e+00
4.697526224241627801e+00
-6.522164054662753507e-01
4.652641851284560204e+00
4.079653280682883576e+00
-4.473507027549464610e+00
9.814465142177922985e+00
2.961411051831475127e+00
4.811873757050550537e+00
8.135103968602871438e-01
-2.211988827955910786e+00
-3.120564268908394556e-01
-4.456135035067238626e+00
-5.963168804983131288e+00
1.032912955116070464e+01
4.089531006048467532e+00
1.154146841758655739e+01
4.885863081566420796e+00
-1.210813952590030418e+01
1.306975718073369386e+01
6.589828001807836344e+00
1.716058894479161623e+01
-6.268245607995567070e+00
2.986716664223201700e+00
-8.948122938512839131e-01
1.322811562630587190e+01
-4.903406666390913493e+00
-6.633111223127114542e+00
5.972893326571476535e+00
5.754658851157937072e+00
-1.243883668756936345e+01
9.351423628114311271e+00
6.467878710752685834e+00
-4.124979109186604376e+00
1.656243166981093395e+01
1.406660166271916346e+01
2.198850744609199381e+00
1.658949461403831815e+00
1.563770575586129574e+01
1.932715836062885728e+01
4.926308641392052934e+00
1.060308347106180982e+01
6.293003187288566558e+00
-4.806047442393255320e-01
-3.916925008186237456e+00
-1.488308716405491516e+01
-2.685597498441510300e+00
4.005505108938160141e+00
8.418952732652586590e+00
-4.586128577967426345e+00
-5.882628149511279769e-01
-5.810455564289810582e+00
-8.397985650472719499e+00
-3.578678763515267036e+00
-1.205924436318697879e+01
1.200802101649016684e-01
7.971777663581530504e+00
4.554014641454490864e+00
3.391204088250650450e+00
-9.162024450794055142e+00
-1.436795035644224505e+01
2.331015034188121149e+01
-4.560368770246690850e+00
1.906365519932267816e+01
3.064379431282136412e+00
-1.608430209632406571e+00
1.788484404657875970e+01
