-2.292263770324615146e-02
-2.637416649892725840e+00
1.629130344555044019e+00
1.161298728260163227e+00
5.946964680838133788e-01
1.050376070020376806e+00
2.234752427254780849e-01
-1.454522001890939498e+00
-2.671392950821920298e+00
6.166398750099166826e-03
8.698795365260044710e-01
1.104674024565723833e+00
-7.928433921825345232e-01
-2.323651055564426304e+00
-7.073026083225790739e-01
-4.366740602145000039e-01
-2.110903368803765279e+00
-1.479444937918275249e+00
9.476347268965945592e-01
1.534169734342943903e-01
1.408523467642412097e+00
-2.289893154624291771e+00
7.952308903125975270e-01
1.321083645789105754e+00
3.137583848698799471e-01
1.593090113898994797e+00
1.736392341373649728e+00
2.207565934826484444e+00
1.798252051606887392e+00
5.776859223802336407e-01
1.484487178108639061e+00
5.600994800599645718e-01
-1.615293342197753335e+00
-6.307449617263705122e-01
-1.056314502626308993e+00
2.859755209614482929e+00
1.852506318729971735e+00
4.069146340219481628e-02
1.124554400069586180e+00
5.690136160358474360e-01
1.912144061128107531e+00
2.437542999192705562e+00
5.045681245300059903e-01
-9.315958483963298065e-01
1.929387518877982988e+00
1.062817280052699154e+00
-2.473100841386352222e+00
-2.725553473549519046e-01
1.468618882201556453e+00
2.212080017686618660e+00
-3.741602707436123554e-01
8.914355117058538891e-01
8.812835859553491691e-01
-1.486748020699801387e+00
6.488335512280174466e-01
-7.998656192621126371e-01
7.214543793523608972e-02
-9.024894775010927628e-02
-1.307886443521529829e+00
3.131831910172989009e+00
-2.578659176903725481e+00
2.829378017355017150e+00
2.410243642246508444e-01
1.374309872271058719e+00
-1.957367045209773004e-01
-1.953392158067945417e+00
1.888081839231377401e+00
-2.489300428369609075e-01
2.031349366640352816e+00
1.271980307085320394e+00
-2.565615177151978621e+00
-1.259348846274171541e+00
-1.113482075894069556e+00
-1.980637856502574401e+00
1.275938395587553620e-01
4.034066043723920636e-01
-1.090170372921090314e+00
-1.457946106934506325e+00
-7.428853072210310771e-01
3.216783925482871176e-01
1.406022106940725824e-01
7.270761892131636372e-01
-3.331861971634927144e+00
-1.187590618824814426e+00
-1.384637025239932484e+00
1.024591582945610480e+00
-3.314750472964212769e+00
-2.867625860569205543e+00
-4.500513013118507821e-01
8.220106545507326334e-01
-1.338326287005756066e-02
2.174699064260809500e+00
-6.028634980275949795e-01
8.807331878913484680e-01
1.494944776886929505e+00
-1.201794827805925392e+00
-1.616771567118765240e+00
1.639069916704875451e+00
2.004299292634512231e+00
1.855161576238431032e+00
-2.242954733672952727e+00
3.904242206835834006e-01
5.852231199913260351e-01
5.221637129478888806e-01
6.177257997409246748e-02
8.240168033667443215e-01
-1.347662285956186423e+00
-3.049170410197320491e-01
2.535827601115297814e+00
1.348808534760389088e+00
6.998624264182831123e-01
-1.444519212161038180e+00
6.838016000699111974e-01
3.762551101663844211e+00
-7.930080175477549620e-02
2.023278526155460888e-01
2.277028304924156643e+00
2.096183100079595185e+00
-1.064737829803917624e+00
-1.845302183219086123e+00
2.736454644361547395e+00
2.089428513239922847e+00
-1.652323229054076137e+00
-1.885328488245404666e-01
2.607286361612872305e+00
2.448461972069785553e+00
8.311997757217285399e-01
1.050471949407578043e+00
-8.437131530067589757e-01
-1.955812578975458516e-01
1.000305342309633527e+00
2.541307956375105648e-01
1.405406829874105812e+00
-1.199954521748917702e-01
3.743178754306895617e-01
-1.532864717344728955e+00
-7.115986440499194599e-01
3.767915525319230352e-01
-2.105726746903699542e+00
1.702934453837759321e+00
2.821503567886810004e-01
5.241349486144939451e-01
-4.454568029670505358e-01
-1.408721541939441213e+00
-4.391063068370922307e-01
3.239418796531594591e-01
-3.008714768458150002e-01
1.858741503188599653e+00
-5.516017934560237812e-01
-3.072383011865526203e+00
-2.044603488578650818e+00
-8.891917562159703525e-01
1.920062266746034030e-01
-5.660771738303476130e-01
1.659097490676409548e+00
3.115974006051878575e+00
-6.894595947173848272e-01
8.981118199923825429e-01
1.967334463548077395e+00
-3.645255128653770438e-01
-2.795152400686827798e-01
2.913609498997744018e-01
2.045738686852767163e+00
-2.311095885348047663e+00
-2.916050545899039115e+00
-2.158543529195790178e+00
-7.736313766975267958e-01
-8.445605392372422804e-01
4.356517796749187488e-01
2.263756605140421208e+00
1.472499599377906865e+00
-1.286967620250888622e+00
3.572376208332649128e+00
-1.703110635336378298e+00
1.624273800455152683e+00
-1.027731330404437537e+00
8.117276958162007450e-01
9.678798804976540548e-02
5.479061194680775460e-01
-1.024654997013877411e+00
-1.845131361587522223e+00
1.503856562767696081e+00
-1.091664276519657140e+00
-1.404652989936072016e+00
-2.032680622867490516e+00
-1.360961528907960849e+00
2.917013363545579274e+00
2.181068094592856443e+00
1.122803060589126378e+00
6.428561683337159494e-01
1.585094697563784516e+00
-3.183723631720190017e-01
1.815459348245712867e+00
1.730243281989438664e-01
3.636542383149186097e-01
-2.116725560865706957e+00
-1.026721031659688643e+00
-1.085507044967035650e+00
3.011046999335932117e+00
-1.558815969373412713e-01
1.924495278408942189e+00
-1.973584370756052697e-01
5.721619942501696698e-01
2.631136940952967684e+00
-2.818483317500704466e+00
3.056501641095477506e+00
1.370211886848038851e+00
-8.354451473335667844e-01
-2.022712253386637293e+00
3.732634883695307160e-01
-2.183829681836033654e+00
-2.358316953003534167e+00
-1.392259701719076315e-01
-2.241427325972116691e+00
2.155536054794344292e+00
-1.000653595935490525e+00
1.398645663264541650e-02
2.257158843116395364e+00
2.509460159277917768e+00
-7.084193660970308226e-01
1.238152983504047233e+00
-1.801763825631840232e+00
-5.203524894573847703e-01
2.599896067589245519e+00
1.045385290570552739e+00
1.497498647211723322e+00
2.512159223647538742e-01
-4.642917088195643860e-01
-8.376331675179967684e-01
-4.309234070932702609e-01
2.460038229419967415e+00
-1.196755197537834770e+00
1.463934404590861327e+00
-1.919903003073943015e+00
5.473263568872467344e-01
-2.444940191447351641e+00
1.182864368841728409e+00
-2.777335693313333298e+00
1.960837564042150483e-01
-1.601586271852770471e+00
-1.107478313603651898e+00
-2.251282469295902366e+00
-8.682498191480654270e-01
3.001404717628340935e-01
-2.641758181418322415e+00
1.389072073641250959e+00
8.389303576717361821e-01
-1.128129619839437936e+00
-1.082923778988934771e+00
-5.472321913492353418e-02
1.484167561485231213e+00
2.021353224343336308e+00
2.680187328869211960e+00
-3.609233337100343775e-01
-2.325715274082687856e+00
-2.107283661953764931e+00
-2.342517006390757439e-01
-5.906129346123720758e-01
-1.603808783675453320e+00
2.054488103302267721e+00
9.279942902427062990e-02
6.331048454711470930e-01
2.169277999261890688e+00
2.476669266967055805e+00
1.700393401564342044e+00
