1.249368778435406391e+00
-1.379464501379096708e+00
-1.701449461742733593e+00
-1.145128097332723582e+00
1.242743131923184530e+00
-7.708434212213437497e-01
-2.352961136537482290e+00
1.506688801764225261e+00
1.875354655451329400e+00
1.289504528576849829e+00
2.956851870350540423e+00
-1.024098611338127851e-01
2.194720633162412227e-01
-1.203908530699445034e+00
1.541407104424347363e+00
-3.544805842804528151e-01
-2.169506858543711392e+00
-3.596373222271726622e+00
4.802578125367490403e-01
1.220615506316652610e+00
2.498687610465849307e+00
3.701989616931948834e-01
5.142628958819366325e-01
-1.566530862042827099e+00
-3.445816133933248260e-01
-3.510964976443032293e-01
8.660352144870813174e-01
-2.106727632424203911e+00
-1.557421405824213956e+00
-2.179005605454382266e+00
-3.050369332223457075e-01
-8.245369600316645453e-01
8.868232788210612672e-01
6.494533643078481688e-01
2.094454048096688226e+00
-3.703931056251100529e+00
-1.909713205003918723e+00
-1.664266903739771930e+00
-3.692180195262765086e+00
9.510786037751235433e-01
-4.115881906386731348e-01
-2.127383232770473143e+00
-3.735739164428261705e-02
1.045908016293608522e+00
1.285308338654333138e+00
2.323611909304085010e+00
-9.466224098115878505e-01
5.420334517668944363e-01
2.265042881447733247e+00
-3.220566021568177284e+00
1.027524797687686675e+00
3.153457365981505722e-01
1.643413450536016729e+00
1.540862388569738783e+00
1.813512226049045939e+00
3.752986783919631808e-02
2.147804725736040865e+00
8.993172362622875449e-01
-1.219873718709287624e+00
6.306162057620953165e-01
1.356297497141727426e-01
-7.258135376925172189e-01
-2.344940452484324478e+00
9.842619342303521313e-02
1.336498649613167000e+00
1.970345103080973992e+00
1.672304782972766635e+00
-1.635912834959242446e+00
2.117009222910410049e+00
3.249081114877786280e+00
3.531837452766566909e-01
-2.105795737119963373e+00
1.163365748195111848e+00
-1.330911969667314398e+00
-1.708430758075382694e-02
3.083704338742934148e-01
2.363421365457496925e+00
2.260917590350960626e+00
-9.345655153477498978e-01
-2.298428213939293308e+00
1.777553357708364423e+00
-2.410937737325381525e-01
1.732321104784484644e+00
-2.801136272094498114e+00
1.662722589447717392e-01
2.873099071387030357e+00
-1.532744165252645896e+00
1.702965577606701864e+00
3.360557002563533402e+00
-9.402523689090758197e-01
-1.705929872325790519e+00
8.374537305953879684e-01
3.161583630166342473e+00
1.587042855614732906e+00
7.664346684393953391e-01
1.533075257709925587e+00
-1.356188910032218642e+00
-2.669838236953151700e+00
-1.649640833691761621e+00
1.257991958248697029e-01
1.408107949682661619e+00
-2.894207690071907813e+00
-3.199073530985032665e+00
1.531934989424869720e+00
1.028922030802013943e+00
-2.830809757674144223e+00
-1.960320642412281877e+00
-1.490773533102792481e+00
-7.442069224092134894e-01
2.535219591436319142e+00
-6.556330848312198478e-01
2.391960698550312792e+00
6.041609141120837245e-01
-2.833585601003010268e+00
-1.146308468413408832e+00
-2.211708929423985115e+00
5.318576676699046102e-01
3.569157992182157457e+00
8.103505196295391899e-01
-2.968476595013099129e+00
-8.174606523797379731e-01
8.120360063428542219e-01
-3.837496291308499230e-01
1.810500903600783973e+00
2.376409543467620011e+00
-1.203058431979552034e-01
2.593924284551207826e-02
-3.093075007778589569e+00
-6.865182772677793643e-01
-1.156732074171411107e+00
-3.739283747697688121e+00
2.658914421498396408e+00
-1.122720676984304777e+00
3.327400733308676362e-01
4.217267813224425677e-01
-4.957437707742933242e-01
-1.311968370546735763e+00
1.705388877534356640e+00
2.404192633290058168e-01
-1.878730209129801487e+00
-2.553287626397373167e+00
-1.951627792401382511e-01
-2.711512007879228192e-01
8.821630881672698488e-01
-1.027899773732732891e+00
3.375630176823247286e+00
1.037739909462557453e+00
1.538236073211018740e+00
-1.496127488989288601e+00
-8.865871311806913235e-01
1.135440688849887803e+00
-5.314891362780292949e-01
-3.042738899311671297e+00
2.775873835919319799e+00
-1.055497886746960656e+00
7.223613774623125483e-01
1.494435322353095064e+00
-1.468049714363147018e+00
-6.180921243502702778e-01
-8.404898613400946239e-01
-1.079727620247219244e+00
-9.236241738702211101e-01
3.176092493894411728e+00
-2.931884606084312228e+00
1.290050133555958878e+00
-6.684106823312074841e-01
3.586046039663118190e+00
2.508065722816910981e+00
8.132293384031638039e-01
-6.697242384993106201e-01
-1.129094988576417213e+00
1.184396411080998579e+00
1.711441257997054155e+00
-3.685151827864027396e+00
5.982702541990164713e-01
9.699766541276869658e-01
-2.679808974758862927e+00
1.528730809214543962e+00
2.615037975255803393e-01
-2.723464148390100537e+00
-2.801251048318413317e-01
1.355510135291470686e+00
1.516860741316315986e+00
1.367242943396707933e+00
4.112889402185113674e-01
-1.103251755582264515e+00
2.099777383543700360e+00
8.415033764514119330e-01
-2.283998134052961593e+00
-1.680918001458168387e+00
1.874574905744846420e+00
1.828153256065605081e+00
-1.558810863814632075e+00
-2.763662124914895379e+00
-2.863573120637421088e+00
-1.344663670216080131e+00
1.199476787730146210e+00
3.452729302439536241e+00
2.491954783892555980e+00
3.005613844769413401e+00
-1.779948539872577173e+00
8.401170235367781958e-01
9.480118338123124655e-01
3.708200965351574840e+00
3.804063875084339741e-01
-1.528843556970685968e+00
4.060205936789066605e+00
1.421028826712726623e-01
3.589296293340804134e+00
-2.795655416008922534e-01
-9.060981073792888640e-01
2.022631275423020902e+00
-7.786126906099131162e-01
1.497503365213183280e+00
-7.405142043681594011e-01
-1.276252138598639840e+00
2.684987726626874682e+00
-1.280456395498455358e+00
1.816380609920086098e+00
2.188015589548648165e+00
1.825062786831719963e+00
1.757698760627562695e+00
-1.178857591295252305e-01
-2.118887478671846569e+00
2.406561787459413349e-01
-2.339962979551299949e+00
2.112898114434867303e+00
-1.343877655502211610e+00
-2.052298837450492908e+00
3.467086723797211611e+00
2.847549030084200350e+00
-1.047954294557487565e+00
1.022210992388866035e+00
-9.546092846475490168e-01
-4.412299136685935430e-01
-1.549052750279696244e+00
-3.849646302169775325e+00
1.530259110537188771e+00
2.048899759909911467e+00
3.916269179113188170e-01
-9.426831270696512943e-01
1.029198919829998671e+00
-2.540395118452538625e+00
-8.108042704310980398e-03
-8.173117527960557238e-01
-1.264131605352728727e+00
-5.816022464350745214e-01
-5.790390045981850253e-01
5.796737535753907489e-01
-7.671517666777624145e-01
-1.351456468879735695e+00
1.641781059932915454e+00
2.866685792284667578e+00
1.735969890705703733e+00
-1.852329550508118761e+00
-1.229805770578630941e+00
2.059557443086899475e+00
-2.135740149527936005e+00
1.360662816359605953e+00
3.072675453795726264e-01
6.287383945455549128e-01
-1.421902119169373702e+00
9.019616775047897272e-01
-1.175847618888680390e+00
-8.248391749510410875e-01
