-3.299632713530521233e+00
1.806365038390334465e+00
1.848418063783447751e+00
2.802262102899040208e+00
-1.335889886325714038e+00
-1.648169489772975060e+00
2.401960372722201864e+00
1.591845065953141347e+00
-1.808747471923689565e-01
3.321808700549872650e+00
-3.988128855285848040e+00
2.417220736787123681e+00
2.183740432855375335e+00
-3.455523859327709779e+00
-2.627430319617175769e+00
6.040955544603040517e-01
2.158168286637360822e+00
1.282735799773571661e-01
6.566202240430417669e-01
-3.297956982766598433e+00
-2.807934014049125793e+00
-3.357501390312020995e+00
1.694671328399926791e-01
-2.640273468785840016e+00
-2.497127066371384263e+00
-4.095162319322792621e-01
1.097876067027806712e+00
9.474027800681235068e-01
3.375357642931028579e+00
-1.222240764773749322e-01
3.170512278189563382e+00
1.749758099948340861e-01
3.248477528403652670e+00
-1.034396947754771423e+00
-1.274814741908538274e+00
-4.945381409442969334e-01
-1.313189831042279376e+00
2.085640981470341160e+00
1.860065900285526430e+00
1.019515196592180484e+00
1.815730098091122624e+00
2.069360267139175313e+00
-3.604200187102178710e+00
3.405668501595536579e+00
-1.442687529057757212e+00
3.009719650883763364e+00
4.626781642587991072e+00
-1.111395734735253882e+00
1.222949266910001720e+00
-3.642440451929005896e+00
1.067168968517249183e+00
-3.017817558067514838e+00
5.206005534981761329e+00
4.191308695935799022e+00
4.038112766651697605e+00
6.767479335625566916e-01
2.358398248906782513e+00
-2.625841107229739402e-01
4.240200998980153679e-02
2.400833512427855254e+00
-2.776408393966738886e-01
-2.215029756390253013e+00
2.151119373513382893e+00
-6.698538780274393423e-01
-1.160479455724754638e+00
1.861982761801073583e+00
2.541956846708789186e+00
-1.668433696737800620e+00
-2.953233080560048851e+00
1.045451729507882899e+00
1.605950111404783165e+00
1.443452470595140369e+00
7.535561965064317969e-01
-4.238573051492097177e-01
8.119880333547163653e-01
-5.404035611054989197e-01
2.825823739653185562e+00
-1.795067271606857418e+00
-2.985214532067463900e+00
1.601949836079332723e+00
-3.723815020045907698e+00
1.939234407752130185e+00
-3.670774139433000127e-01
2.583465390666245920e+00
-9.580967995189285658e-01
4.380944946023370701e-01
-1.642200677591047597e+00
-4.606157230679851500e-01
1.787115098308356131e+00
-2.345626294705660975e+00
-1.121077148210256169e+00
-3.248649709268659258e+00
-2.233168363499422604e+00
-6.570864416965405130e-01
-2.645633144119884594e+00
1.593707922952487976e+00
-2.489766166261687452e+00
-9.878036413232138546e-02
-2.602996895988241910e+00
2.313885355615674655e+00
2.645220129822401844e+00
2.396470779253824457e+00
-3.799371174890885161e+00
1.436135929830885560e+00
-1.655897794355341901e+00
6.080469093262448332e-01
2.058048752224521660e+00
-2.575420071091736762e+00
-1.506452668474368428e+00
2.094910002673550764e+00
4.224640730998308946e+00
-3.659158218057642742e+00
-2.563425951045046780e+00
-2.644414577333249028e+00
-6.041012611586055181e-01
3.703808000959196711e+00
-1.837968026059758175e+00
7.175183233203121791e-01
3.645772993164202447e-01
-6.656316692928427869e-01
4.966703484139594060e-01
2.583349089458739645e-01
-4.402282766632888311e+00
-3.737670528616294341e+00
-2.330121140329546314e-01
-1.307853071179893689e+00
2.666368519927887704e+00
-2.167594573297808136e+00
8.034917170240095663e-01
-1.974546251373934247e+00
-1.294569747304412655e+00
-1.719025396838530950e+00
-1.386659318687849307e+00
-2.201207269351546536e+00
-1.234986252868269352e+00
1.246114215704335226e+00
2.092973259889016724e+00
-1.775721986302728705e+00
1.063142861744964307e+00
-1.253380466481833322e+00
-1.089943717351181895e+00
-7.157840897019932536e-01
-9.129676911521245053e-01
-2.021634535882558925e+00
5.383804067701121188e-01
2.246105811962846310e+00
-2.436976547082622346e+00
-5.573367211391792031e-01
-7.058463849567462312e-01
-4.037278044730101101e+00
2.077425662548907592e+00
-4.819000509711337976e+00
1.886476242390261182e-01
8.551639810454905177e-01
-4.905647135697024930e-01
-1.075322203617503192e+00
2.482646404276904750e+00
-3.697414925727684043e+00
1.694053054103727973e+00
1.677873634578108897e+00
-2.307408817439178250e+00
-1.375716013090871215e+00
-4.036864485103698108e+00
2.433349685326417156e+00
9.882891606831614162e-01
3.109848942093918822e+00
3.100620172203017777e+00
-2.043087568135527388e+00
-2.034972965880923024e+00
-6.471560370174178622e-01
1.544475339671625425e-01
2.433686872905628906e+00
-6.361237044155045872e-01
-4.042981771112387435e+00
2.557446985157507235e+00
-1.054012590429992846e+00
-2.595547811600950272e+00
3.710944208803117927e+00
-3.108836930671917020e+00
2.668996073640622635e-02
7.170426557678089008e-02
2.291396146855596561e-01
-3.059421329887403118e+00
-2.222625505784041611e+00
3.580663263780407002e-01
1.735277836583185573e+00
-3.479067439768746883e+00
-2.127326701858095692e+00
-2.078886588406002822e+00
-6.222953929014879426e-01
-3.021510087441328540e+00
-2.778810719720876232e+00
-1.606833551769835999e+00
-3.106544598809781288e+00
4.189225882764373132e+00
-6.324935000270090479e-02
-1.671453788114978245e+00
-2.658244957287958510e+00
2.881178886665924033e+00
8.113780901372342758e-01
-4.821009364004046338e-01
-1.230252699062912569e+00
-3.601935579680291433e+00
1.728184045727062301e+00
-1.886293355296141394e+00
3.366687429851770830e+00
-1.306221678679600817e+00
-1.592051054942395183e+00
3.465157978332331634e+00
-1.184808960092339714e+00
-3.878338041003464021e+00
-3.102560282781400947e+00
-1.798901619900288296e-01
2.948819162314314291e+00
-2.437829197694962868e+00
-2.744737933042293854e-01
6.553687830803921477e-01
-1.151203487691692562e+00
-4.311207973499783463e+00
-7.978931487562761493e-01
5.130378287139440996e-01
-1.907928437521001275e+00
1.129785095420790197e+00
-2.686416628968313347e+00
2.094117056202943861e+00
-2.012562878206933803e+00
5.193607426407489402e-01
-1.777778783781105210e+00
-1.594997530988629952e+00
-2.331402939281802311e+00
1.715526979461972079e+00
-1.228620791217666097e+00
4.280058888379667525e-01
1.755255530168704503e+00
1.362957059221347578e+00
1.648623491970935717e+00
-6.819731921751005510e-01
9.451567400929095086e-01
9.827412619580727648e-01
1.959276972708924536e+00
3.482786156191697291e+00
1.646279542269818208e+00
-3.038744910128704291e+00
2.215906363909837307e+00
9.408937945910680334e-01
-1.382055934759329974e+00
2.179603936075070969e+00
-4.086261365846450389e+00
-1.664129684968324696e+00
1.056739636392306503e+00
-5.198046654536145894e-01
-8.683162649036134662e-01
7.171830438137722918e-01
-3.109689198657372700e+00
3.212385155307921014e+00
1.485756360915823970e+00
-1.580857140955494566e+00
1.750629612983667371e+00
-1.974695323448460327e+00
2.440549202817625218e+00
-3.077392241257126404e+00
9.356497462483193139e-01
-3.862753595524308192e+00
2.124743720351127241e+00
-3.837911606100013806e+00
