-4.139994932089579027e-01
-7.551822658549911527e-01
-5.139211936329735053e-02
5.528361433655692991e-02
7.948378908551199107e-01
-8.802015764798640785e-01
4.972983574277867191e-01
4.038493396394171597e-01
-8.630424387511241857e-01
-6.535078225316406364e-01
1.900277672867036749e-01
-5.913000612216152696e-01
1.482038062558250768e-01
8.549875270032814001e-02
-1.177064709135211551e-02
6.009957943418002824e-01
5.721585851633843589e-01
-6.664445426057330479e-01
-5.258000966827833800e-01
-3.503941265430037255e-01
-3.651893127739993528e-01
5.389872401457185269e-02
-6.180637212359183508e-01
6.421699806763505602e-01
5.588816329106107705e-01
-6.239080125714115965e-01
-9.985606699365940919e-01
3.823854642435915441e-01
-6.162928761293235969e-01
9.209988852818435934e-01
4.961621935033193598e-01
3.285189270818398288e-01
9.940032755245196139e-01
-3.982325868171676664e-01
9.544305372387171804e-01
4.176994810306606798e-01
7.836572904291825292e-01
-6.386148285482107223e-01
4.815215931266438876e-01
-1.743975821520842295e-01
-9.269562667011177481e-01
-4.063456864333980789e-02
3.604337883837467338e-01
-9.933537105411713863e-01
-1.213169582060644736e-01
3.104661503939216693e-01
-4.494428668659169457e-01
-8.890426377690652249e-01
6.494166949435711267e-01
6.365843705047422585e-01
4.413619735747609241e-03
-2.557510253520407506e-01
4.473523669559873461e-01
6.551367107730077244e-01
5.468939939899521985e-01
-5.798965641471491850e-01
-9.260875871272913340e-01
-8.594629433298088816e-01
-7.857061555624551552e-01
8.381666609804832024e-01
-7.600821617576625222e-02
-8.544885288031571768e-01
6.160403544707608869e-01
8.223535445533343147e-01
-7.436699505278394629e-01
9.539649670471286314e-01
7.205369739247771133e-01
1.630003180219214975e-01
-2.124155298565313377e-01
5.373544281723483529e-01
-6.956254513403534734e-01
3.944071158202380190e-01
-7.218254582732051006e-01
-2.398554556068928090e-01
2.824802067152611951e-01
-9.016331759516578170e-01
-8.144519310156836944e-01
5.683875011217773832e-01
-6.112924383417048801e-01
6.222840052998397375e-01
7.954250922033214710e-01
5.122131136725793787e-01
5.515226021475907459e-01
-9.198992175643867508e-01
5.802741370280926070e-01
2.951850806462097410e-03
4.060723417691605164e-01
-5.951023622078164266e-01
-2.347032678434344266e-01
7.846027941554554186e-01
-2.384330895924877680e-01
8.573921418858376775e-02
2.059342901833649542e-01
-6.063145173208028815e-01
1.784397374591804031e-01
-8.079983205939926805e-01
-1.232263205769390524e-02
9.252659733089207972e-01
-7.330098588731250864e-01
-6.108114706526257542e-02
-5.710736673345884196e-01
-4.879319705901299375e-01
6.638999985754154842e-01
-2.025037829269882295e-02
-6.573124532136558340e-01
-9.357418052455841462e-01
-6.359333829078619438e-01
7.547303768218800446e-01
-8.904676885189346525e-01
7.745151649044228481e-01
-7.281480198496812495e-01
8.708693292159059851e-01
-2.770584937222915212e-01
4.835454925323847686e-01
1.904752184376778956e-01
6.620071800426419184e-01
8.196093779598581097e-01
-2.122537077852491016e-01
8.567380391670171846e-01
7.139493894994266565e-01
-2.209449922366546470e-01
7.817347938065097868e-01
-3.124818768451966822e-01
-2.353178167114278185e-01
4.389603862217865693e-01
6.437820600654120540e-02
7.611976188716889080e-01
4.626950762786237181e-01
6.718883853089840930e-01
5.491870182025486713e-01
-4.532328080509180346e-01
-9.318697620981690743e-01
-1.785407693603446866e-02
3.761319604779167491e-01
-1.056390309978150199e-02
-2.793963029311696822e-02
-5.380863526096728577e-01
-2.180531682426756213e-02
8.306293499058607921e-01
-1.186328313232838383e-01
-5.263565700974295325e-01
6.091257195797494806e-01
8.502807954804119106e-01
-6.580418173318265396e-01
1.156377320613697357e-01
2.520612949744591713e-01
8.434714034549615214e-01
8.509610651355528077e-01
2.669052916802527875e-01
5.854926370556263748e-01
1.644339734745596804e-01
9.987190320009684541e-01
-2.294954233943395927e-01
3.952177814006809786e-01
-8.504648082432100242e-01
8.785470174309226721e-01
3.705000761650778518e-01
9.884430942399784481e-01
-2.117183378317499809e-01
-7.799823083718888661e-01
-4.358270364397016650e-01
-1.454561000189216191e-01
3.236545308490881290e-01
5.943984185285209332e-01
1.790061833099585442e-01
-5.845652412807904597e-01
-2.219941982881523668e-01
2.888812307397694568e-01
-1.538039338579821891e-01
-3.022720952317132781e-01
-7.767592131063354444e-01
4.314236760582172980e-01
-7.239345713578941854e-01
-1.077176098559837758e-01
7.324634393481568306e-01
6.171303296458525711e-01
6.552577894942701597e-02
-3.746302798277187929e-01
-3.179904873266898857e-01
6.566995063121443543e-01
6.343843998282931995e-01
8.767194249626475422e-01
1.159153649068940251e-01
2.081952015201637973e-01
2.671457288124157170e-01
-8.161046754444336582e-01
-3.275225982090428367e-01
-2.395984054151729659e-01
-8.753121566078041482e-01
9.647027958079155141e-01
-8.777633026059534771e-01
2.178527324024539524e-01
7.357461346716207551e-01
-7.595118680638424102e-01
-4.040300210212881549e-01
3.692742302300855428e-01
7.016138310228794417e-01
1.317532954510933774e-01
-1.607881083318725146e-01
-5.735418743451166090e-01
-6.462321440008942375e-01
6.227848678881156008e-01
-5.063938641380665295e-01
1.485030107574247804e-01
8.558712550342464365e-01
-8.905196803666852734e-01
4.269432137757338541e-01
-4.622279456397415665e-01
5.326212223534800838e-01
-8.973099025572826015e-01
4.097856450165018316e-01
5.821480218376235971e-01
5.287192898530730378e-01
2.041906151580175077e-02
-4.949058928771910004e-02
3.698971929784953261e-01
8.712032364366426584e-01
-2.943299713452118826e-01
5.922315032551386249e-01
5.761863188351037390e-01
4.295936687929982067e-01
-6.641832354307575237e-01
5.206328557205603946e-01
-8.367526617421932045e-01
-2.750925555667564915e-01
-1.034489051863158871e-01
-4.038180557700121742e-01
4.349688479910405192e-01
1.810216044796297830e-01
-6.835216905909213825e-01
-6.695019153238797038e-01
-9.984492393261212850e-01
-8.779224735913169209e-01
3.140683231606615777e-01
1.871469350936116882e-01
-1.622702098249635405e-01
1.318280356075964832e-01
9.090932023066220502e-01
-1.367393633204552206e-01
4.418361541421389482e-01
-3.525293006257115280e-01
4.480432854618596750e-01
4.880110599435290020e-01
5.276003292400754940e-01
6.356660501930375684e-01
1.838883442628640452e-01
-1.423482492866194882e-01
-2.204755712439177007e-01
5.670457449054442378e-01
-1.838827429883984621e-01
-9.153385048194782048e-01
2.212525354329097915e-02
-2.377065406928249303e-01
8.879272361685917048e-01
5.865850487702626292e-01
-3.301815647199375370e-01
-4.118623368738345558e-01
2.978422255231485405e-01
4.363792595786841755e-01
6.881946409715440360e-01
1.433618339046156542e-01
-4.684815840416758359e-01
-2.490987284395216328e-01
8.800195641683057346e-01
-4.013148719654493490e-01
