1.256398072557740608e-01
8.049441833909960486e-01
-8.828336483448415706e-01
8.826758072628511087e-01
-8.547574086984821573e-01
6.386488743771139287e-01
6.063227183034205492e-01
-5.107196486231824206e-01
-2.240484950387942042e-01
-6.518506657297857831e-01
6.910195696025267509e-02
2.722564753033562823e-03
7.072816133170509723e-01
-3.136186918263303980e-01
-8.985581631083774390e-01
-4.239608432150892003e-01
-3.653847263342724361e-03
6.181385862936772391e-02
-3.089167691430307894e-01
-9.218294925131891304e-01
-7.430284891554972404e-01
-8.691125864562474490e-01
9.139950029361632033e-03
1.310661628663090106e-02
-8.985047862077217840e-01
9.253297892746135123e-01
-9.142818285838929526e-01
-6.490193731225168960e-03
7.451422693982201473e-02
4.474144944692668435e-01
-5.987261740298777113e-01
-8.082522587209028941e-02
-8.614025959373146080e-01
-5.033142929031799717e-01
-1.742635269050087921e-01
5.757630058987037724e-01
-1.126326315157963887e-01
-6.438222445344212730e-01
1.514367428912206659e-01
9.607707890726682187e-01
9.736213578305177307e-01
5.357720344434315773e-01
-2.638319614476456465e-01
-3.753595288556510479e-01
-3.718406358908066256e-01
3.326483163731466242e-01
-1.523008792127362732e-01
-4.840970103674635538e-02
5.686640013946091532e-01
6.491135441049629140e-01
-6.878981035605917782e-01
-7.447746396988621509e-01
-9.596788268261216004e-01
7.640297820333041834e-02
-5.088249578658214922e-01
4.010728412433679502e-01
-9.816939868160610150e-01
-9.131406133813677606e-01
4.305481958262529218e-01
-8.044143000330628013e-01
2.255283908549778893e-01
2.597904834041540045e-01
8.799141002100494546e-01
3.805042854695015464e-01
8.661537267883323565e-02
7.569341471993276116e-01
5.343339238377231570e-01
-1.739470990185947308e-01
-2.157812179494047466e-01
-3.605353338089267723e-02
3.175641423985664513e-01
9.186681702007182260e-01
8.173610082804076971e-01
6.682033240084823689e-01
-3.295754166357276471e-01
-3.850015307077225835e-01
-5.805545889873153786e-01
7.761226826930081035e-01
8.635305788623715006e-01
-4.447602431578945303e-01
-5.909673368295336182e-01
-4.888674241882196014e-01
8.518094258998472057e-01
9.218637006724033078e-01
2.099699133077774782e-01
-9.139531156344282703e-01
-1.234203005997418501e-01
-5.300170043869552039e-01
7.694503276482522747e-01
7.940425506477666318e-03
7.111785781325836719e-01
2.972116538465985336e-02
4.549266320283147369e-01
8.342561860557333731e-01
-1.223775214525049115e-01
-7.547383717365641065e-01
8.707121509070965271e-01
-4.965472357434563833e-01
-8.111654011459146218e-02
-8.206221166013383250e-01
-9.869541719325414242e-01
-8.881470185257132055e-01
2.535975185711585311e-01
3.818675862615905636e-01
-1.940719093390483874e-01
-8.513141399969690326e-01
1.292631405405058054e-01
4.844195291804140879e-01
-1.812457805302110092e-01
-1.811535195018931788e-02
6.332411299859030951e-01
-9.035287163564327262e-01
-8.469226906940292565e-01
2.898800209857046450e-01
-7.411005735034026376e-01
9.526595560261037487e-01
-1.448466557500147633e-01
7.572692010818837804e-01
-6.147401014972415645e-01
1.447067308673652963e-01
2.600279229782036516e-01
5.758914645190256199e-01
7.005083901804407542e-01
4.760266831165094192e-01
-2.425403693900065605e-01
6.865909266662850730e-01
4.021184457267383827e-01
-3.656970348305588203e-03
-5.539096629005040295e-01
4.278872424305661948e-01
-1.441715786469275340e-01
-8.338461170827553559e-01
1.753484445391892965e-01
9.538744736747279962e-01
5.185169577483259573e-01
-2.647538287638422361e-01
1.409310553398512855e-01
-2.813605458817605154e-01
5.244465428072266899e-01
-3.681559934041207516e-01
3.279149604425697362e-01
-3.363774851265077803e-01
-8.192518544044546935e-02
-3.632570372528534097e-01
9.719580628880553075e-01
-6.881771707508466118e-01
-8.709420627324158115e-01
3.106677064744529648e-01
-5.106025554285917867e-01
-2.472524871643244637e-02
-4.020182326351660063e-01
1.448045593275479881e-01
8.987151198311449374e-01
-2.399861945343915171e-01
5.305916616065182723e-01
4.345436843723295972e-01
-4.100320218206363609e-01
-7.810768466561102130e-01
6.424363642040000766e-01
-6.980027836479609782e-01
-6.066007447199877056e-01
1.292105612505536349e-01
-4.598696574065179732e-01
3.220920951758392548e-01
-2.561740381367647590e-01
4.791575402911674164e-01
3.567173570832864460e-01
-1.139029150254475820e-01
4.430681634129141067e-01
6.925444873013018032e-01
-9.753545654327997472e-01
-3.945299231939458640e-01
-1.431163935239254670e-01
1.878830776852595807e-01
-1.385967211488356998e-01
-1.198286666758059393e-01
2.486027435555171472e-01
4.658838247462446791e-01
3.010909024117018884e-01
3.448441793581382697e-01
2.536997596338281813e-01
-3.583330158487632033e-01
8.203493907193952772e-01
5.385915531197966732e-01
9.772824803061841425e-01
-3.180138976986266464e-01
7.117923113797455237e-01
6.458443760609133832e-01
1.442480757720792095e-01
9.839794564442447822e-01
5.148328910614248244e-01
-2.274574324011429116e-01
3.763093073661831767e-01
8.593012203002401428e-01
2.852296014780097977e-02
-4.186691193516223208e-02
4.710404138589443512e-01
-7.025692436895698556e-01
-5.917857101173147338e-01
-4.344444350007234945e-01
2.491306057818303277e-01
5.491322414859833856e-03
-6.493713497043860361e-01
-4.988367161323443710e-01
-8.200130903249658321e-01
-2.166055054483786435e-01
-3.355870395501838743e-01
-6.600827166263665280e-01
5.481873503841825368e-01
-1.233951209404358096e-01
-6.567851460511495709e-01
-5.805687429064489979e-01
2.550090064018186720e-01
6.839219394510931416e-01
-3.210685047840211581e-01
-5.810605360778864359e-02
-9.296045439243272313e-01
-6.859069965051873830e-01
4.585898596044861719e-01
9.505908334235946278e-01
-9.498324309369350349e-01
-9.681409764255384243e-01
-5.307588062611277024e-01
4.918646583707999564e-01
-5.050372731044008301e-01
-8.132324991514936485e-01
-4.533680468593215274e-02
-6.956187626880383501e-01
7.881590512013234573e-01
6.287687057626145659e-02
-9.846606021174473256e-01
-3.719799459996928626e-01
-3.558963794960565696e-01
2.206049226931556806e-01
3.460275534253538510e-01
-4.856457380014005398e-01
-3.838301377746584642e-01
1.242410658622712383e-01
-8.266305885440417001e-02
3.895390815612569391e-01
-8.270964792429840173e-01
4.809865114757050364e-01
-2.841399810180746943e-01
-3.453897330627433426e-01
-5.709683764561144237e-01
7.366701070223735659e-01
9.088485803764332349e-01
7.934241626049192142e-01
1.470464482980256005e-01
9.619384401591239975e-01
4.366744035154914716e-01
-3.244429538535782420e-01
-3.584653428254707119e-01
8.911143705404864779e-01
2.594210612459209031e-01
3.388209322313882055e-01
-1.263550152929167059e-01
5.868387260846219533e-01
-9.571347308979045732e-01
-6.102211199222178362e-01
2.537827492205062541e-01
7.071532371073960821e-01
5.298377975934442929e-01
9.555211936115626248e-01
-1.874145346562723358e-01
