2.336749538946726990e+00
-1.328015175347824872e+00
4.171217597696080803e-01
7.226237309664134134e-01
-2.904975506357426740e-01
1.540096655476171250e+00
-1.119452754222041158e+00
3.563020183541881103e+00
5.516116722187035748e+00
2.943023755293562971e+00
-2.318464183059650185e+00
1.985736822783943367e-01
7.977871364535207288e-01
1.292360076538409563e+00
2.012003244754255071e+00
-8.084177884841459161e-01
-1.963200912091750405e+00
-3.966452896582995713e+00
2.855457096313479326e+00
3.705884263614698249e+00
-1.593589349306648195e+00
-2.240582920548839674e+00
-1.743866215416520760e-01
-2.056850043581912590e+00
1.717159502244078872e-01
1.208445841469295789e+00
1.843721429301210080e+00
9.788292327710619301e-01
2.408121831338713825e+00
-3.972312741364317779e-01
-1.329226949162582549e+00
1.201753333255551892e+00
-2.711401120668411879e-01
-2.380356129311178570e+00
2.427374643344453631e+00
3.980752317447635136e+00
-1.289534422709999184e+00
-3.729559683595590869e+00
3.792703028551406286e-01
2.255187458236182163e+00
-2.715697434674286370e+00
-2.925510681101307853e+00
-3.049861616675350717e+00
-2.331579210655256862e+00
2.266359383671349370e+00
-2.523959705178779878e+00
-9.336606573308252610e-01
-2.424628448800811853e+00
-1.249675267762819342e+00
3.541903708352918123e-01
-1.854966008022489232e+00
4.028428706129225656e-01
-2.375359702649721960e+00
-4.736550374422807685e+00
2.275016161503129020e+00
-6.534502031504227926e-01
1.083987558349117197e+00
1.843996599392325741e-01
-7.531454309018799087e-01
-8.937764879664920059e-01
5.438250123305643502e-01
1.721809708459472787e+00
-3.959484286657720897e+00
-4.237782841269906342e+00
-3.140303501626926508e-01
4.088665075366355595e+00
1.146327085912075106e+00
1.147315764209480449e+00
2.991699156381082858e+00
1.494746338817654618e-01
-8.921096261260055282e-01
6.972594810310367430e-02
-2.507561306231383957e-01
2.755506549088432067e+00
1.202935603858328983e+00
1.356391018993946762e+00
1.516748851717819147e+00
3.139032373472832926e+00
1.752304117852902188e+00
-4.519084002140544065e+00
-1.752936857100674040e+00
-4.750127232190451743e+00
1.323853347685306492e+00
-1.010841181817748957e+00
-6.199061301172896776e-01
8.350371407472358953e-01
1.475359802753356764e+00
-4.043455507587340847e+00
3.112585362071062178e+00
-3.074898406939855278e+00
1.375902904168149199e+00
3.771092995443240170e+00
-1.546129939888936988e+00
-5.332123783417229701e-01
-1.572510721360691033e+00
-4.552055422811843499e+00
4.053230860499265731e+00
2.325723658125065541e+00
7.114822604280037766e-01
7.900614265129668468e-02
2.798149621528105424e+00
-2.296312909181889239e+00
1.448488542253520306e+00
-7.043013143499622375e-01
-3.812511257604017434e+00
-1.089803447357285515e+00
1.928250551339463437e+00
1.638006332219084538e+00
-1.170613143690918401e+00
1.224519724648222674e+00
-2.865549766313072233e+00
-4.899505882839914506e+00
-4.116971378809598292e+00
2.002816003619966256e+00
1.524610563431830101e+00
-1.489603852516336868e-01
-4.939008939012045296e+00
-6.933459104955019825e-01
3.342684980446475329e-02
-2.398282529584549572e+00
3.611925731070540380e+00
1.720486480335075008e+00
2.507082692820759906e+00
-3.732783695088962794e+00
-2.117103298220973429e+00
-1.792060897802477459e+00
-3.601010312271444302e+00
1.915255208970961576e+00
2.929328237103050903e+00
-1.799450355130607360e+00
-2.953065077898446855e-01
1.347648453852914541e+00
-4.168528625429575030e-01
2.098515349327186641e+00
2.631690288079810092e+00
1.101842333664527995e+00
3.591522560446519297e+00
-5.308122927769827193e-01
-4.455577040548857615e-01
-1.324927909313625918e+00
3.600340178045452255e+00
-1.970807623685483456e+00
3.029696038365510269e+00
4.106646313979322116e+00
-9.939407202424530574e-01
-6.679180415245267177e-01
1.772988338421033649e+00
9.258875568258817523e-02
3.148638787688105456e+00
-8.474010085639838152e-02
2.757724477953537701e+00
-5.662491250714324353e-01
-4.731223771405236533e+00
-3.318448559976723278e+00
-1.904522271964399938e+00
-1.339006545685101912e+00
6.278345478164768512e-01
-1.843419411329252355e+00
2.899050014832266875e+00
5.589573504915930080e-01
-1.565851825097543060e+00
-9.535932356527085929e-01
2.521040616481148078e+00
2.675607317344486091e-02
-3.004496661745230668e+00
-3.548767096841144664e+00
1.059486746959384496e+00
-5.427897731572079998e-01
1.238689885195292106e+00
4.459719384538702869e+00
-4.743989377824417986e+00
2.710744575580492643e+00
-2.947878963123494955e+00
2.795084383433765751e-02
-6.374195838724936447e-01
7.974456329417778377e-01
-2.202037966985091799e+00
-1.315972430334944265e+00
-4.557212463240147393e+00
3.561275171764041403e+00
1.804426910571619302e+00
-1.495915983316176145e+00
9.106930323625301860e-01
-3.535998887121030165e+00
4.609339424005122865e+00
-4.668232705018242612e+00
-2.891053575273059284e+00
-2.021123293303098034e+00
-2.307281702306076099e+00
1.360659377825679250e+00
2.322489261644449243e+00
-2.895949976602943732e+00
3.031973682543962489e+00
1.593003848600672789e+00
-4.611861392675452365e+00
-2.324768948248872036e+00
8.761170319127224992e-01
5.404134460475682467e-01
-2.509481078356294859e-01
-1.682019511828715674e-01
1.570674540185332368e+00
-1.849053301018185103e+00
-4.454181266528320915e-01
-2.091234164334919488e+00
3.498004444752248254e+00
2.789319769698739293e+00
2.137549378749302953e+00
3.795959647146474047e+00
-2.425417237568868956e+00
-3.139083030161288868e+00
-2.561236762551468704e+00
3.003932125982837320e+00
-1.858823134909071362e+00
1.385019926793898737e+00
-1.256380831997430114e-01
-6.456737189809963473e-01
-2.478163756212366842e+00
-2.003404031171172939e+00
2.509049622071015229e+00
-2.454179187659535799e+00
3.841995013542025550e+00
5.028786684761238135e+00
1.160514914027642952e+00
-1.200600037502652206e+00
-5.042154962625344794e+00
-1.882564342649951428e+00
-3.927165354037112088e+00
2.713216298942961124e+00
1.591128910430789745e+00
3.786647671091023071e+00
2.225040931747368056e+00
4.685925109711805092e+00
-4.001095892390307718e+00
-1.956531995655349743e+00
-2.207530597740879674e+00
-3.892360195343165685e+00
-1.429322702037956416e+00
-1.497491535493687742e+00
-3.051997222413284305e+00
2.434490473640356534e+00
-4.380052137948134749e+00
1.702017237252061221e+00
3.866206677505703571e+00
3.059102595342358732e+00
-1.545791083531184551e+00
-1.195583930034794129e+00
3.535052962187852366e+00
3.082519359427508654e+00
-3.977401647113114613e-01
-8.318470295250839364e-01
2.830169537030087223e+00
-4.536965996137476864e+00
2.077007709528245094e+00
3.719335776420914286e+00
-1.511859271741442967e+00
-1.576476456717799124e+00
-2.559081339084940954e-01
3.696873620318704035e+00
-7.495795793153476883e-01
-3.343390902429391076e+00
2.426714883530156186e+00
-1.439084721476390438e+00
5.792530016228639722e-01
-3.231284081222918658e+00
1.278782376906258733e+00
