-7.866117245187429496e-01
-5.049799967213619567e-02
3.009586070675218661e-01
-3.420066341655025877e-01
1.292853846835204656e-01
5.210902727720405636e-01
3.802293186983016771e-01
-1.084473776147114599e-01
7.686836676489534614e-01
8.175643678750477150e-01
5.434084728176429291e-01
4.493249000671122317e-01
8.228027761400005247e-01
-8.921061840042703306e-01
-3.160619845921253113e-01
-9.474198641022502088e-02
9.511376209062947229e-01
-9.467424278966485307e-01
-7.976446077227883347e-01
3.061441301823830674e-01
-9.290960428626273693e-01
-3.690647922181218288e-01
-4.100693307034133372e-01
-3.798654662510514424e-01
-9.397230262292890490e-01
-5.066450105462265707e-01
-6.518405291565985138e-01
-6.291695384411359893e-01
-1.248542159373016158e-01
3.875592550259845392e-01
5.119706423375314230e-02
8.389542787316337513e-01
-5.789904275850301651e-01
4.274078780344876538e-01
-8.708551353285205465e-01
1.337542314771966723e-01
-7.242264325345852960e-01
-6.129725681649742519e-01
-9.335747519845876141e-01
-2.137044981633364760e-01
4.440815158621500558e-01
-5.665738801922279855e-01
-9.103541911809953646e-03
-5.813742634179512869e-01
9.746543744487856653e-01
3.605938534300248133e-01
6.505037755916711628e-01
3.483781711868554343e-01
9.545697864666449206e-01
9.204495241864136812e-01
6.528042138622316415e-01
2.043208424140561252e-01
4.774197601365721688e-01
-5.620522148515050276e-03
-5.092165239819030909e-01
-7.671136769283140033e-01
3.973263075858857185e-02
9.471355135924093283e-01
-1.641937892700344737e-01
5.401044575287279326e-01
9.982286147638772533e-01
3.042790737544740498e-01
-5.528243470312395047e-01
-1.031864608109338555e-01
-4.577737601071680817e-01
-8.478024751468800080e-01
4.529417278524450197e-02
9.052743900569999447e-01
4.060925004779947223e-02
-4.186865744479906226e-02
3.628104845482542640e-01
-3.693097269555851714e-01
-2.132938214858226544e-01
-4.657950391945318014e-01
-4.152245312573636937e-01
2.657850721016430384e-01
9.818944099171755813e-01
1.696887974588880965e-01
-5.262552914017157857e-01
8.259205384757462021e-01
7.602323495497114170e-01
-9.926917754644402070e-01
9.609171058970953361e-01
-4.073433530412708947e-01
8.901551628921831050e-01
-6.077716118675302592e-01
-2.073568117667263788e-01
-4.049877575657931938e-01
2.590911929653172407e-01
1.439036175348171742e-01
8.220060728854772236e-01
4.564183516334179291e-01
-8.952333794118252364e-01
8.347246725420724989e-01
3.780623712608670584e-01
-9.937131342011040758e-02
2.859113832877158146e-02
4.178919113569468102e-01
4.888978955691962724e-01
1.402729461618119622e-01
-2.654824428629198874e-01
-4.142907121738541587e-01
-9.097461322984492504e-01
-1.263147748372250856e-01
8.541621513703592239e-01
4.651227036067280274e-01
-2.447155526162883010e-01
8.534762987678687907e-01
-6.491702311785119139e-01
8.457034503596643216e-01
6.746337534992630225e-02
7.724598271394502724e-01
-7.443133942704573958e-01
-3.166733179539016341e-01
2.602098074938130612e-01
3.631156734525078367e-01
1.970822540968453218e-02
4.752953079511328394e-01
-5.669291886772092059e-01
2.359203519576971164e-01
4.464111383748319284e-01
3.800581357822041539e-02
-1.002184254136810893e-01
-8.904988675531844144e-01
6.164047969711319297e-01
-9.413977370024504410e-01
-5.541090566191244626e-01
-3.931972159281604817e-02
2.443416934735698209e-01
5.024019432025563781e-01
5.210315280139479199e-01
4.216155846498736981e-01
1.289565489274735466e-01
-8.934936935704302918e-01
7.870829982373295231e-02
5.384182098020138252e-01
2.072925642737450946e-01
5.406178113417519082e-01
-2.627593485249422045e-01
-2.810135148182097975e-01
-9.097527796153572766e-01
2.605057991990906707e-01
5.139520508707480229e-01
5.102085456616298753e-01
2.885899317991442725e-01
4.168411984712176999e-01
6.547008180725844007e-02
7.933327520961881429e-01
8.457174026108971177e-02
5.563407484649540713e-01
8.499550186669062590e-01
-8.051530025333288876e-01
-2.493875791036481715e-01
-5.941813731585907643e-01
-2.197452537124402472e-01
-7.059557698622165312e-01
8.377769340794485320e-01
-4.357160145050109623e-01
6.764764082399299383e-01
-7.115606296385079688e-01
1.225342139510428030e-01
6.952281823974779673e-01
2.510384494484863005e-02
-2.778191695478666734e-01
5.620651195714048143e-01
-1.373757786664642211e-01
-4.429348314588126279e-01
-7.429535031584748594e-01
3.053192464639371551e-01
-7.981671961176712848e-01
-1.760482347027412242e-01
-8.534639729600645985e-02
-1.473100484759999329e-01
4.070538595812540628e-01
3.713245570530381290e-01
7.452286804930579045e-01
-7.537173007891615484e-01
3.750581991122143855e-01
6.155319844357278747e-01
3.918525908052983286e-01
5.627899790743911002e-01
-5.416369015799233910e-01
-2.797111888124801382e-01
-7.255391983586141347e-01
8.886925031813848186e-01
6.969615491749534542e-01
1.741361109780488192e-01
1.656690017381319269e-01
-5.355478485808928824e-01
8.898356051396694166e-01
9.626322396501023615e-01
-7.585303614067397948e-01
-2.193990927485793829e-01
-7.873980648247744796e-01
3.430824567599084496e-01
8.059198567157137560e-01
-8.301333242813042634e-01
-4.536003076491046393e-01
-9.041054477380467969e-01
-1.533847603952438465e-01
3.336984990843130383e-01
4.631715557590674326e-01
5.119068023342565610e-01
6.013523417600186161e-01
-7.636648183719922933e-01
6.178932285493619059e-01
-7.414832104036133131e-01
1.353640754691087800e-02
1.806377545862765110e-01
5.945737232786378890e-01
4.135560446884272157e-01
-7.151446133346990308e-01
7.923376200724727703e-01
-7.338184408060470787e-01
-4.541092745271977371e-01
-4.979728354068981844e-01
2.754570740036139664e-01
-8.751727024219324580e-01
-8.913282016888395276e-01
6.472348019505917982e-01
5.034106710728185607e-01
-5.163132945638058136e-01
-2.433738903229369921e-01
3.733019460936901623e-01
4.590907447705852018e-01
-8.873095503298380482e-01
4.735551151242354262e-01
2.274432799235803770e-02
-2.581336196079253575e-02
2.051592632427632346e-01
9.960601162566387057e-01
6.878313159195581505e-02
1.171349621795552132e-01
-9.489141879338629515e-01
5.576177457418520778e-01
-2.717728477865042347e-01
5.335859637250750520e-01
-2.176423428876337329e-01
4.408342626511203566e-01
-1.618117134058150164e-02
-4.045042486117964575e-01
-8.800218493542502074e-01
6.436096963653821224e-01
9.169261441346321373e-01
3.981348179571080337e-01
3.442583663552878370e-01
-4.676930358540130062e-01
4.066317780166452955e-01
-2.662346470309051583e-03
-1.173911766606121621e-01
2.928814219032735977e-01
-7.716435048625160942e-01
-1.421632225748092893e-01
8.948060484864481801e-01
-3.975223562271301692e-01
-2.963462232782350103e-01
8.641808460442277351e-01
2.871972856304836341e-01
-7.033419882409990276e-01
9.308242819682919222e-01
-4.087188926751683660e-01
6.099538677579610102e-01
-7.088150593075215333e-02
-8.692382989533697923e-02
-9.945371018708748512e-01
