-4.290551617291556985e-01
7.169381813386069835e-01
-4.166379000279007982e-01
-6.229168424438027429e-01
1.118697518786867517e+00
-1.472344533414867929e+00
6.945593788161736892e-01
6.729573680967726457e-02
-7.934032839550682059e-01
5.119149924965059606e-01
4.115152629671714468e-01
-6.188068843160549060e-01
2.693377960046501318e-01
-3.721925445289792078e-01
1.248183160931102265e+00
-9.073409379218839721e-01
4.428461372403907914e-02
1.542114046490113521e+00
2.079648046813573625e+00
-2.327408439617255076e-01
-7.117411769742192362e-01
8.452892885168303838e-01
-1.666146972700291773e+00
6.506526655839333095e-01
1.951956198005563081e+00
-8.483509103986399680e-01
-2.425593575962925463e-01
1.347636128375597764e-01
-4.329497417813870097e-01
9.083273401019158477e-01
-7.293170032964463312e-02
-8.754041090219315535e-01
-5.490666954425813540e-01
7.696130898180384428e-01
9.571634104368056395e-01
-7.213927485724269673e-01
1.808911353154821100e+00
-6.152625740547539301e-01
-3.817299134932758964e-01
2.650968633672839969e-01
1.868426948311699309e+00
-2.751725079510991545e-01
-8.134501816568202592e-01
1.361852427095652018e+00
1.454930320788305753e-01
-3.998817846339831616e-01
-4.574290658646209540e-01
-7.930900203405913951e-01
1.175004791843722973e+00
3.093384274958311808e-01
-2.559338111312470243e-01
2.298237130151203900e-02
6.842508106760673836e-02
2.110666464829405731e-01
-3.553090853426397189e-01
7.181273821653844092e-01
-5.395419596286636921e-01
1.000049514032484987e-01
2.228203951581830822e-01
8.723658943214525063e-01
1.955268618001744230e-01
7.288381656751917737e-01
1.190597800540480034e+00
-9.592357447967758688e-01
4.398756706751526524e-01
-1.391781206169274476e+00
9.482398056717252777e-01
-2.162736267121918576e+00
-6.581369169347837111e-01
1.713640837079555279e+00
-1.855134050426883174e+00
4.784204057565952795e-01
5.007401494384293716e-01
6.875360395962351046e-01
8.106898238100233023e-01
-8.552789023614372210e-01
-2.559355758152589422e-01
-1.008408057244469358e+00
-1.630432363630646142e+00
-1.587980545193103499e+00
-3.692555673584575482e-01
-7.265703126315515847e-01
2.569827737957874447e+00
7.537627728542448668e-01
-1.116539891473295798e+00
9.725624523259966958e-01
-3.185892593553401042e-01
-1.258750430353308802e+00
-7.034939375821996910e-01
9.268688953811110576e-02
1.425916287830686580e+00
1.124318795980351338e+00
-4.873590287332064674e-01
2.807868844032614386e-01
8.054811796159002668e-01
-6.424936076143523689e-01
-1.403484504440976888e-01
-1.759173273698564133e+00
-2.833165368241685744e-01
1.005549690803717144e+00
1.607602669650404215e-03
7.784179164003863782e-01
8.455727475697087936e-01
1.469079381481522395e+00
-4.730729990569259025e-01
8.046885104931137400e-01
-1.543136911628262498e+00
2.344487767575063053e-01
-8.160133819290655843e-01
-3.022606650588758326e-01
8.269519689930926454e-01
1.924755511318031687e+00
-1.305683025468259983e-01
-1.626686118440129336e+00
1.592474512329493885e+00
2.605114673075910048e+00
7.754319003441048075e-01
4.024171017790061367e-01
7.192573930330070642e-01
-2.004022617692042374e+00
7.221182445183289556e-01
7.570600210373326089e-01
1.348133618582763704e+00
3.953611021017896521e-01
1.886945795435142070e+00
2.994748968495942743e-01
-3.803655113777618113e-02
6.393736415177873056e-01
1.489618575153785596e+00
-1.832547344001115519e+00
-1.213540551970678560e+00
2.697129606859404172e-01
-1.668586823157015786e+00
-7.157838520386917702e-01
6.085807795939874865e-01
-7.076429145765747997e-01
-1.116693789720758945e+00
-1.977120008069933044e-01
2.041770975669604304e+00
-2.039861284370184880e+00
1.125442882635312447e+00
4.062658461053604286e-01
3.270966034295130775e-02
-4.263811873852141332e-02
9.917238895630406947e-01
4.323884445177525460e-02
-2.457137354247074246e-03
-1.557989356918562773e+00
-5.401400555745814458e-01
2.247859144741997106e-01
1.497892962402092243e+00
7.489852499433060640e-01
1.299774004893693657e+00
-6.464438430240200262e-01
3.510284385360638026e-01
-3.025961706264679307e-02
-5.190097292715333266e-01
1.933275724390507433e-01
2.835352912595487940e-01
7.612051282789888962e-02
-9.710157383655781960e-02
1.356328665626204799e+00
-2.394360803313868025e-01
-1.113020201317014291e+00
1.326595192832268122e+00
-1.340250702457222109e+00
1.439697680826656390e+00
-1.261346557495411469e+00
5.641487408253185176e-01
1.628063695480526096e+00
3.000076165113263471e-02
-6.945312496068736241e-01
1.220376978442478250e-01
7.122116279434501651e-01
1.745323263334678021e+00
-1.635164477076928580e-01
1.463505291972440725e+00
1.848388117151799737e+00
-1.159617220211237587e-01
3.279426337605232389e-01
1.366421658741961975e+00
2.439283526667331281e-01
2.975590716657208201e-01
5.178158464076240142e-01
5.268697816969402092e-01
1.118371808198340700e+00
4.513344778417757164e-01
-1.060136687805014244e+00
1.049158391841995552e-01
-7.062963032425475518e-01
-1.724461716831717784e+00
-9.418656756225760596e-01
-1.164402915311541165e+00
-8.062317715277197427e-01
4.742400982991900604e-01
2.643410916783091036e-01
-2.749695381384730797e-01
-6.181938779215736535e-01
6.310876925309675256e-01
2.514817057051171645e+00
2.500142340401234620e-02
-8.537439812259780547e-01
1.111332291039271336e+00
-3.383646630367201924e-01
1.012397507089833004e+00
-2.400379807940493104e-01
1.203002039988550154e+00
-2.158432818383959617e-01
-2.512017349210848849e-02
5.454073516440279823e-01
-3.032298473367623926e-01
1.693488991342341432e+00
-3.823528205621917198e-01
4.089606591728729423e-01
-7.980843979533452925e-02
9.486832619165808111e-02
-3.164905073058968954e-01
2.123625254397392581e+00
-2.072263470971102972e+00
1.345193986921451756e+00
1.058398067818720367e+00
-7.369971084957518404e-01
-4.657652201288704497e-01
7.316623059801423690e-01
-1.702265617072566961e-01
-1.959323269910345111e+00
-1.550805763491164724e+00
8.350081784142474595e-01
-1.860917678666562658e-02
-3.389718346648912251e-01
1.177220796836060179e+00
1.209216475460023421e+00
-8.482449650592974733e-01
-8.406236418843326952e-01
-2.873112155530409551e-01
5.707728672499952083e-01
-1.358372505573587130e+00
5.679778860474515856e-01
1.970414819057463518e+00
-4.340050109365307662e-01
-1.141626390667553004e+00
1.062267030116792244e+00
1.714792178729444228e+00
1.212184922163091594e+00
1.769578043125998312e-01
-1.475691150035793209e+00
1.024806524193711876e+00
1.049208429032388201e+00
3.800320523691566033e-01
-4.157955057291711221e-01
9.582573252610165904e-02
-6.035841785098901013e-01
1.147511287376934419e-01
1.723537085363830101e+00
3.683124830668296212e-01
-2.065389153758265817e-01
-1.233359940689272349e+00
1.361122367786797849e+00
4.494791915944796878e-01
8.267276240579235491e-01
-9.695316280062976633e-01
-6.778325468723078728e-01
-1.368725243568837291e+00
6.187858947380000529e-01
-6.030249883595721894e-01
