7.404480974955518491e-02
3.397797300368565754e-01
-1.348547772755179230e-01
-8.725875379568416301e-01
4.435211084694314909e-01
-5.242047072500224947e-02
-3.926324868005258151e-01
3.364939164839805263e-01
1.928019611717904647e-01
9.688134820413585313e-02
-2.110824701256363012e-01
3.607251159470966084e-01
-2.807269340888574605e-01
-1.438038492155148396e-01
6.583933076371609738e-01
-1.064577851356058869e-01
-3.806593510286656046e-01
4.343878853938071272e-01
1.826768063098519468e-01
-2.732499142973878747e-01
-8.816236873459194490e-01
-4.588310462818846469e-01
-5.862923702029738671e-01
-7.493049510893533549e-01
-5.449345347148260021e-01
-1.339804715924962086e-01
5.256514125513490621e-01
-4.929467455309810564e-02
2.624619011945935609e-01
-1.743820920716635525e-01
-7.016217156566870727e-01
4.239777680119499736e-01
2.718377785065945185e-01
-4.504411670318249628e-01
1.462700095232054576e-01
3.682520044950685079e-01
-4.290420917095612574e-01
2.876149565446246559e-01
4.665799804982622145e-01
-6.587649190595199489e-01
2.368718082114092960e-01
5.249347881814493411e-01
2.878339541619951980e-01
8.783302728464447151e-01
7.282915616955016880e-01
-4.407561312074738114e-01
-1.020411710240789471e-01
3.863591888081279180e-01
2.606158103547647764e-01
4.956850283832414661e-01
6.310667831098285552e-01
-3.988632834309164821e-01
-1.827998990070577867e-01
-8.207537069818160447e-02
8.499459637567239323e-01
-5.081729090860818143e-01
-6.535945978089041652e-03
-5.815995380247737101e-01
5.225888862945724522e-01
6.556216240900432091e-01
-1.163195607175434576e-01
4.561724223281992119e-01
-6.942414951426353342e-01
-2.349731943149560021e-01
4.631564883454537540e-01
-3.506276388815279255e-01
-2.041945704166653330e-01
-3.492590882993029666e-03
3.119318631293887534e-01
1.367705639887030200e-01
-3.453624749077358613e-01
3.227869670319198914e-01
4.745441535558835855e-01
-1.203328664537028914e-02
-4.119353882771643605e-01
2.619695012946100521e-01
-3.039476076801981286e-01
8.531957073629328758e-02
4.197776482702885170e-01
-6.135891400898725312e-01
-3.341307347965511987e-01
3.350188707678988242e-01
-5.798116826188380868e-01
-2.536110163914026550e-01
2.438676350618322330e-01
4.413205697341064937e-01
4.703894809508061270e-01
8.558910642817550984e-01
6.096791094978981640e-01
-6.419105138826370904e-01
-1.961881203078462699e-01
-6.070633072958047105e-01
1.215098247781851715e-01
4.950190945325261271e-02
1.234120397605658059e-01
-2.284734913587480321e-01
2.635278278253294637e-01
3.693206053298964120e-02
-6.375856058197526544e-01
-1.689669017228573045e-01
-4.181471487206749327e-01
6.715736862023158338e-01
2.429712817696049187e-01
-5.039198489620239085e-01
-9.513034502379051904e-01
-1.976282281778926619e-01
-1.579072796716710636e-01
-5.384335132787583245e-01
-4.870196496133047948e-01
6.002522781746161273e-01
-5.794773197946170296e-01
5.602303424026733314e-03
6.846005318081115343e-01
-3.743697642058951836e-01
1.556259802736075226e-01
-5.425917015426267032e-01
7.506241825307607973e-02
-6.675296593776338661e-01
3.979479439505630989e-01
-5.193365327770327333e-02
1.055918187042423073e-01
-4.012065546376371028e-01
2.587248501233898046e-01
8.764394926964480526e-02
5.910317408324181065e-02
4.852093797781842910e-01
-2.846321320385329923e-01
6.494966556370925792e-01
-1.885951123307803012e-01
4.506799341194613895e-01
-5.298218401163934388e-01
-4.228139981204701026e-01
-3.261491638491647027e-01
5.862838808347692332e-01
2.125224338555590231e-01
7.170112011436908794e-01
4.001989138782846567e-02
1.289748100031307132e-02
5.408858154357309989e-01
3.397163880375893008e-01
4.933921084867276541e-01
1.978151775998604478e-02
-6.161370206447307485e-01
6.977116181353805180e-01
3.830197712863339654e-01
2.553529587748737395e-02
-6.242364718010039448e-01
-3.809079661421634899e-01
9.430595264048891035e-02
-8.464982278219801426e-01
7.922253985494293049e-02
7.355019854758426678e-02
-1.330183544569182308e-01
-5.513169227237513237e-02
-6.026451072426460831e-01
-4.078127317359709347e-01
5.480650283023198455e-01
2.989496541085630010e-01
-4.381406524014297421e-01
3.438202046295888437e-01
6.142696687999520400e-01
-7.216700873795525162e-01
6.556193444416003047e-02
4.342587192393985163e-01
1.926835602013319271e-01
4.852985719723282854e-01
-3.429997447602040617e-01
1.228753508520517013e-01
3.214940161265831264e-01
-1.517354691513020937e-01
2.397651264244104741e-01
-3.016436809002374653e-01
-5.372624058017005932e-01
-6.604512935629901493e-01
1.819113699101874981e-01
1.052556621194568609e-01
-4.038831720552099602e-02
-1.739986459537674612e-01
-4.198894402140855853e-01
2.049214931843018062e-01
-1.865372919964363163e-01
-1.421221237908567858e-01
-6.604044064100599298e-01
-4.115176241584690420e-01
7.683733278937566746e-01
-8.667397862498140704e-01
-2.186806510284757255e-01
3.062134912280161658e-01
2.064444400662513446e-01
-6.375136647064196804e-01
1.794719010752983124e-01
-5.922311096390985297e-01
-7.218991323298546980e-01
3.982063216892441915e-01
-6.763677223221221668e-01
1.971827067706279912e-01
4.269362290428725393e-01
-1.403667152178600108e-01
7.685590702322931955e-01
-6.724851655096065750e-01
2.390833936879360744e-01
-4.305394067433084837e-01
9.350973812968584875e-01
6.526067374813879773e-01
-2.153172899242713489e-01
1.115795587070865513e-01
5.298143789603009246e-01
2.700538954436810801e-01
-6.013607808463945492e-01
-3.773590381047968734e-01
-5.950076667071636516e-01
1.938802812562040456e-02
4.886176094564487205e-01
9.100686370072650355e-01
1.492647829186261599e-01
3.683498811279136698e-01
2.442125408007989051e-02
-2.312008362642336279e-01
-7.978293327046608319e-01
-6.438847393394842022e-01
-5.855734736275197694e-01
-5.142409988754462757e-01
2.024603551499177811e-01
2.823111540611881742e-01
9.055550182719224184e-01
7.929832345418964534e-01
3.761954494972274965e-01
9.044190852274294201e-01
4.983398474991793670e-01
-8.462105423178151176e-02
-1.498161003200162988e-01
3.634994910429032444e-01
3.884713495062727118e-01
-6.951474982434810990e-01
-6.066828431829589530e-01
-2.281603605939066803e-01
1.184444804004996799e-01
-1.934554534623621480e-01
-7.054805091048375054e-01
-3.629028098027489158e-01
-9.391973307026518780e-01
5.542312211783513298e-01
5.090879024479703086e-01
2.326483049103783007e-01
4.725514079946863122e-01
4.946181216182344853e-01
2.691163843808842548e-01
6.875265228463625089e-01
1.300452646392948886e-01
6.558533327292411785e-01
-7.369773433771505955e-01
6.290438899029009434e-01
2.742824741650457532e-01
5.673398136777267897e-01
-2.177021081293750160e-01
6.155129674322470379e-01
1.896294314522814495e-01
-8.015832808814622457e-01
3.708899739746220892e-01
5.983524470070383794e-01
-4.950330093655430641e-01
-9.199030271032490047e-01
6.301611679060963311e-01
-7.224686617723021786e-01
-6.857404713129644502e-01
