3.106621351984418311e+02
-7.117600469911129721e+02
1.236870072166302180e+03
-8.241097209564692605e+00
1.195540814203418023e+01
2.331643700639595522e+02
8.708084778879530177e+02
-2.487640642146305368e+02
-1.553338462549533688e+03
6.751663663512073299e+01
-5.968790574704024721e+02
-9.201236889959147902e+02
8.472622921594804666e+02
-7.448913734545081979e+02
3.395640897665792181e+03
-7.511248625570474360e+02
-2.063596582100660441e+02
1.368470728412455628e+03
2.349675596938469084e+02
-3.301163289913914696e+02
-7.695919712897673435e+02
4.092993220943623101e+02
4.400526110371057484e+02
2.591537899325554406e+01
2.481830716218941291e+02
9.231687492563992237e+01
-2.209313141086007818e+03
2.110198603658027423e+02
-8.408816167683692129e+02
1.834365082634055284e+02
-1.090026201883044905e+03
-2.491378332604129184e+02
-9.065781946096299180e+02
1.049991097757590524e+03
-9.319138611652545023e+01
-4.125166272561637015e+01
2.996630443176635481e+02
4.355279847711133243e+02
-1.532055435134839627e+03
-1.416229824115756841e+01
-3.102602935085768877e+03
-4.149699627461355362e+02
-9.746284773611841956e+02
1.727601941295588688e+02
2.668395118457756325e+03
1.919217927158081011e+03
7.533165553577504170e+02
3.563325690869755817e+02
6.131932247382559353e+02
-1.973930644005629347e+03
6.807177617128895690e+02
1.262602777822183242e+02
2.645132787092915351e+03
1.764735214113657094e+03
-1.676554280991115547e+03
8.325634705904184329e+02
-9.785660075219087730e+02
4.634969625919020473e+02
1.029634015661540616e+03
1.120298653583749910e+03
2.180596913787923768e+03
3.126564376734045254e+02
-1.394304760561092564e+02
-1.975634996859779221e+03
2.263796075592366606e+02
-8.253183279439696207e+02
-1.450812949918875120e+03
-3.703094646450009009e+02
1.212913022434991717e+03
-1.436455293058667735e+02
9.749033755937584829e+02
-1.250706605830116814e+03
-1.725978419699759797e+03
4.049896653803559730e+02
6.844774773144449398e+01
-2.213840642369223133e+03
-4.141034300161508099e+02
-9.605730338397796686e+02
1.287294677655718942e+03
8.898027560061221948e+02
7.437049369352955352e+01
9.839275885518673022e+02
-1.459344674976732904e+03
4.858808815852404450e+02
9.537748570999992808e+02
-7.799075009643318026e+02
-2.568429310233183287e+02
9.306252122061398495e+02
6.559231137872598083e+02
3.148220432058006395e+02
-1.035737835249691898e+03
1.459798628404746523e+03
8.434551893459259873e+02
1.961797846587083143e+02
-3.130420330838061318e+02
6.833932498855135691e+02
4.766032455180466059e+02
-1.459649028886906535e+03
-1.585226190210384232e+02
2.994833708942817907e+02
1.706509404827971139e+03
1.039209945547440839e+03
-1.458625129337143562e+03
-1.784166078367469936e+03
1.708943379622878183e+03
-9.655178739792249871e+02
-3.537318745519121421e+03
1.851281462923324398e+03
2.319444452021437257e+02
4.746375633180177829e+02
-6.408372072921581548e+02
2.185120681254909414e+02
-9.484702451069387052e+02
9.186983107388924452e+01
2.134046308013198995e+03
5.061449302953411689e+02
1.581441268976481297e+03
1.653512007485575396e+03
-4.490333595945655247e+02
1.139040282805733113e+03
-3.908510964396011786e+03
4.887584651376461125e+02
-3.437912427172240655e+02
-2.477424588135949364e+02
-4.173897514773270245e+02
2.623526336028371588e+02
-4.104058559487675666e+02
-1.136135510700520825e+02
6.741414796786668830e+02
3.533924331428931964e+03
-1.570326802673578868e+03
1.964842531025028620e+03
9.305487195431012424e+02
-3.738393082734539234e+02
1.334024357461324598e+03
9.347032821493138499e+02
-3.318769938557505270e+02
-1.101144884699412387e+03
6.089201276070099311e+02
-3.358502427609918186e+02
1.955517620013708893e+03
-1.528441297826225536e+03
6.063546961269356217e+01
1.383774542615472456e+03
-3.266288562861340097e+02
-4.092913118425550465e+02
-1.233542424546974701e+02
1.729270902922197308e+02
-2.974594499280920701e+01
2.696167646923537177e+03
-2.459836449059749157e+03
1.805807013939021601e+02
-2.907648779992408095e+02
-2.546374438799307882e+03
-2.206139840342836123e+03
-3.015677499936866752e+02
-4.572797382295350985e+02
-1.904469743672231061e+03
2.870396647927546837e+03
-5.348565369595228702e+01
-7.290944944440516338e+02
7.281739389438321268e+02
9.834980327579831965e+02
1.786754518519469912e+03
8.586929223430739455e+01
-9.851409452214268470e+01
-4.059320046048522954e+02
9.117962847589092235e+02
-2.084423854404614929e+02
7.142631417485144993e+02
-5.514664310233868036e+02
1.437317210291349056e+03
1.380507638035883701e+03
-6.967398893570172049e+02
-1.942199937883333121e+02
-6.007117863636090078e+02
1.280785834799179611e+03
1.489100049443719627e+03
-4.507416253290376744e+02
-1.610895088966869025e+03
-2.555012340546613245e+02
1.094325351495355335e+03
2.138739295820776078e+02
1.026442052963099059e+02
7.030264941622320976e+02
1.636118097057833893e+03
-2.156383241679466664e+03
-3.459475686561817156e+02
5.238827325038173512e+02
-2.002693377152833420e+02
1.504473281069303539e+03
8.465987031373265381e+02
-1.768009575585920857e+03
1.802300076399125828e+03
7.977170408993861201e+02
3.983169165178587718e+02
1.007850829301704948e+03
3.156727843193541503e+03
1.347442994186443684e+03
-2.199528827807640482e+03
1.610364436708431697e+02
1.225769083574363549e+03
-1.870837649055359407e+03
1.068428822076048164e+03
2.982424442291715536e+02
-4.512026652673233116e+02
-8.587217114766523309e+02
-9.187354265372165401e+02
9.207520632761847423e+01
3.697236887659339004e+02
1.244486904599725676e+03
8.795483405938812211e+02
3.265374017327955585e+02
7.492092587551798033e+01
2.149285787266198440e+03
6.776467193294071478e+01
-2.030641125893736444e+03
-6.427702534452484997e+02
-1.676609296917003803e+03
-6.957034427092168016e+02
-2.678250513594014137e+03
-1.218128182333771861e+02
6.097874891106999939e+02
1.686878200707595170e+03
3.495120421889767925e+01
5.360414246368839031e+02
6.521944715428679729e+01
-8.979724031108211193e+02
3.589708788394157182e+02
1.224708530257333678e+03
7.018814996621327964e+02
4.700336781409371270e+02
5.262777870505765350e+02
-9.427489831515364358e+02
8.538374974732885221e+02
1.161155437822452541e+03
-3.263152161265946347e+02
6.145542202914691643e+01
1.484820983357584367e+01
7.663923456182511984e+01
-4.044909850655419064e+02
1.566872966188075679e+03
1.049773269653132274e+03
1.599153633188074082e+02
1.713564166779016887e+03
4.916228342169556527e+02
1.180604348277819554e+03
1.408111651228882238e+03
-5.418857362606163264e+01
-1.303235132017459591e+03
1.031447126376157115e+02
-6.565214279477672790e+02
-2.123103616079188782e+02
7.684900708635325373e+02
6.258185831426970935e+01
-1.864875048717907248e+03
-1.289594838413105208e+03
3.876101687142827927e+02
3.138226284629608926e+02
3.374161249261387638e+02
-2.401907324683454306e+02
-3.487406822273583202e+02
2.022869506788972330e+03
-4.365202076402206899e+02
3.871997281069454289e+01
