-2.511492319802002826e-01
-4.903679049210845076e-01
-6.067495307043551112e-01
-7.970629458624199914e-01
7.530891512865944826e-01
1.584900966418080204e+00
-1.029432145151136568e+00
4.050571818555963599e-01
1.043235399960834364e+00
1.232207718802107221e+00
-1.539589475767203286e+00
-7.558094855224187780e-01
1.525283051139026513e+00
3.790984828303053944e-01
9.391087088962555285e-01
1.069940532158880631e+00
6.112534817333985515e-01
-8.472901173315418033e-01
3.828323336283760980e-01
1.707694989172515054e+00
1.073212872825866304e+00
-8.159262211638544926e-01
-1.930136123819068961e-01
-5.652353912400125413e-01
1.428171859509776986e-01
7.215873666578405121e-01
-2.011215077077554980e+00
5.958699940275984375e-01
1.409151053307549084e+00
1.612044417662739093e+00
-1.287159831852128677e+00
4.997193145061676889e-01
9.706691586618800827e-01
1.256729129797644617e+00
-2.012158127473925862e-01
-1.946619933326703578e+00
-1.457675642818162309e+00
4.746863440339137985e-01
8.333858126066817640e-02
-1.476875019153669033e+00
-4.709959934193113096e-01
1.569193194848496287e+00
-1.108489414754135760e+00
7.498428003474197912e-01
-6.905227796999657830e-02
1.379084585446390676e+00
5.699794915519551530e-01
-3.235613653605741713e-01
-7.131600092114798173e-02
1.680799516093813839e-01
-1.417150770098094315e+00
1.250814747700098151e+00
-5.708351377983729158e-01
1.063165904431902398e+00
-1.741240074059827281e+00
1.353057361914622447e+00
-7.787699060895945102e-01
2.941259431432862170e-01
-3.900866067153674344e-02
-1.929760866038379152e+00
-1.037896139454883349e+00
-2.005691176973914303e+00
-7.127272342029818963e-01
5.538482508823112660e-01
-1.121662232627010924e+00
7.165264570350629025e-01
-1.360862437283286042e+00
-1.257778112729009079e+00
8.537734210441034755e-01
5.070946012370031175e-02
-1.470076027864013479e+00
-1.118470604626415899e+00
1.297565870013933642e+00
-8.813812424914992949e-01
9.055902595761597951e-01
1.339425131594947471e+00
-2.512137851239285569e-01
5.329919267538848482e-01
-7.106945311393486620e-01
-6.986719815109343479e-01
2.059768861688338060e+00
9.416954376395844095e-01
2.369773845591269801e-01
-1.292326643027239097e+00
-1.369467991391522865e+00
-9.801283006052929903e-01
-3.003766076424462250e-01
1.231677697080819867e+00
1.192985573929475684e+00
-4.541395998508048759e-01
-1.798773637459282870e+00
-4.459754235475926754e-01
-8.270205693010255210e-01
-8.911768139786654386e-01
-8.215998307317402549e-01
-1.134932836451169269e+00
-1.219967708402192041e-02
-8.801359927467511390e-01
8.941375740141509487e-01
1.381578393750858003e-01
8.092088380184399021e-01
9.717636888622965818e-01
-3.340686826843035084e-01
3.363657256766491299e-01
-6.597038292855235131e-01
4.133544155144101007e-01
5.095001942026886610e-01
6.924052932131372629e-01
-1.762930899908707882e+00
3.222644176343089639e-01
2.356349402743478927e-01
8.705146821230245191e-01
-5.212074042153896913e-01
1.232560679859974861e+00
4.607826382595865411e-01
-3.220714049895647135e-01
9.262766343289121629e-01
-2.009517341581592120e+00
5.778088644943241148e-01
-3.236176406190671706e-03
8.108106126931891033e-02
-1.004502543890914756e+00
-1.449650403314198532e-01
6.530466628333286838e-01
-1.035247861867041097e+00
-8.202446659458426659e-01
-1.822855339815661058e-01
3.558455860061051634e-01
-9.754055768658087544e-01
-1.262264687525283868e+00
-8.500806693177436202e-01
2.441084710007853098e-01
4.407637096702321511e-02
1.964843516103212062e+00
-2.731601623646895405e-01
1.436663452604501456e+00
6.209403138166103009e-02
1.585341378869224549e+00
3.181374635055106426e-01
-1.010100628941433376e+00
1.116147261189627038e+00
-1.631468180706455495e+00
1.195834699405923240e-01
8.708349908641221937e-01
1.043721331353789639e+00
-1.482651921299668940e+00
-1.283769324760854813e+00
-9.233258082005586509e-01
3.326463073325869324e-01
-2.832589603532562617e-01
-6.418703005056685118e-01
5.043285644636803511e-01
-9.863638716012892438e-01
-2.270338054697031427e-01
1.379195352516578765e+00
9.740296720210916970e-01
4.938792615863966673e-01
-5.480188245651791412e-01
2.005381851514791869e+00
1.687686483274264959e-01
4.765108437538719266e-01
-6.925552034558152270e-02
-9.445239857121912053e-01
-1.836342875308460743e+00
4.905270915078454030e-01
-1.010379966696048903e+00
2.749053696760787591e-01
-1.278893444164186377e-01
9.446948667805683542e-01
-4.872957487290451861e-01
6.120615356724568024e-01
-1.075121311977293548e+00
4.507168831020962885e-01
1.941349348626083993e+00
-1.279111862737726479e+00
-9.587353271665408627e-01
4.940524451778834925e-01
5.361871936037398978e-01
7.303520846315222359e-01
-1.184011306765221594e+00
-2.095692983859659408e-01
8.261596747220949499e-01
-1.010558852301761235e+00
-2.131738824384991737e+00
5.769016192117353281e-01
-1.140394199380261764e+00
-1.349202226327752552e+00
-6.313308863077299327e-01
-2.895797289045326517e-01
-3.426572555071341064e-01
-1.350004903541557333e-01
-5.918888891395641672e-01
-1.592245351111406082e+00
-8.768610815280263315e-01
-4.964363212210977094e-01
-7.260009530310900239e-01
-4.071026749847762027e-01
-7.226958957762953384e-01
-1.081202538890917997e-01
-1.244047671900492258e+00
-8.694092898768324140e-03
6.106457555415218952e-01
-1.156423723592085784e+00
-1.586055560435336798e+00
2.126076363459764584e-01
-6.522241093469695050e-01
8.592633163108023275e-01
-1.731265265186129998e+00
5.029305596084969743e-01
1.975564191413901605e-01
-1.030224708785012933e+00
-1.424617524332999485e+00
1.350806362895601964e+00
7.735567430978664838e-01
1.383963618654656891e+00
-6.822234116626042510e-01
8.632224454152819249e-01
-1.406998313226847097e-01
4.930699062610591765e-01
-3.306164975977868847e-01
1.014334531072505152e+00
-1.587676157133484645e-01
-1.265083935043447294e+00
1.925502629385781983e+00
-7.127160324232342248e-01
1.613182451805183160e+00
7.056950625469137206e-01
-9.629212009163716779e-01
1.643895354492972416e-01
-9.210824548249523236e-01
9.967920330684898467e-02
5.073335498641307062e-03
-7.677399322423443806e-01
6.301782840940177710e-01
-1.293905584318632229e+00
-2.321483164936250176e+00
-1.081930068913614651e+00
1.469073550874731460e+00
-2.807318573851211307e-01
1.262744700788140051e+00
-3.710094393300729099e-01
-1.251637536810956686e-01
2.062659388736233002e+00
-7.852413184943664026e-01
-6.512357007617410876e-01
1.563727268605271892e+00
8.145795091415455325e-01
1.424219573191375598e+00
1.028162562034424132e+00
-6.549050842414863016e-01
1.053193417128468479e+00
-9.734829300327583201e-01
-8.733448988757003262e-02
1.458635520017876219e+00
4.205847762197468809e-01
2.467923274358327923e-01
-3.939436982658942044e-01
1.147843198148640775e+00
-1.325464476083336063e+00
-5.772542820408812503e-01
-7.884779392418722610e-01
8.110033795606798046e-01
-6.707113614482184127e-01
6.473868372303992480e-02
7.148021705801159698e-01
