-2.642047743324321685e-02
-8.001275862101351333e-01
-2.894524809350036421e-01
-1.801488510252756692e-01
1.902882385577263857e+00
-7.694831380874025406e-01
-3.154162081923365779e+00
-7.780505213485398031e-01
-2.436618263406257867e+00
-3.737001213275902956e+00
1.273342647201143318e+00
-1.832678381537328427e+00
-2.387895179055281147e+00
-1.752653123998867635e+00
-2.057283109983387703e-02
1.202479942765523280e+00
-5.216934484015502971e-01
-5.780177049171868475e-01
-2.586944158871916422e+00
-7.136955379860265847e-01
-1.534101527069084314e+00
-4.718493852592298143e-01
-1.992269463990539169e+00
-3.628688356045257080e-01
1.086086897115457583e+00
-3.582514995491266063e+00
1.638643414717040891e-01
-5.255987582809071856e-01
-2.362972275361790775e+00
-1.069826893815063462e+00
-1.952469997935399437e+00
8.981564295340883630e-01
6.266947914248632845e-01
-1.484990491680457048e+00
7.112840612683075658e-01
2.991629562718450153e+00
2.831687059309268228e+00
2.474816621854718957e+00
-7.881781882801914829e-01
-1.376031486856382768e+00
-1.912141737396001462e-01
3.944723013154352920e+00
6.720581671996783690e-02
-2.638166089634055744e+00
7.501475638203349838e-01
-1.909371206274259603e+00
1.317971526609156729e+00
2.377104856980118530e+00
2.806389012491487644e+00
-3.471272716705001482e+00
-1.409251008502006464e+00
1.939958480043493250e-01
4.007505037850371821e+00
-2.377622798282765793e+00
4.460797173955866057e-03
-3.346276073291610809e-01
2.438797178898908236e+00
-1.083899845427083175e+00
3.001637269757579496e+00
-1.675247647428382392e+00
-2.903616971988388418e+00
4.104072426134141693e+00
-3.304607985927253910e+00
-4.139000260361543226e+00
-3.794499877158722945e-01
-1.032530670925873917e+00
-6.427956062515814972e-01
-1.797053486993025251e+00
-7.034561990066395820e-01
-1.814630916430408636e+00
2.485698197012569111e-01
-1.159667108319936357e+00
-1.903596834348157074e+00
1.618893512952453761e+00
-2.001897550587651509e+00
-2.132077791490845975e+00
2.003100544143385342e+00
-4.915034478962201359e-01
-1.297098994466283628e-02
7.462946327509982769e-01
-5.070544185594014763e-01
1.071275383646336232e+00
-5.147607724415531605e-02
2.959439487977299166e+00
1.354963489777601282e+00
3.330532959086585976e+00
-1.698402428006311471e+00
-8.396078821485577492e-01
-5.096318550601682817e-01
-8.549198335641989832e-01
4.992622602510385921e-01
-8.382100403622341211e-01
1.332613833340851484e+00
8.077746402140278947e-01
-3.760702401456686994e-01
2.628443195181167091e+00
2.175322943693883904e+00
1.861043646342335212e-01
2.532769792158866995e+00
-1.331966854271634970e+00
-1.685848062912949086e+00
-3.015931446500017543e+00
3.345204151506117274e+00
3.042480963556208895e-01
-2.885068437513174100e+00
2.250328034653815479e+00
-8.447915776600112281e-02
1.337706461932795410e+00
-1.497725032333956818e+00
-2.170929761868971575e+00
2.018095042893837121e+00
-5.394722333106549694e-01
-1.069696148775315159e+00
1.289263229701307578e+00
-1.686236584474314348e-01
2.360331815134076194e+00
1.622359694355214543e+00
1.040231185389070667e+00
-1.939176462592080874e+00
1.948269741957514789e+00
3.609285435352366012e+00
-1.400755379502661935e+00
-2.151948829192261048e+00
-5.553283795596166694e-01
-4.797535081775426979e-01
2.536544904444074433e+00
-1.023113722038327733e+00
6.472158252903523201e-02
-1.220709666094554335e-01
-2.074365693691725632e+00
1.808063104521497655e+00
-2.071273964676020984e+00
-6.979880878835278413e-01
-2.904056137589742459e+00
-1.622218279161544707e-01
-5.057853311171016664e-01
-1.295050186632311640e+00
-4.996858907048619125e-01
-1.899373452221202463e+00
4.253604022512539551e+00
-3.401251349152720316e+00
2.717606763356097854e+00
6.420503959708492303e-01
2.755485066402855843e+00
6.233304684034326471e-01
-1.897974843355365371e+00
2.242066802044640816e+00
-4.883514291442685451e-01
1.331252212427543435e+00
-4.586890781762287261e-01
-1.719885056188589889e+00
-4.597858067216147870e-01
1.006528660472926440e+00
2.358457653253208441e+00
-2.573106352063260438e+00
-5.493783741119737662e-01
-2.189505997703007356e-01
-1.686931395638031628e+00
6.144959524466075962e-02
1.748226631134040421e+00
3.537182284751241301e+00
-1.746479766468144623e+00
-1.218412126375798543e-01
1.272026252549648406e+00
1.156179947172525591e+00
3.391340379343644740e-01
-7.335227502965095958e-01
8.747126795887618655e-01
-2.336587220412218446e+00
3.086339077337228787e+00
-2.312867430723536621e+00
-6.809553228558822280e-01
4.217188025250724337e+00
8.055610307537743875e-01
1.542715648822164942e+00
3.522690046207419545e-01
2.619865638732046698e+00
3.357146994129847073e+00
1.502233189545412184e+00
-1.049584459358104960e+00
1.077443903828123384e+00
-2.600652710920123400e+00
2.684860752915810611e+00
2.671473690825100888e+00
-2.087513440224275207e+00
1.102297034653745955e+00
-2.281025651995303605e+00
-2.715107870091013176e+00
-1.361748229863122717e+00
1.770286132252642197e+00
-1.841316888359119108e-01
7.220909493752187824e-01
-5.097623602234200302e-01
-1.981814854191202180e+00
-1.669499784886781857e+00
9.789893334955808157e-01
8.001589677603268003e-01
3.480024101701850725e-02
2.850051075769761244e+00
-1.252520008282616892e+00
-6.606254287613679832e-01
-4.607690823413073122e-01
2.345659116216166407e+00
-1.797607052449165854e+00
-1.951527547860027578e+00
-3.785612121597160318e+00
3.714089699386778687e+00
2.781903143478006601e+00
5.746091340214101173e-01
7.102099344097809741e-01
-4.879591791282263946e-01
-1.503634015821442516e+00
1.522503675386784883e+00
2.160175683951460091e+00
2.158621422664931622e+00
-4.416659879359303709e-01
-1.946068689856167211e+00
8.662817408188140389e-01
1.576701338597632507e-01
1.521657299412619180e+00
-1.238881950248215791e+00
-8.149832574844391164e-01
6.108851394777360388e-01
1.985550550059305364e+00
4.112629706325034995e-01
-6.613472091607131009e-01
2.321260464228929621e+00
-2.715503412398843075e-01
9.220039030927713597e-01
-3.018523268802835169e+00
-1.445337262703994874e+00
1.926051019108884210e+00
-1.792118913713966366e+00
1.046985236594462521e+00
-9.333262231842495149e-01
-3.294264492809253486e-01
-1.808248118293505957e+00
-2.647754953353914864e+00
4.388616996992615871e-01
-7.025582088975357298e-01
-1.330230120366213908e+00
1.810737362431218411e+00
2.843506481230111960e-01
2.218268229101002298e+00
-1.738189665374063386e+00
3.986908851298966994e-01
-2.873260489241371118e+00
-1.315007900451466982e+00
1.708047265098521894e+00
1.383186349548052085e+00
-2.136657400845157984e+00
1.234333204756326019e+00
-1.114114928705285834e+00
-4.893587853645375851e-01
-4.245924889621005005e-01
1.211548986861258337e+00
-1.453251804214765963e+00
1.545079587458116466e+00
-3.449028828393231993e+00
2.259317155661716647e+00
8.165034835750848430e-01
-1.124898163329499656e-01
-1.000353403600631186e+00
-6.741554265926887890e-01
4.422483845606617336e-02
