2.250359027406954038e-01
9.423644297202584674e-01
-7.655293802904468148e-01
4.001102261905482571e-01
-1.856018825166674269e-01
-9.199445186447670064e-01
1.486091143643637480e-01
1.802193655762922564e-01
-9.235350049546915407e-01
-6.552436369695753271e-01
4.517597808528850400e-02
5.533791044833840100e-01
-8.524329736147351344e-01
9.886651009207128027e-01
3.814095895551963267e-01
8.228307447091938176e-01
-9.267108760999112071e-01
-3.720634858399551881e-01
8.267919900544089540e-01
1.637308481962973516e-01
6.069978849453583347e-01
-2.338899704363623933e-01
-4.899367597158366117e-01
-6.361709812881333193e-02
9.494161825113054398e-01
4.317874857289487611e-01
3.958738787699198625e-01
3.065897573649325469e-01
-8.999603656108698946e-01
7.302700909716697275e-02
4.990815103650447782e-02
8.132512020868842839e-02
-9.028455874939480541e-01
2.596523635440937117e-01
-2.178758612982589771e-01
8.391112605433272975e-01
5.242228050505499670e-01
-7.601657063873752396e-01
5.707098561496510847e-01
-6.927814103712275351e-01
1.547577990728201680e-01
-5.392911374231015298e-01
-6.891319945775771227e-01
-9.959536255390859516e-01
8.089630165380925497e-01
-4.026965249535394697e-01
-8.617214718697094877e-01
-5.844101306387188277e-01
-9.573771173379679311e-01
2.872525949366002695e-01
-2.041332679188647692e-01
-4.352236442015859907e-01
-7.206780921024118491e-01
1.078585795187778640e-01
-3.777574181462064473e-01
-5.629626749087590643e-01
-7.425674359705816130e-01
8.568653891214659257e-01
3.958802826465235292e-02
-4.705593796260096884e-01
-7.643723049094583999e-01
-2.298446819427679699e-02
4.211602984306321851e-01
-8.912451253974875698e-01
4.113891051203679705e-01
-1.811880123914562102e-01
1.119657181551287906e-01
9.086953848074625917e-01
-3.049071855416374266e-01
3.530679561394511889e-01
4.916786662654277773e-01
-7.709183614684502750e-01
-5.718853753101340587e-01
-8.150453527952328248e-01
8.158912116881020804e-01
-5.270617157366550565e-01
3.413218715052088736e-01
8.302914742622484745e-01
1.640626568914917982e-01
-8.738788370959855722e-01
7.287582300864627882e-01
-7.053527352597777078e-01
6.908730365729198741e-01
8.959794695191520830e-01
7.934535773914479506e-01
6.026718752232280707e-01
-1.536275551738670586e-01
-3.690105695361383109e-01
5.814202782357009713e-01
1.160954433024112831e-01
-2.222233022825064186e-01
8.182022930939674144e-01
-5.839952564515891176e-01
-3.647330873875445079e-01
-8.258707087058523300e-01
5.945415760871057831e-01
-1.508916557267279135e-01
-3.612043042512160795e-01
6.723285443207211998e-01
-6.457024246359790443e-01
-7.633367894371976270e-01
-1.141744291179174198e-01
6.509571740450152966e-01
6.719617912450899233e-01
3.034737871524264552e-01
8.003389698298821742e-01
-7.300347984246153832e-01
-9.538189047070375626e-01
3.520079419628823203e-01
8.983292084875262873e-01
8.167892091117319175e-01
-6.438149668055976882e-01
8.589688794569896313e-01
9.546695614875877478e-01
9.644796455702557836e-01
-6.626205585475668514e-01
-3.396656787844669623e-01
5.800578124060340457e-02
3.830214563972547115e-01
7.226982408317705886e-01
8.758582403070993561e-01
5.531075221031396261e-01
-6.063814382356378374e-01
-3.331278757307432059e-03
-1.047595568841670488e-01
-3.199763102869594977e-01
-6.549154501256682082e-01
8.636274031844863863e-01
-9.598719314700723260e-01
3.797330417676270109e-02
-8.908714285117558251e-01
3.772154314699900368e-01
-2.351633917079252178e-01
-4.266769024992533854e-01
-9.776749731066340932e-01
3.173509367180797902e-01
3.897356742291846476e-01
8.937309009770408874e-01
2.999143006294633373e-01
-3.163055036179958091e-01
8.858814184317227447e-01
-6.840468436803566199e-01
-2.837602581097442567e-03
8.786670222266468322e-01
-6.369277870406018227e-01
-2.739936131777342965e-01
4.060463326313050736e-01
-2.918083705466842925e-01
2.497402094825791341e-01
-3.671453811067637574e-01
-8.033205891549042299e-01
-8.476287689927142210e-02
8.493010122367612436e-01
1.086000405349580866e-01
-2.077127176243818152e-01
9.289256739325255641e-01
-8.871070919899197715e-01
1.738154919987513480e-01
-3.215832982949009544e-01
6.308762104719092267e-01
7.733325927531924382e-01
-2.379036245401768834e-01
-3.421779110628506704e-01
2.504416650758736207e-01
4.270781652385065019e-01
9.793796823962583886e-01
-5.067320597108171398e-01
7.656428435498858764e-01
9.398975859672926703e-01
9.566952412619529333e-01
-8.562622267795478859e-01
-6.515931139273274386e-01
5.842172553925206735e-01
-4.400583952410990207e-01
-1.737605454806085969e-01
-2.537773275064030276e-01
2.300790689331302374e-01
-4.841357526750589280e-01
-4.730461953807840736e-02
3.409184298598315621e-01
5.877734398037512964e-01
-2.316313465655424064e-01
-2.926566325621438036e-01
-8.598177225046785832e-01
7.744246226366415797e-01
1.326881386247913408e-01
7.085984897172452612e-01
2.590553037125280511e-01
8.345267951770274362e-01
3.471148791151690283e-01
2.748395275579316177e-01
-3.651551362777356591e-01
-1.015524356606249956e-01
9.010962026525557445e-01
-4.941086075522411747e-01
5.630981105967007849e-01
-4.145365863252830074e-01
-4.634059798127321272e-01
-9.249551068724368719e-01
4.521657859211416497e-01
-1.367427243861536468e-01
-4.559070478679776439e-01
-9.858855034385114458e-01
-6.986897135738756592e-01
3.670530714047415266e-01
-3.261497751258475297e-01
7.163158807556044838e-01
-1.294583750220910101e-01
1.862225241110728735e-01
-5.826144016987995222e-01
-3.367002969205461493e-01
-5.431690826879151945e-01
-5.048538308461016921e-01
-6.367420282637712425e-01
3.917100593529856400e-01
-6.909831638964503142e-01
-1.857203911921503359e-01
9.123672551295507471e-01
7.554741603526886617e-01
-1.233919414134654335e-01
1.368223599534605928e-01
5.542078502582703514e-02
3.726943151299451085e-01
7.112873763233935609e-01
-2.832291979715899632e-01
1.271855858201447198e-01
-9.079077549166962857e-01
5.178789319530832103e-01
1.990482417128081050e-01
-1.074643141080100506e-02
-9.269485525672851445e-01
7.783056506151915244e-01
6.867521479982072741e-01
9.979433038590306282e-01
-1.865692988490066373e-01
5.140890803518605168e-01
-4.574452223474083645e-01
-7.872283302034734920e-01
1.608266703046374868e-01
-7.659330183716686058e-01
-5.931913533664872062e-01
4.581397531783510946e-01
5.830378237804545449e-02
8.435987318692361736e-01
-4.928441878768081708e-01
-6.377889387930719689e-01
-4.072885011971241198e-01
-4.475469718505202810e-01
1.421989466662170187e-01
-1.600687611712625635e-01
4.413376962080339805e-01
-2.914263070712497239e-01
7.155302924049349311e-01
-9.644838067327496933e-01
4.463286372700421278e-01
6.721650521358444319e-01
8.323701323485603876e-01
8.234902495732003835e-01
-7.198217360045706670e-01
5.245549057241332136e-01
-6.058333133729871811e-01
2.472020102674741260e-01
4.816291537088661645e-01
1.914360011541482720e-01
8.431623574275703970e-01
