6.877613056040530193e-01
-1.661969131889347029e-01
-6.765098505744682189e-01
-8.490582328776448140e-01
2.851494711246904679e-01
-2.598672462581401721e-01
9.016449514932691756e-01
-4.263440626255270427e-01
-1.612339313850299494e-01
-5.952769660622760917e-01
4.423199895074263477e-01
4.813741068115233723e-01
-5.241122591358071681e-02
-4.512069248512644570e-01
-8.960874303559005494e-01
5.127271519953640055e-01
-3.256650219128554014e-02
3.132553099778290218e-02
5.791593225623776764e-01
6.494218596310710190e-01
-3.399057412913448761e-01
-7.895310651881399799e-01
-9.888304238834144666e-01
8.321477828895007534e-01
-2.049742191979004868e-01
1.607859782920930680e-01
-8.654747179509223454e-01
-6.952852797004178687e-01
2.873759644347382292e-01
-5.748947337727994267e-02
1.380186860006757943e-01
-2.462810713716157007e-01
4.594998276316366592e-01
8.618902639823753375e-01
3.685276870509150982e-01
-2.014685753510288002e-01
5.699999266510589191e-01
-4.193391657730642930e-01
-4.227277173358090501e-02
-2.797135630672873408e-01
-5.247892103254434559e-01
-4.790066334653384494e-01
-5.414378862789281932e-02
5.887764688688843506e-01
-7.403965044578271204e-01
5.406528683140059410e-01
4.168949272726107935e-02
9.403746167740820727e-01
-2.906811274539400358e-03
-6.609314657927589653e-01
9.091653626257840681e-01
4.977799359589005768e-01
7.526895941431461790e-01
7.510570175384552183e-01
2.499925223478527414e-02
4.846264710908501083e-01
9.092411677876039988e-01
1.085013048310874417e-01
8.824083315102666525e-01
2.713643143918376133e-02
-8.841700386364406139e-01
-2.386688505692202700e-01
-8.564531515373186021e-01
1.785515790374405665e-01
5.260213087567802148e-01
6.037477133545225971e-01
8.291250831950713884e-01
1.628973516169345270e-01
4.261486120342901085e-01
-8.426774229851590192e-01
8.469234012385413735e-01
9.965779882230088038e-01
4.943671191184055846e-01
-4.185843805049138666e-02
-1.172674091519398942e-02
9.836686351652184079e-01
-5.198627169889058486e-01
-6.420061080242436269e-01
6.193048932873770340e-01
3.165215962468057587e-01
9.823941303171825901e-01
3.462087867153276211e-01
-9.638130478470730012e-02
-9.031263967063603015e-01
-1.363212721388280535e-01
7.078854838132913052e-01
-2.862530708127835055e-01
-9.202035131687149594e-01
-7.615145512035683684e-01
-4.762408662374919555e-01
-6.591406779110351444e-01
2.593253075884642822e-01
-1.243113325697660088e-01
-5.273490986306952344e-01
7.288462143244733848e-01
-8.144336256298583265e-01
6.844443079494197946e-01
5.087375362820494296e-01
-9.861486470021385564e-01
-7.619776856277735710e-01
9.458580034603945030e-01
-2.719948462693309033e-01
-3.823139370850028307e-01
7.076609661531902962e-01
-4.449673022464728511e-02
6.135964809801819353e-01
4.817196604316460462e-01
5.772566677866963758e-03
-6.047177252015163429e-01
5.981712017900031597e-01
8.223953817461053806e-01
-7.704697590774562954e-01
-9.886455222931032072e-01
-7.799218021251543842e-01
-7.749218274396170170e-01
-7.992412887079776151e-01
-1.692478881311509920e-01
-7.538495441469872382e-01
8.557712188615622662e-01
4.810481664639409960e-01
-2.593738035010795251e-01
3.529944937157816209e-01
-3.164439056043466536e-01
2.768692641681287370e-01
9.397952804360421020e-01
3.887076926512076369e-01
-4.482603855351887656e-01
-2.477169263204648253e-01
-5.164022739027325226e-01
-7.182085228418100264e-02
2.054562570215574535e-01
-1.728181555669630054e-01
9.431262941599432015e-01
8.040228099556889774e-02
9.834594497890258857e-01
-4.262819162612234702e-01
-7.703936875544494800e-01
-3.343853589266452264e-01
-9.022082701582567754e-01
-4.045163218080456424e-01
1.272455722766197006e-01
-8.243666595627452409e-01
-2.671429921779644445e-01
6.672278288831914317e-01
9.211916771593584574e-01
-7.115834282620643325e-01
9.857933727708241278e-01
-5.152733445014632263e-01
4.535286841338386221e-01
4.509137571453787352e-01
2.125688250155788328e-01
3.702181632990186877e-02
-7.722817811634725693e-01
1.583359592515947156e-01
-6.492171079004251943e-01
-8.093703630031825469e-01
-8.329360770731095709e-01
7.511509426546920665e-01
-9.522784391661163195e-01
3.473910589875510713e-01
7.631590461150701277e-01
-4.593345936260395668e-02
-9.057415399777999365e-01
5.865348319848548986e-01
-6.486906132075287434e-01
1.742437108647547639e-01
5.544443566869492468e-01
6.335787791794960100e-01
4.501330920307418104e-01
-7.522938715454088321e-01
-8.602314525548955260e-01
9.694786267923161116e-01
-9.282557613477651071e-01
2.415813207822854469e-01
-8.923439104914223652e-01
-2.726124042460709163e-01
9.987660770385167197e-01
-6.252847225607487402e-01
9.954210779335499470e-01
2.690998982903649583e-01
-6.805791223072654716e-02
-1.647157806123449308e-01
7.895958442459738436e-01
-6.865644517378111100e-01
8.707649011293956409e-01
6.479641099589479314e-01
-1.333670054378470748e-01
7.983492763272721504e-01
-3.882352986325601218e-01
-9.391310608206859811e-02
6.617026847016731494e-01
-6.393423974903833518e-02
-6.555865069608131090e-01
9.170034584919741771e-01
-8.660673194502948036e-01
2.241046409829596797e-01
-5.306987988428135683e-01
7.544769352756730552e-01
-2.780239063404283950e-01
7.276763863736397386e-01
5.374010162089768450e-01
-2.922372981154575111e-01
-1.440259011797400124e-01
-6.075971078290696159e-01
3.390798354578730134e-01
-6.411696703203670911e-01
-1.250424405419403584e-02
4.704355904866077687e-01
-5.291124438703551647e-01
5.871403944909623362e-01
-7.263924593842137067e-01
-7.917487947545891469e-01
-6.946950791255031010e-01
4.752231317768405017e-01
-7.413177498710756819e-01
2.783014372263223901e-01
-6.966345680297383325e-01
-2.632265951230383649e-01
-7.949751244959661900e-01
-5.293967809134445535e-01
9.686534853038448745e-01
9.444739188753059622e-02
7.407938614157214552e-01
-4.528850293291468709e-01
2.908893492550161941e-01
2.486930941137499573e-03
1.981297794117606870e-01
2.632953478806163705e-01
-6.241461172692919224e-01
-8.529680559753169966e-01
-6.613511454619189767e-01
5.516023313920981330e-02
5.278974582486237743e-01
2.668819487132458868e-01
-6.390782566170944978e-01
-7.656820309306995309e-01
4.480514156159420835e-02
3.878942915388661206e-01
-4.515976429498016476e-01
-6.980288747537510829e-01
1.317462130179889446e-01
-7.034994090379245169e-01
7.398236786831247080e-02
1.458652020495854185e-01
5.407743358558365632e-01
-6.641057103949223883e-01
-4.559350519358649212e-01
5.827505205257503818e-01
4.164687352252258723e-01
1.546035062980515296e-01
-7.861262814435778790e-01
7.849376240216596745e-01
6.289734101868851290e-01
8.997071727668615182e-01
-6.476417864723769124e-01
-9.846931053940473078e-01
2.907025542365759829e-01
-5.811401077736650933e-01
-9.574785163505663554e-01
-9.152053736012317753e-01
-1.883360978295312016e-02
3.961394403887135152e-01
6.455719553946193123e-02
3.379940672423544790e-01
-8.769377135805800361e-01
