3.600486015834550635e+00
8.631328690548638605e-01
1.794025998717089676e+00
1.619208389787581304e+00
3.181384238069457027e+00
-9.334194895933284331e-01
-4.598361306031076845e-01
7.289173722995799798e-01
-5.340204571177362691e-01
-4.648179388266188816e+00
-4.182437594049448037e+00
2.234980513773750399e+00
1.804369120728196219e+00
4.032679784077949137e+00
4.058717864486089510e+00
-1.889032432035431031e+00
1.994065037743096402e+00
-1.543277529056274799e+00
1.348677847439013311e+00
-1.115718115481201256e+00
3.939992127467070393e+00
-2.714660434742893980e+00
1.789454184464232878e+00
9.864723211546883030e-01
-3.672712803722616215e+00
-5.472731684024783050e+00
1.376730210449105485e+00
-8.733203541368725342e-02
5.706442674954232075e+00
-4.346117454786445400e+00
-1.585495408057675526e+00
3.194881051519576909e-01
2.038941346868404114e+00
-1.032161218958755233e+00
-2.141648911414466561e+00
-3.248435937622649927e+00
-1.560082633259195495e+00
4.869360391342984762e-02
-2.588194917186517952e+00
1.512171348333050114e+00
4.980070753769479275e+00
7.971954366768374545e-01
5.126119877914730338e+00
1.722609088915604714e+00
1.059568904704507819e+00
-5.040847944936981406e+00
-4.028615573904878566e+00
2.671275791987764991e-01
3.464862215604889606e+00
-2.675725367372026930e+00
1.882112813685157482e+00
-4.332525420303735553e-01
-1.946469275710092095e+00
-1.248757934657036994e+00
-3.622908823039818316e+00
1.068374000640404553e+00
-2.450344326386315164e+00
2.273875192815143720e+00
1.998692413017536529e+00
1.023396770006802958e+00
-2.400291448765849101e+00
9.441633234003918296e-02
1.876010783431189433e+00
2.036104368177602097e+00
2.630803803717538525e+00
-4.349083905912825898e+00
5.172532724916927727e+00
-8.167394404917511785e-01
5.415599165088892164e+00
4.175631391755858957e+00
3.126474016502283959e+00
3.429214413462052136e+00
-1.667619030115780054e+00
-1.305568013051414011e+00
-2.774997577196339993e+00
8.633212744454551446e-01
8.514747382278927690e-01
-5.521179676419940563e-02
1.180380029694115152e+00
1.556652318700327609e+00
-1.305584182771601487e+00
-2.463227599674486790e+00
-1.918882275835203322e+00
-3.424845203897181278e+00
1.851774195872092577e+00
2.052275560207682314e+00
1.863099405930105812e+00
1.922149502992137160e+00
-2.267485783811392430e+00
4.496329132711059939e-01
-2.388453474895023909e+00
3.157066344249369827e+00
1.515604178304516880e+00
-2.473277802664269664e+00
2.230006760515547359e+00
7.665359544870017361e-01
-1.920587209495567826e+00
1.755616326697276408e+00
1.355804758970270418e-01
2.740920192976967762e+00
-1.622669243258698879e+00
3.239629858899415460e+00
-5.730584712367691180e-01
-2.639793118526048588e+00
-3.362606592176701881e+00
2.660206418117758265e+00
6.176357948887425398e-01
1.167950232281115497e+00
-1.035066264458561314e+00
7.407604647806953491e-01
5.587440671309897855e-01
1.149867304991752492e+00
-1.020921449732595132e+00
2.779988489664457330e+00
-1.978324022436820817e+00
2.681049385343226010e+00
-2.796020696656844606e+00
1.418638669915380568e+00
4.276438790381495991e+00
-2.583820020140120910e+00
-1.342995262587502125e+00
-1.234943957439418871e-02
-3.488225729577469902e+00
-5.944309832988400322e-01
4.088244041025729913e+00
-4.156505555101377425e+00
-1.974653694779445745e+00
-4.345040084705455996e+00
2.368029862237849059e+00
-1.659952172094397715e+00
3.377864751562207779e+00
-3.746847652211032109e+00
2.957059213267741737e-02
-8.358878168539910503e-01
4.892037778639065415e+00
-2.853245956482655110e-01
-5.993097091807907617e+00
5.409922831602544058e+00
-3.168277093055428928e+00
2.185797186720740193e+00
-2.906559606059240686e+00
1.451003041274811833e+00
3.108411260681989141e+00
1.426074150662516304e+00
3.344033626464453679e+00
1.207223734826410544e+00
3.275097912150332746e+00
-1.523677204342306801e+00
7.388404022351112710e-01
-3.519951350601061568e-01
-4.475106200366163023e+00
-1.318709306298353923e+00
-4.285162079790856282e+00
3.555624942125476640e+00
5.436502346467443125e+00
1.902567643250635987e+00
6.187927705643805343e-01
3.634848000327703943e+00
2.155452429233228884e+00
7.719556606401591914e-01
-2.387521355099074150e+00
3.099040950981390985e+00
-7.331863403733753337e+00
-4.851006106705475496e-01
4.525711350549398659e+00
-6.171514226631964473e-01
3.273833781930653775e+00
-1.946946059360558756e+00
-2.581007397594046182e+00
1.398893353995040112e+00
-3.911618815408386851e+00
-2.113525432980372099e+00
-1.551309314113150428e+00
1.044173372497887886e+00
3.010757249030500127e+00
4.465897482288337272e+00
5.060660559682601090e+00
-1.636316982404647735e+00
-6.199151797745570125e-01
-1.145666174565197482e+00
-2.149598954610180357e+00
-9.650828245150935292e-01
2.430413027230505563e+00
-4.054431835319663335e+00
-1.910875677289546548e+00
1.526093169395355220e+00
3.722318463664521238e-01
1.708888183906784597e-01
-4.989686737039418785e-01
1.557714116919158009e-01
-4.432658856935293379e+00
-6.387721245713369189e-01
4.544738734613298803e+00
-7.578036939613664869e-01
2.075715681329607598e+00
-9.657396462858387765e-02
-7.725085272698222205e-01
5.387509550397180380e-01
-1.307321036520488589e+00
1.220433013437957737e+00
-3.884453620066884438e-01
-9.840536371858595865e-01
1.034327507571449090e+00
1.965607235918269247e+00
2.200143040606360678e+00
-8.209622996701717579e-01
8.204945817431519295e-02
3.660494195196343448e+00
3.113877676999363686e+00
2.696519701609192410e+00
-3.920083753382724634e+00
-2.574084646571647372e+00
9.343706513405849456e-01
1.181829786875342903e+00
3.990692303910498229e+00
3.008118861014565937e+00
-1.641476964345715883e+00
4.348026893910903468e+00
-1.025845334740445480e+00
9.000194967965873261e-01
3.149558481465857263e+00
7.742099647444806720e-01
9.499155403202701464e-01
3.517986768357002525e+00
-2.647860995887492574e+00
-7.416305150594200146e-01
-3.319620218793877697e+00
-8.196384466207687902e-01
3.421772168105758460e+00
-2.682841106347506610e+00
-2.250691756194985960e+00
1.791059358417865788e+00
-4.633539179326401580e+00
-1.547399889930222594e+00
-4.333402194217022441e+00
-1.811471151847606986e+00
3.117360421948131233e+00
-6.365192830716259742e-01
-4.740096133248531407e-01
2.633589406758145124e+00
-2.617034098506860307e+00
3.607072275108128778e+00
-1.842545415395589137e+00
5.521459522508003204e-01
-3.432038542241222512e+00
-3.079790255023516110e+00
-4.290107222865822578e+00
3.970473390284618986e+00
-3.086534492167317456e+00
-3.879592176219369470e+00
2.675699700639739276e-01
4.399742150100417248e+00
5.029114848665277027e-01
-1.279145068480347369e+00
5.793030456202962419e+00
-2.269768275116285317e+00
1.042994087429410577e+00
-5.551006556876431297e+00
1.218508513823134631e+00
-2.569220298427641769e+00
4.425980403552355114e+00
-1.253652686179474562e+00
3.762866024592337322e+00
3.019557756976485319e+00
-1.587029159975936743e-01
