-8.979693719506987026e-01
1.776215380552850220e-01
5.736157596106008505e-01
7.499460985398531676e-01
-8.967933780036603242e-01
-2.488876267430655265e-01
4.208401487213948577e-01
-8.745655520887063439e-02
-8.530257398314466943e-01
-2.980429397076678200e-02
1.989447167108115977e-01
4.859787897747458452e-01
-3.843818245808037215e-01
-9.184766328552114167e-01
1.404186222291070596e-01
-5.071786761158909584e-01
-8.852240327283511512e-01
1.919376396829917120e-01
-4.594708264185298763e-01
-8.734288657569804215e-01
9.673350456119946816e-01
-3.147063764557003207e-01
-3.105816207685725416e-01
-8.326523950265452001e-03
2.496624205945583430e-01
6.827822977943327487e-01
-2.717245479501899652e-01
4.248392212217086961e-01
-2.618333446403942055e-01
5.996911653877923243e-02
-8.566875811795184870e-01
-3.870144953775693786e-01
1.958498207144874215e-01
-7.815836973707488422e-01
8.866042111601448727e-01
5.076695994691093894e-02
-5.505541704730456676e-01
-9.588493176693699827e-01
-8.053319009235309078e-01
7.877708179630338314e-02
-3.527273320219832531e-01
-2.325903283192953808e-01
8.151946128877332054e-01
-5.022163636274354914e-01
-4.306312203034541319e-01
-1.310894297276168352e-01
-5.916403900237183766e-01
-3.060679297355946016e-01
-2.458816336729443552e-01
3.108962995359096926e-01
-8.474805592139771360e-01
8.288354844131744503e-01
-8.638075003592420309e-01
4.572654067063728345e-01
1.005953157556143118e-01
3.541967919797293085e-01
2.609045804774288158e-01
1.628714025659512288e-01
-3.405569420813716608e-01
5.331520056009602104e-01
8.938398855528162379e-02
4.460020074611925622e-02
7.432587362362195194e-01
-3.173158514983476230e-02
6.379322828850708671e-01
3.659777454348887016e-01
1.989275336457436705e-01
-2.163617711335308336e-01
-4.491279356827135860e-01
7.438914445114002127e-01
-7.483213469528757766e-01
-3.407596450432184287e-01
-8.918563022782892702e-01
-6.903266268295622510e-01
5.495947757136814271e-01
5.890792808842240103e-01
-3.570271504658750761e-01
7.042889369379705666e-01
9.565806086524595298e-01
-3.657652003608835578e-02
-9.571415495188904110e-01
-5.921413014312753020e-01
-7.566723206928327450e-02
-6.031067386195985147e-01
-8.663453627372335042e-01
-4.448015996521967885e-01
-8.656894997186603824e-02
1.871117066703400500e-01
-2.248997095991978057e-02
-8.665645597998472560e-01
-9.417740204795892467e-01
4.198727058636646525e-01
8.076036009959353112e-01
1.418058191180484595e-01
-5.250520894914771919e-01
-2.679354368378759066e-01
-9.044107830566237016e-01
3.412083319360363909e-01
-8.671815702927012648e-01
-1.013540316241281491e-01
-8.151532720440073376e-01
-4.418653290602942985e-01
-6.797618552136257541e-01
-6.717248037950076522e-01
1.593543901380167771e-01
-8.037803708472519570e-01
4.057321204961519268e-01
-3.073544314502087982e-01
-3.485130094340109785e-01
1.635563618339610503e-01
-4.163363623782794232e-01
-7.661860926480543732e-01
-6.620391629992987692e-01
-8.759443510156130763e-01
3.956248647649307504e-01
-7.941379470855964851e-01
3.874489713681013026e-01
1.964947976489959114e-01
5.999532376012013390e-01
-9.999438320378253309e-01
-9.108193886234290382e-01
-2.680461951457382419e-01
-1.139676644558005325e-01
2.024982860060871026e-01
4.679892193843353532e-01
-4.490224028502636244e-01
9.113935300477342683e-01
-7.553910178928888719e-01
8.690238605400721905e-01
-7.925906719349797847e-01
-9.863254154314184952e-01
-8.412174168264119345e-03
-7.713064778803957466e-01
6.618496077977291669e-01
-2.814052963841611188e-01
4.496048319472922827e-02
8.234389642840165280e-01
-4.675789617487262628e-01
5.998023914868784168e-01
7.320049408486475340e-01
4.420732017911830347e-01
1.960677110372799348e-02
-3.657082039194912149e-01
-9.628093764085781103e-01
4.501022665564922143e-01
2.613732746321020262e-01
-5.660835524645790873e-01
-2.283840333161692993e-01
-1.368118462186811435e-01
5.732862712845663289e-01
1.843597214956123054e-01
-5.811297797406422827e-01
-1.299034988745515484e-01
8.058698032377400455e-01
-4.523862431676666240e-01
1.933317556515146141e-01
6.995269617626953540e-01
5.884768814386533986e-01
4.819655257522426073e-01
-5.650845764323175757e-01
-7.876530685555396261e-01
-3.855244403904656281e-01
6.058397242143183092e-01
1.597346511753054976e-01
8.649037676957267440e-01
7.013149181775006902e-01
-7.071288098806556288e-01
1.705235802031690451e-01
6.077985349889569733e-03
9.348408018270411013e-01
-6.985490169843351360e-01
6.600943142482063042e-01
-2.370375908792772268e-01
-5.073485789171110483e-01
7.535421022322841278e-01
-3.438467497349879665e-01
1.932162336706100270e-02
8.033966809322605762e-01
6.901758304870735383e-01
-6.714061676058711292e-01
-4.406998021874317661e-01
-3.418615735482195550e-01
8.757336992279922683e-01
-3.583734514233882784e-02
-9.162848584404386099e-01
4.534683208619272321e-02
3.414957391311723711e-01
3.443169204200717815e-01
-9.004123977949278768e-01
-3.337873736494125776e-01
7.954395992552949490e-01
1.846081878265677378e-01
3.102687718225396463e-01
-8.833420648337342307e-01
-2.816185361725631608e-02
3.866513045884656385e-02
-1.742564098945378337e-01
-9.049582568349701095e-01
-3.512766771330684268e-01
-6.743656989526967127e-01
-3.362998936401737637e-01
-2.186165540488682613e-01
2.323444479198573109e-01
5.257415421551725476e-01
-3.369725514357186924e-01
-9.815603243590540483e-01
6.537318227626491840e-01
9.773842403439236826e-01
1.262590147310818089e-01
-3.888027262245832283e-01
3.071484253048604174e-01
2.210256361518605495e-01
6.613349421236036640e-02
2.589412801391142160e-01
2.639069885366165380e-01
9.848583957457484050e-01
-2.094294304619142011e-01
-1.389340560346585818e-01
-1.646232229572757166e-01
7.153147638997452429e-01
-6.173390264518645587e-01
7.794031574368223136e-01
-1.634223404694443715e-01
8.479694969670252824e-01
-1.631529076075328710e-01
7.399876341320732465e-02
-9.006375540295414872e-01
8.744485082477164717e-01
-6.132110432225497121e-01
6.404518011025102098e-01
-6.138322445162958108e-01
4.457414194618805059e-01
9.589012633609101943e-01
5.028144349022083404e-01
4.509946867183867170e-04
-7.140193977571918094e-01
4.825942712503703547e-01
2.792698355475646821e-01
-2.753235470430355214e-01
8.845088246461172421e-01
4.594141945913217118e-01
-1.878025898021604689e-01
-4.619689464438234694e-01
5.841489749316637337e-01
-1.211351769746571438e-01
6.664658203049340646e-01
-9.855874844312668692e-01
-8.414507789864964504e-01
-2.017623038459632756e-01
-8.550101320120733206e-01
-4.454166402064234642e-01
2.005665491338899376e-01
-4.951254632211945506e-01
8.255056244811256327e-01
5.306548812470199827e-01
1.674107498176014008e-01
2.918714256122747486e-01
-9.028111613720724016e-02
-3.706926780966588453e-01
-2.996103428788436940e-01
-9.870787461474901381e-01
2.877149882680978266e-01
7.381519589806395665e-02
9.275535145470998888e-01
-2.975500783829865270e-02
