1.152093872785878759e+01
-6.422170280187671096e+02
5.330229464008702678e+01
1.573878753675426481e+02
-2.068500335701591268e+02
-1.127854138146821299e+02
1.256116192375016283e+02
-7.995144559725277986e+02
3.042166916988181313e+01
4.554111253461264823e+02
-1.131363702018738167e+02
-4.376185861212949391e+01
6.010340956861757888e+01
2.647828909236145591e+02
-2.817480505260940760e+01
-7.941418154133280893e+01
-1.251768979111464475e+01
2.792015898012487582e+02
1.685085973660509922e+02
2.419815321640839727e+02
1.823654500278721855e+02
4.321121048271391629e+01
-3.173713944204718018e+02
-8.790641376882595637e+01
-1.384414214959792560e+02
2.927869839941461123e+02
1.266828086482588560e+02
1.007770393018038533e+02
4.066450346915988234e+01
1.781768418676894328e+02
-1.311907023069251466e+02
-3.112586995257529452e+02
2.154581769965669196e+02
3.097525250631646827e+02
1.001936885337250516e+01
1.433590224351140741e+01
2.035213205338568798e+02
1.155296220291931064e+02
1.221731947745902858e+02
-1.031307803400860905e+02
-7.715295151942613927e+01
-3.463296467023168930e+02
2.277738050232618150e+02
9.865657928804684218e+01
-2.493242544845565192e+02
-1.332381563575574148e+02
-8.321366983157096797e+01
1.106083342180974540e+02
-9.736196847336429983e+00
3.193406505598014746e+02
-4.640265942362887586e+02
5.032424512916889370e+01
3.226363562496099462e+02
-8.332223432042611933e+01
-2.801494801948666336e+01
8.971777398614267440e+01
-2.090893354815569012e+02
-1.080985814978991328e+02
-5.665510855365155862e+01
3.526261078985722719e+01
-1.665886794049677064e+02
3.026278414344283618e+01
-5.819950452669872476e+01
-2.197135275342462180e+01
3.840525409319543826e+01
1.238994987979829432e+02
2.980507848466845076e+02
1.039967431283097170e+02
4.008555856340083210e+02
-7.054309434680639015e+02
-7.939971681540600912e+01
1.224343101559841926e+02
-3.129218485383387929e+02
-2.635690152400215425e+02
-3.753882165152042205e+01
2.188920777956899499e+01
2.102794275640107742e+02
2.500937698125854070e+02
-8.840533457230635717e-02
1.675652343096897425e+02
-8.801362168515463225e+01
-4.462061257784854007e+01
-4.193154877684578992e+02
1.353434576747806943e+02
-1.573607312485662817e+02
-2.025258160737021456e+02
8.973829870343493553e+01
-1.390626054105067624e+02
9.325687908123484471e-01
5.248619288759533674e+01
4.589923727969461993e+02
-1.680694599800189906e+02
-2.738790353756924674e+02
1.204170240497482780e+02
-5.664662906126068975e+01
4.691550498337186355e+02
1.195940226302777987e+01
-8.628159094545961239e+01
-2.761937726114095426e+02
-1.145795543149042288e+02
3.764279621928921671e+01
-1.428571790175901413e+02
-1.418966114583232923e+02
6.726544131941651017e+00
5.996168856406295617e+02
-1.503655035076269826e+02
7.353285816899553140e+01
2.498937189495408973e+02
3.888839635752862733e+01
9.447110364584594322e+01
5.075972852433484661e+01
2.036160800194393516e+02
-2.255332913008272726e+02
-1.529492194861931580e+02
8.995100212848970500e+01
8.925623025147080725e+00
2.450465652150945317e+01
-2.405629365394445642e+02
-2.804080297297238644e+02
-3.389631789734332870e+02
2.153519030053627432e+02
3.207619778808725641e+02
-2.545195470023517430e+02
-1.405860950926970077e+02
1.207778839167777107e+02
-3.291841284956794311e+02
2.398789436893810318e+02
-4.136319766824764770e+02
9.956005059336298757e+01
2.431801919071969564e+02
1.707828791893345510e+02
-3.041764198448386196e+02
-1.151579925268920164e+02
-3.413873646482923050e+02
9.504179621785351628e+01
-2.707380490471363714e+02
1.758154085922032266e+02
-2.863380061647725370e+02
-2.978511616074786161e+01
6.115095699520416019e+02
1.830267226054009768e+02
1.827002293508562900e+02
8.672030277853541236e+01
1.285476509065873927e+02
3.296217213147132838e+02
-3.813527774997118769e+01
-6.769976098111166607e+01
-3.363398465566845630e+02
-1.225590489825306975e+02
2.861784851983830436e+01
-6.157077173285057370e+02
-6.973899076193679036e+01
1.507218117177364149e+02
9.670601693419013145e+01
6.107215871225974979e+01
2.726111130584536681e+02
1.677374913971780188e+02
-2.038233892380765866e+01
-3.643842066566189146e+02
-1.234867948385354453e+02
-2.940991915943026243e+02
-1.565277059675245823e+02
2.749667149730125288e+02
-8.512658625941075741e+01
3.725108484853117830e+02
-1.587872106129180452e+02
3.168507464754194984e+02
2.110488583341516033e+01
-3.834176041894777143e+01
-2.720898556294969239e+02
7.811902093861009178e+01
5.100401182039295378e+01
7.551923341531355049e+01
3.037112038693550176e+02
3.447456952493514848e+01
-4.391597919537214807e+02
-1.627788683248152779e+02
-1.176699644706929249e+01
6.516054996641466701e+00
5.127680573749405823e+01
1.950107725702972417e+00
7.208642512359402588e+01
1.635281185124953822e+02
-2.473065177971986657e+02
-4.189607422834575345e+01
-2.692415606338552152e+02
6.630162890513503271e+02
-1.554730037682584225e+02
1.282627394387810398e+02
-3.290708562598160256e+02
4.827340629754910992e+02
-2.314177675344419072e+02
-6.797619320383358854e+02
-5.887936258522905746e+02
2.785146674581014281e+02
1.976195710488299540e+02
-1.532980132598961909e+01
1.065483218502534868e+02
-1.353925652926844805e+02
4.921069613280886301e+01
3.299060038918338478e+01
1.029118370491471666e+02
-1.470064350332035303e+02
2.456965201409855695e+02
4.444951230548652461e+02
-4.231158155046986735e+02
-2.083254601963531059e+02
-1.737962706957580963e+02
-4.637904010724170689e+01
-1.746485318889168248e+00
-4.820836430545775784e+02
-1.396226908039973864e+02
-1.763510323238687931e+02
4.264746416437165522e+02
-2.985808977975329412e+02
9.126180923077322404e+01
-5.527972751354932512e+01
-1.270726307305340583e+02
-2.570704410812716674e+02
2.717904661828484905e+02
5.837939922376823887e+01
-1.505349644412403620e+02
8.792369149913794502e+01
-3.404738260089926598e+02
1.194122955984829417e+02
2.043965075020647362e+02
-2.874477032311876883e+02
-4.190661750034887518e+02
-1.344451613747787064e+02
-6.396795361367010457e+01
2.050339891734982984e+02
-3.305423481400753190e+02
5.149111922917425090e+02
-8.966017618019120050e+01
1.312944831142962983e+02
5.807963528773172790e+00
-6.134391350546064103e+01
-2.045911708426033471e+01
4.863068429199065577e+02
6.003975423712835102e+00
8.322550268780861416e+01
4.280664606443777842e+01
2.907936936839984554e+01
-2.346610579056892050e+02
-1.805259725308944212e+02
-2.775189150874894040e+02
-8.719163078545692258e+01
1.153901626471545683e+02
2.785864520187006974e+02
1.842148718281893878e+02
-3.173114271037797494e+02
-7.157861999362367555e+00
-1.386131208571565026e+02
1.167389847681989039e+02
2.578073199383027259e+01
2.734980023365037738e+01
-3.717039823729525665e+02
2.674732475408210348e+02
-1.696307214012783788e+02
-2.456856092130782656e+02
1.413507031486390986e+02
-7.874071766862111588e+01
-6.904929286069207706e+01
9.470522331319777720e+01
-1.392029767821043151e+02
