6.131542103273355249e-01
-1.423085184524682578e+00
2.689604990425102926e+00
-5.149987561223884347e-01
1.062966773560054978e+00
-1.175806689569563135e+00
7.657095881810217497e-01
1.265799420930459607e-01
5.425183454847795073e-01
5.754259515042577933e-01
2.220274326136956411e+00
9.501261123756211679e-01
-2.350877475207464151e+00
-1.004003938393580875e-01
2.063232745546744074e+00
4.080604302359641666e-01
-7.765629289499829113e-01
-1.713689304273877889e+00
7.539641778178032272e-01
-7.016976834361379201e-01
2.770620808166206483e+00
1.514590423835255217e+00
-2.610733876471255321e+00
-3.298349916647599578e+00
-3.514011048986555252e+00
3.902503439752345926e+00
2.381479852975262546e+00
4.483644009854794277e+00
-6.789631908814877104e-01
-3.534150879568379366e+00
-2.994242804067821062e+00
-2.987787901507186206e+00
-2.110967592379199009e-01
-1.830288444540330017e+00
5.632192255818033733e-01
4.111433644881762994e+00
1.478068340854938878e+00
-2.671615612575977572e+00
-3.500688922789313984e-01
-2.851376902631930665e+00
-1.873575371652191457e+00
2.657055756493060805e+00
-2.047108134171086391e+00
-2.981515659321503087e+00
-9.830292174089612089e-01
3.367593714302635100e+00
-1.613497434381607754e+00
9.786342365693413425e-01
1.971016952797792099e+00
3.186561219285831470e+00
3.204833348727216702e+00
-2.609308652695233821e+00
2.382073746436662809e+00
-6.558364787483272895e-01
1.795307010440152728e+00
3.495107532520991822e-01
6.581573866923344784e-01
-1.828769484817719393e+00
-2.445158612447926760e+00
1.064699893596942726e+00
-3.063273945423947708e+00
4.114774511424185377e+00
4.383089622517706729e+00
8.606436457056801936e-01
-3.444788223967043983e+00
3.626257538938008729e+00
3.890772036890287833e+00
4.685721080620161239e+00
2.117915077092038967e+00
-4.124478913489351584e+00
1.944273099940654559e+00
6.466407692472009305e-01
4.498203144174905077e+00
-2.465875967768890398e+00
3.681532328090638462e+00
3.288625377365383962e+00
-2.392554195312613707e+00
3.561854636345626268e+00
-2.847614217407929971e+00
-2.298216707806889136e+00
-9.156098355889844553e-01
9.034062819535748634e-01
-2.689940124175634661e+00
9.489751468959660707e-01
-1.269460041433077668e+00
2.522066920688095681e+00
-3.393871615175555689e+00
-2.819127368603523975e-01
-1.077691465233589829e+00
-1.722090325589538562e+00
1.075123969334310203e+00
1.289395991693408350e+00
-2.817339683981674447e+00
2.655676164907746717e+00
-6.494632354856580969e-01
4.729088501200013894e+00
3.406293510315358652e+00
3.267471134511811037e+00
8.004584651808612783e-01
4.100084806686690175e-01
-3.519735140327469036e-01
-1.336367337800316024e+00
1.063745515164653543e+00
9.367921549628178690e-01
1.667653358007342046e+00
3.855710747019229334e+00
5.037705349209598893e+00
2.111995030715030808e+00
1.388536100990231503e+00
2.897006914544679734e+00
4.901684356667671549e-01
-1.595407986404800749e+00
9.593527743908092376e-01
1.579132066986424165e+00
2.134646157760426988e+00
1.352008723065871276e+00
-4.281742419060947213e+00
3.903530051582541904e-02
2.151895262241242612e+00
2.606802052397111602e+00
-1.010215616288205220e+00
3.146540442414820671e+00
-3.861776162336218454e-01
1.172760593032493581e+00
-2.182810595633782214e+00
-1.475244809267866886e-01
-3.725119478455426236e+00
2.546785838553367931e+00
-7.595293049894069615e-01
1.401243141893101285e+00
-2.261542327572678701e+00
1.252659860934995262e+00
-7.816132174836994961e-01
6.073749120215553576e-01
5.859962433045955432e-01
-2.350026435867784258e+00
-2.190908745666433344e-01
8.747748937321329077e-01
-1.416380786580589135e-01
-1.644346202314505234e+00
-2.451422402714033666e+00
-4.329019675630012998e+00
1.833358028371548709e+00
1.697020004246123648e+00
-3.739476076916486980e-01
2.475793841947849239e-01
2.070972983317993510e+00
-5.712768384876732997e-01
1.599958345056042619e+00
5.033780317364040080e+00
2.954303777064512637e+00
6.302869884850785809e-01
1.204049827446002308e+00
1.237346689070477623e+00
2.090592591985854565e+00
1.379235729414933553e+00
-3.799510646095805022e+00
2.820998877542526095e+00
1.228897427641311602e+00
-1.725573959814292513e+00
-3.777314147477971673e+00
-1.311690963695259171e+00
6.305511717011743622e-01
1.626269442198889914e+00
1.216123968861700710e+00
3.318060796559430869e+00
2.881709193076074982e+00
1.155827051648234960e+00
-7.961387920490199388e-01
-1.865383652451610530e+00
3.544966139954661255e+00
5.519635451716378149e-01
9.210813626737178739e-01
1.201285821919809926e+00
-5.309298243729045907e+00
-2.566242245551981771e+00
5.606569085175197031e-01
-1.671497888322868386e+00
-1.644666565019577753e+00
9.589460752826394208e-01
4.020192087557067140e+00
3.871816449778285651e+00
-2.416722052480567928e+00
-2.724343133308400056e+00
1.665953240757381271e-01
6.901136498942130881e-01
-5.156017991675970746e-01
-9.399426103232486618e-01
8.389081455442368718e-01
1.105546203946010664e+00
-4.008412931937987977e+00
1.867330308256689886e+00
2.555213708655515781e+00
-1.381369375938907851e+00
1.208174422717457897e-01
1.712012935000518432e+00
-1.333610920017803014e+00
2.402987563130588866e-02
1.603486751464195947e+00
2.674602858464655286e-01
-2.940890240483128970e+00
1.811448891276968620e+00
-3.755086457679556844e+00
2.890235435770556194e-01
2.776208981491574690e+00
2.064038697435464975e+00
2.362934302076421522e-01
1.021941976917713601e+00
-2.193193183134715341e+00
-1.980594016633194232e-01
-4.614438237619367555e+00
4.489180225144693837e-01
-3.445462867100253401e+00
-3.337023543400044368e+00
6.330165873646574903e-01
1.037598267908166338e+00
-6.780363236022865503e-02
-2.146451100922223409e-01
1.262072935656520123e+00
3.188539416773541024e+00
-3.048007620643614080e-01
2.321737849399582387e+00
5.265563792559382783e+00
-1.567821154034881037e-01
-6.908755252766530797e-01
1.672910142980984505e+00
1.598473409918330868e+00
5.834954347341827496e-01
2.435757257502925377e+00
1.192535451047384232e+00
1.479228357236913594e-01
3.917903151160112785e+00
4.241378799417955037e+00
-1.581563576953398220e+00
1.001704074867131311e+00
-3.456059187442625524e-01
-8.002141968089047097e-01
-1.682405828046781071e+00
6.546577092860044189e-01
3.987299811802559546e+00
5.343950757815777663e+00
-1.291453148154216857e-01
2.127873330636865568e+00
1.321690566195748984e+00
1.003295938383152119e+00
-2.512564855352446003e+00
-3.337281525135946114e-01
-2.975708725947300293e-01
-2.210893925585460940e-03
3.331655036112677326e-01
-1.474571694014769507e+00
-1.177778698959692560e+00
6.708031892940627960e-01
5.042230557426071735e-01
1.049228833437462649e+00
-2.790324908698967210e+00
-8.338502793930067103e-01
2.476227832291699738e+00
2.190480929748433780e+00
-9.861694713274140600e-01
1.358693896335240181e+00
1.606673023350719154e+00
4.565430054701209883e+00
2.078024072464985661e+00
-7.023101450146727043e-01
