-2.176592947620416274e-01
-2.319054813123896663e-01
-1.579976977086380296e+00
-2.460756394804455016e-01
-7.188796676835093047e-01
-8.493846453246894912e-01
-1.274568612071263374e+00
-1.876411191289122093e-01
-9.643746761332904205e-01
-2.445243596573083711e-01
1.314310432511054672e-01
7.434388374841965907e-01
1.094230358392938918e+00
-1.089746260088191310e+00
-1.012717188970637533e-02
-6.893382553278591951e-01
-2.408050883538010167e-01
9.241904151532613632e-02
-1.441418802121743337e+00
-1.444511357848463629e+00
-1.680569628728893594e+00
-3.246656458840871950e-01
1.318227095445995367e+00
8.374216922719717182e-01
-2.621164572368188672e-01
1.415154440283656889e+00
1.593197655371518806e-01
1.405562495522334476e+00
-7.336188937252707820e-01
-1.050523643153050246e+00
-1.496777247179350123e+00
8.751845543107800163e-01
1.335189466200999764e+00
1.486418927503641019e+00
-2.485922848696861254e-01
7.317666272641283609e-02
-5.858417852373101198e-01
-5.401867345511578156e-02
7.474378227086406756e-01
-1.014288796823633598e+00
-1.170501559566841987e+00
-1.037321251391590371e+00
1.122593027841902735e+00
6.869789897747899943e-01
-1.697478015557471132e+00
2.700326726024436796e-01
6.622231861539136233e-01
9.140774028610495483e-01
1.256144572665813808e+00
1.381046700026907326e+00
1.457242865337510462e+00
-6.202545459878650025e-01
7.258194941002789058e-01
-4.653976061585807789e-01
1.631070872466057642e+00
-4.385578601159040302e-01
9.223788970536024312e-01
-1.297498465064183870e+00
-1.246093390171180371e+00
-4.928309805134400978e-02
-9.634566946352879357e-01
-1.367469139420238511e+00
-3.055765105878980314e-01
-2.427270685200073608e-01
3.662781474125590409e-01
9.132836501471022217e-01
-9.777807413128173364e-01
7.080760929013266702e-01
4.194995448394545634e-01
-2.268909704486932744e-01
6.581221656973986756e-01
1.324709289782187049e+00
1.154134460468692613e-01
-8.862736195630498415e-01
-1.459806020498617629e+00
-1.424014917388375379e+00
-4.945815586901342042e-01
4.844818402639348986e-02
-2.312390645178485360e-01
4.831418649281580269e-01
1.197388903730212784e+00
-1.632019922410402613e+00
1.061653646043923871e+00
1.551537541904987050e+00
6.381615716160502494e-01
-1.789927899948811074e+00
5.092073772103868912e-01
8.422869286470295869e-01
1.340102491755176484e+00
5.408203090562597737e-01
7.765061833289410576e-01
-3.944489717015838837e-01
7.979459099855094051e-01
9.577586087727296693e-03
-2.977488044974591075e-02
-1.415576269760869810e+00
-1.483633922237739711e+00
-8.734863253212347134e-01
1.149724683965229310e+00
-2.725803865660107461e-01
6.448478218141033835e-01
1.083866237207624650e+00
1.100773418332907427e+00
1.251676272155927694e-01
7.236141451475044395e-01
-9.707537420735781186e-01
8.127239990429192540e-01
-5.009252659287689591e-01
4.137476551259917229e-03
-1.222409115237997002e+00
-7.052776524840820294e-01
-1.574986963299155107e+00
1.315674706458633159e+00
1.524374126388405415e+00
-1.095370361352614452e+00
1.213230001232324495e+00
-3.099495733634012318e-01
8.180901980416368513e-01
-3.211823535184750722e-01
8.313327389123388311e-01
1.323176362359769209e+00
9.619558916972317242e-01
-3.679408444874960882e-01
-8.012094073927367166e-01
-2.082495841034686379e-01
-2.263651477236504617e-01
-6.451461043465587242e-01
1.661938259605522106e+00
-7.470716804506817299e-01
-6.793339391570734076e-01
1.728696173790107204e+00
9.255493938435183088e-01
-1.563318869824438240e+00
1.127993928654596356e+00
-1.237010330640771150e+00
-1.869110108612893173e+00
6.636407549917998638e-01
1.475237905366267199e+00
4.944199992521745024e-01
-4.351597011466222797e-01
1.123074229086226783e+00
2.167337366151770445e-02
2.084023970828421390e-01
1.326765571524907844e-02
3.890788594537021305e-01
1.007064914597557870e+00
-3.652841869530566443e-01
-6.468987839213607982e-01
2.140062372317979023e-01
-3.422719441157354159e-01
-2.373459117806825946e-01
-1.567024546247573147e+00
-5.013800629437682455e-01
7.027035453189997005e-01
1.054554739553546366e-01
-1.685858024892261664e+00
9.423620031276780384e-01
-1.517595025279863119e+00
-7.136637737704638607e-01
6.641866039302500857e-01
-1.101197303704713359e+00
-1.084300021589432284e+00
1.458790869354450737e-01
-1.585320719037102144e+00
-1.842726431747460092e-01
5.789443019689534120e-01
-8.671000709929413963e-01
1.848581047364864283e+00
-5.490550587058514731e-01
7.624361960445080744e-01
-4.552607396290516140e-01
2.774772864410454121e-01
-1.217470842775314255e+00
6.605894352475980558e-01
-9.420748677004059379e-01
-1.958689039461737780e+00
-1.715155554225908041e+00
7.727033487690374014e-02
-8.600614954587953997e-01
1.103360709865859324e+00
-5.327118452579471253e-01
-9.596776212365767389e-01
-1.717138503348145884e+00
-1.829015925976609086e-02
4.153354534836485312e-01
1.398398957326244307e+00
1.441006796364860676e-01
-7.150697797509159015e-02
1.450999658823604932e+00
-6.864312850280706035e-01
-1.793270399826489614e+00
5.834915891495010554e-01
-1.085303292082716586e-01
-2.995777716837357274e-01
-1.050723751234566988e-01
-8.007519202304150818e-01
-5.792133707509138363e-01
-1.354670219731608949e+00
1.292596234597025662e+00
1.036052228761675353e+00
-4.873455539111929413e-01
-1.415544649161054824e+00
-8.244287914577150822e-01
1.926578595484371714e-01
-5.627423078094707654e-01
-2.162274909612706963e-01
-1.570440748991336344e+00
1.743007012051913440e+00
-1.412309053295379702e+00
-1.629672196341868384e-01
-8.218702445259963296e-01
1.044514646352372234e+00
-8.942727718598439957e-01
1.838976569706658015e+00
1.485339383979137118e+00
8.822632060223627448e-01
-4.592557885409723761e-01
1.247414315053241296e-01
1.290171097140681011e+00
-9.460000675327162600e-02
1.389577633494726738e+00
-1.569140114825728238e+00
-1.301003522809884017e-01
-8.949553667429828163e-01
1.797063588093153585e+00
2.060617767902910291e-01
1.393901181684977342e+00
4.447242147805509083e-01
1.276463636067986407e+00
-1.455394941019703570e+00
-5.946825604235296270e-01
9.833039713665413517e-01
-5.109856040171572023e-01
-5.989457376883520201e-01
1.378745998833360353e+00
-7.514764551042470986e-01
-4.181167351455617465e-01
1.149332135919573394e+00
1.642327592119639246e-01
-1.028939755884002549e+00
-7.242420673907493667e-01
2.617159744181848935e-01
1.492727790913847441e+00
-6.961330375197707365e-01
-5.103947921240731267e-02
7.843944295341102046e-01
-1.034411235662207051e+00
6.311287251255964792e-01
-1.806298566908805192e+00
-1.537739368792589101e+00
1.004661852165175340e+00
2.253869623443677805e-01
1.682104499264589270e+00
6.502986816958853389e-01
-1.322933862383980641e-02
2.943933526442751858e-01
6.677805663713761719e-01
-1.719260008166572096e-01
-1.131777568524084732e+00
1.416777009775828544e+00
-2.631476376773960180e-01
1.310768819505699900e-01
9.836953556813474719e-01
-3.533382057907334950e-01
7.853557219597908645e-01
