7.139196533066319850e-01
-2.725705398608256891e-01
6.650172756468660795e-01
3.638744631800118201e-01
-1.037314300365009156e+00
-6.807416847983982500e-01
6.364912532282670510e-01
1.356092100102867182e+00
4.437825936687463946e-01
3.958842321106978979e-01
-9.505132610929110104e-01
-1.013223355576166274e+00
-2.748649235476408048e-01
-1.108628765296052920e+00
9.995560200047673982e-01
-3.374807256891402263e-01
-1.326299037119189173e+00
-1.847600822530862663e-01
1.147024374232500366e+00
1.129950974006989295e+00
-1.773984548148527463e+00
-5.823975186428004269e-01
-3.655470259339543837e-03
-1.231873608996225444e+00
-1.394150031503474052e+00
-1.377535960206472510e+00
7.748373303742669416e-01
-7.797154745844118162e-01
-1.018924483059354680e+00
-9.574637250293160928e-01
-3.434315400651547501e-01
-6.494174251826368982e-01
-5.103780648398670294e-03
3.442060093969878665e-01
-1.471309302193206880e+00
-1.380682147618030875e+00
6.709884040822924334e-01
1.586399219540173489e+00
1.128287472971026162e+00
1.576229219890162181e+00
-1.029157675763866742e+00
3.222827596886557178e-02
-1.257423809216769772e+00
-1.569314752839202409e+00
-4.731112870964748751e-01
3.186685860972289230e-01
-9.003765247551540618e-01
4.653243410663436830e-01
-8.430778460067640534e-01
5.219651935404397980e-01
-1.086957626350216088e+00
1.279094942500246912e+00
6.692340493218792430e-01
5.420392147664268023e-01
-3.422727864508109397e-01
-1.027690621725230624e+00
-1.364265430135050750e+00
5.759211565535966582e-01
1.087127793256538855e+00
1.746291749183361608e+00
-4.777040053391717889e-01
1.141524513029311461e+00
-1.208575232610156647e+00
3.744352694547037341e-02
-7.883162274177726303e-01
-3.627545672608343263e-01
-1.182260717622047874e+00
-3.911509198851212954e-01
-6.218559737725380954e-01
-2.079484191123935899e-01
-3.608571816484068551e-01
1.584515675747117047e+00
4.435039758673519072e-01
3.720418902660127536e-01
7.383064060543202967e-01
5.287006568104505311e-01
-8.996683547675337067e-01
-3.170696395678113122e-01
-1.312967854558094949e+00
-6.988692856643984319e-01
6.038100936759139836e-01
1.952555687376626992e-01
1.202875479805106673e+00
2.290160159161036546e-02
5.931422815110279911e-01
-4.462219173411227091e-01
8.446609837098603135e-01
1.474196037586095409e+00
-1.463233676543189699e+00
-2.986520477301597420e-01
-5.745554320526423675e-01
-1.433482571911554482e+00
1.391728197926278110e+00
-9.156029310498450258e-01
-1.564778600213732940e+00
-1.338034195761554912e-01
2.230257695655692984e-01
-1.458795671644430136e+00
1.605295932712736295e+00
1.371361949801264135e+00
-8.641987727988351686e-01
-2.073204558521563046e-01
2.810352715317588901e-01
-8.797642912748808719e-01
-1.448025921733246291e+00
9.467496377455683065e-01
-6.707433667096673879e-02
-1.049910616484010628e+00
-7.936640380786820215e-01
-1.408816851347306276e+00
-5.318707170446864696e-01
-8.447159531454786485e-01
-8.006745873744293140e-01
-3.143994938700480635e-01
-1.180825716860975927e+00
1.391490359625128903e+00
-8.543470870133145212e-01
-2.702499290865851833e-01
-7.129654976965227320e-02
5.500487782528956648e-01
-1.032121735144043928e+00
1.834841184395421543e+00
-6.438498781698964724e-02
-2.111101276820193107e-02
-1.826352836637815003e+00
-1.525823006443937535e+00
7.196319868989164981e-03
-2.014504438917105178e-01
7.047370594899582397e-01
-1.455889574418572030e+00
-5.898635723851931578e-01
-1.163010707881397598e+00
8.612538859827867377e-01
-8.848123084709994535e-01
-1.030024056941175825e+00
-3.278667879915142525e-01
-2.460030266952677458e-01
-1.156611989036112842e+00
-1.431890714983820256e+00
9.886570003454636657e-01
1.027523499149623598e+00
1.246305688086274621e+00
-1.414418458235843223e-01
5.040020187663569740e-01
1.275561982219303392e+00
3.917989409527605771e-01
5.765951126537571803e-02
-1.612923198703709593e-01
-9.674809460000102224e-01
-6.972352459944621828e-01
-1.563135957047226299e+00
-1.744047627056851457e+00
1.632629994385911942e+00
1.190109195025801370e-01
-7.193660333405736962e-01
5.969836298214811210e-01
-4.058371931927476917e-01
-5.072226849426462181e-01
-4.963933284393675649e-01
8.872181316630255443e-01
-1.080869719942235019e+00
-5.470814428829542386e-01
-9.906718813656623102e-02
7.215233924093789053e-02
-9.597763409821218339e-01
-4.475914501039904847e-01
-7.900947437718067734e-01
1.695957183229315435e+00
-3.477759463613488977e-01
-3.023625453198709456e-01
7.481631148262155584e-01
1.064650106703361354e+00
-4.216622755043354376e-01
-3.991526737050241636e-01
7.261201048347178943e-01
1.213251117540088853e+00
3.675977911896788353e-02
-3.228371662457180102e-01
-2.472495639313148086e-01
1.165049406390284537e+00
-1.268567046138560972e+00
-7.878391160928177595e-01
9.912112738001802592e-01
-1.120668592798601537e+00
1.508220699888789484e+00
-1.305722352429711464e+00
-3.936007755317992851e-01
-1.663091841699215090e+00
3.049331307251511580e-01
1.026035665740337111e+00
-9.735599643426724459e-01
-1.592404380285852739e+00
-8.792145034097696987e-01
1.176160153932673147e+00
-1.329569929684990548e+00
-9.718595902828056632e-01
1.280780338820623143e+00
1.463262221158103227e+00
-2.051326948168058495e-01
1.099214151845965937e+00
-9.782922612288255104e-01
8.678046475328337062e-01
1.248307719305103980e+00
-1.576207582803655916e-01
-9.673250121086907072e-02
9.231160010387299275e-01
1.358445230837357132e+00
7.789587514579847660e-01
1.062356951451273179e+00
-4.870554184572959411e-01
-1.162038892986502647e+00
-1.070092122071012453e+00
-1.619057189016311904e-01
4.641056116884493266e-01
6.781795324468916641e-01
1.308085962285665094e+00
-6.593794513018368386e-01
-1.475490741124422023e+00
1.333075840103820742e+00
3.263569667128457530e-01
7.551804286245095144e-01
1.020002156820614125e+00
-7.534087970501349707e-01
9.465607112016536373e-01
1.776196313209653432e+00
-3.272487774264516425e-01
-4.916478399640031860e-01
1.315449116109303374e+00
1.076563651963616142e+00
-1.423716934744195584e+00
-8.993760058630889676e-01
-1.344315859949281045e+00
2.458022645874906598e-01
-7.862383104246465360e-01
-6.931362151802741289e-01
1.119168540455104832e+00
-8.355974641131898029e-01
-1.606011228311141181e+00
9.385768798779292599e-01
2.846366530825845675e-01
2.410882940510278294e-01
1.231973701301340984e-01
5.809116569800522045e-01
-5.767962750480292167e-01
-6.085602303129477031e-01
4.698152620503935895e-01
6.431353358401828979e-01
8.778230538223520396e-01
5.425917877441827075e-01
-4.741772164147027846e-01
-5.984218960901224182e-01
-9.581631783171125072e-01
-2.014740273249315816e-02
-7.805450818083726761e-01
-8.728290972005472437e-01
-1.734770100628822975e-01
-1.358295689975705267e+00
-1.003515437716913983e+00
-9.478461010299686906e-01
-9.085437612410992569e-01
1.270464880408197939e+00
1.161361657617260956e+00
4.577817475428299643e-01
8.268685220131695157e-01
1.293644735141651347e+00
