1.724153202171696542e-01
-3.068962321945676308e-01
-3.445819078455261142e-01
-3.846666888580525523e-01
4.270997385891996956e-01
-5.931120032389023411e-01
5.903006337052283392e-01
-2.431409239958317592e-01
-2.499079570445001952e-01
-5.033745711388164512e-01
-7.331899815371833995e-02
-2.357237596707104643e-01
-6.150165795673263602e-01
-2.135943723719591070e-01
-7.168979023917712023e-01
-2.266375422572903808e-01
3.122235641899926417e-01
-1.969493399041981618e-01
-1.517837693511214781e-02
9.142400189062840354e-01
7.019188388910388987e-01
7.998604569296263733e-02
-3.188158464218260324e-01
4.572689342308318139e-01
-6.319006925405201702e-01
2.620798923379372702e-01
-7.713162822479491254e-01
-2.110426801920002315e-01
5.373998268654203159e-01
-4.853149539243535315e-01
-5.506251802322092992e-01
-9.573421844396610147e-01
3.667785230175315547e-01
8.078600362752075270e-01
9.240324740628780287e-01
-7.142388979538916161e-01
-3.365420255965367868e-01
-9.594810926217058888e-01
4.564443264189452787e-01
6.546983184196180083e-01
4.342934656879824384e-01
-7.670996326893593231e-01
3.817118125458462963e-02
2.575723868869017608e-01
9.684515441196577257e-01
3.216063122250349959e-01
3.596248584708121587e-01
-4.489273795404744583e-01
-8.013997228158260544e-01
5.636055941511006750e-01
-4.971348188644473254e-01
1.990664532979879997e-01
-7.936947039554091976e-01
9.104178838935459428e-01
4.428309995808739075e-01
2.679804976921484894e-02
5.787587550391535274e-01
-8.540877287209209801e-01
7.838249983192420167e-01
5.010457103500394194e-01
3.828208319586523523e-01
-1.860507069524128809e-01
-3.059050475931772706e-01
9.712922074149865637e-04
-7.144269018111564229e-01
-8.282807214794412065e-01
-6.105035237448899199e-01
-9.330942538655240259e-01
-5.659197786130665264e-01
8.003318101559839803e-01
-3.017751819126932578e-01
-6.058611820813519788e-01
9.960962424761159451e-01
3.675298657605832187e-01
-8.175356303944356640e-01
5.017547706607543567e-01
-5.249555248694193210e-04
-9.284298130811845517e-01
-5.634139630776238139e-01
-1.902639067672153850e-01
-8.630967651590797374e-01
6.517913314318568574e-02
-7.381757960057198087e-01
7.265374270029150150e-01
3.273194510670618396e-01
7.243390161305998109e-01
6.553842298278715894e-01
-1.877661773679657475e-01
5.361677299449367773e-01
-1.953128611161594197e-01
-7.026709079585360396e-01
-1.278141814751461158e-01
5.350281332942590229e-01
-1.453047724315736922e-01
-5.971202173889762488e-01
4.461098687364906112e-02
2.873930311192687270e-01
-7.635990064870492589e-01
-9.043576183567889615e-01
-7.800436655817417630e-01
-8.859319934936256136e-01
9.900816913893195625e-01
-7.053690035667821157e-01
1.246463276776352824e-01
-1.087886082459277315e-01
-4.053660953214688334e-01
8.513832121655178220e-01
-3.729974797502333406e-01
5.234233375873320604e-01
7.554873659228384941e-01
5.999310049014658919e-01
-6.880536694121692776e-01
-2.369034639563101230e-01
6.601925703601438933e-01
-4.859058840305969795e-01
3.015180293489045926e-01
3.559348770494012992e-01
6.107283204410183242e-01
1.923903346956161720e-01
-9.921747570126149274e-01
7.985973065421836381e-01
-3.646080989553983631e-01
-3.504954446000412283e-01
-5.954420023076527624e-01
-1.790458868755921973e-01
-6.094962351857504679e-01
-9.179643532243564330e-01
-5.203807771765343038e-01
-7.848921813210596454e-01
-1.078920912940208865e-01
-3.420965319737698795e-01
-7.652628049120508980e-01
-9.241788045600085599e-01
-9.404245426371353744e-01
-3.246183488252725180e-01
7.260560547376131435e-01
-8.225105026200714153e-01
-1.700157721712569625e-02
-3.263234428166272849e-02
-8.029498613578733845e-02
-8.659885405586664753e-01
1.018442482399191107e-01
8.692212056402963682e-01
-6.145588115545903563e-01
-9.978768394040193890e-01
5.183180996158136544e-01
-8.566023860182976346e-01
-1.454020717428927689e-01
6.591175290927979713e-01
-2.044371629995735962e-01
-5.441827341175380361e-01
7.682419848675183793e-01
-2.795335061423449563e-01
8.558771943856506859e-01
-1.917341362490676548e-01
4.573254736062783987e-01
7.798261664504959612e-01
2.504556668395556684e-01
-5.253461020355310040e-01
-7.382334455505112913e-02
9.760398107296299752e-01
-1.036119839817017940e-01
4.431112190213948310e-01
4.237587601434684714e-01
6.243752386090930528e-01
-2.587118449237688633e-01
-3.294029723269265020e-01
-5.191468258728519913e-01
-4.669867564428591411e-01
8.540436143922400802e-01
-4.439268670847760223e-01
9.240504033756666846e-01
7.421392738713783466e-01
9.617672144163054160e-01
4.689343147753777252e-01
-2.430786575112759973e-01
-4.463050123009182357e-02
-5.890696609706305154e-01
-7.722047161476186528e-01
-9.568235450103064199e-01
-4.950940638074770028e-01
-1.958161623072980362e-01
3.194237992359898470e-01
-5.380758421607436670e-01
5.085357816216793392e-01
-1.486460672913954006e-01
8.450400317447450682e-01
5.317836303413816523e-01
2.281604001505088686e-01
-5.652101630889401207e-01
3.442161243878576471e-01
8.523526116448636447e-01
2.148440870012895410e-01
-2.610159091586587987e-01
-7.492724289046743813e-01
-7.029627549266870279e-01
-4.435098800510495209e-01
4.869498345706764209e-01
5.595268500296954883e-01
-8.979986840408955562e-01
-5.117770503090031120e-01
7.082021395241278050e-01
6.905804782614006765e-01
-7.267240495865234795e-01
7.591383033282337323e-01
9.096795437898297365e-02
-8.888538911512919860e-01
-8.371259293849964145e-01
-6.257359865258054210e-01
8.445634795956935559e-01
2.480713572471671124e-01
6.803981176920070872e-02
6.360770188059421404e-01
8.631316217064934904e-01
9.458420501181907802e-02
-5.628652827762425925e-01
7.123874863043073713e-01
-1.874653962561532161e-01
9.330760635681256687e-01
-8.110745878625853500e-01
-9.435009257071944599e-01
2.444481346247810993e-01
3.765640783869841357e-01
9.148065634135560398e-01
3.316615388694634792e-01
-8.212777700604525499e-01
7.702911723366367980e-02
9.814130629311192955e-01
2.466093561334692374e-01
9.827869265039796964e-01
5.416725147466965318e-01
-9.536969025866919303e-01
2.131154664884968852e-01
3.010196930723489928e-01
-7.284814231123171169e-01
-3.741456124953883577e-01
-8.119532426477100717e-01
-6.272859479967038965e-01
3.391805490118369182e-01
-3.149528594507915447e-01
4.233761074050883533e-01
-1.477795926068008470e-01
-8.131555778573000826e-01
5.291434495642199920e-01
7.304645280566492982e-01
-7.716038197786347919e-01
-6.203604397133619663e-01
6.020826409877075847e-01
5.813828975620036754e-01
1.086958032406941665e-01
-3.583113357841527513e-01
4.574224450191108904e-01
5.416875270435210776e-01
-2.677454071971809846e-01
-6.335423967614948193e-01
4.250335756218088790e-01
-7.801654266655686509e-01
-1.987072476852240754e-01
2.243124661858573177e-01
-5.925162807256936226e-01
1.035834569896671997e-01
-2.311541712340965393e-01
-4.412310785795621193e-01
-6.423223765966541432e-01
-4.432679808621831086e-01
