-1.267433040163186586e+00
-2.289165331922638380e+00
-2.888262253364381138e+00
2.277043984387073117e+00
7.710432434103513533e-01
1.219847730937782426e+00
1.928845326851237552e+00
1.506517623119075999e+00
3.749606612492903945e-01
5.052511940391550826e-01
-1.399410381369584622e-01
1.278087219697381816e+00
-4.617021288777423127e-01
2.475414544336381972e+00
-7.880951275109073784e-01
2.196519950232021401e+00
-7.133980106046882153e-01
2.198300267324283297e+00
2.063594394409501986e-01
1.598071622398681724e+00
2.764934716983407093e-01
-1.209080095875386451e+00
1.195335615016478226e+00
-6.785711337355073702e-01
-3.935802625317046832e+00
-1.093892438710073467e+00
-3.910294923846139525e+00
2.600263327968401761e+00
5.466096789258647615e-01
8.622352857485505728e-01
3.259990776745535612e+00
4.228898487213343937e-01
-8.537746768413118081e-01
1.120629580121196067e+00
-2.871065260442225764e+00
3.347643468900239228e+00
1.369495978157771576e+00
-8.045541435592079571e-01
2.466228535121260279e+00
-2.545676680875786912e-01
8.247624701057136853e-01
-1.233478226496180330e+00
9.595582719157877971e-01
-9.410015262814106496e-01
5.126843795895932310e-01
-2.780714718840540112e+00
2.358885547413732908e+00
3.457546991186043250e+00
-3.378282476992851002e+00
-1.381767613508810277e-01
5.648607334169561955e-01
-1.899401867613485173e+00
6.087860273718748161e-01
-2.276791523656426008e+00
-1.109341787416679992e-01
-2.718997416941694167e-01
2.181279425926894611e+00
-3.740226159770461134e-01
-1.947034122743589224e+00
1.792373412145950251e+00
-1.678817317366472439e+00
-2.615050849658385523e+00
-4.530768624843253267e-01
1.079197649804061854e+00
7.377831088669793980e-01
-2.664156614404535439e+00
5.094924514430507756e-01
1.195545471414529271e+00
-6.726910295671093554e-01
3.721930920385617680e-01
-1.176289754497714668e+00
1.193395175183829870e+00
-6.069672708904021441e-01
2.349813686508742450e+00
3.733772273269477360e+00
1.787421176766764708e-01
-2.203418191500206014e+00
-3.414073838681818351e+00
2.059809125670894581e+00
-1.241422952302359217e+00
4.705528748561313424e-01
-3.700287129272831876e+00
-4.006683638076891096e-01
-1.638787975514820472e-01
1.673425209181202133e-01
-1.738401488260387096e+00
1.979967440035710347e+00
-5.277058820810611728e-01
3.210707489534096570e+00
1.548082826431291248e-01
-1.535976638106428815e-01
8.037838241280037543e-02
-2.989279468559058905e+00
-3.965020260710256927e-01
-1.664187639455888101e+00
2.094602085514362777e+00
4.074444101565311005e-02
7.222745436256197138e-01
2.026722977032431317e+00
-5.343748412219956334e-02
3.639161520883558154e-01
6.864079376908294172e-01
-1.847645181278980475e+00
1.160792435110995502e+00
3.854832851408585004e-02
8.698731610919119284e-02
1.856252404727643635e+00
-1.858813406717365613e-01
3.003295833236135692e+00
-3.182954252829514274e+00
-2.956294023369734791e+00
2.051037163007606579e-01
6.576979433273217879e-01
-1.575754041447375631e+00
4.058406541086372887e-01
1.893414750155059112e+00
-9.145958714821885716e-01
-5.028226516800642365e-01
-3.496117853982546819e+00
-1.197382434156716524e+00
-1.696922418747687900e+00
-7.900781192760737426e-01
-1.897615360230248127e+00
2.764779098595465001e+00
1.837603383304767801e+00
6.173911278024766247e-01
1.703778601904899714e+00
-5.802209096503985197e-01
-4.688198311073288327e-02
4.149860720463951491e-01
4.202216137556602504e-01
4.978366482694641659e-01
-1.716972272636015651e-01
7.631598886645321045e-01
1.693844952647198809e+00
-2.385425704225359489e+00
2.865419213362289774e+00
-2.597347933807794274e-01
1.583620594452001651e+00
1.150879327415100573e+00
2.498355247501193865e+00
1.598761375730351375e+00
1.685730310296922996e+00
3.539874664928327697e+00
4.496949049767313689e-01
-2.328266640600808124e+00
1.443504543497033721e+00
1.164922808373584306e+00
-3.801654142830457328e-02
-2.050953466887846410e+00
2.228845573067407493e+00
-7.491112675826144818e-01
-2.065983760195424956e+00
-3.590471118782634363e-02
7.625913014327914130e-01
-4.691197508869620059e-01
-5.335211683788105841e-01
1.795870945326362822e+00
-8.207151236076923873e-01
-1.565039068171001135e+00
-1.670235997995600741e+00
-1.347648773398257616e+00
4.069778215848683933e-01
2.073974506558626807e+00
6.261475310093409519e-01
1.070231647967151645e+00
-4.623574795151703665e-01
3.896577052118421758e-01
-1.893575662961643813e+00
-2.847665179230344457e+00
2.501116514533987534e+00
-6.783177065756882396e-01
-7.188906541376911541e-01
5.621796669199878860e-01
-1.370672708268679152e+00
2.250022556065984780e+00
9.522083418846708502e-01
-2.198213758695489739e-01
-9.011807615417118944e-01
3.302922942022991748e+00
4.807040091294528250e-01
1.037661193647594349e+00
4.446167982672479813e-01
9.208968545268663153e-01
-1.483401797557397650e-01
-2.557004897345637850e+00
-1.110858235292777163e+00
-1.039514199796483407e+00
9.566714165922555191e-01
3.560490425424128746e-01
7.172165525494025307e-01
-5.479564751532106648e-02
-2.205385000090305248e+00
1.114040400264848518e+00
1.735177710007502538e+00
3.216595261711634457e-01
1.269685198149414607e+00
6.908350747240230572e-01
-1.240234357608208438e+00
2.159057186793576832e+00
2.398243627796639466e+00
1.861329059053096202e+00
6.242819999799686936e-01
-3.022176021697864368e+00
1.976935368098069024e+00
-1.122703101608696574e+00
-1.937249706104579472e+00
2.631516217968070670e+00
2.372625912624214628e+00
2.070628883895607508e+00
-2.118961520142702282e-01
1.634844283576030843e+00
1.302828914315753206e+00
3.271449999992870339e+00
-7.802887024644574732e-01
8.425532270704105819e-02
-7.677483141086810514e-01
2.469472706687052543e+00
9.929957962433393348e-01
-9.986916899136606407e-01
3.812654492605703771e-01
1.238030390803146474e+00
-3.494337128090111433e-01
6.109462248745842761e-01
2.525044037626545723e+00
-1.385282931524125516e+00
1.531813398328752740e+00
-2.207288142868579217e-01
-2.460177993964991039e+00
-5.932866218798507063e-01
7.980054791130392067e-01
-2.124357132325911834e+00
1.811366277311004858e+00
-2.767506591741246136e-01
1.294074737921381058e+00
1.298518251266255419e+00
4.457420680664739843e-01
2.613042928617791638e+00
-1.141067006072294721e+00
5.989939230820939819e-02
1.902740130632549764e+00
-3.396753832001217610e+00
-1.064839593778595717e+00
8.067786175521705072e-01
3.904543312546871370e+00
-1.382917797836658025e+00
-4.319756510786199044e-03
3.091135065393751713e+00
5.082865741872051313e-01
-2.897087312516346547e+00
7.092054497381580225e-01
-1.327529703372138492e+00
1.202748615495551565e+00
9.772161198978772667e-01
-2.015826437642824764e+00
-1.422848700651230924e+00
3.698813038771295858e+00
-9.834482080965628592e-02
3.480026453703291001e+00
-1.737444735092184001e-01
-2.577136512902367116e-03
3.394168270733700865e+00
1.375833859747268351e+00
-1.992455912236845705e+00
-1.833488237478136718e+00
