-3.084524891123992418e+00
-3.325334675887228197e-01
-2.071537124569550858e+00
-4.169900944331205395e+00
8.840219749096751567e-01
-1.631657421987477763e+00
1.167828270149621428e+00
-4.188192929082756311e-01
1.954693090257108246e+00
1.443432526825261686e+00
2.128683760763597110e+00
1.784433272116964453e+00
3.032462345471199860e+00
3.035677583723824124e+00
3.403166272786944724e+00
-1.413012042839759896e+00
8.011303611396131119e-01
2.978725336945822755e-01
3.051389260398456038e+00
-1.219092814253176282e+00
1.188339854660119599e+00
1.094025902817960194e+00
-2.147117895400079135e+00
2.256517725647641193e+00
1.798604584930064698e-01
-9.058128189446430500e-01
-1.809927346436972062e+00
-3.976883247242470887e-01
4.283350356424648453e+00
2.194821176255763451e+00
1.413862568755619664e+00
-3.118994917152299706e+00
-3.545840532237642506e+00
-9.188084656824477836e-01
6.159960330717944021e-01
6.926892342444745942e-01
-3.118561900942902643e+00
2.961317032035378105e+00
1.713089987613307663e+00
-1.621608459967357696e+00
1.498146141046013957e-02
5.170627492009445547e-02
1.763760485366959063e+00
2.787493538695229311e+00
3.423869766004978388e+00
-3.690007971048565594e-01
-2.240035173394187673e+00
4.487344724697132081e-01
6.155681965837649372e-01
-4.942649981606135334e-01
1.430827022424152162e+00
-1.813496233400537339e+00
3.683503816960975730e-03
-1.138222091337130149e+00
-1.855621912064234769e+00
1.953040950676161458e+00
4.189659027757154375e-01
-5.872925335073440056e-01
3.800955711640030987e+00
-3.881260212562789746e+00
1.946217081563078155e+00
-3.390056650160697682e+00
-1.221208705360521174e+00
-3.740825691277788856e+00
2.101692033901424672e+00
-1.164205156203162783e+00
1.514533834283898539e+00
9.105010764846599436e-03
-1.853146743768187665e+00
8.816551765942606256e-01
2.968254422048869579e+00
-2.166252785270201819e+00
-2.814855862126075969e+00
-2.738899896033358150e+00
1.954507856284541489e+00
-2.282333313867408453e+00
1.936470027479661571e+00
2.403183337689224208e-01
-2.211980769990087858e-02
1.285681621109591832e+00
3.132950645532306844e+00
1.283690211706411288e+00
2.673527113600940197e+00
-1.598826620223027906e+00
-2.294152153287746465e+00
-3.101955985051233711e+00
4.114945800937107379e+00
-9.713547716213003502e-01
-9.034533709171965743e-01
1.759154547671922364e+00
2.813129772798553585e+00
2.570519914431099728e+00
-9.022267062242934621e-01
1.108309688847371577e+00
1.845912073196989134e+00
-2.590411030368556133e+00
2.305703897381883305e+00
-1.262103428082176571e+00
8.023420599432928846e-01
-7.861991145469815478e-02
-2.487822804292050272e+00
-2.013257787901397755e+00
-2.655332001423288180e+00
1.187579767851679291e+00
2.072487661734646824e+00
-1.022543490978821357e+00
1.403693740250942179e+00
-3.767843214941508201e+00
1.821829253670613102e+00
-1.714336140108463358e+00
-6.959157258284776049e-01
2.777860204898787710e-01
3.556105923023217485e+00
2.238863039969199775e+00
1.085217817555857556e+00
-3.002938356726753355e+00
1.811059199001823661e+00
3.226873237829648744e+00
8.652630404445975643e-01
1.195271452901076836e+00
1.976647062669619981e+00
-5.243752453864368723e-01
2.273323773742912390e+00
4.942612934289760118e-01
2.988316268952238008e+00
1.288958126493691569e+00
-1.720733857546127510e+00
1.586480208265758751e+00
-1.957807336441514501e+00
-1.361535516776706478e+00
1.645754408814596170e-01
2.339658607651885269e+00
2.039973689904442722e+00
-1.374014996860595694e+00
-1.585496530409622684e+00
2.284091657780006557e+00
9.955398509956780995e-02
2.603598188320421780e-02
9.102162406092593194e-01
9.256492033118862706e-02
-1.808960349754833719e-01
2.817849893248996818e+00
1.477224383095464333e+00
-3.363720019689392382e-01
1.705617238516834888e+00
1.170765485462166966e+00
-5.888813664117391600e-01
8.893172297161271445e-01
4.405304637222560160e-01
2.267693704062821447e-01
9.238615031704802139e-01
-2.849900575093265331e+00
-1.189608597739077345e+00
2.596644890915452919e+00
-1.068074374617351330e+00
-3.692183237289737185e+00
-6.196078305958252486e-01
1.024093743044679483e+00
-3.525683360209689310e-01
-1.403945937984589776e+00
1.963433225331906229e+00
1.059716910827472880e+00
-2.126617425053991539e+00
-2.744941592253335116e+00
7.620205620820363901e-01
-1.463974772977210403e-01
-1.200962386156227524e+00
4.352835273094791124e-01
-1.444148275437560969e+00
8.932406836983199927e-01
-3.131754449086511016e+00
1.086744497831102940e+00
-4.057674940789710583e-01
3.411180463708858746e+00
2.797819547233158843e+00
-3.366939301878828061e+00
-7.318309536634510781e-01
-1.838670261479154799e+00
2.073349484047164903e+00
2.173810859803044337e+00
-4.509956965355124692e-02
1.283039313818627125e+00
1.407066977718231637e+00
2.809966650145637068e+00
1.528731407747672799e+00
-2.016791219039685945e+00
2.752219038210581559e+00
1.016068312494279757e+00
2.884233067055106403e+00
5.829130557771290411e-01
-1.598197107371724490e+00
-6.176196611842872386e-01
2.807105100685602372e-01
-1.344542507868736525e+00
1.009312695940784543e+00
8.929680752593158743e-01
1.057242952948208803e+00
9.156891770799957531e-01
-2.334083040951123067e+00
5.742698754329600419e-01
-2.055212333617450593e+00
2.731682205225582361e-01
-8.152996936177591136e-01
-8.267901379633748604e-01
2.420892123297627041e+00
2.046125710467326719e+00
1.726879044355624115e+00
1.855201181662960330e+00
-1.747409097217031526e+00
-2.441317392240916817e+00
-2.111088811719377567e+00
-3.431182037172801902e+00
2.039578125014110954e-01
1.907141387092466056e+00
-2.102511634614119718e+00
3.182381113152571217e+00
2.825846065914592309e+00
-2.915331023113616027e+00
1.851502139574162653e+00
1.820097316618478622e+00
2.330034674005939110e-01
-1.867680547272703828e+00
-2.028600983248554535e+00
9.947662913596322376e-01
1.156618544023251038e+00
-2.256048236444185395e+00
-1.537806791847805776e+00
6.666407932172200290e-01
2.182101393989850813e+00
-6.813452818241358955e-01
-9.490636512478380915e-01
2.446147939814537153e+00
-3.214803821030308484e+00
-1.739574049256112476e+00
2.987863883622993155e-01
-3.899911284273376744e+00
1.361217036081911802e+00
2.756093651485942875e+00
9.587232092697295371e-01
1.235321588496093970e+00
1.774885386496060979e+00
-4.371972002951129976e-01
1.880298613354892012e+00
1.350554044596981029e+00
1.080683633815920253e+00
-1.429264343753623434e+00
-2.037409218004258893e+00
1.090755916273959070e+00
2.514124477003559566e+00
-1.644692965163544018e+00
9.656552379432534750e-01
2.247040528607553878e+00
1.031943374367055855e+00
1.935342739223969710e-01
2.303557896401010829e+00
9.801749670259995995e-02
1.720790859525229699e-01
2.669139882870720459e+00
2.045552462380839209e+00
-6.840005314709872719e-01
2.540046197186982102e+00
1.503935872340344204e+00
3.139921888593431465e+00
-9.138435829892422868e-01
1.822983112270736950e+00
