2.987953619088742130e+02
1.834959300212386779e+02
-2.108181004624821639e+02
2.184990671375133502e+02
1.680409083946559008e+02
-3.912175657336725862e+02
1.471132351550041903e+02
1.734015231316316488e+02
1.514019148251235833e+02
-3.362219934697399708e+02
-1.877894911254922761e+02
1.345582764585699636e+02
-1.485929324673611234e+02
1.512938673635545399e+02
2.643575100175852981e+02
9.065160761089850894e+01
8.655343584729646977e+01
-2.923397930477317175e+01
1.406238993338240562e+02
2.079904185334708302e+02
3.630288027625524023e+02
5.469048515570561619e+01
3.593717265219127057e+02
-2.779830629503035766e+02
5.091603676899004540e+02
8.299029089689265959e+01
-3.476605243090675685e+02
-1.547405284600944810e+02
-2.320807618867895314e+02
-3.433451028423449429e+02
6.987142259473115757e+01
4.964560025967971342e+02
5.177702435904872118e+02
-3.144723277393072181e+02
2.871984952705604428e+02
3.683739054413142640e+02
2.183163135190040123e+02
-2.919479637157555985e+01
3.583225998714323168e+02
3.687419031788410280e+02
1.336826744825199853e+02
2.351979504169337076e+02
3.389271467758758263e+02
-1.945158418516364236e+02
1.552575003303460335e+02
-1.664986089075187863e+02
9.859177536502571115e+01
-3.011075495506789821e+02
-9.028899487394218681e+01
-1.406968277866747314e+02
1.703924111776152870e+02
1.688363773005496000e+02
-2.220048867309093676e+00
5.412933788993971120e+02
-1.274529174782230889e+01
1.847875203955406107e+02
1.655110356638766689e+02
-2.030388055498636106e+02
2.672703466437474731e+02
-3.612203610021859959e+02
2.928758973331175071e+02
-1.002404568214346767e+02
5.452594247887751777e+01
4.788396840218363764e+02
-1.073593774824038576e+02
1.241581599925804795e+02
2.604504896149429101e+02
7.626032464636777775e+01
1.253061394739843593e+02
4.558252470721588452e+02
-2.430826546281662388e+02
3.072596869277396650e+02
-4.109803351335477828e+01
-1.947577356393790922e+02
2.099935405148374343e+02
-1.196731164179864493e+01
-2.585970620708253591e+02
3.053535314804720358e+01
-2.659557140071223813e+01
-6.862002076770532710e+01
1.346269538701799036e+02
-3.628842522937257513e+02
1.328148452254994538e+02
-1.261416529294907178e+02
3.556115814128947932e+02
1.926018674620199249e+02
1.246559061861014506e+01
3.641278066932579804e+01
-1.931788529793807925e+02
-4.416761582484993198e+01
-3.008946759111283882e+02
-1.881646446552391296e+02
-8.116586335054817880e+01
4.215007341195784107e+01
1.894453733182863004e+02
-2.268712046234853972e+02
-3.108380677022045120e+02
-1.411356865356744947e+02
1.656494524483059365e+02
7.016256191775272555e+01
-5.274965430736313010e+02
4.420025169939924581e+01
8.803474869928442104e+01
7.254803592627064290e+01
-4.481328087879153941e+02
-4.086168815721900387e+02
-1.218658235725351204e+02
1.318711856436562186e+02
4.415651972789521551e+02
-7.114612424467290452e+01
-1.744823259609295860e+02
-1.462133234855296280e+02
5.826901353021337826e+01
-1.544087720755423732e+02
-1.149904900283238049e+02
-6.328108179456408777e+01
-3.713877639307677327e+02
1.268535005561520279e+02
5.656873500375455706e+02
-2.769918285920346648e+02
4.449622968204559470e+02
-2.011887759831671758e+02
2.101501992379733110e+02
-6.362310987378761240e+01
-1.212209671716620250e+02
-1.440586957271698623e+02
1.031228116603355147e+02
-2.285716729075381011e+02
1.676398645969813970e+02
2.355030897370403764e+01
7.637160193178002032e+01
7.513321687846831765e+01
-2.349599644923700623e+02
3.978710800767942857e+01
-9.851680552125650081e+01
2.094843274254077983e+02
-7.901245484616222825e+01
2.188615773909614504e+01
-2.168697118318971775e+02
4.943398969596221377e+02
-7.468294497303622848e+01
1.429251956783415523e+01
-3.498371173655177131e+02
-2.496200156294648593e+02
2.160793154481908687e+02
-5.419673807577765068e+00
-2.891571613135558039e+01
1.059289320051425278e+02
3.029425912310545641e+02
1.483719427591590190e+01
-4.692130848437908526e+02
5.611719634530680878e+02
9.904931055541996443e+01
-4.509117894228486279e+01
-1.861891455666425657e+02
-1.219648219988559958e+02
-1.932980914671768602e+01
2.878326120147609686e+02
-3.336431511721047514e+02
4.957951397279578600e+02
1.031925985898800491e+01
-1.059590775335481823e+02
-2.289267215636192248e+02
3.371240459293426284e+01
-1.110243288680983653e+02
1.282888427618688638e+02
-4.811290598812580583e+02
-2.960810745294548951e+02
-1.563289016795532120e+02
-3.550157923595607485e+02
-5.397293063115239420e+01
3.880328565328459689e+01
-1.270659594831653720e+02
-2.908739634286434352e+02
3.130852154074024725e+02
1.385322394972344284e+02
4.923283172835541421e+01
-4.682206830636869768e+02
1.480514090690986393e+02
3.408328226068039157e+02
2.225716567741398819e+02
4.782948278288417328e+02
-3.054367493778876792e+02
1.899382996500482434e+01
-3.072494556478121126e+02
2.160848634733749236e+02
-3.621739876225741028e+01
2.425259193764973986e+02
-4.956713269702655680e+02
1.364882291896020661e+02
-2.722953243455173222e+01
5.547097943095683377e+02
3.432300132208597461e+02
-4.349876169649679127e+02
2.390047030985763854e+02
1.555283141802097475e+02
1.699605728304941579e+02
-2.515104510662789892e+02
-2.494522398976234001e+02
4.465453557392729067e+02
-3.551654920705033192e+01
3.471564117025695850e+02
-1.198096725765403932e+02
7.595617170175952992e+01
-2.342740866894319822e+02
-5.172424191821625783e+01
-2.607712380843446454e+02
-2.550438751727300257e+02
-4.092639469937820422e+02
-5.345901441813605288e+02
4.910144327313788892e+01
2.387410689029222226e+02
3.516729824090395482e+02
-2.425482148726055129e+02
1.985632188605968196e+01
-1.323543593652483708e+02
1.093649952359840540e+02
3.431317991592151770e+02
-6.044348617690373260e+01
-3.740716750940849522e+01
-1.878438519628988246e+01
-4.891416282715070452e+01
-3.001677686741246589e+02
3.671456716961229745e+02
4.962508183343190922e+02
-4.705888475798750505e+02
1.930897067265973703e+02
8.677466377357133354e+01
2.145902355078587789e+02
2.821336800888443008e+02
3.206144126588314407e+02
-5.731224994715721550e+02
-1.617981851817083907e+02
-3.671278529151467751e+02
-4.468803758658254424e+02
-7.707923094433529343e+01
-2.634689967800426871e+02
2.032584015843914926e+01
-1.739799734789537524e+02
1.000280073402545611e+02
2.838422703140594763e+02
-3.902233765602529303e+01
3.691530380303682364e+02
5.993933645363956231e+01
5.175104514466679007e+01
-3.742554853554979672e+02
2.279413819836765356e+02
2.545237108150109577e+02
-3.904637666222164967e+02
3.569149887625219009e+01
1.322881640765097870e+02
1.440749504979408755e+02
3.582799180020954850e+02
-1.013794330125789429e+02
1.585252651464259444e+01
2.265194018052633851e+01
-1.024011194879702913e+02
-3.481274364262214505e+01
4.925711332069303694e+02
4.037443652030626140e+02
-3.105977688355629311e+02
-6.959608763727358394e+01
2.865791420395726732e+02
7.484237578487480391e+01
-1.132124910603478725e+02
