2.938030030351897359e+00
6.090642031831616787e-01
-5.086441817146878375e-01
1.284308397633143528e+00
-3.968322551545079291e-01
2.197792601368608878e+00
-3.192869659155557205e+00
2.849101928328527045e+00
-2.399669031480422099e+00
-3.049966443659167137e+00
3.108548522887061516e+00
-3.227282114675200209e+00
2.977753464500255021e+00
2.358766988005231102e+00
-2.977506169318466789e+00
-3.032839172103890313e+00
2.818936599374374019e+00
-2.422051482964595159e+00
1.246691685113332948e+00
3.567882086324880575e+00
-2.276322843497242232e+00
3.066740856644558200e+00
-2.521809034954276107e+00
-1.193366541972662453e-02
-2.040184193703389881e-02
3.325186668028215831e+00
2.407655901076306115e+00
1.527108208111989107e+00
-5.008836053122393217e+00
-5.916730831049445971e-01
5.430303892431961543e+00
5.187302514508413509e+00
1.234848661274488446e+00
5.112074069629694684e+00
2.562352865326198881e+00
-4.105231068957183815e+00
-1.387137983072421754e+00
-3.948624202338686384e+00
7.482482806825258015e-03
-1.732690698064831558e+00
-5.684331675729696443e+00
2.961198715631472300e+00
-9.255303300024162461e-01
6.509099282637140327e+00
-3.661227290699475834e-01
2.796394809817392080e+00
1.433653676902900465e+00
3.758516803465770106e-01
3.783390955458122207e+00
5.470406498918048754e+00
-3.144272333809516873e+00
4.512205728951864891e+00
-4.038051524554031602e+00
-2.242064149005563944e+00
-2.661252211789173927e+00
5.154345199358130181e+00
-1.351571936473789037e+00
4.295243295650686965e-01
9.464496424820485476e-01
-3.815117145357519668e+00
3.639374612274073328e+00
5.390056183201153317e+00
-6.161252782359571967e+00
-1.050413835794452355e+00
-2.084147313230678478e+00
-3.195996858589086553e+00
-2.305244644727782455e-01
-5.090999557488816940e+00
-3.770403169551847178e+00
3.128576700770512975e+00
3.355674186406266912e+00
2.403132089270051619e+00
4.481874014320912369e-01
-6.942295317116107256e+00
2.411292728846359257e+00
-3.502926960577549487e+00
-3.133391117389123792e-01
7.514734135733540654e-01
5.297528591767935779e+00
-1.518587023126924951e+00
1.892111650104010501e+00
4.806363171425392267e+00
-5.023790142941052750e+00
-7.210329921650965979e+00
-3.021324525425575835e+00
2.752050100067697347e+00
-2.147659877744250601e+00
4.918274072216909154e+00
3.923391654711802179e+00
-6.987962566906399609e+00
3.977922633447076528e+00
-2.705452356019338644e+00
3.105279743329820263e+00
5.362052283583220280e+00
2.263111472494404808e+00
-3.545089517866549578e+00
3.619154734286555986e+00
-3.851985010073119220e+00
-2.267810674253889491e+00
1.571989907996789393e+00
-3.528563125417492063e+00
3.505216564825408554e+00
-1.365663615472427761e-01
-2.431668658467133426e+00
-5.175076644145563343e+00
-3.540374928582932235e+00
-3.459661534358237756e+00
-3.457800960249902911e+00
-2.781466194870877651e+00
-3.388049066771359641e+00
-4.155823498786299197e+00
3.500486664715789509e+00
-1.306427415303125006e+00
-2.811681467607703766e+00
-3.126840911922485589e+00
2.650516397562349358e+00
-3.192601610917222832e-01
4.471428122802589833e+00
4.749566523656373107e+00
3.775959136768113567e+00
1.500476050583053667e+00
-2.193365030651686975e+00
-3.655930229621886518e+00
-1.641252681669564062e+00
1.437938302212975916e+00
1.030475452357956900e+00
-1.980195392817427180e+00
-2.446659950812613893e+00
1.998908768813624226e-01
6.883474171960078714e+00
1.159354126941539276e+00
3.312339067787198221e+00
-6.540385515846517395e-01
2.712379704908663314e+00
2.132944457946046590e-01
3.373557725120652329e+00
-7.164444667854598103e-01
-3.500492814490026916e+00
5.182962726910469442e+00
-1.728282323224611616e+00
-7.563098058710566285e+00
-2.011750643144090134e+00
-2.861793206553580493e+00
-4.405548238815947037e+00
-4.190419251432897063e+00
-2.885341517732078032e+00
1.722365178080635051e+00
-3.436080331712433100e+00
4.295179462229951284e+00
-3.583771736429960164e+00
8.950643852837777414e-01
2.234734842173050851e+00
-1.736543881019385616e+00
3.588175724927706867e+00
-5.933097939572195223e+00
-7.403171199600140362e-01
4.746792536171217769e+00
1.000058065983072952e-01
-4.569636193513462175e+00
1.599403552970243947e+00
3.349035779109997168e+00
-1.914621360771549430e+00
3.711143374163863307e+00
-5.387617209431026843e+00
1.742291686091893332e+00
1.449839076745542243e+00
-2.901964831481113727e+00
4.001560888891168233e+00
3.008359965768812927e+00
-4.460175566335513153e+00
-4.398597568555694615e+00
4.675951168286374582e+00
-8.586896461912754130e-01
-8.354087072950090453e-01
-6.012075060955911709e+00
5.983388399795617651e+00
-2.344249307867849463e+00
3.282073968048620838e+00
4.580961747455255306e+00
2.676424584201238854e+00
2.456965861698842124e-01
-3.968365814514284384e+00
-3.539583722780524910e-01
4.645107656770380622e+00
6.160796965054164076e+00
5.547370422691873415e+00
-3.721634672500520491e+00
1.855791706505028893e-01
-3.580856676447997433e+00
-1.664763358075535438e+00
-5.006040719473281442e-02
-1.412350098187906688e+00
3.326960957073926473e+00
2.912008247108854864e-01
-4.787982729389500536e-01
-9.698154878902567333e-01
-4.195082102051985729e+00
-4.424973577335849839e+00
-3.358027324054249529e+00
3.448896512807946291e+00
-4.919251405268236788e+00
-3.641700867993200141e+00
4.441511526252581277e+00
-1.974970695920473363e+00
3.792080849810252285e+00
-2.028129097275775727e+00
6.256675491430099711e+00
1.465130936390573568e+00
4.833501830770299712e+00
-3.127910228501882273e+00
-3.377421455595069677e+00
-2.652222464192346862e+00
4.090388757837289724e+00
-2.940950133694853363e+00
4.005340804109571273e+00
2.795981688902687168e+00
-3.015210134960223165e+00
4.254086478376031266e+00
7.786472469924881068e-01
3.999793898887848531e+00
2.635822531994315376e+00
-2.883841857662960528e+00
1.103484205051826983e+00
1.597880913041555273e-01
2.316241503432459492e+00
-9.089672711797168736e-01
5.098058571455768018e+00
-2.689553815897804512e+00
3.512072557453513877e-01
4.308722274503790750e+00
3.142092552448154663e+00
2.078599050732991671e+00
-8.457189735832073563e-01
-1.691616386187689836e+00
-1.319354284837946922e+00
-4.118806511487855815e+00
1.729886069110765590e+00
4.394323579615744713e+00
-1.266319458501060868e+00
-5.835031802025947734e+00
-5.189277515409809638e+00
-3.232321614102514062e-01
1.170967440061306597e+00
5.013966327377412213e+00
-1.748837683848635027e+00
-1.422707157467638872e+00
4.101068459549072287e+00
8.200064420340137383e-01
3.955301506528865474e+00
-4.025321946011464647e+00
-1.218877964500806321e+00
2.399620219966080992e+00
-1.026795610151896909e+00
2.772724429514684008e+00
-4.475050734576626610e+00
-2.503911328926734292e+00
-7.355471456144750952e-01
-1.481067295138914774e+00
5.796519866700267976e+00
-4.298826461633782792e+00
3.035071331721994614e+00
-1.347438262887674876e+00
2.179063087430485712e+00
-1.631743092536597217e+00
8.926933437080786238e-01
