4.264408813977571544e-01
6.310274088765188694e-02
-1.479105261681687988e-01
6.916409475827927089e-01
-3.162240100975455270e-02
6.997705950816190956e-02
1.795202915692442058e-01
9.274446382684353729e-02
7.381169909428002551e-01
5.313283756375222211e-01
-8.318932016284019682e-01
-7.302717077286566827e-01
-6.107825975650693628e-02
-1.183995830723463261e-01
-7.980923906271215618e-01
4.350167020724060585e-02
4.520361472587941520e-02
-8.810089454454415048e-01
9.550829660166013646e-01
1.399226608141852513e-01
3.025521331500071742e-01
-2.527967085925275637e-01
8.253501726085741286e-01
-2.600269872913671954e-01
-3.308106460080832978e-01
-2.051934987187542525e-02
-2.116748635311667126e-01
-9.866934346063023220e-01
-7.418511539618914963e-01
-7.758425747435915287e-01
-7.386175526038214478e-01
-9.975416557427387865e-01
-9.576359674968981661e-01
-5.774353835502643584e-02
-4.908544761903719245e-01
-3.912872989075668606e-01
-8.061642046502821568e-01
-5.226705706246983496e-01
-8.476084059586066477e-01
-3.518496737158982590e-02
-3.230356404014871341e-01
-1.466565107193211759e-01
7.779526688011317859e-02
-8.804196445711933716e-01
6.313956282290904554e-01
9.993262298649916442e-01
-3.271954285755134251e-01
6.733684149412977327e-02
3.222907251243867233e-01
-8.101774216574819665e-01
2.784523890879413432e-01
6.614386530041624912e-01
-4.737228885351167929e-01
4.077483454206107805e-01
-7.102470735974175664e-01
-3.301644556634859562e-01
6.861652716088417758e-01
1.994121478196497765e-01
-5.778589711328032674e-01
-6.366150859562171860e-01
8.421793417266689730e-01
6.458313357689275946e-01
9.505358843061362251e-03
1.113237895020231516e-01
5.367817587081926689e-01
6.958131294638285613e-01
-7.100030434593984641e-01
7.921003202826539802e-01
-3.268545814680623440e-01
7.242819970239275928e-01
8.404693384107784215e-01
5.690511712258345955e-01
-3.516374616759343485e-01
-2.426206136427622173e-01
-8.892649676230588440e-01
-7.649340740153405260e-01
-4.743577728274384064e-02
2.809498058749244631e-01
2.351151761115322092e-01
5.740987139152995411e-01
8.031307144472967785e-01
-2.590030846298008171e-01
-1.712426903842727555e-01
-8.310727353468756462e-01
-8.533595992759659410e-01
6.765812965678796864e-01
8.015541412215272388e-01
6.826478290067705679e-01
-3.246063114792543391e-01
-3.860918446875467591e-01
-3.505554942857131984e-01
2.280725322043837267e-01
4.136043051141997662e-01
-9.144889454251645677e-01
-6.131061363578325096e-01
-1.344566052300384396e-01
4.588093382102116369e-01
-4.175841707477967457e-01
8.743895306914599708e-01
6.569121174893559623e-01
-6.354414939514347882e-01
-3.939090237026161567e-01
-2.423751550483714823e-01
-3.885080761595498533e-01
2.036645426122336566e-01
-3.109939881163816811e-01
6.865068163499814524e-01
-1.182582565802559049e-01
-6.802428223176111288e-01
8.899531427979447962e-01
4.486893571505901068e-01
8.791394597380319809e-03
-1.965091914616063917e-01
7.726156299743642819e-01
6.216658935122816310e-01
8.164344288350413592e-01
5.915569013362371731e-01
7.546098149272695288e-01
9.000895808342728177e-01
-7.320757692344097567e-01
-5.286574430450790008e-01
-5.967339607445421024e-01
3.879580768187500528e-01
1.510992583950092616e-01
5.174488293443040288e-01
-9.616979950221129503e-01
4.729114952732933475e-01
9.092732750444763035e-01
-7.421477637240869729e-01
-3.307442822713675401e-01
-3.162930968435948564e-01
-1.464369147123156800e-02
8.347470266328669286e-01
2.660176106724561063e-01
-4.165413408531677408e-01
4.630697747348897497e-01
9.338798186698225035e-01
-5.795303887957101718e-01
7.816154998416213751e-02
7.778983146247104852e-01
4.389624464824561922e-01
4.899062986928297558e-01
1.690077691378155667e-01
3.697545959064201249e-01
8.643873556697998506e-01
5.537267120577802348e-01
-5.542457737847990007e-01
-3.411290570283243007e-01
2.451127663449093053e-01
-3.360508404238453650e-01
1.667636795683937745e-01
-1.697422150491805226e-01
5.184605934844845887e-01
3.919317404108970671e-01
-3.819405211816115919e-01
8.053907331036045392e-01
8.476344705225959952e-01
-3.743238618829451969e-01
4.248140733325602714e-01
-6.705695875194295219e-01
-5.160305807269527367e-01
5.753723604551093107e-01
6.274516093436339759e-01
-1.878426022426715747e-02
7.783368057290396269e-01
-2.714324569099852980e-01
-1.872263159497378204e-01
-5.964244130923637144e-01
3.828293461158902566e-01
2.954927958218234174e-01
1.393802180796772650e-01
1.636816757246355447e-01
-8.583494732158418739e-01
-9.385005601844236267e-01
-9.012435116619912367e-01
2.561972283876412515e-01
3.967673816604486703e-01
2.249553251125910869e-01
-3.690847948454303307e-01
-8.244170685017364608e-01
-9.944270915418635948e-01
-3.596624574147837539e-01
-9.479871449226615621e-01
9.012077043383159847e-01
-9.551569981676828469e-01
1.043172662441742560e-01
1.927770557124597328e-01
-6.265376171856571474e-01
9.851819827918979477e-01
9.221162908965321314e-01
-4.228804849252973952e-01
-2.646899769536523728e-01
-8.757789440930152658e-01
9.664083794541353800e-01
-7.735211940758834892e-02
4.268699105958879692e-01
3.790887006053043073e-01
3.675991327195575753e-01
-7.835216472476953520e-01
3.003602113082060043e-02
-2.188517799760412164e-01
-4.566366512972281910e-01
1.557078659854609359e-01
-5.612775982442299583e-01
-3.038662149785527067e-01
-2.278021617417014255e-01
4.308279422284599924e-02
1.591526742019511165e-01
-8.544589827915198832e-01
3.846641828054397916e-01
-5.666302163334782094e-01
-5.367926040026651524e-01
-5.364272308102260300e-01
-7.624440499419149475e-02
6.837838336573636155e-01
5.538720651477615498e-01
-7.562335037571263907e-01
-3.053117034330492530e-01
5.034424942133464143e-03
9.134463242934762750e-01
-8.192988443724562586e-01
-7.202282728805649015e-01
4.511789563034107609e-02
3.149473506169446768e-01
3.963613149100300159e-01
-3.543333860129491697e-01
-6.434344473603053061e-01
-7.181984824428262471e-01
-2.361050760248368796e-01
7.727583534001725152e-01
3.088895625962007063e-01
-1.143065531426969983e-01
-3.384719851729902640e-01
9.716356848637770494e-01
-1.607734309669899275e-01
-8.549911651105857047e-01
-6.301094222858587557e-01
8.447581377862833918e-03
-5.172138688707139664e-01
3.810874196292848293e-01
-4.209521086600762629e-01
2.376038086301219820e-01
-8.057469340403569102e-01
-7.265637761007341933e-01
-1.063363739978704370e-01
3.047728000304874563e-01
7.133780322216429770e-01
-4.050765764917518830e-02
6.751540320166828923e-01
4.800225005338121242e-02
8.275423225249529668e-01
3.024190168961271574e-02
-9.982929030335352394e-02
3.596350261159830808e-02
-2.683568172164738641e-01
-5.116937485656802842e-02
1.171032585439137907e-01
-7.874194828907432608e-01
-8.317091106004714796e-01
5.234446698180361679e-02
-5.875109695294744583e-02
2.797324748992802146e-01
2.357991551866385205e-01
3.996735383920273499e-01
-5.916710913452609688e-01
