1.042162014603537967e+00
-9.921052578551576850e-01
1.071551368099407764e+00
-1.570394592162273284e+00
-1.543841352646548426e+00
-5.384272229634790019e-01
2.305286770936007534e-01
1.656081662832047385e+00
-1.996732773352348556e+00
2.148556858364600863e+00
1.498104846309196159e+00
-5.164895245759180131e-01
-1.584545534213070983e-01
-1.465800083408731469e-01
1.478695754633896575e+00
-1.286245502640477323e+00
-1.875619937113909952e+00
1.730742082704136431e-01
-1.042948653584490959e+00
-2.029851992554313256e+00
-7.390135337429960538e-01
1.104525636371960884e+00
-3.361585748412136532e+00
8.260321390127485230e-01
-2.153090949619016925e+00
1.234661854525720637e+00
-7.206314898263679325e-01
-3.055210805368554716e+00
2.966717378127708971e-01
7.510387673976307576e-01
-3.651457712722585569e-01
2.543339049054710310e-01
-1.190825851149423797e-01
1.371467427682980245e-01
1.732214663823875789e+00
2.712945110358426226e-01
-1.746447951271590915e+00
1.193735935101099876e+00
1.491741116180811844e+00
-4.923594537024209017e-01
-2.495339833440250454e-01
-2.415268338484412691e+00
1.387663526060287644e+00
1.030236825965993530e+00
5.160241320763749862e-01
1.171689483981182001e+00
2.285156221774847785e-01
-4.482346152829301822e-01
3.288396468428222974e+00
1.636234334504852894e+00
9.243603379476229565e-01
1.489885959958013650e+00
2.714417694232977851e-01
-1.892212180875946226e+00
8.953317033051241269e-01
-3.167846540730235638e+00
2.203745954429759291e+00
-8.017465683025170042e-01
2.345487329142761923e-01
-2.903144141769105069e-01
2.786226500524070504e-01
-1.036707007882819553e+00
7.972707687206572746e-01
1.100103270530966570e+00
-1.455538393648038387e+00
-5.236567439285648717e-01
-2.889330860563922077e+00
-3.646097132820425024e-01
1.828951197523314809e+00
1.121623403688031928e+00
6.975290313600468473e-01
1.049244843439906649e+00
2.425050458023267907e-01
-1.900259453871424586e+00
-3.192155041526083092e+00
1.668001010604088119e+00
2.346304329719367754e+00
-4.800855442837490550e-01
1.057509142629236454e+00
1.942992705427380118e+00
1.707654803656673881e+00
-9.775993489165668571e-01
2.237718523704383067e+00
-3.103755885602558440e+00
4.153541065153724121e-01
-1.684148239270167435e+00
1.977140659203022288e+00
9.115278497504458732e-02
2.137751956065001568e-01
1.146255313217336314e+00
8.189698630409081304e-03
-1.043140075448526938e+00
-1.476837527183354482e+00
1.155287511774995890e+00
2.448089676283738747e+00
2.965281813431501767e-01
-4.744160528693558976e-01
-6.742757404714805336e-01
6.506198540919996276e-01
-9.304164968710156858e-01
1.258349699563833024e+00
-9.415320613211979328e-01
1.167863202614624285e+00
2.213371859394869023e+00
2.373564219882028592e+00
1.153940144386249145e+00
1.856967672490582033e-01
2.115471427486144140e+00
-2.502672605046420973e+00
2.398839864206150807e+00
-1.617050512641021509e+00
-7.823253703565975492e-01
2.748884364666163704e-01
2.497073851064105288e+00
1.059123932905881471e+00
1.741042074466788492e+00
7.325348842319887588e-01
-2.708202320294004650e+00
6.057820759396883581e-01
1.645153981885710159e+00
-2.061984887850095927e+00
1.624814497367840227e+00
1.850922347415819180e+00
2.258460901222984596e+00
3.116656276239022638e-01
-1.288130361988710781e+00
6.657957938272085485e-02
1.744158984592620643e+00
-7.108858513841253002e-01
-2.163130868254622641e+00
1.643477931372889334e+00
-9.745458986733215312e-01
5.234472397145433220e-01
1.264041266602407010e-01
1.618321566085281216e+00
7.995727688073628325e-02
2.492866511178815969e+00
-1.118977018589161654e+00
-6.774604543530544642e-01
-3.574548837165636428e-02
2.039852808891399416e+00
6.802359472185517397e-01
1.680154564919676297e+00
3.042161243348465494e+00
-1.704243994096488191e+00
-2.024749394786222290e+00
-2.061155345498499880e+00
6.378049656809951784e-02
-1.597891633296128600e+00
7.803917922937104734e-01
-2.827405577897122768e+00
-4.145601558954177257e-01
1.065746556733514039e+00
1.925358036907821813e+00
2.104591492347191117e+00
-3.301705557666285706e-01
2.053662856162410399e+00
-2.419250216656509966e+00
-2.079698940532328066e+00
5.046943301096651346e-02
-2.073632144956722101e+00
6.591091430620226177e-01
4.748846225145741951e-01
-1.119450645299753244e+00
1.742636883370284329e-01
5.479722818576382437e-01
-3.584306590606587406e-01
1.638643891343726011e+00
-1.082995104344912640e+00
-3.007052886600669606e-02
3.842558755962703909e-01
-1.289992540244783381e+00
-7.262723965697761574e-01
-3.182218647955352697e-01
2.102240766896582347e+00
-3.622375651279985398e-03
1.157643273940244910e+00
9.964418625075113223e-01
2.095164545427393443e-01
1.096788628074765404e+00
2.134828862906222868e-01
2.425060288113597418e-01
1.190771874327580582e+00
7.693300749478342304e-01
2.913094275975969261e+00
8.823237478933725342e-01
7.956952512573562952e-01
5.140409707331083933e-02
-9.505345765785335743e-01
-1.486380545309860191e+00
-2.753814726693985193e+00
1.138628757376125122e+00
1.992204866925131768e+00
-2.284648841240227490e+00
1.850192992003949266e+00
-2.250586495056444480e+00
9.131080478143076551e-01
-2.409778406963091424e+00
-1.973071517613339987e+00
-1.526872188212224923e+00
-1.989373308371490678e-01
-1.310388057236262283e+00
1.078379941439511214e+00
-1.733972942437862041e+00
4.584307677182387630e-01
-7.715055368761893906e-01
3.151013134508287461e+00
1.694700915255942242e-01
9.951306953467602412e-01
9.192009677958585812e-01
1.220051188396449771e+00
-4.268181698561810400e-01
1.058783700486112700e+00
-1.327133175450552205e+00
1.485330292513022066e+00
4.322594227508351206e-01
4.024199759127446985e-01
7.228741665628790614e-01
2.579751997412784714e-01
-1.892782683342501659e+00
4.894354959850633069e-01
1.848213642152232161e-01
1.608982159573380866e+00
1.442571171769628346e+00
2.456125431272290494e-01
-3.358274523625324193e-01
-2.811293848499905601e-01
-1.438514444610828447e+00
-4.529683623236347434e-01
-1.991439964473516344e+00
-2.977114288650659635e+00
-2.069213456650335736e+00
-1.318324373784431458e+00
-2.977130632726200377e-01
1.308000668831960756e+00
-1.361569602831960379e+00
-7.316202454127953558e-01
-1.866666325522459813e+00
3.109594131566145059e+00
-4.284180098194854125e-01
-2.624155026588130379e+00
8.340971719299372644e-01
1.044586613918663254e-01
-1.334930149187732784e+00
-7.990883896338681902e-01
8.289115940256194248e-01
2.233391449317872812e+00
-8.599970781578816226e-01
6.825809502069735135e-01
1.449249036982946937e+00
5.000641142281900264e-02
2.504159615390165072e+00
-7.685546040500447207e-01
1.877578156271582754e+00
1.971227496348073593e+00
-8.995458712054564820e-01
1.101692785911575490e-01
-1.866981508492055575e+00
2.435796621616376001e+00
2.485811075312157337e-01
-1.920922339885846153e+00
2.526763199538087701e+00
1.870390571086530507e+00
-2.823147634066057177e-01
2.127471260863526004e-01
