-5.771730295874725192e-01
-5.984875228760040411e-01
1.394292347648086405e+00
2.493030716719163653e+00
-2.410741490412283916e+00
-2.302494627693482121e-01
6.186826845078050585e-01
-1.594501642154324106e+00
-4.954321554146134954e-02
2.048916428622537048e-02
7.198447371642238135e-01
1.874572997848209521e+00
5.022901400498047675e-01
-1.379054005474751876e-01
8.364365521919377988e-01
1.696549968024570809e+00
8.170000604626874718e-01
1.271495404009169494e+00
1.459224082492844410e+00
1.980900195932830954e+00
-2.357177931609975463e+00
-3.156176346270319621e-01
-2.033303864430355379e+00
-1.898892815767631914e+00
1.373531215992967458e-01
-1.080638461248261795e+00
-8.730254986756821323e-01
-1.017913151882178679e+00
-8.836662362831659845e-01
5.178623947174162412e-01
9.091294768248445735e-01
1.203036387920871420e+00
1.826512124088064404e+00
7.398452858235705643e-01
-7.663439328400361017e-01
-1.851156997670053483e+00
-9.481282801327857168e-01
1.705013794271589722e+00
-1.547487604674349537e+00
1.906015096657289520e+00
2.182113886893609411e+00
7.120755864742358554e-01
1.915811529769723354e+00
-1.395288652267187679e+00
-1.648600034415373283e+00
-1.738225200994123032e+00
1.149020257533762912e+00
1.130096168177791238e+00
-6.313105415718032187e-01
2.100941362209147734e+00
1.724269512368710178e+00
-4.533098938459992899e-01
-4.395442405145715270e-01
-9.247235950859519216e-01
-3.009796345560837416e+00
-2.179318073862559491e-01
-1.213605322330016500e+00
6.804754733639022390e-01
3.081142105137996801e+00
-1.116691595634443868e+00
1.537851916491330129e-01
6.664425727579101899e-01
2.817794675980879182e-01
6.644309697567856166e-01
-1.305482789239176267e+00
-1.133662798741122302e+00
1.279732063674271725e+00
1.426981606734927688e+00
5.833726005228040412e-02
-1.808640171702929900e+00
-1.827528750513521594e+00
4.997813685074291579e-01
1.262624224883220236e+00
5.233299210970278059e-01
1.798515336635479578e+00
-6.720558587444515064e-01
-2.089082337655643773e+00
-2.835703032962221259e-01
2.448723421017233282e+00
-9.594128195981763696e-01
4.050700735916119566e-01
-8.797138289760806362e-01
1.521417854174872186e+00
-1.077362728280713000e+00
1.692175266746618334e+00
5.205129973595599147e-01
7.680962436070272181e-01
3.932195339936640499e-01
-1.798583693193577027e+00
2.681482532323238299e+00
2.010262450665900591e+00
-6.216370027960478328e-01
6.989299594018405504e-01
2.408066471123121721e-01
-1.343620794761133830e+00
1.865395481795473764e-01
1.692900365300273435e+00
-8.955493538559096134e-01
-3.452025686554809347e-01
5.067535018002067293e-01
-2.209690731676178244e-01
4.419088997866983393e-01
-5.113104645208519372e-01
-9.316923770798293258e-01
1.511315065988452000e+00
-1.983517105911155598e+00
1.885894637113970929e-01
4.162260716205307687e-01
1.662442102290428547e+00
2.442862784076229588e+00
2.976185003620429370e+00
1.425817618905340645e+00
2.904551910538745174e-01
-1.680899103245446113e+00
1.792223699667571779e+00
7.150646128676199087e-01
-1.229598655444708033e+00
1.149583851613151353e+00
-1.108872954783964193e+00
1.086425290956670731e+00
6.593805300321955443e-01
4.191921926061968895e-01
9.427129189145717625e-01
-8.437875139277450920e-01
-4.012199356416127904e-01
-1.119410638862512242e+00
7.149848060336959632e-01
-1.767785920766791419e+00
1.581558434244092481e+00
1.704198009707243777e+00
-1.522142341470340832e-01
-1.472261229005697114e+00
-1.688602631663278730e+00
1.304247357585376577e+00
2.712693021991526621e+00
-3.101041523082203266e+00
-1.681832250689609065e+00
4.284439616918925831e-01
-2.657014902655376876e-01
7.761876953031738857e-01
-8.655791123335793147e-02
9.039798052783624138e-01
1.664487625527823145e+00
6.396194445632708003e-02
2.176028984433946156e-01
-1.154390482245755134e+00
2.614323973374260923e+00
1.043494441360638403e-01
2.453407958119113275e+00
-2.286183840815630752e+00
1.037589345013715469e+00
1.196652720055915609e+00
-1.003837200980456146e+00
5.247220929724585314e-01
6.035466403232349064e-01
3.057296531307007736e-02
6.646321816316328457e-01
-3.239520260507748883e-01
-1.919228593192029431e-02
-1.217159304081923299e+00
1.432089343450463348e+00
2.454557382551930456e+00
-1.183411385201896149e+00
5.654625837703156077e-02
-2.021386927602772499e+00
-3.633685121663161599e-01
-1.820750348705234778e+00
-5.091310539287732251e-01
2.159013622020407475e+00
2.837150438817777065e+00
8.610315538736157404e-01
-2.749112513940084934e+00
6.121853047903651479e-01
4.856503336161780426e-01
1.091403326839790910e+00
2.722381105715980798e-01
1.233674600821502043e+00
1.175184849485161553e+00
-5.184762994590819130e-01
9.686968538222245906e-01
5.496635603328077213e-01
-3.841957614280762101e-01
1.843706490714842605e+00
5.262460718241512847e-01
-8.837604623121222969e-02
-6.121377586399048276e-01
-8.420942137029938657e-01
-1.089338921000202465e-01
1.160303653121176559e+00
5.951395186062116149e-01
7.196766907097524868e-01
7.116677429579360004e-01
1.712329492481065474e+00
8.349567408916026556e-01
-2.946200661504138063e-01
5.614496731560751908e-01
4.170053508636154538e-01
-3.796059497792292348e-01
5.737115256010529851e-01
1.635120574271554661e+00
-1.472468905754287238e-01
-1.116830829301627581e+00
-1.529907018848167599e+00
-2.198706027336518876e-01
1.311210451283836065e+00
-4.026706256520671268e-01
2.170504560173733388e+00
2.674807268269518534e+00
1.138884608140920962e-01
6.425863060372511981e-01
-3.697499044028370041e-01
2.996787779747231095e+00
-3.105459353834681968e-01
1.062469170704617882e+00
6.279249570309286543e-01
-6.690397912050320972e-01
-1.774396240550661474e+00
-6.422653265361175645e-01
2.175827825440296071e+00
1.128498358048322547e+00
-1.983781753163551098e+00
-1.939208349116415597e+00
9.052679885751655497e-01
-4.935865387174206420e-01
-1.650792175193164013e+00
7.019376221639177515e-01
1.171621576262503073e+00
1.698253520508185677e+00
-2.861071226654902100e-01
-1.475825150517454221e+00
-9.614169751521062235e-01
-2.917311728476696064e+00
3.001518219200533522e-01
7.705895191393409283e-01
-2.350144993977279384e+00
-1.503829084697417384e+00
5.323090007049846584e-01
3.052223447213508578e+00
-9.276877343213862925e-01
8.347438609916804086e-01
1.000636862436768304e+00
-2.526867486095343729e+00
9.089720896455422139e-02
-1.782792800852495363e+00
2.582099619795572565e-01
1.067890557793591100e+00
-1.374288107853449237e+00
1.225040288582408987e+00
9.761829984092802448e-01
6.304151007223481873e-01
-2.944091790312755474e+00
-2.587272487480581251e+00
7.685254870184325959e-01
1.909159620456401807e-01
2.618157970686715963e+00
2.526790621655499169e-01
-1.306311698831340351e+00
9.411986330805044432e-01
1.833639323391567544e+00
9.409998981563528764e-01
6.993794902632292088e-01
-3.334222599975041890e-01
2.294975058050927608e+00
-1.456781594133052860e+00
-2.434003695432882530e+00
