-5.305694587042133481e-01
4.538296202224312292e-01
8.712613452761457378e-01
-8.405303268050294818e-01
3.856058355330476139e-01
4.856365329385485818e-01
5.824860046426769689e-01
4.041473343465851187e-01
5.195162467828500219e-01
-3.604196146216422925e-01
2.825716670924007801e-01
2.163531688731585856e-01
5.601867591151488135e-02
7.886998031358225525e-01
-9.293667701947896376e-01
-4.863973009538733461e-01
-9.880538942751890819e-01
-8.961297576092648320e-01
-2.254286517831207703e-01
4.215175065324825443e-01
8.925715698027527623e-01
4.842399677112396716e-02
-8.791173845501989437e-01
5.883404044049662662e-01
-3.689650772247352606e-01
5.153143307975267540e-01
2.901415107085536516e-01
4.111643896791532526e-01
5.280593876268344644e-01
6.131531035618531522e-01
6.193580266910623244e-01
-3.394904859268161879e-01
7.629616520858968354e-01
4.800879175411845168e-01
4.654634536493877928e-01
-2.765310711491093532e-01
5.151611908824582642e-01
-6.249391372002173206e-01
8.066951351584361607e-01
-7.118126099073207591e-02
5.059055150499718323e-01
-3.720423642534209652e-01
6.172810514387543357e-01
-1.007704354955341053e-02
-2.628956353834599469e-02
1.357542810741581008e-01
4.453036833574675057e-01
9.884846144636068033e-01
-4.318133446802445707e-01
-9.422837755041264529e-01
6.274202657920968651e-01
9.558925820530290718e-01
8.415750201993099644e-01
1.420318557174666818e-01
4.805004382691893117e-01
1.940615157328979823e-01
6.802454144206362407e-01
3.824103835001311236e-01
-8.836271923321745714e-01
-6.840004904577829947e-01
-6.657129676685129560e-01
-1.281409171680714110e-02
7.855898778041316977e-01
-3.331532517952009442e-01
-8.990046249299603609e-01
1.843211520155172423e-01
-2.126433466630683888e-01
3.997195396706101356e-01
-4.227613696547014577e-01
8.876534187585594093e-01
-2.584237534413735826e-01
3.989740671490722423e-01
8.078595067179739075e-01
8.563060348636148955e-01
-7.790850366587005471e-01
2.043628770476744183e-01
-6.092323135162529546e-01
-8.557015397876432949e-02
2.834669052414624524e-01
-5.181054355198948524e-01
-4.047352163057722496e-01
4.884668842052228843e-01
3.229759122364757040e-01
2.564714720153569161e-01
-6.742962194959090105e-01
3.058623128272432989e-01
-2.986649804212522241e-01
-6.796073109475138097e-01
-2.507374197772878066e-01
6.166627230076697774e-01
-4.203769364866782876e-01
4.744186465441768696e-01
2.086082560025148691e-01
-3.289568121158870095e-01
-2.026516545751249065e-01
-1.953834111722230205e-02
8.802372693511291146e-01
-3.490830622170482123e-02
-4.173699534995019000e-01
-6.693816272322299366e-01
1.397724848010366561e-01
2.178713354470345198e-01
-9.516568096437543200e-01
2.016554478352805546e-02
4.588773561986057015e-01
-9.517030191269040262e-01
-6.331424783038017701e-01
4.978248933466942194e-01
3.581642083384095621e-01
-9.668277297173593077e-01
-5.955743819041472431e-01
-1.289534089151138652e-01
-5.598326297656304185e-01
-6.278506051424037615e-01
9.578938483200030163e-01
-5.531308886449974871e-01
4.309770538735233636e-01
-4.682404691499073568e-01
7.061326704016668288e-01
-3.379213218136125629e-01
5.478908137224753894e-01
4.667373035895288069e-01
9.628848263078508829e-01
5.249999965436746852e-01
9.595480294901401752e-01
2.897928214396763291e-01
-6.586321174029308168e-01
-4.938337054349404287e-01
-4.221002213040914164e-02
1.024222484325010285e-02
8.468458631246524870e-01
3.915530029587777072e-02
3.955533379699127661e-01
-4.793928554884152593e-01
-1.134791676395727755e-01
6.086486133524282582e-01
-9.757591220262233911e-01
-7.407541596432176689e-01
1.812411789535974815e-01
7.707423351374134146e-01
-5.350854486942682176e-01
1.704406976414096775e-01
6.986874535523601715e-02
-5.455785137570432486e-01
-4.240285872704796510e-01
3.562277826827775495e-01
1.040907071803975903e-02
-5.371958407659500612e-01
3.635010418050539371e-01
-4.783599864388432543e-01
-2.220372512276072019e-01
-8.320848860792759982e-01
-1.304671640498915597e-01
-3.905009546852997726e-01
-6.091819707127141825e-01
-6.829277254431009858e-01
3.277405984273003003e-01
-3.159668297984681296e-01
-2.084711162704939724e-01
-8.015725501627737337e-01
-5.981196679136175920e-01
-1.778588316753262344e-01
-9.078092443792706856e-01
7.439501031401607456e-01
-6.861643772579211209e-01
-6.348748752339294921e-01
-8.323528763783327733e-01
9.743083393320346453e-01
9.098781080711180191e-01
1.073869376882310434e-01
-8.076769607543674567e-01
9.152855867110272214e-01
-4.395052474169336421e-02
5.220207942255994382e-02
-2.945675530113491813e-01
1.677954306834859022e-01
1.680689609735641632e-01
-4.779621793247001982e-01
9.751495846427880032e-01
-7.975890090449517800e-01
7.005470283830150802e-01
-1.601907743251396177e-02
2.687556508287465284e-01
-5.820539293721895824e-01
-1.897001107580669199e-01
-6.075415488604980485e-01
-8.275289184952554500e-01
1.860365072182812440e-02
6.395977274968205339e-01
5.573511432024034207e-01
-8.767630220571696054e-01
-3.875866613320695375e-01
2.771684275020660504e-01
-7.742283641756408930e-01
-2.050368583347039753e-01
7.144207033395812978e-01
9.516661375741506390e-01
-7.096440477890062493e-01
2.910708717746295360e-01
-5.685011830809383326e-02
4.670668602905219124e-01
-2.347679910938500480e-01
8.801636480345529367e-01
-3.749811070503148436e-01
1.083619887315250274e-01
-5.839099019525411105e-01
-2.462496849372213248e-01
5.580859814397700625e-01
8.575714385092301217e-01
-4.401447071735047345e-01
-9.691766279607703094e-01
-7.034753929770563019e-01
9.634157059902623832e-01
7.932375149745021226e-01
-4.606910433683359951e-01
-3.276436077907529665e-01
-9.557979838373402703e-01
-2.588655116389704247e-02
8.170386950568802042e-01
-4.027674749498524331e-01
-1.524846200228537896e-01
-3.290122968828563810e-01
4.916499679452850380e-01
-4.965887247074947108e-01
4.154597258971390872e-01
8.145151171269193746e-01
-6.788226268970549704e-01
-5.852417089774011316e-01
4.933526928734475181e-01
1.399851339833815267e-01
3.349629198210379855e-02
-8.597901264502041396e-01
3.440098317251520932e-01
5.616238236761992297e-01
-6.920222917009077879e-01
8.728663232684308326e-01
2.611489642564168712e-02
2.988977507882513152e-01
7.923377423058464153e-02
-1.993571659434345555e-01
5.552372072792897129e-01
-7.518847954436347347e-01
8.432293521728386754e-01
3.518971005980759958e-01
-4.308532400245113081e-02
-4.885161963338207070e-01
8.804824175274772458e-01
-1.157832918218983931e-01
-5.629977819622247193e-01
-8.649883506453195370e-01
-6.648916778273621375e-01
-5.655561523602856688e-01
1.938321133643405858e-01
-5.592330047261451220e-02
-1.780906722983279789e-01
-4.765386552059720504e-01
-8.025608605438081522e-01
-9.263086744306638920e-01
3.608538391973283854e-01
7.757291390148561838e-01
1.339228506892533588e-01
-6.933935164738125323e-01
-3.271521064465749973e-01
-7.748448228981175134e-01
-5.795172244127044792e-02
