2.474144238833024256e-01
2.071276023320173465e+00
1.862489652758120950e+00
-6.451571300769692874e-01
-2.179033433973307954e+00
3.034892519301445102e+00
-4.199675812972104572e-01
-2.635332161839575971e+00
-2.133870384880590665e-01
5.496067321985095511e+00
-4.150181800197425552e+00
-6.351037077820952170e+00
1.637116040132706285e+00
-1.500599177832838971e-01
7.385010725061833536e-01
-1.543443276967175315e+00
-3.572466495618361382e+00
2.520915841775121624e+00
-4.306736509944405711e+00
3.258026138249963122e-01
2.669763960605111563e+00
7.316084329512332340e-01
2.800733185309637108e+00
7.877594764029540730e-01
7.020979511135977402e-02
4.335446208160716353e+00
3.068114283306544898e+00
2.633297089101436228e+00
-7.782106231699675858e-01
3.695302961986718593e+00
-4.614040441859886599e+00
1.145159840930106698e-01
7.274346900477073330e-01
5.877610826127290800e-01
9.129479531963163863e-01
-2.773158912760300243e+00
2.453473824752125110e-01
9.136402669999434956e-01
-3.769445839891338856e-01
-1.799103680177133846e+00
5.086640987570992811e-01
4.525658582209892700e-01
-3.683801155490031398e+00
3.469095284799299517e+00
3.775128428124604696e+00
2.541142606948912919e-01
-3.363628872286370530e+00
2.094286870641079989e+00
-6.128955174890220903e+00
-3.921509663747027585e-01
-6.403964355368341188e-02
2.816051116202868965e+00
2.933763731648129092e+00
4.360454587620492539e+00
3.837323082190766677e+00
4.863617802920705557e+00
3.448301428787038159e+00
-2.696616811992408325e-01
4.310693625174787158e+00
3.760568849609430497e+00
1.723732131680035584e+00
-1.111694544855366118e-01
-4.047726584736499156e+00
-4.395940749884702292e+00
1.634129012230592259e+00
2.167934685708776676e+00
8.836218344170981842e-01
1.319045275171393250e+00
3.824400311760612681e+00
-2.640482484649956163e+00
-3.413484438497975226e+00
-2.946689010348528370e+00
3.685319089531574388e+00
-5.592203734523838454e-01
3.714135019295933926e+00
-2.485271131764788421e+00
-1.119562727751435727e+00
1.469660904528563350e+00
2.724266187405340212e+00
-6.656294155792018552e-01
4.431467580733752243e+00
-1.865412287874581576e-01
-1.250471824806020482e+00
-5.378555970562216793e+00
-8.315006325253029296e-01
-3.656541268978976689e+00
4.426160450230215204e+00
-3.979312683708721377e+00
2.161695539115127129e+00
7.557635553701398390e-01
-1.688716307601652700e+00
3.536118957079089853e+00
-2.002232918388914484e+00
1.945912870660664318e+00
-4.843390397473994469e+00
1.480381203292165493e+00
2.090545839689541552e+00
1.931575277187970618e+00
-3.012164873505448703e+00
-6.783284631284804966e+00
1.179224220404163359e-01
1.204482258565446440e+00
-3.077421212419207741e+00
-7.267343350575192762e-01
-5.972833322253172372e-02
-3.529725935603600817e+00
5.826724594759918219e+00
1.366454741640559245e+00
3.019730897862863195e+00
4.637947011311380763e-01
-4.964598922997274233e-01
2.329581299571862552e+00
2.018177847719397899e+00
-4.453048333711322471e-01
1.102690770640654794e+00
-5.207797634613016591e+00
-8.373157681515452921e-02
4.388881573478999876e+00
-5.165003210388371180e+00
-1.144836220551646688e+00
6.070878705799858110e+00
-4.612848835918724077e+00
-6.885270373000030864e-01
7.629450217414572855e-01
5.511172225553524484e+00
-2.564923893690683188e-01
-7.731372245927226050e-01
-1.501665149933706145e+00
9.532881818760717829e-01
-3.765909656365721059e+00
3.091080820005263963e+00
2.621333966533732962e+00
-4.255357601673385837e+00
3.869538269934074570e+00
1.980769514064060655e+00
3.450797621369729562e+00
-1.215327022347477026e+00
1.317170172806294115e+00
3.907063434700714932e-01
-2.976206687891334468e+00
1.517085687729134991e-01
3.023445960407342259e+00
-1.010119571465618371e+00
3.500488445484028155e+00
2.902623077029302667e+00
-6.380328197845618332e-01
-2.840486997428363303e+00
2.809530275831104706e-01
6.211367349695037787e-02
5.754169619798854551e-01
-1.624242056395254208e-01
1.367373965475133568e+00
-9.550999553815997523e-01
3.303311080614914186e+00
1.487933303917363670e+00
2.651645103062030273e+00
7.381752194663560029e-01
-1.815441168566476193e+00
3.712021980684439004e-01
-1.906617970318746913e-02
2.565354755368281836e+00
1.081666211119702847e-01
-2.098975998187828651e+00
1.339005520327092302e+00
3.729560511614278706e+00
-3.485100079720446775e+00
8.705233525608568890e-01
-4.368111941389376973e+00
8.525147548059202052e-01
7.492086087602213063e+00
-6.083995333873343903e+00
1.003451798225886371e+00
-3.280773327682993568e+00
5.277448325173093480e+00
1.979998094493366612e+00
2.613529936918663310e+00
-2.332112548901409177e+00
-4.051796980764792444e+00
1.203826114611465492e+00
3.818689109948560478e+00
2.147605591493232602e+00
2.902870781824440805e+00
2.969722115550592623e-01
5.884666240624880196e+00
-4.898842704498300171e-01
-1.627267841517364921e+00
4.536347590142271180e-01
-1.267903241018440319e+00
2.515061496158311760e-01
1.101464727657861964e+00
-9.480899709033833167e-01
-5.288108091355382401e-01
1.061425614125612871e+00
-3.876865961010158568e+00
6.831450587042853240e-01
2.497085534462218703e+00
5.833086243353018119e-02
-1.474161693710119181e+00
3.098444411001238130e+00
3.004645809351869534e+00
1.332065714659852684e+00
2.493140172386524300e-01
-3.869649768481330798e-01
-1.475089108869929166e+00
3.001364606642487054e-02
4.596880197095659426e+00
-2.328817994969122118e+00
3.661720656282795971e+00
1.123159859448829012e+00
-3.805198058412924578e+00
-3.639053384509566058e+00
-2.797375768280559338e+00
-1.448484191868738558e+00
2.245051764798759564e+00
-4.717350047833315241e-01
-1.453047662365947623e+00
-1.398955233977858814e+00
-4.085204690859434162e-02
-8.268537077684201542e-02
3.279564120041506659e+00
-4.464065048108296629e+00
-2.110312039809369988e-02
1.594575066539098529e+00
2.024736981205284891e+00
6.157739482334353198e+00
1.925841060745241196e+00
-1.148702698865079697e+00
4.964270319995178760e+00
-1.005644102200698331e+00
-1.420449747752554170e+00
1.065450774831155467e+00
-1.882842001661138021e+00
-3.654563958668134216e+00
-2.563484515483789750e+00
1.178378661792714777e+00
-1.702148549362150654e+00
5.075554963299413469e-01
1.442955038041580984e+00
8.967218954215570026e-01
-3.109098918032544567e+00
5.891094470205102684e-01
6.840852478379290780e+00
-1.715300591052812962e+00
6.724490075282468782e-01
9.711261322744648705e-01
7.398052651658898471e-01
4.846462374291422570e+00
-3.184974996511090950e+00
2.997775184593770348e+00
-1.764494320302066210e+00
-8.037064761986711936e-01
2.054351896006596512e+00
1.595325757026061497e-02
-1.677018610017264377e+00
9.906225162188025957e-01
4.460623133650784666e+00
-2.310434004915340012e+00
-3.690930067380067570e+00
-8.225359414888846477e-01
-1.666869226357532874e+00
-7.697638317483032622e-02
2.717621511415912572e+00
2.058252058243121851e+00
-2.241890770281644407e+00
-1.432332835492454270e+00
