5.295232640632313581e-01
5.459797556316881018e-01
8.197897097956828860e-01
-1.536872060971069320e+00
-1.253004266201915184e+00
4.536697091360865630e-01
-5.759693293086616261e-01
1.402552627521080231e+00
1.516599373351977587e+00
-1.334463347641735353e+00
-1.320496693663670396e+00
-1.333121505853478883e+00
-6.533178394473061479e-01
-7.413455948171951970e-01
-1.563201870658771642e-02
7.170082391169895208e-01
-4.565471278171261416e-01
8.614997668877497627e-01
-7.953454835406625900e-01
2.282491340354901588e-01
6.065461776968825713e-01
-1.080512815168709617e-01
1.309948631836473365e-01
1.163060448863339591e+00
-5.644550690750147481e-01
2.935247366624205712e-01
-1.065278715279392330e+00
-1.264159870789741680e+00
4.987358594822990376e-01
-1.394524623324724238e-02
1.469304881393642126e-01
1.355237574935238332e+00
8.925707653159520305e-01
-5.812935517453718948e-01
-1.472382374310272635e+00
-1.724338907860222925e+00
6.653359830660443563e-01
1.431369145840979129e-01
-1.260139507509524526e+00
-1.119605610360013603e+00
1.649848497272851766e+00
1.857767458242706393e+00
-1.493912261997659030e+00
8.784828642767610329e-01
8.141307353490731535e-02
6.840940773009533959e-01
6.117871188550021433e-01
-5.057324984555758851e-01
-3.904981593330068002e-01
-1.277221443080747143e+00
-1.570636678991258695e+00
2.988861487915250303e-01
8.726428925415878890e-01
-9.873016020008822391e-01
6.669014772600285745e-01
-1.654519088045646402e+00
6.336419375670053755e-01
-5.968227585679137803e-01
-1.363738241926776507e+00
-1.304977850355685032e+00
6.917010996927903665e-01
-1.138167793330825628e+00
6.616456155156040797e-01
5.812809305824604422e-01
2.034134280673015827e+00
3.477105877870863282e-02
8.858536070986111621e-01
4.164953954219002830e-01
1.851865446261155235e+00
4.779867399892382407e-01
-1.563512222058502932e+00
-2.140190974819970560e+00
1.553516795521921789e+00
-1.622005294281660737e+00
6.625436649843623460e-01
-1.103349260118488828e-01
1.016079169934040127e+00
-3.995243644581122910e-01
1.846146163649286631e+00
-6.143288407159394060e-01
-1.966020225255385445e-02
-2.964183100026935858e-01
1.070566278843521069e+00
1.318671009868065402e+00
2.302702920497911032e-01
-9.921429424984553602e-01
-6.617204302196728893e-02
-1.122855642411604293e+00
4.624150806441951200e-01
1.233917369117051521e+00
-1.714282721154904765e+00
-7.353386532045820267e-01
-6.455790258667035708e-01
1.583611137349299480e-01
-5.248914235352382107e-01
3.317389985273053732e-01
-7.085414644504270942e-01
-1.742979290107637746e+00
-8.125791470447066844e-01
1.169786991297880219e+00
1.116872673057766274e+00
1.038453236135313151e+00
7.060575411843532656e-01
4.605663330479216055e-01
-7.991832159559253412e-01
-1.186143761989906897e+00
1.020043740105973207e+00
-1.103156913969585373e+00
-2.174873657297535789e-01
-7.767665648369119769e-01
-1.592990686511845499e+00
-7.537116494555188284e-01
1.514235322086709079e+00
-1.272005907176549488e+00
-3.173668464368328834e-01
6.836720054580069927e-02
-7.256024987041833629e-01
-1.925586935090850549e+00
1.419209110291684617e+00
1.894839070312926976e-01
6.709634389196421633e-01
3.271040665108491952e-02
-3.238105581383048381e-01
-2.986045513587474165e-01
-2.001730527046750169e-02
-1.660781296939099760e-01
-1.103783577630782275e+00
4.651372549447548299e-01
-8.997006132658260658e-01
1.797660715899550343e+00
9.959584422863672071e-01
-1.175385984898337455e+00
-1.311660441584778347e+00
-1.072573213376382562e+00
2.761656678590763692e-01
1.566082884347953952e+00
7.313983069277869564e-01
-4.791846850182137629e-01
5.094407559339959868e-02
-1.417266732518914107e+00
1.194371335260053790e+00
5.566852274005678058e-01
-1.830936234582626609e-01
8.844944375092224087e-01
1.735465809473118737e-01
-4.543711683918426059e-01
-1.257739839646508040e+00
-1.276702459268673540e+00
1.010915495922594110e+00
1.616783562466477475e+00
1.609693912324465792e+00
1.950496720009604334e-01
1.135617387424319724e-01
1.362102519484910790e+00
-2.147053208661779511e+00
-5.208897288547705839e-01
9.285658790633455340e-01
6.914774985616995995e-01
-2.018095316072993084e-01
-1.247885284283154927e+00
-2.897966022288861465e-01
2.106187559821446786e+00
-1.327258332123840479e+00
-1.583406806124284749e+00
-6.714797763312504442e-01
-1.241643361279324953e+00
-9.110385479278194643e-01
7.970267208254843139e-01
-3.074269489291722723e-01
1.345950396229108392e+00
-8.436155423921076757e-01
-1.467318653968260111e+00
1.456202684549390280e-01
2.148832663669289822e+00
3.581732688221872518e-01
-1.293525702307916747e+00
-7.059909955124961112e-01
5.916572354403670797e-01
-1.572030211608725470e+00
4.605440867828697327e-01
1.529985897048238730e+00
-8.137152157055204116e-01
-5.510453271233328731e-01
-1.802447916996987587e+00
1.338174651094457435e+00
9.027342904193647044e-01
-1.146919030157447672e+00
1.418023951582970010e+00
-6.590513233064996257e-01
-3.145198764282642889e-01
3.000082891388541340e-01
1.204661022571724693e+00
2.268052291631609541e-01
1.054846414043294711e+00
1.328091369162119229e+00
-3.120260205393127206e-01
7.712202471891000943e-01
1.610231161127731569e+00
-1.336754881544358842e+00
7.477744915598827369e-01
-1.636420693047683894e+00
-1.502316732123064380e+00
1.198749390973909146e-01
1.253350188698564072e+00
-3.533604081718432210e-01
1.350970176362590092e+00
-6.924319293134109099e-01
-9.602669941115998808e-03
-1.511881218352728151e+00
-1.483856052229923783e+00
-8.714267876418517744e-01
-8.340647205949809351e-01
-7.182830949276575172e-01
6.789542429661106215e-01
-7.017425918649122796e-01
2.041712583681485893e-01
8.885873017072325464e-01
8.341891391438064352e-01
-1.196414089564550309e-01
-6.132813605271367763e-01
1.561269605017790579e-02
-6.325602560424006260e-01
-6.803746987647049105e-01
1.171299645902917241e+00
-2.415983573676342644e+00
-2.017719989118763380e+00
-7.060448898144768837e-01
1.058516563516819442e+00
1.790513083952763207e+00
-1.212692365956541618e+00
1.644816423210372136e+00
4.835679384319601093e-01
-7.221711517938205205e-01
-1.668592915286203571e+00
-1.305867657395697545e+00
-1.925002716042965578e-01
-1.052163925458431404e+00
-1.692842775753332862e+00
-1.313817507372059823e-01
-3.764069831200398397e-01
2.102075808527912315e+00
-6.116988646044614342e-01
-6.975249897194851778e-02
-4.004731038852521463e-01
3.431979277368263914e-01
3.255730244377733618e-01
1.329944145734206218e-02
1.818292037102551051e+00
-1.869580840605014060e+00
1.649655513012342478e+00
-2.874394637123762752e-01
1.501717114068957803e+00
1.025134181194639282e+00
3.797517101783620674e-01
2.863465695391884114e-01
7.527814416755227445e-01
9.597814103330400970e-01
-9.005363681829053890e-01
3.196907755580181698e-01
1.502406899316213185e-01
1.280350040472319151e+00
1.148508707861001454e+00
1.978217849286805663e+00
-1.816783382660850599e+00
-1.675217104556641967e+00
