7.125533597413826747e+00
-4.788451620544101672e+00
-1.830412143975819816e+01
1.048094817492930275e+01
1.236255313622246987e+01
-8.135782743044499554e+00
-7.743009430267286497e+00
5.981911436569935958e+00
-8.737854994313471124e+00
5.535067122640271897e+00
6.377255156708541151e+00
-1.027966923633386109e+01
8.780794498929505920e+00
-1.652655283141203668e+01
-4.623894602068100212e+00
2.246726283619764430e+01
2.696968850868214140e+00
-9.884749076797575640e+00
1.260226663964250093e+01
-2.963694674649867355e+00
-1.566513907259391303e+01
1.442742625205663209e+01
-4.226037236501579031e+00
6.187468009259649904e+00
-1.272718916120609833e+00
-1.140077053735822687e+01
1.172526094006291597e+00
-1.004335151166709217e+01
7.124722247479190251e+00
-1.138990043145026121e+01
-2.134540387045959875e+01
9.723245900991802415e+00
1.005668944305215895e+01
-1.360629220836802666e+01
3.714339661861211006e+00
3.305896138129527095e+00
-1.132093251256961697e+00
-5.219126675336889676e+00
-1.576901810854051611e+01
1.255633881381603256e+00
-1.046652515398893435e+01
5.633869573479350912e+00
-3.353428547997543419e+00
-7.688327488939990850e+00
-2.966696599626662767e+00
9.050945299748482498e+00
1.491928539430094780e+01
1.656198241898831469e+01
-1.294956126990801870e+01
-1.570108428366739473e+00
7.081456197179090140e+00
8.156363238641551661e+00
7.256705031162954178e+00
-8.233201403930582529e+00
1.756310006477046315e+01
-1.951175725602849909e+00
9.434456734052410809e+00
-4.454160001721426454e+00
3.397499137347216314e-01
-1.789688946860584107e+00
5.518974879398371947e+00
-9.745711285686752490e+00
1.099818782022053654e+01
-1.354647832366834059e+00
-8.972525132856409513e+00
-1.244982618285308007e+01
-1.079601618931899054e+01
3.020125014856490431e+00
-9.417990535505099459e+00
1.030864582819381203e+00
-1.215794448050020016e+01
2.217447696034717808e+00
6.455301802332643613e-01
-1.543296511254127168e+01
2.321976738997909795e+00
-4.805885215255614185e+00
4.896626030548388187e+00
-1.398363299912012359e+01
2.484883580228050803e+01
1.493512402918235793e+01
-3.679644490252711453e+00
4.412280772216677249e+00
-7.407427422112928816e+00
-8.549152502750946070e+00
-1.678006454687549009e+01
-6.196582942823789075e+00
-5.599369917172110966e+00
1.729471071095738832e+00
2.428643862141960597e+00
-7.497703779227675724e+00
-1.291341303473734747e+01
3.612064238171819319e-01
1.153940950000372112e+01
9.851982858141225208e+00
-2.269115659219405334e-01
1.003264148373273557e+01
-4.617095902127588580e+00
-6.405258017531363812e+00
1.117402865679081003e+01
-3.738106074802274748e+00
-1.826197211281465727e+01
-1.281436931835037640e+01
-2.079229870620186560e+01
-4.911261278548173514e+00
-6.603684712997934803e+00
-1.127571677345216017e-01
2.162137738874175241e+01
1.261383379318498044e+01
4.301570132307303673e+00
-8.020716642299341004e+00
2.994338513028985460e+00
-2.284440713977257076e+01
-1.518696544564310535e+01
1.311574233156372005e+00
6.326749788456002221e+00
-3.530991293959097277e+00
3.917504931468663187e+00
-2.628781453071281637e-01
-1.853164403493997270e+01
1.942555806009320207e+01
-9.148623604705404588e+00
-8.234473079012570196e+00
9.310007243782498776e-01
-4.821549656445976773e+00
1.031568479960156282e+01
-6.837532093914460596e+00
-4.966369047086351962e+00
8.870345176405862730e+00
-1.196263228330034423e+01
-1.194507158673274283e+00
4.373243199471112064e+00
7.821873316835446843e+00
2.517018560823251150e+00
1.024662274095980408e+01
1.431156538068698580e+00
7.962129388424243004e+00
-7.394897934326461808e+00
7.502691247838582100e-01
-4.904547248120160852e+00
-4.307523807401659965e+00
-4.114534143410697453e+00
1.434165179666512735e+01
1.953336817911963008e+00
4.368450131088923882e+00
6.715106810875920651e+00
2.717775732999802685e+00
2.478516726720844332e+00
9.907621696276120105e+00
-7.924313245873483957e+00
-3.029076207589276315e+00
1.354821392450838990e+00
1.863487505904296526e+01
-1.054463756088630078e+01
1.091943375767733260e+00
6.516169124700947890e+00
4.891652547560361164e+00
-4.062172146253588689e-01
1.215542906772798659e+01
6.792699260902222314e+00
-2.434378243246268614e+00
-1.389987508948167871e+01
2.502796439861722622e+00
6.271963191098165247e+00
-9.264776271997799739e+00
2.195696065208743519e+01
-1.457975027514696986e+00
8.955115913807681238e+00
-2.081038918700125606e+01
9.934720672170209710e+00
-4.340503679468035614e+00
-2.616270382340780909e+00
5.692723366308507060e+00
8.106050986870029007e+00
4.582814805501791433e+00
-4.527725707522963106e+00
-2.537680483219841854e+00
6.201376800202059059e+00
2.673694453415303318e+00
-2.747106429111677883e+01
-6.125139186088805587e+00
1.398727864941945898e+00
-4.999539417519005546e-02
9.771482789727619078e+00
-9.971273872685859629e+00
-1.559052806977498484e+01
5.098877852904053043e+00
9.187065961205343356e+00
-8.802735138918054147e+00
-2.521011637272906469e+01
-6.432248375655647443e+00
-6.087699668857096569e+00
1.811189197554444519e+01
-2.249043138254719310e+01
1.868052781971324627e+00
-7.595765497177451309e+00
1.701055210920602434e+01
-6.672748828809833554e+00
1.152198771480992967e+01
-7.557548549067506727e+00
-4.776556541620131213e+00
3.145405905698238858e+00
-2.418727216292185123e+00
1.220022101479255205e+01
3.195688257480464145e+00
1.124906855154046781e+01
-3.804265828616985701e+00
6.504311697096687439e+00
-1.400911111124508146e+01
-4.025960719803713062e+00
-8.731840181169699733e+00
6.206241967669365422e+00
1.681804911114767487e+00
9.619289940371926306e+00
1.173761106297220635e+00
4.408138227745043380e+00
1.593188935556211305e+01
5.049564313955027473e+00
-7.183584203457992423e+00
-2.612166200254671367e+01
5.902179755367375158e+00
-5.568703724145856349e+00
-3.699274218776629208e+00
-1.122510850412823302e+01
1.022653511435085250e+01
1.087917870914825436e+01
-1.854140102293166237e+01
-1.042855262644953562e+01
-5.267138608470046002e+00
5.247674050312882699e+00
3.756275478292874670e+00
4.443924258053966625e+00
7.723264474333229046e+00
1.003867477474004666e+01
4.105400531111486728e+00
-1.661924383785317261e+01
-1.893327613092084416e+00
2.675645389074273961e+00
1.378178023185676837e+00
2.335355724810870726e+00
2.545050811899830734e+00
4.312023817005572468e+00
-8.959097010101686465e-01
-1.994595522744552651e+00
1.422056269250229299e+01
-8.447937468187953769e-01
-3.335660215584648203e+00
-1.261106719362234951e+00
-3.838933272004912967e-01
-1.628622668333648882e+00
1.085890846203126703e+00
-8.747753224096060265e+00
1.958869005238120309e+01
-2.002896222953892913e+00
-1.806372722772797479e+00
1.164939924100138846e+01
2.089410774039776264e+00
-6.223719199998139828e+00
3.155957496193095846e-01
-1.543054365511919812e+01
-1.013650937690049503e+01
2.239018611541586878e+00
1.782710187272263624e+01
5.883265962753322142e+00
-8.152159064579125314e+00
5.049554066071877401e+00
