-2.876789802838896293e+00
5.190434317414853282e+00
4.884167501664006927e+00
-7.588353912448466687e-01
1.746016275238049253e-02
2.373862533154022625e+00
9.659231684780468230e-01
-2.902802346301648129e+00
3.616482174680741846e+00
9.704599698341458414e-01
-4.242475931370030651e+00
2.123570505277742271e+00
-2.891431224965481217e+00
-3.971771542664431554e+00
-2.450155781742923367e+00
-1.605321729618444326e+00
5.125546588774683165e-01
2.379348447419475487e+00
1.965427458207345657e+00
3.135414445659905347e+00
-1.150039677712097586e+00
-2.914959705805515000e+00
-1.364357723158523328e+00
5.632039329775918368e+00
-1.114141580339572446e+00
2.718900120433300316e+00
2.451518207311702557e+00
-1.577881488645598296e+00
3.608830605574953498e+00
4.814623119695534470e+00
-4.063557896530013980e-01
3.629645647396333441e+00
2.978709637302508373e+00
-3.826997171035857459e+00
-7.067035529570149244e+00
-5.746595436085362607e+00
-1.548368847819092675e-02
-5.280379633194084654e+00
-1.515396312766531306e+00
-2.256006743828101513e+00
-7.132694442935314072e+00
5.960194064855235396e+00
-5.999481014731252948e+00
1.747017316766762640e+00
-3.970025120622773684e+00
-1.055819638375721015e+00
-4.435562321251495632e+00
3.474744180935147142e+00
1.980612137598646960e+00
3.738055877621787815e+00
-2.177903346063001788e-01
-1.411652878201846928e+00
-1.315979107554987149e+00
-1.760218007801592988e+00
-4.906633934146603870e+00
-4.656650747960465742e-01
-1.481675878237114219e+00
4.427306346675069726e+00
-1.647105306290578719e+00
5.189008662982379505e+00
-4.084549571150622782e+00
3.549029004428138734e+00
-5.263149082075890384e+00
2.395100198672419634e+00
-1.570591008634975694e+00
6.715275024908299306e-01
-3.092789701001904312e+00
5.938782736890455549e-01
6.299511797975280381e+00
5.748278558168075314e+00
-3.558429415834779341e+00
5.783772956950167021e+00
1.989231911643069228e+00
-4.329303737942372443e+00
4.328524591756151452e+00
6.568141053673334007e+00
-3.125001557627128168e+00
5.785733759536786813e+00
3.480776512319129434e+00
-2.398234487530060299e+00
5.017829607338475384e-02
2.453402669720151863e+00
2.739586006282022090e+00
6.047262422057156916e-01
-1.383257479870696915e+00
4.734967217884544333e+00
1.777721964320118975e+00
-4.155377715125537774e-01
-2.146331700839830159e+00
5.128695860801319562e+00
9.508498163732006514e-01
-6.878356005030804354e+00
4.082784121667446087e+00
-4.550617358799057932e+00
-5.592581725929534064e-01
3.984161388068783172e+00
-2.040936373869744358e+00
1.051261159072818696e+00
-1.791326290782472963e+00
2.168910128180478125e+00
5.672915441963586325e-01
-4.998789806663916480e+00
2.903839154480727380e+00
-2.737113932230373914e-01
-8.331263269808146799e-01
-4.953656456643973360e-01
-1.149846842859295171e+00
-3.203236431375922955e+00
2.731225715950770461e+00
-2.171047631770731012e+00
-5.377485407317561084e+00
-4.750589381795018440e+00
-1.262961311168247835e+00
2.713598307919718344e+00
-4.284632975808560396e+00
-2.494774065338440927e-01
1.270008791945378968e-01
2.249371392360932198e+00
1.267618764671454956e+00
3.277778535769717116e+00
-6.086103768017681048e-01
1.697315935322004865e+00
1.165430016778501221e+00
3.032327560685645018e+00
2.482040608159702177e+00
3.800062233585950189e+00
3.477773511570259490e+00
5.251908806678367903e+00
-1.795122346872837671e+00
1.476490164752453094e+00
1.083564586399261981e-01
2.138361099358311090e+00
-4.611441759728705514e-01
4.874604777719262927e+00
4.775716841935583545e+00
-3.508059245366977663e+00
6.391196352956423077e+00
4.008719419376436832e+00
1.650903760973829293e+00
1.297901222360535067e+00
-8.439740211785412560e-01
7.685412060695888670e-01
-2.687448204808329244e+00
9.443722876222313545e-01
3.313429881731373428e+00
-4.548899218231043484e+00
-1.946805725247572560e+00
-1.815773076389864737e+00
-4.386450451847692555e+00
-2.178188507083429037e+00
-9.751322519896992169e-01
-6.005780255217815444e+00
1.813062264964699022e+00
1.502662625551057118e+00
-1.736736219061052466e+00
2.359844851308839919e-02
-1.591767688007460713e+00
4.296491236035958394e+00
-4.534835939923826942e+00
-5.760904884371134682e-02
2.558433703202115606e+00
4.288275887933246544e+00
-2.204566540697106447e+00
1.485326833691754445e+00
-4.784467057703261972e+00
-1.372855110901422204e+00
2.364123472427498651e+00
5.591946563713427132e+00
9.691125869083105915e-01
-2.569521163610281711e+00
-4.874105620545319262e+00
2.342848644901053046e+00
-4.504362770815950601e-01
-1.768084986221589716e+00
-8.178483593783913985e-01
-1.891613100612746123e+00
2.120062258666091548e+00
1.609862378916693260e-01
3.003097587881571329e+00
-4.696723984971587385e+00
2.448627498738207287e+00
1.245013715208642902e+00
-2.857754297387253395e+00
-5.243781965678130597e+00
-1.290660480764689311e+00
1.799753748364857353e+00
-3.848673969792969718e+00
3.532890466405221197e+00
-2.895754381277488410e+00
4.773411965109870536e+00
6.007832329595573562e+00
2.775953680536735746e+00
-2.137971662786069427e+00
-3.914900250705651175e+00
-4.226203945616696878e+00
-5.447579948031268104e-01
-2.957368447870647898e+00
2.380094503120304683e+00
2.872800966427211833e+00
-2.753903250364184707e+00
-4.398194458913829763e+00
-7.620767945437577628e-01
-1.331969035566067827e+00
-1.587118724680089965e+00
-2.574261569527822591e+00
1.470934051843665769e+00
-3.039367327303533539e+00
-2.497521074832684818e+00
-6.401550240356980837e+00
-1.809678035653333961e+00
2.606279739106804882e+00
2.530119031363673887e+00
4.998801037638570532e-01
2.275631195258833728e+00
-2.084632364773386648e+00
-2.769287337384386927e+00
-4.196194401129452189e-02
7.176909044485996203e-02
2.191088602088654635e+00
-5.989031563995855123e+00
-5.226270926725927524e+00
2.857179464379831835e+00
-3.583609825116412573e+00
1.386730459601936305e+00
2.704402970412981055e+00
-1.285731102354248367e-01
2.006576940080373461e+00
-2.395703128530770165e+00
3.303533736359423933e+00
-1.172247511144724141e+00
-1.183972528313908201e+00
-3.123713964381193087e+00
4.951478641658403568e+00
-3.744199657205151688e+00
5.933752550739350262e+00
-5.096961808155791473e+00
5.732467425501881486e+00
6.798678259967825710e+00
2.655754497365234279e+00
-3.917470648787992338e-01
-8.703970670655325481e-01
3.246506771120446722e+00
1.348552460797022956e+00
-3.691666380795609603e-01
2.262035981749886737e+00
3.540582020429853483e+00
6.750949111808798975e+00
-5.561003653185825790e+00
-3.002046309817976155e+00
1.771027377326607866e+00
2.893304658936403762e+00
1.491676159955031444e+00
2.013871268260473357e+00
2.320953779225688463e-01
-4.844055175002170088e+00
3.425942929839860263e+00
-6.542278276402487824e-01
2.523951771976725489e+00
-1.187981548444723146e+00
4.803630432480710866e+00
-3.154968965469107545e+00
-3.083186987374914700e+00
4.870191808417038137e-01
-1.042727939593892206e+00
1.391715227066165017e+00
