3.714816216623281764e-01
-4.549172960488775175e+00
-1.579882507141485259e+00
5.245201576293911927e+00
-7.556463924825020939e-01
2.872526845935061246e+00
-1.432295549983062966e+00
8.933013727748145838e-01
-8.472985141890422289e-01
5.505338164792995315e+00
3.546099677647908122e-01
3.234321595356506762e+00
5.051118227135724670e-01
1.730355293845805553e-01
-7.402220567681518926e-01
2.000472059663669810e+00
4.823299446501001952e+00
3.927510376224259581e+00
2.478879530182733326e+00
3.837147579026286337e+00
2.318541607644506009e+00
2.007016807668106709e-02
4.678579929200383347e+00
9.588067966138992260e-01
3.659471651505024514e+00
-1.759741293977536536e+00
-3.603703339951946472e+00
3.272864982811789503e+00
-2.199080902495139433e+00
6.037558522210020762e+00
-2.002122709402711642e+00
-2.410314442255624634e+00
-4.327972353883582812e+00
-2.728043176249263624e+00
2.833896300981879612e+00
1.794019248144765211e+00
-5.570619222799056303e+00
-2.265734996455543104e+00
-2.203113876891991119e+00
-3.347391724331242102e+00
2.170746156342601374e+00
1.397784786931425050e+00
-1.432677560107153525e+00
-4.342416358312978453e+00
1.451499490724897479e+00
-2.193249120167320765e+00
1.591350195256985955e+00
3.339544317063015022e+00
3.438335958436556261e+00
-7.471470237782148471e-01
-3.221818821799885768e+00
-5.513074220936494685e-01
4.253539538867284975e+00
-1.647914571390566074e+00
-7.176439428166520029e-01
2.922838818612148337e+00
2.357565345505375776e-01
5.649354714358349128e+00
-1.155113670304496853e+00
-4.585916220639608021e+00
4.459853402043501003e-01
2.614253471517764105e+00
2.638080232371692313e-01
-4.094479456400130779e+00
-3.609470334220946430e+00
1.303713683722018679e-01
1.033518131892368519e+00
4.534083215684937329e+00
3.230795449622029913e+00
4.374540831841997601e+00
-2.898684819001909219e+00
-3.467183964499920279e+00
-1.133582616401361376e+00
-1.843092713541590655e+00
-8.588711231989074046e-02
2.328665613769857590e+00
1.491592726691697846e-01
-5.017703783429321440e-01
-1.608186077849466100e+00
4.225898901459542500e+00
-4.091702661743800817e+00
-4.040718366545791085e+00
-2.328541355285568937e+00
-1.819818168082518950e+00
6.572899044875924801e+00
-7.903805468845108428e-02
-6.625167962127245236e-01
-2.390801154630207925e+00
4.255889604965223505e+00
3.988513160101372801e+00
-4.952624038897086578e+00
9.874459927036938200e-01
-3.418023978496778970e+00
-4.100010828567557830e+00
-1.217472776856134198e+00
1.560972497819572258e+00
2.049337977543165046e+00
3.094929889474930196e+00
-2.837171224440603545e+00
-1.229004925244332913e+00
-1.969991446128697810e+00
-3.691313624995065990e+00
-3.876165280866668450e+00
4.318237911202805535e+00
2.178355976537426741e+00
3.126940414948687241e+00
-1.715185746120735821e+00
-2.924488427467155205e+00
5.770578385118321663e+00
-2.193053107377327116e-01
2.497655273217920247e+00
1.247288459662075022e+00
-3.896316930709202264e+00
1.267107103898671205e+00
-1.072673490826906884e+00
2.565397584261152719e+00
-5.622345068590794526e+00
5.142495842413428164e+00
5.573767882231457804e+00
-5.491942422661313827e+00
4.471515981327961464e-01
1.226883375919929353e+00
7.284652834129118348e-01
-4.353663749853446951e-01
2.938217552745815642e+00
1.792075243826166453e+00
-5.770181486825339157e+00
5.849701198261628932e+00
-4.297546943732994507e+00
1.490244466573083515e-01
-4.383561191884806973e+00
-4.070611544919180425e+00
-5.566422487883918579e-01
-2.373557370467441530e+00
-2.422028181583000706e+00
4.124250384386765944e+00
2.216926176342117749e+00
-4.434967996750383890e+00
-5.307290869535347788e+00
5.142140179474450346e-01
-4.934235085845861235e+00
-2.191466101132051314e+00
4.281434234433174169e+00
2.953082516564270676e+00
-3.322040029194389010e+00
-3.424979604035673919e+00
3.605018444506934427e-01
6.298838330718306566e-02
-4.129131286825256097e+00
-4.624965035334616559e+00
-5.429233199504420071e+00
-2.376499865925702615e+00
2.577289364814159711e+00
3.634607163592427526e+00
4.992244446201997476e+00
-1.988554257020906268e+00
2.536164305545546505e+00
-3.702246464823080618e+00
-4.208449051293747800e+00
-2.702339344394952825e+00
-4.467843692648189702e+00
-2.274432945833586295e-01
-2.602327006294383516e+00
8.337171703251109456e-01
4.011199587013596357e+00
4.999735550598350287e+00
4.260688828690114560e-01
-2.957372315350301317e+00
6.053286984744645771e+00
-1.509233476717818156e+00
-2.588953970153862194e+00
-5.121606183287257252e+00
6.138283142978065987e-01
-3.355577393411145692e+00
-2.268659974659421152e+00
6.535629553265420721e-02
3.328748106484851199e+00
4.260144888037396882e+00
-6.808845475648295231e-01
-1.686081477110920490e+00
-2.880639686087633322e+00
1.152291099255506657e+00
1.644687811276136280e+00
-7.224313604506495956e-01
2.073298440566624379e+00
5.443644092724472472e+00
2.501347724934492867e+00
5.624096181466153865e+00
-2.794617547823949444e+00
-3.992093884639737134e+00
-4.541527748931084574e-02
-3.100502116740936120e+00
3.084230328160430190e+00
-1.020603611406240230e+00
5.554714473627736737e+00
3.585134513475732199e+00
1.490170411365474123e+00
-1.631248343231086029e+00
-1.409846471569960569e+00
-1.077510594342626415e+00
2.268423675740373291e+00
-6.394799576702245858e-01
2.895313869982721888e-01
-1.777522559422234361e+00
-2.045437391995204912e+00
-3.646362356744333511e+00
-1.006206044415894452e+00
3.077110293424764720e+00
1.296943468300817859e+00
1.929378454767850304e+00
-1.707574666117779305e+00
1.150582337473169847e+00
-2.358593005409367116e+00
4.151621780546170370e+00
4.990638779314420681e+00
-2.895121803309259612e+00
2.305084597732769414e-01
-4.345707601575218959e+00
3.292343930605652780e+00
2.360148690047739972e+00
9.563489060217836291e-02
-5.011633986543546637e-01
-5.495915414801932908e-01
3.705101710882681587e+00
-4.251113889099732646e+00
-2.761615088212397762e+00
-5.963210764267927733e-01
-9.687519300272080802e-02
-4.873681294500530337e-01
-3.953251567303688319e+00
1.054247574259021381e+00
2.696438761176945142e+00
1.891411958688065109e-01
-1.178241762148753313e+00
-2.512648877531868941e+00
-1.697226086627108499e+00
3.648970751798905621e-01
-2.963365632345054124e+00
7.983714289729294533e-01
3.904164079967999079e+00
3.202248854451883453e+00
-2.479176080975278751e+00
1.862571241914384945e+00
2.360405046372494819e+00
-2.620001268829792895e+00
4.212336107400894036e+00
-4.524289701057846447e-01
1.140678669612159357e+00
-1.295125361141011844e+00
2.893012026210402432e+00
-2.680851882695034050e+00
3.795942588213067070e-01
2.071720199866257772e+00
-3.119892567309564768e+00
-2.250170945577667503e+00
4.552734894861790949e+00
4.264149944125611214e+00
3.528483629836118851e+00
-4.125061151007316518e+00
-3.735662559091458945e+00
-3.188981732526799728e+00
-2.853132761146302876e+00
-3.836022854421341943e+00
2.882745378559423699e+00
-5.417059625475614482e+00
