3.287279660752648436e+00
2.813299448437252881e+00
-4.190434104394896053e+00
-3.656363975068826822e+00
-5.245963347130693677e+00
3.126809753623703170e+00
-5.632698965105229050e+00
4.374421786367481246e+00
-1.167096925187653511e+00
3.990604745774896767e+00
-3.555747889303157994e+00
-1.885635377307419036e+00
-2.041868914881053432e-01
2.432178361383512399e+00
-9.044894549642343851e-01
-2.122855644498573113e+00
-1.978853724088983856e+00
-7.156968850315568176e-01
3.795084597152947659e+00
8.597294376734098131e-01
-7.304286012114546978e+00
4.544434283821694898e+00
9.291952024595200310e-01
-1.260507283552306790e+00
1.356046066439633435e+00
5.180632905460542226e+00
4.641328855786940544e+00
-6.092790744509270162e+00
-4.582988129496830432e+00
2.382409648571958805e+00
-1.887748935028876307e+00
2.154291962770489288e-01
-5.029390879147626059e-01
2.807356032444173088e+00
-6.554717450077743868e-01
-5.010037013668592998e+00
-5.627127616392554543e+00
-3.417048858127266220e-01
-5.236468456510770864e+00
2.790119676745980382e+00
-4.065083664989571410e+00
2.280662378993904227e+00
4.626344752136444249e+00
-3.928798798601488507e+00
-5.263358086019415794e+00
5.898659633838446048e+00
2.461622942219105159e+00
-4.295434041580965534e+00
-6.888062741130963396e+00
2.147913738949722706e+00
3.685426729816667635e+00
1.166153157768639481e+00
-1.976643769421424945e+00
1.739024126227079137e+00
-1.115944165712357272e-01
-1.604247281776521872e+00
-3.874718359036357640e+00
8.728381750111861237e+00
-4.351002148609198095e+00
-5.143786755517931297e+00
-1.198997414032331843e+00
2.828495187288712742e+00
1.917790834358294561e+00
-2.253327234231030651e+00
-2.830707829972040734e+00
3.828058604083138583e+00
1.416221715437212092e+00
1.611276020054677627e+00
4.933727489876750916e+00
4.765950547938491155e-02
1.106140094242018090e+00
-2.191727651410513289e+00
-5.651144203463862592e-01
1.522028826102231225e+00
-2.643088191734370263e+00
1.791727197074382216e+00
-1.765677073796321217e+00
-2.334145093655669356e+00
3.690484952436599464e+00
-7.726104163664814450e+00
4.490132325561032367e+00
-3.553098515571824656e+00
7.746723092940430710e-01
-5.101615484792238142e+00
4.650245075225554636e+00
1.847543097136301604e+00
-5.524856944190390529e+00
2.269804600234078595e+00
-3.297826664342803582e+00
1.876548529317334069e+00
-2.042977234812098364e-01
-6.808562701197322653e+00
1.620440042519913693e+00
-5.235266015408664764e+00
-2.238873315432265976e+00
3.115509544922714369e+00
-3.075316261423460151e+00
7.038445911169987079e-01
2.362747482492919993e+00
-1.222142600590234274e+00
-2.599992917322403230e+00
7.719529325032782552e+00
7.258792584528357406e-01
-2.163827337858556188e+00
-6.200337994152961940e+00
-2.366693451796797465e-02
6.099959403975874217e+00
1.494850232705212445e+00
6.197238159651983214e-01
-2.448170440790617963e+00
5.676759331061264291e+00
1.303920968238737821e+00
1.035844151302585392e-01
-2.767353620547811310e+00
2.679911150796536745e+00
-5.944518185262109844e-01
-6.597089388426244483e+00
-6.135877063424160838e+00
5.073336144837363726e+00
8.105468449272266174e-01
-1.070827298936551930e+00
5.533687835320104220e+00
7.490070383004206356e+00
-3.472999853582227292e+00
-6.368702885432344196e+00
2.471285138789188096e+00
-3.008479455217393017e+00
-2.397704863107850692e-01
3.130457988611592413e+00
2.426647224076130094e+00
5.680462315009910057e+00
5.974707266148888252e+00
1.192521596912247572e+00
-4.288196673524730107e-02
-2.652111621534237074e+00
1.200136458826738473e+00
-2.486078316323586446e+00
4.582644749978284970e+00
8.806316625451164892e-01
2.851585924937571903e+00
-4.887610077989009483e+00
5.400005835303259616e+00
5.619063980022948046e-02
-3.634981926011213726e-01
7.885051062245685971e-01
-3.451421894912882316e+00
-1.515491420907806308e+00
1.689767024680091545e+00
6.421036431040415771e+00
-3.496638613614443614e+00
5.197844264811808834e+00
-2.345031942209558906e+00
1.016211457354405034e+01
-1.550617843699524157e+00
3.630905288596398162e+00
-2.025492923522730582e+00
-2.491823216513320727e+00
-1.633119574682536879e+00
4.528571219300096651e+00
-2.301233745690091315e+00
-4.148793433218129767e-01
8.484258545384281147e-01
-1.658960901443249369e+00
5.500611326046804805e+00
-2.509921691170162728e+00
2.569946896413739523e+00
7.492232371482583364e-01
-2.794810702465291286e+00
1.895805209846880279e+00
-7.972069750471615368e-01
6.277010961656519505e-01
-2.039131567816646395e+00
4.659562001338581894e+00
-4.572263259168721561e+00
-1.691759154056605041e+00
-1.253576673493257410e+00
3.048009172411468182e+00
-4.456203647673147028e-01
6.183348036565427641e+00
-1.817278388128374722e+00
-9.738657126360702465e-01
-2.945765876435974207e+00
-2.359047345161985554e+00
7.073019318978800429e-01
-2.204690991951018475e+00
2.329531483482117249e+00
-5.684904038626331868e+00
1.857472119750488648e+00
-8.473356437617209025e+00
-1.571813899803132797e+00
6.423607407730239416e+00
2.432164032036343571e-02
5.220721882393301705e+00
-3.654978753232990929e+00
-8.078630237563196204e+00
-6.317338707364497985e+00
-1.075239985832316059e+00
2.953675839863098673e+00
7.384102024306762324e-01
-2.003331977400639730e+00
-6.980275165410763094e+00
9.174833379639503406e+00
-2.660531732489206380e+00
-2.542172295971590890e-01
3.424791560291198245e+00
-6.456980398469278626e-01
-5.453337610890519827e+00
1.574635594106157166e+00
-4.204533309299621990e+00
-4.113833687503963277e-01
1.378015839177217483e+00
1.613374071287576816e+00
-2.345036173534031931e+00
2.279901552443638568e+00
1.426458948180542086e+00
2.055174711130965726e+00
-1.876026048912313726e+00
3.125396074849370320e-01
-1.737258684280118537e-02
-2.870073607354944212e+00
-3.413867473464668123e+00
3.815166384999380433e+00
4.045213357989152492e-01
6.544015882190357125e+00
2.412562987579186302e+00
-2.162049688135098791e+00
-3.473361788772431069e+00
1.977567486305920053e+00
3.030330909441086185e+00
-2.384370110706541368e+00
1.700215020881767236e+00
-4.987394087020373235e+00
3.640744467382693861e-01
2.140810512055882686e+00
2.564358394308404065e+00
2.153061604430317910e+00
-3.178571825410036578e+00
-2.116063986909873407e+00
-4.072315760090535974e+00
-8.461552675518385636e-01
-3.893428738658847310e-01
-3.057523646155958730e+00
-1.171955804284621649e+00
-2.417324646179477288e+00
-2.482500042086089209e+00
-4.371888097459656564e+00
5.860858886221502750e+00
5.883049621452709488e-01
3.103543165890135569e+00
-5.462129509845359276e-01
-1.820865833984104398e+00
8.847300945996394717e-01
6.206275738421821231e+00
4.043720181320388463e+00
5.845903048403461311e-01
-2.847575898564324026e-01
2.664408132048875721e+00
-1.199284807812759368e+00
-1.126457246101470133e+00
5.260595030079591616e+00
4.290714533004730491e+00
-2.199256140886471478e+00
-4.237806474033001258e+00
-3.739742650563576021e+00
5.641575412524138855e+00
