-1.114192908143357386e+01
-8.473878433535386989e+01
1.129364417951841659e+02
-1.923859152117895235e+02
9.544084472663716667e+01
5.460187827246888048e+01
2.329920726140791842e+01
-1.512884909335488999e+02
-1.506688068088164201e+01
7.115241030653774601e+01
2.759146611179326669e+02
-1.787439195814331470e+02
-7.890429673493970597e+01
1.586907203067368926e+02
-9.402679167256965798e+01
-5.320042239458788735e+00
8.837840020032372479e+01
9.670038695317234101e+01
2.638501748574912540e+02
2.676247496922067057e+02
-1.949491756284492681e+02
6.800037491737330697e+01
3.201039647126603427e+02
7.162785007155495975e+01
-6.081061357024814384e+01
1.254554480101513292e+02
-6.459702962621042843e+01
-2.671744936755269464e+02
-1.163149561820385003e+02
-4.707961157544732345e+01
-1.677814492458847724e+02
6.231596977209621002e+01
-4.381197285436012123e+01
-1.421886762744063333e+02
-1.658670607893869260e+02
2.390138764608238020e+01
9.163056471828024030e+01
-1.841736099191796825e+02
-9.060510249851340348e+01
2.399905464997078468e+02
-5.779534673720428373e+01
-1.654370407273178785e+02
-2.449096795533034197e+02
-1.499022365563503456e+02
-2.600892883054333993e+02
1.325197952497215148e+01
-1.785037682103028374e+02
-5.824631001550085330e+01
-2.508739981719975844e+02
-7.031734156337894603e+01
-8.721318278316611838e+01
1.266970401969330311e+02
3.503632548422805026e+00
2.219174446792605124e+02
-1.555007717484073737e+01
-9.721001705474306220e+01
-5.403573379675798094e+01
-1.030649744348974792e+02
-2.905374276032561056e+02
2.595647707605654659e+02
-6.596145999346491351e+01
-1.546267312610135605e+02
1.450714734822781793e+02
2.184855920194007410e+02
4.343906864567192656e+02
1.399014294672449239e+02
1.464719349824758297e+02
-1.384475993970860088e+02
2.956234190162523134e+01
-1.766781760007983451e+02
5.599899613689517253e+01
2.060393134153997607e+01
-3.069141400733319003e+01
-1.433441336310081624e+02
-6.149096656208364209e+01
-1.289958668768898349e+02
3.166636232468196255e+01
-1.397440924728503653e+01
-3.684577277247619520e+01
-2.071602844256690901e+02
3.067485145211758280e+01
-1.925562585096128885e+02
-6.573627867386362311e+01
1.833436430228246650e+02
1.088122541170643842e+01
-2.865220340704835280e+02
-3.226578212708132583e+02
2.248075069076805619e+02
2.109727815628085636e+02
1.867953778787028227e+02
-1.227946988780995383e+02
-4.726689860387451603e+01
-1.143905069004014905e+02
-1.381911446557306533e+02
4.409199633071755642e+01
-5.927988814005097993e+02
5.198191571953413614e+01
-6.253915683773436029e+01
-1.835464026787731839e+01
4.823519060306931294e+01
3.665152243166589585e+01
9.292624072632447607e+00
6.425799671058749141e+01
-7.560182157073495546e+01
1.470841417601434564e+01
1.952766338538500079e+01
-2.666951055868178742e+02
1.147189007742140205e+02
-4.690515791367151621e+01
5.725507493428667161e+00
1.287340886784172369e+02
1.710115660325237741e+02
2.196274932592905884e+02
-6.347898670301825064e+01
7.516305650908920200e+01
-7.846199577443215389e+01
-6.239724367558965312e+00
-1.952827683621261485e+02
1.253147433258612438e+02
4.464445151067110373e+01
8.098191952089526069e+01
5.062568580184807274e+02
-1.168416280328157200e+02
-6.251689107527445088e+01
-1.062600356185592254e+01
-1.836477146417715289e+02
-8.930991621815293513e+01
-8.448956646248828406e+01
-3.233891882830854314e+01
-1.630992206341058761e+02
-1.296649805456695681e+01
1.249407119086911280e+02
-1.664600880754342143e+02
-7.201144670616547216e+01
-1.001156006349643519e+02
6.330828462547127344e+01
2.158472048265749947e+02
-1.651283434517449393e+02
-6.734719026639947970e+01
3.050527094253147311e+02
1.720061832277835379e+02
8.676460767808154628e+01
1.169388601169402904e+02
-3.224403630580223279e+01
-3.140035662449014922e+02
1.933920510888462161e+02
-1.577849848406282263e+02
2.818717270521920781e+01
-1.392423022953591385e+02
9.081327286637407070e+00
-2.036623103354398552e+02
7.568272730238184920e+00
-1.513929005780391712e+01
1.321767717305085625e+02
-2.153655448880798247e+02
3.330510467205006364e+01
-1.830485408686788773e+01
2.179574611587310073e+02
-1.627520696886641645e+02
3.563739143823149789e+02
-1.209337925599917867e+02
1.194459119823878837e+02
2.813047925318762665e+01
-1.985139344611775130e+02
2.605383653657746663e+02
1.760448665151726573e+02
-9.915857056859377394e+01
7.336178735999428113e+01
-8.327805836738953360e+01
-1.643854427874245516e+02
-9.150701215343053363e+00
2.530154073367847047e+02
1.926980532466752720e+02
2.402340543887896160e+02
1.237925430672879656e+02
-7.669840736869564068e+01
-1.055189239262562069e+02
1.124004377778576185e+02
8.962138114351255069e+01
-1.840127662327230951e+02
-1.052781164887656615e+02
1.530490441068239420e+02
-2.616300187994778526e+02
-1.833688366795583420e+02
2.247501138437577026e+02
4.264552427438393067e+01
-9.901315186278709746e+01
-1.626553002224383420e+02
1.050248109369582039e+01
7.955637674895601208e+01
4.392700886457765819e+01
1.905899897062152704e+01
2.796223062050634098e+02
-3.051163435274518747e+02
2.273458055131677042e+02
8.692747462145385384e+01
3.504551861150247873e+02
2.231576279860924217e+01
4.551016370698482660e+01
-4.422647811185901645e+01
9.686587307935823787e+01
-1.631331349195259861e+02
-2.307951165112413037e+02
2.346671509940012754e+02
-4.390643924088726067e+02
2.435613818880632948e+02
-8.020742740093572465e+00
-1.135771528755437885e+02
1.248730094978018315e+02
4.064412990268259307e+01
4.659107320278444320e+00
1.056739922894392869e+01
1.146191342409725600e+01
1.942023712739814414e+02
-3.164657990047191447e+02
4.234183783411469904e+01
-1.539638650620820215e+02
-1.016604284621191283e+02
2.461094973368624892e+02
1.165820020114019115e+02
1.292610131483145786e+01
2.540621929585896339e+02
7.081767969060318535e+01
1.643854359387127317e+02
1.790974532348468244e+02
-1.069688417203877719e+02
-1.079102494324182544e+02
1.932432576344195354e+02
-1.396854206734529384e+02
1.637982888290691790e+02
-8.404510335471991311e+01
2.063018544747156682e+02
1.916374336834423673e+02
-1.877511859066519762e+01
-6.672419802220142060e+01
1.277127693031414566e+02
-2.699669996204988109e+01
4.936008410244863143e+00
-1.355268471586958867e+02
-3.343471405000091181e+02
1.608817385397782687e+02
-1.839396589615844135e+01
1.695972362010421648e+02
-7.031994239136243152e+01
-2.164541875287825121e+02
-3.112729613532701833e+01
-1.911686569664722697e+02
-1.668560296665582712e+02
-2.156996867660921566e+02
1.231095028478081446e+02
3.198636507828679783e+02
6.578589605506826032e+00
-1.515664673521354473e+02
-7.902739382505232868e+01
-1.555456961405482730e+02
-1.058924930503828534e+02
5.640769964577583551e+01
-1.247160826586632396e+02
1.485667358007628991e+01
3.973792039502680673e+00
-3.976776856438453223e+01
5.872626676049245731e+01
1.952715030217682681e+02
1.030437551619583161e+02
9.982744692641179540e+01
