4.383836068763370264e+01
3.295442859732257546e+01
-5.213068595921698289e+01
-2.111227380440152857e+01
4.973528935444737442e+01
3.575603759245289837e+01
9.879292161502402791e+01
-5.717175476554196933e+01
3.300458951429137144e+00
8.937601402156515462e+01
-5.043764872196346971e+01
5.098516609858991444e+01
-9.006365054662715863e+00
-3.462034269801689845e+01
1.652921684287266757e+01
-6.046598529914273001e+01
-1.379125176943375664e+01
1.072600441905246527e+01
-3.582623985248783072e+01
1.271295530485196501e+01
2.367669402682715329e+01
1.590016313729855746e+01
3.900616605152875138e+01
2.428210155916654145e+01
1.221424540387134350e+01
-7.247952836727278303e+00
1.032062532206637826e+02
-5.766304245150374896e+01
-3.969353117174110679e+01
3.676878208089001987e+01
-5.569244859330766406e-01
-7.478047449438979299e+01
2.069691201516204870e+01
-6.517458293582343742e+00
6.184635435944710657e+00
-1.626813409224197571e+01
4.500477708412891786e+01
-3.078527665459277252e+00
5.685944511887456088e+00
-4.587861593229406054e+01
1.109432934262879797e+02
6.858919799741656220e+01
4.389973489119507377e+01
8.154454088130878020e+00
3.789952188992430848e+01
4.575024312477267330e+01
-7.561147957433932731e+01
-6.312853377982270331e+01
-5.661719193455470389e+01
1.523138795683103730e+01
-8.810894075167591666e+01
1.701741542796696649e+01
-2.771681929370020825e+01
-1.307040411474880415e+01
-6.958556177497723638e+01
1.140291567239779909e+02
4.943498580988095625e+01
-2.092184934143931230e+01
6.167352299964997542e+01
7.803318773841002098e+01
1.292565311138693396e+01
3.475442383563237314e+01
-1.391940569625922564e+01
-5.361863956955873789e+01
-4.433101565893476703e+01
-3.747735418646770000e+01
-5.030889416991107765e+01
4.372179444790874214e+01
4.710836096602227130e+00
-1.051353776867855316e+02
7.709755234446134864e+00
-8.329232316123810165e+01
9.662146942572134378e+01
1.987409720109290845e+01
1.489619684131577593e+01
-4.090486172923207597e+00
1.081842663557052298e+01
-1.040742848425607292e+02
-1.498009905203814895e+01
-6.337055416126325014e+01
-5.448813308814411016e+01
6.717129363347635262e+01
1.004471299870129712e+02
-4.930438130994740931e+01
6.658855653150233422e+01
7.544965949646021386e+01
-3.099556667509885344e+01
-3.120623690158527808e+01
1.135715522683945622e+01
6.738832142368183042e+01
2.823574741925197173e+01
3.228889321772347643e+01
-1.032354405507806661e+01
-5.204255406057712463e+01
-3.571636904758364039e+01
7.954199035790848882e+01
4.183421645145681111e+01
-9.983017849811702149e+00
-2.062338086712688678e+01
8.635893864264527764e+00
-1.532955670893629829e-01
-3.490181176569673482e+01
-8.661376438436352032e+01
-5.549646787045352880e+01
-3.953137852222032222e+01
-1.919864267010806813e+01
1.839955271242577073e+00
8.511807043948548923e+00
7.651855628498594797e+01
3.572072485215027626e+01
-2.606835559112203882e+01
7.125425176601390831e+01
-4.550687647848961603e+01
2.047332184679855160e+01
7.537461938449069976e+01
-5.560969936805230418e+01
4.644183151909239626e+01
5.775334322731550429e+01
8.542207590863647226e+01
-1.545562793748728225e+01
1.260319814121140070e+01
-2.917785157759465875e+01
-2.214251990828779881e+01
-7.444844178054141537e+01
1.837650691829345817e+00
6.291102673040706605e+01
-2.674285739701991815e+01
-3.741654014453840205e+01
9.520428577572683082e+01
7.831809950660107233e+01
-2.757407518447296368e+01
-2.408024293263922644e+01
-8.074383918653985859e+00
1.269301811464270315e+02
6.271432244625826513e+01
-1.513956080781765223e+01
-3.012848833931185766e+01
-1.248907636807101937e+02
7.366114710115056141e+01
2.869870283562046609e+01
-7.750584946274726050e+00
6.117911416689728554e+01
-2.861354075399836461e+01
-1.308507664225731730e+02
7.446369807993519885e+01
-4.305248896425653271e+01
1.722491868834655548e+01
-1.105077232686107358e+00
1.064522667078976781e+02
6.082784826256489197e+01
5.481301690615460132e+01
-3.107187572197832992e+01
-2.074147279695881707e+01
-3.582655563688599187e+01
6.276608698842041889e+01
2.363066393102908336e+01
4.586579739459129001e-01
-1.928113223294219125e+01
1.765204281399087805e+00
3.459583284173468343e+01
3.338455153681056231e+01
-4.729796684677064178e+01
4.931560954086292980e+01
-6.931385979800497310e+00
1.023959799819977157e+01
-1.562448591630624861e+01
4.003856399641141195e+01
-1.379392401487554309e+02
-3.200396258201757149e+01
-4.444601903359602346e+01
-1.041949345645681202e+00
-4.449223162361561634e+01
4.886615649492962632e+01
-1.414532649610602988e+01
-1.169520941525891011e+01
7.008891488932955838e+01
-6.791674722835985278e+01
4.070738628933381875e+01
-2.886076820547403443e+01
-2.918432919729268349e+01
-4.885964402519615390e+00
1.682535094541187703e+01
2.871144866964631603e+01
-1.341901962654388747e+01
1.355681191817694931e+01
2.742604236879100910e+01
1.421820094277793656e+00
1.677855130479055035e+01
-3.569515106623671130e+01
2.348591218687935367e+01
4.704559184227649382e+01
2.324596438065851345e+01
3.851624760191222663e+01
7.873977508011688542e+01
-5.037444773434912548e+01
7.278559111714400842e+01
-1.048587918801190995e+02
-3.015931378921668848e+00
-1.697305279457217608e+01
-9.598769443381170774e+00
6.582228621411756819e+01
-6.193559136665714249e+01
2.063075591427910638e+01
-1.092864152921604060e+01
1.102557064108084717e+02
8.610174827126242292e+01
-3.222557037549439229e+01
2.079564949658870887e+01
3.849210874922596304e+01
3.558270421117137516e+01
-2.221825822718553312e+01
1.976973138056152379e+01
1.309544383041113536e-01
3.952981598845995137e+01
-7.676058262741402416e+01
-1.051226848473711328e+01
6.110603259151107380e+01
5.800062537580811295e+01
5.538311452125044099e+01
-3.048815775908678560e+01
-1.491674522296175276e+01
3.403904524445648061e+00
-1.015750892850093550e+02
-4.616115995086875756e+01
-1.333267535732918141e+01
-8.956639778961141474e+01
-1.176940737246498081e+01
-8.342828010855360787e+01
-3.234928350200956260e+00
6.337781429575778169e+00
-6.899207633976185150e+01
1.364386568850772363e+00
3.541054735472042125e+01
-2.325576075859826730e+01
-9.266751754670464436e+01
-4.160276477534345929e+01
8.662030286764638376e+00
-8.030821945936297368e+01
-5.388923211192818741e+01
-1.570690892201474398e+00
-5.391842530129183331e+01
-2.363527279429635364e+00
3.106919489666547918e+01
-2.576177821259173584e+01
-5.264465923168528150e+01
-4.158413267080049991e-01
-2.186386239910146045e+01
-2.009017134706660812e+01
1.167717978411909563e+01
-1.280462814938068838e+01
1.219819738707601298e+00
-2.128591352139571069e-01
-1.075198602630287752e+02
-2.113697698845377815e+01
-3.677179390743615528e+01
-5.338762678598664024e+01
7.948614871089678502e+01
3.204558122290993794e+01
3.982322351818565664e+01
-5.280257667931496712e+01
1.445534172473956005e+02
-2.194673235035251224e+01
3.824855275565981572e+01
1.062141214279436809e+02
4.739215463875741108e+00
