2.711522103308696696e-01
2.751926153560882993e-01
-2.563585043205890424e-01
1.253553691668051195e-01
-2.545474828212636043e-01
4.344133487165314778e-01
7.163498421600967836e-01
8.298622261369377195e-01
-3.277893266459956934e-01
4.069473389396756069e-01
8.223849166000618549e-01
-7.490733343611977180e-01
3.815313929172310381e-01
-2.602874195814566249e-01
8.768741684472702858e-02
5.202758987782556410e-01
-1.848786305477040370e-01
-2.666675760499290782e-01
3.717223433044206660e-01
2.051581600678056283e-01
-2.041060923708547525e-01
-9.484412648372922416e-02
1.109809774082646805e-01
-6.206025499511615973e-01
-2.872097097521999487e-01
2.622034092445014730e-01
-3.849218381138177492e-01
4.163648759393888676e-01
1.474712882149001869e-01
-2.645540499284892988e-01
-8.680954384465253137e-02
1.098896939730520383e-01
-3.378729940140390298e-02
1.693230454069234447e-01
-6.369515948530324323e-01
-1.354153358471911206e-01
2.513344343408445702e-01
2.101900778453535956e-01
2.401272377503522737e-01
4.700657100387337639e-01
1.721991460093574011e-01
2.597745553512766925e-01
-3.449955877139904148e-01
-2.719183651630729948e-01
-4.799822096881755096e-01
3.002973794474601554e-01
1.653099660293084749e-01
-7.348939342324534163e-02
2.870102787431343394e-01
-6.233236081064075229e-02
8.451272070802240410e-01
-2.316436503076111375e-01
-8.176325109219246823e-01
8.213271554507033390e-01
-2.296780991335428679e-01
-1.282344507779387688e-01
-3.931090825307143044e-01
1.279603673083784532e-02
-2.007699799348899861e-01
2.991835534634531557e-01
-8.884132539996336675e-02
3.536526057050678462e-01
8.612059532227278602e-02
-6.078262551853645945e-01
2.288699410662584643e-01
1.868377790132023097e-01
-3.555601316968164394e-01
3.051303532253746287e-01
2.973729732845792340e-02
-1.601223622369232213e-01
-6.320218700078186203e-01
-6.545004276511625640e-01
7.557361868623169165e-02
-1.813894942225097728e-01
-1.471684642591156167e-01
-2.835313494350712449e-01
-2.441285596952084691e-01
5.995641350264735436e-01
1.391446088155016136e-01
4.442439469942238706e-02
7.018728071951301217e-01
4.246629839541758988e-01
8.203667187662277982e-01
-5.432152499516107458e-01
2.621091176548503432e-01
2.004770391731857671e-01
1.613243014831320377e-01
-1.097508932868260789e-01
3.107758874256805193e-01
3.538210008935048778e-01
5.946432294447461242e-01
-8.982852943857135841e-01
5.679073182180751633e-01
-6.399205014938291747e-03
8.442426546208769977e-02
1.800618709436658804e-01
9.295973389265166364e-02
4.902870529959191259e-01
-4.745718003325777867e-01
-2.687863174881655048e-01
-5.311548118357463100e-01
-5.995930245008240789e-02
1.317018660058837110e-01
4.789315983663918752e-01
-5.015804920060900063e-01
3.771347483107968523e-01
-3.260775859350906192e-01
1.000493898486219668e-01
3.042869112383025376e-01
-2.532682338383387410e-01
5.124965092587885351e-02
1.433631701182819240e-01
-4.842742424993001782e-01
-4.019726564578247618e-01
-5.198528085296061363e-01
3.935199579716229801e-01
2.730215136088832706e-01
-3.325335041043837592e-01
-6.841022283227125023e-01
-2.593066121767528820e-01
-5.242614498206086271e-01
3.728676896858953427e-01
-2.438490523499911022e-01
-4.107933963738614747e-01
-9.094440592614549956e-03
6.219882309094322270e-01
-4.426171927129674000e-02
3.222985338709214442e-01
-8.033643050076388903e-01
3.055486571267942431e-01
7.660480286043153120e-02
3.882016541120902331e-01
2.580823151124016501e-01
-1.877779877254420193e-01
-3.091987569915376488e-01
2.614515023607877353e-03
-4.099953729674277181e-01
4.575383624694207008e-01
-6.653065284278883440e-02
-2.429258676326255806e-01
1.653640878711076789e-01
1.917158031942322038e-01
5.227972306101813516e-01
2.513561373270654931e-03
-1.638582840059088497e-02
-2.096622802343295899e-01
3.676936865186453129e-01
-2.591790874874353445e-01
-5.408809832758043612e-02
-2.871487238523861008e-01
2.676253093650401427e-01
3.128966436081501712e-01
6.954162143253436179e-01
-3.417661701844463273e-01
-2.795020344426338843e-01
-1.701248209604866446e-02
6.664830653503983626e-02
4.108727619779386497e-01
5.110585963313674096e-01
7.598747986858453984e-01
4.118568712807508803e-01
-4.277184781890890908e-01
1.008412003755636555e-01
-5.109423008365027163e-02
7.103946491463867252e-01
-5.547235709500653034e-01
-2.078693982705104304e-03
-3.325583811068638651e-01
-5.184114253593141708e-01
-3.489597853599918365e-01
-5.449582404810077163e-02
-2.364842825553712391e-01
-8.709823540300275502e-01
-1.374257232572029253e-01
1.219901535748509902e-01
-1.867761617103461669e-01
1.539822472305751866e-02
-4.645400325780868478e-02
-4.624904699023008048e-02
-2.317579477278545186e-01
-1.913695178924654794e-01
-1.140045966438274494e-01
-1.279152165358165560e-01
-2.590913283600325689e-01
3.160890322960274723e-02
-3.793642017863410043e-01
1.341480731947098937e-01
-2.041635765816123271e-01
4.194708591539445530e-01
-6.402112957647461133e-01
-1.036136437776004060e-01
-5.824893638994702028e-02
8.302921977906514428e-01
5.263008359309349071e-01
1.492105715366454088e-01
-1.536892854182034251e-02
-3.934416182393227768e-01
1.118963178792703184e-01
2.813420931078947085e-03
5.637834172948512634e-01
3.852904458455393977e-01
-3.475360625199489517e-01
3.245990725321079573e-01
1.687910855561447487e-01
-5.239570362707581808e-01
-2.497673244807574466e-02
-8.933948724185849510e-01
1.266643736039080315e-01
-3.518596859154301537e-01
-1.321693785796166365e-01
-5.309158874721899846e-01
-5.472288950834158783e-01
-7.431406553525750081e-01
8.463335898260171408e-02
1.070771628999762637e-01
1.129019133380897988e-01
-6.325695342487958062e-02
8.350648295933260634e-02
-6.575503784642457994e-01
2.014745017565811036e-01
-9.073056175939342438e-03
-3.077001522857849558e-01
4.739306029734657866e-02
3.796143099775517449e-02
1.831134525605404573e-02
-1.491165836845519954e-01
4.504427137575806039e-02
-1.833485533957537328e-01
4.517764451776516976e-01
4.573834508334240212e-01
4.540976573859213661e-02
-5.992709517312109213e-01
2.834614888504389807e-01
7.700982729162841878e-02
3.059719588314930849e-01
-1.817591680161985135e-01
6.850131033054807084e-02
8.113754554390508744e-01
3.449265496076848736e-01
-7.209474905786510401e-01
4.150320191158942684e-01
7.766081046926998077e-01
2.784057096777043938e-01
7.482431738204513572e-01
3.695914150195058756e-01
-3.121580478189212027e-02
-4.792126853471158077e-01
-3.456597111458075133e-01
2.152932679199557331e-01
-1.969229087251261334e-01
1.870209417475606761e-01
7.390523204346211017e-01
2.584655689113054544e-01
1.668432552378366074e-01
6.031250141587987113e-01
-6.646979062389661852e-01
-4.621328964357296343e-01
2.145042385451886302e-01
2.574837068142195040e-01
-2.102566337823702503e-02
2.481451289770868485e-01
-4.152077536769971378e-02
2.471335538458556691e-01
-4.785115501028243123e-01
2.920883821177809869e-01
