5.523099654771645994e-02
6.337843921359493926e-01
-7.857916468169244828e-01
5.829547773801988519e-01
6.588150685350513402e-01
-3.890381454147104900e-01
-5.636496497833800579e-01
9.309600622260385538e-01
9.989283532862556214e-01
-5.352903209132378048e-01
6.389392764311996320e-01
8.028619496205968709e-01
-5.682794714360595023e-01
-2.979090399572079662e-01
1.525382978324174577e-01
3.403557489890844945e-01
8.852693333880856663e-02
-7.419218637662702287e-01
-3.149630680083619350e-01
-4.879682595130838685e-01
-2.212516356780183102e-01
1.813825048952573127e-01
6.445434687353974734e-01
4.390812992024673012e-01
-9.559518893638093706e-01
7.150260696143284633e-02
-4.723971461541291994e-01
-7.801396984842746685e-01
-6.764188806081770089e-01
4.607452669919334109e-01
2.949813117250834615e-01
-8.476278716302078076e-01
3.624931290707680276e-01
2.105115995106328075e-01
-6.663957695007798332e-01
-7.930752782158738690e-01
1.230664013739268814e-01
-8.023607648524869740e-01
-8.081845459178783608e-01
-5.866890523195915641e-01
2.934350744651710308e-01
-3.543649132607742391e-01
-7.656591131979744169e-01
-9.761245390502170105e-01
2.971925374785198137e-01
-4.079040404010696452e-01
-7.379828518617244093e-01
3.812429530718830506e-01
-3.280185526926311379e-01
7.218764335230898332e-02
7.322495728914614199e-01
-9.794033285057079929e-01
-1.690002147765587992e-01
6.649603335298754914e-01
-5.875150422110961834e-01
-3.708693089686865285e-02
6.583348899802212717e-01
7.584739622762803890e-02
-4.335771675818906878e-01
-8.243453286993615015e-01
-5.119401645494472408e-01
9.292768069223757976e-01
5.960073739990856545e-01
7.840968196880991892e-01
-9.637873434089124780e-01
2.422724986257828728e-01
7.501030273501175794e-01
1.048246559674408385e-01
7.958421980975920462e-01
8.733801539761159027e-01
-6.871915759655499167e-01
-8.333508118027147527e-01
-9.821499332478773603e-01
-2.774713514869129316e-01
5.899693840985529292e-01
3.648700368879298495e-02
-7.316733070900373059e-01
9.938225767581961856e-01
-1.364828237824207147e-01
5.772642143365831480e-01
9.759893961373485860e-01
-2.236624023214306423e-01
-9.488759824266859155e-01
2.016355998825767326e-01
-2.636329133226601451e-01
-7.225077304967801872e-01
9.720015661208347701e-01
7.341934985019605842e-01
5.183105635841325221e-01
2.222643634618726161e-02
-2.782346905804848891e-01
-1.230241427168872193e-01
3.348320488601368439e-01
8.111425450158463724e-01
2.481981310413723385e-01
-2.568260109669706637e-02
6.768295523575917905e-01
4.863507835750495722e-01
6.306357464807472724e-01
-6.843329774448103642e-01
-6.355066591110212215e-01
4.011037712346081641e-01
2.242092104231114824e-01
-8.526653693501411446e-01
-7.312524699540752238e-01
-3.879387131019162993e-02
3.282068669621021062e-01
-1.747376854570488192e-01
8.841842183127983645e-01
7.971681060223749782e-01
6.828023054444312123e-01
-6.341973449424296305e-01
-4.146255808551286837e-01
-7.880901092610775871e-01
-9.979994857280566345e-01
-5.755079395857685132e-01
-2.141436474735198825e-01
7.756081522339671741e-01
3.139696226594217432e-01
-9.886262034098733942e-01
8.410215390086661635e-01
-6.198956349956490364e-01
-5.545917629577457042e-02
-1.943192702429301644e-01
5.436563385879149557e-01
5.264600197827415951e-01
6.836292005333439725e-01
4.688094019420967484e-01
-2.517648008407739058e-01
-5.972440929954021538e-01
-3.449181871099482599e-02
-7.224395536308424459e-01
-2.229953589890376620e-02
3.278252183022527522e-01
-2.263185515393271174e-01
3.864799790604335206e-01
-2.901520689059395863e-01
-5.576483533007858817e-02
-9.778943273464317798e-01
9.413532016902944610e-01
6.843877127453841247e-01
6.868536707875523284e-01
-8.420549524371208072e-01
-4.637450999255066098e-01
2.977037916424378761e-01
-7.149572776074313296e-01
7.970201173591145993e-01
8.749711003220306260e-01
1.584684008073840022e-01
-5.883333040863896191e-01
-5.459475129199657939e-01
-3.589876490241727947e-01
7.029775963544206974e-01
8.697533098323937395e-01
9.712549272524398924e-01
9.210444591476751874e-02
6.277366360006162438e-01
-1.758490354697104241e-01
3.134607481509663618e-01
-4.096176003746609950e-02
-5.772874077970662210e-01
-3.575788310745664500e-01
-6.737869138641956468e-01
5.442334974395577341e-01
-7.349749852861681143e-01
-7.201760392891921603e-01
8.532696760678645242e-01
1.293533641577946369e-01
-8.876257830938656390e-01
8.258982475676992507e-01
7.049687040451960707e-01
-1.339030807239229848e-01
-5.341606265088350014e-02
9.734073211551867999e-01
8.304147372840553487e-02
-7.082605146431895093e-01
3.910483947572049868e-01
-4.376540422203523129e-02
4.267312087231471818e-01
2.812249020527237686e-01
3.716698808525109587e-01
-1.296872526606278608e-01
-5.746548258241177543e-01
4.215340590775573659e-02
9.279167110379944461e-01
-1.746654944892847006e-01
-7.424785200858274870e-02
-2.456167571413210293e-01
3.948267782691219363e-01
1.204191135977241700e-01
-5.206862647209171691e-01
9.329068917709300024e-01
-4.488640524391531716e-01
5.417925973780350901e-01
8.923986129424935632e-01
-4.294289154847590329e-01
-1.654523298892363048e-01
8.085914337373578675e-02
5.014126824175988428e-01
7.372420333314892993e-01
5.499462545453766005e-01
-9.071235737743763572e-01
1.819160129397778825e-01
-8.394520776043311594e-01
9.601315867155748585e-01
-4.906205102902250204e-02
2.928618545856345179e-01
7.608632955970358047e-01
3.525046110502072505e-01
-9.989426825148197686e-01
2.514431484259822547e-01
8.315046927730294080e-01
-8.690606305848791457e-01
7.134676253450621397e-01
-5.031831252975818014e-01
-6.013281702940611595e-01
-6.977965724706658435e-03
-9.651571499282511901e-01
-7.364932131410230065e-01
7.574983809282009872e-03
5.676347171688334026e-01
-5.668516573089887878e-02
-8.869301243129150691e-01
2.072374570824166984e-01
1.185436684492831017e-01
-6.290275593086205319e-01
7.146060122318700358e-01
7.258780263548448852e-01
-5.904512625921776170e-01
2.096383504716663460e-01
5.454448039648978064e-01
1.056749437718644824e-01
6.271627115194522428e-01
9.753718887472917487e-01
-9.735511787129196293e-01
3.299055572478000187e-01
1.604182230901063377e-02
5.491121974759458624e-01
2.968915332680970298e-01
-1.969832821538661793e-01
2.749869849096326924e-01
-9.913887434662672637e-01
-3.292585765660100972e-01
-1.111836354974229391e-01
3.178380753783494050e-01
-9.611236290622078293e-01
8.632691542846983035e-01
-5.957753256720002000e-01
-4.326171671061269652e-01
-2.800065656937487102e-01
1.148634766755187719e-01
-5.028246924338029000e-01
8.968649176366492171e-01
-3.539853791438616337e-01
8.098442814032805748e-01
-4.986687310286619379e-03
1.093555003354471644e-01
-4.949949764746304215e-01
8.694853279908457688e-01
-6.957984943973919423e-01
3.602261968281472715e-01
7.006856902344805738e-01
9.394583821349824504e-01
9.629835548957283997e-01
-7.129199003601116580e-01
