3.198693709097057969e-01
4.059949180559319082e-01
3.029172824857115920e-01
-7.811288490877059676e-01
9.233733217250847947e-01
2.254013413786015718e-02
-1.447241500364675471e-01
-1.659997674516098254e-01
-9.259170022179841197e-01
-8.173814238054593062e-01
-7.715392784522465686e-01
9.688019401274756692e-01
3.723790307264678301e-01
-6.864542823507879810e-01
8.536365575728477317e-01
4.467270281247457397e-01
-8.505155067963496851e-01
-6.711241587616654236e-01
8.551454916565450759e-01
-5.501021922061852809e-01
1.996484285408515191e-01
-3.048106791580453834e-01
-1.105785084143289243e-01
1.968080290750273686e-01
3.673698097478064195e-01
-4.466078138467814984e-01
3.578109990603834945e-01
-5.328450183450164079e-01
-5.601033561806165739e-01
1.083563533202240858e-01
8.940523092454832899e-02
2.673157935550101172e-01
-5.135185166838567294e-01
-1.104477919070230296e-01
1.873228814990750557e-01
7.582313620202540960e-01
3.903425383842782370e-01
-3.474862977762651628e-01
7.627617246345883562e-01
1.020849268578323255e-01
8.246994852836087020e-03
-5.380202322905416334e-01
3.145313241136509230e-01
-4.533530903392928302e-01
-5.966315490486231443e-01
-9.328678541446062678e-01
2.102949533548215122e-01
8.617667013140406507e-01
5.913640467329424055e-01
-2.266030670978582684e-01
-2.919521808837326482e-01
4.227658682130732704e-01
8.211261188388618848e-02
-2.181286720477810803e-01
-1.993592272922874997e-01
4.255635803538182493e-02
1.524192997736344424e-01
1.846791787416612873e-01
1.598479495798210692e-01
-8.992274683487784248e-01
-7.805165613012190473e-01
-6.448704547975487866e-01
-2.076980660327172323e-01
5.776756204601474209e-01
3.963334176553177102e-01
-1.023197993808035999e-01
-9.127593920975536346e-01
6.668392288079378893e-01
8.737788599288041080e-01
-4.387509443173658319e-01
2.496024057708219335e-01
4.707481255965482170e-01
7.082219275916092904e-01
1.485257152673982173e-01
6.459148069872138187e-01
-2.096750516274012988e-01
7.783837206748742688e-01
3.167920055234092480e-01
-7.903724184722569213e-01
-6.025658980008474774e-01
-3.668913031866734009e-01
-3.416181573197878407e-01
4.245382660438734579e-01
2.620902431196223681e-01
3.614188327225649200e-01
9.008831060291793147e-01
-6.334520105559378056e-01
-7.521056151409610813e-02
-1.430245376347172304e-02
-4.522881321015728151e-01
4.567833143203223756e-01
1.076488987541983633e-01
-3.625150810519504052e-01
-6.837903639146611923e-01
-1.984686183268893345e-01
1.296940239944786022e-01
-8.253955667718519962e-01
-3.956880403179656724e-01
6.236885421512143868e-01
-1.083709043117919713e-02
-5.576441464778736368e-02
2.110805464965004319e-03
6.307756387025411637e-01
4.461594529401247122e-01
3.252304991004995038e-02
-6.288304789478016410e-01
-4.612614007912769765e-01
-6.979011225561659870e-02
8.452347564111861722e-02
6.473349403405332936e-01
8.608067268224857127e-01
-1.652705576020063738e-01
6.079182900570632153e-01
3.746568921123338836e-01
7.628098795420641398e-01
-8.524982503913063336e-01
-1.789523683505505058e-01
-9.089801864804745168e-01
-6.725805220099179138e-01
7.825677098639876039e-01
8.645154920570832235e-01
-8.314854032707574838e-01
-5.368119457730597954e-01
8.403014653866451855e-01
3.596733121697999191e-01
-5.724491628799002196e-01
-8.376383098181356957e-01
8.711117045171714590e-01
4.482272108797804577e-01
-2.479732963071321628e-01
-2.355821710566827765e-01
1.886791768880955456e-01
2.422899591428517851e-01
-6.262264713739051913e-02
5.466178871850062571e-01
5.487919458839993769e-01
9.858915668415988431e-01
-8.232095832320673878e-01
5.522942646182460447e-01
-9.015429259570499898e-01
7.960825909482753815e-01
-7.034876966136194287e-01
4.172417078910786170e-01
-3.450908633546496684e-01
3.133088949774356369e-01
7.136201688415895195e-01
2.575930593326836160e-02
-7.037038711138257074e-01
2.182861228213743843e-01
6.020670437489750171e-01
-2.661831221048451823e-01
6.791621906108129547e-01
7.655180517901694071e-01
7.528373135951074158e-01
9.588324146592945851e-01
-9.929915512059654947e-01
3.180016464259469711e-01
4.913305158460090638e-01
-8.178991037383716023e-01
-7.068153837187722832e-01
8.996415370896386765e-01
4.068291257399936356e-01
-4.534757313014368130e-01
3.451768530452874462e-01
-5.486402870928046571e-01
5.720131311483938052e-01
8.397643303046853358e-01
7.285506170963456096e-01
-6.605007658952577465e-01
9.526901076600999829e-01
1.456890419463467978e-01
-1.235797289920199660e-01
2.786891683329633107e-01
-5.179097066006472794e-01
6.062926426705379512e-01
8.102197468086962395e-01
3.837531219206344879e-01
-4.115642712667522130e-01
-4.372643983458179839e-02
-6.113953497972888229e-01
3.900816237878730330e-01
6.789948819514357581e-02
-4.687176697535224701e-01
2.366117755796841582e-01
9.008289570788785561e-01
-6.100779363492561114e-01
7.869723373099222208e-01
5.464199919797358973e-01
-3.265121835815547602e-01
-4.128866493591050180e-01
-6.056204870824086761e-01
4.993881412843386158e-01
1.750275805158096887e-02
-9.346429393673991726e-01
9.437675590085643496e-01
-6.506830496870952274e-01
-2.792785338989807187e-01
2.909222022809441199e-01
3.810822322423317310e-01
3.890393999376706713e-01
7.767157298314462111e-01
-9.008411087125798300e-01
-5.300543790446397008e-01
8.034819604157110717e-01
-4.726307512384895215e-01
-6.787211826676189386e-01
-1.529167679776666233e-02
-9.786996948716386591e-01
-4.593018305685037106e-02
2.050066765843083783e-01
-9.821139301850070336e-01
-1.361150548603224930e-01
5.066454214354438879e-01
8.838074650987675085e-01
3.374713016582413516e-01
3.159349038842647062e-01
-1.177285794814750819e-01
3.933944000121907258e-01
3.726279312702891477e-01
-6.568568985723475251e-01
-9.397021256190944971e-01
-7.243630443092994309e-01
-8.009199422083168596e-01
7.679720873425650574e-01
7.950777064762346580e-01
-1.272201384599647156e-02
-3.443023862865073337e-01
5.517332174069085049e-01
4.740324991952207245e-01
-8.840597896115349741e-01
4.675714534998893779e-01
-9.128704365154123312e-01
1.572390551543978443e-01
5.523206078904601135e-01
-6.119995515606480030e-01
4.617798489015045860e-02
9.046638177742023501e-01
5.851803202175132057e-01
-7.360290730597389697e-01
4.955438639566351888e-01
4.453107339421658040e-01
-4.313923787846363211e-02
-9.310289170324466124e-01
5.593106984753237754e-02
-1.345763130379831196e-01
-3.668169377090917394e-01
7.360584184520739814e-01
-1.272863287008587641e-01
6.283211006762263739e-01
5.343794455575894276e-01
8.293573627626571465e-01
-9.585261624877918774e-01
-6.202812318265793490e-01
-7.291528048400246487e-01
3.159823964035390897e-01
-1.484677266297380616e-01
-9.669040024969222102e-02
4.340935453653649301e-01
2.136197376401618442e-01
3.531704641047621607e-01
-4.883622776850096159e-01
3.311847641278342635e-03
4.063529138544670349e-01
-5.288553699117128915e-01
-3.689260542307299939e-01
