5.234264171407018829e+00
-5.922420528662987849e+00
4.298644551600622421e+00
6.575009731572640348e+00
1.056608379974570244e+00
-1.621356122844555436e+00
4.206503325550377426e+00
-1.449340029802809626e+00
-6.664161491713647578e+00
-1.766646532029283678e+00
2.643787806873345136e+00
2.696272870006814593e+00
8.218763753275515782e+00
7.136782895463606557e+00
7.355371954278228097e-01
-6.937408781985795692e+00
9.638319289884410779e+00
4.032816148778204379e+00
-1.736758469034586749e+00
1.767794820267335920e+00
2.748126140924064931e+00
-3.970008556949798928e-01
1.029041090300937178e+01
-5.231605417036893968e+00
-1.976496953455719519e+00
1.529547110261089138e+00
-4.933215079505660405e+00
8.938573883491976346e+00
-7.116212394846972877e+00
-7.186140007439130173e+00
4.625467546243505979e+00
1.038744994895377971e+00
1.361529743715630847e+00
2.087958396987331877e+00
-4.724078511367697963e+00
3.910019216249494889e+00
2.158342709667901704e-01
4.745571510816315453e+00
-4.404203307981751969e+00
-5.521924831309494408e+00
4.647196022994567244e+00
-7.639308997797050749e-02
-7.591519940440563108e-01
-4.708228183793066179e+00
-1.563534947794161800e+00
-1.201560303218682568e+00
-2.319840444356337628e+00
-1.911022626983494233e+00
2.021520032258504518e+00
6.568813791326216567e+00
-3.645993182118752785e+00
-7.075179496078179753e+00
3.716727851243231684e-02
4.162887043658434649e+00
-9.665586126709823089e-01
3.300435055368047710e+00
3.259247862705313192e+00
-4.293301224388114790e+00
4.174493756040533743e-01
-7.385349238625309454e+00
-4.026510683287591874e+00
-9.301531543512945532e+00
-6.169205522176918421e+00
-4.208831265236052666e+00
8.918023501627165839e-01
4.741650678519594986e-01
1.967651801817099200e+00
-6.513828872603005138e+00
-7.906085354303951096e-01
-3.198265722179821857e+00
-7.248458699325801557e-01
7.521278308902243026e+00
2.456525967908529395e+00
-2.497838003735692869e+00
-5.477434060700185015e+00
-9.753311737263887338e+00
-2.251605637317134700e+00
-3.470555619913283429e+00
5.487542058784784516e+00
1.117395555567932020e+00
6.616675809662147856e+00
-5.446455044138567736e+00
-4.307217456786990084e+00
3.036512920869371968e+00
-1.619730521164147508e+00
2.010795755977710986e+00
1.694966435509521752e+00
4.208547775056272755e+00
3.000303121317097865e+00
-4.964495007684496919e+00
7.209918685955917006e+00
-2.183658732518404033e+00
5.845881616684321713e+00
-1.895801959537697812e+00
-4.156977764210398441e+00
5.575453075041905571e+00
4.916166221968641281e+00
-7.168315050440634550e+00
-4.884738561559179182e+00
-1.208381687193033649e+01
5.242727057294869653e+00
5.663585633498767535e+00
-3.067837330779302096e+00
-4.444391028556682777e+00
-5.576511755236742474e+00
1.719440163880867178e+00
-2.784429091984972793e+00
-5.921268587618925494e+00
-3.136191373126126614e+00
2.161940850212106913e+00
-8.025956312394686876e+00
8.866459217810960247e-01
5.913572812226716380e+00
1.183170640198735857e+00
1.026808431478714745e+01
-2.814325517726753989e-01
8.198340823809799005e+00
4.066788415859655004e+00
-5.401108779725995568e+00
-7.547135749091720136e-01
4.380567264164710650e+00
7.201168880306618725e+00
-7.060841945839520406e+00
1.203874000046923687e+00
-6.407935445354344672e+00
1.288729370591460199e+00
6.175895948630801158e+00
2.105411696458429072e-01
4.287047652842812973e+00
1.712455823438792379e-01
5.967949997901650150e+00
-6.962181658052224442e+00
8.545684872608341198e-01
-4.051870172042721485e+00
-5.389867704439005536e+00
1.337995135872842578e+00
-3.254895672490293990e+00
-1.221268368346773547e+00
1.015384555659875687e+01
-2.517003521387321641e+00
-3.172353459859640790e+00
2.737002456682608109e+00
-4.265819869189212632e+00
5.621337095044984800e+00
2.914445943838080311e+00
7.437807350777483784e+00
-1.040132607130251863e+01
3.727247351436270062e+00
3.601032101390350793e+00
2.503015505570548527e+00
-5.448680229110917317e+00
1.357968593665470403e+00
8.465259433560893498e+00
1.307178164164607637e+00
-3.305884177448093375e+00
1.596236089858624307e+00
-1.060556523966563969e+00
-9.974890413443522341e-01
-3.183420228541018915e+00
-7.747632623226019533e-02
8.205053680308559416e-01
-6.124319216543000266e+00
7.439084123940437721e+00
2.263594476506798348e-01
2.428071862701479677e+00
8.715765158766657805e+00
7.442529089596059855e+00
1.425830473651444885e-01
-7.187054163443795218e+00
-1.629454826832797742e+00
-2.329994733100080317e+00
-2.026409893192448575e+00
-8.432219300205176182e+00
-5.304713282937180807e+00
-1.063067876651953014e+00
2.654968485447173787e+00
-1.012323368925301947e+00
-2.361168163825329014e-01
-5.228862530640404849e+00
-2.890256315497450768e+00
7.539186867678843162e-01
-1.142341003999904103e+01
7.746669346641730236e+00
-8.131041120676423262e+00
-7.611849860791177314e+00
-1.956165349733833381e+00
-8.128951660627339315e-01
-7.848755222271467602e+00
-9.199957044550684415e+00
3.048782112322417248e+00
-3.602355763971496483e+00
5.673939499951207388e+00
-6.599583562117172342e+00
1.900318868181151144e+00
5.279954553846664567e+00
1.722604461646995710e-01
-7.230410814408258169e+00
-2.037549466964706291e+00
-9.495364976686724301e-01
-5.960552970563750996e+00
8.164076926849467952e+00
6.013967721146846301e+00
5.536974568760617998e+00
-5.943953352830735781e+00
3.827316271183810237e+00
-8.641472244789341062e+00
-7.743069541462734406e+00
9.215445731514856575e+00
-2.700573238594138115e+00
6.089528406742075184e+00
-7.390126515545613728e+00
4.166884860832452131e-01
3.175730316745184023e+00
1.874931775601412109e+00
4.576493661370478194e-01
-3.467608666195952427e+00
-5.456504863162894736e+00
3.521942891374044038e+00
2.391820599603834197e+00
2.417187570208819025e+00
-1.093514804690861597e+00
3.546963507717628694e+00
5.414736822036640973e+00
8.645457399599317805e-01
-1.118124893869456349e+00
2.881423343367309098e+00
-6.601240764621572055e+00
5.348111793839780859e+00
1.055583246865092972e+00
-1.715690934749081853e+00
-6.368217754896030036e-03
4.310338519555221737e+00
-2.193005456125427965e+00
6.929766523697495906e-01
-5.453285648815597852e+00
1.253954921741214923e+00
2.252692696362877722e+00
-1.154889094539852401e+01
-3.083882601461394035e+00
-6.772099439947301569e+00
-1.812144930976403945e+00
5.107344413102090641e+00
3.363070123197623440e-01
7.948771637968521375e-01
-3.895988307213737567e+00
5.541010451826433592e-01
4.938621691313082707e+00
3.757458653833595896e+00
-4.749515985106466665e-01
-4.359543740734244999e+00
-2.430772501539829378e+00
-4.343916102699016513e+00
7.492913431088747522e+00
-2.170375284160237506e+00
5.928773136907049768e+00
6.518060815424503218e+00
3.841338329377412819e+00
-3.025623086160349917e+00
-1.289541149338467418e+00
3.682868024203691970e+00
8.557491630398992299e+00
8.780725635239917892e+00
-1.089149812226112424e+01
-1.471795774242361077e+00
1.849313349998852329e-01
