9.643986984744390423e-01
1.585985319044040942e-01
3.570202556517079184e-01
-9.033464903672203672e-01
-1.603643614277312501e-01
6.245052193465066015e-01
-6.342548502019789147e-01
-5.525553625830403881e-02
-5.392947567673946896e-01
-3.855992648982253801e-01
8.490714018225928861e-01
-6.596804189569891452e-01
6.135584261903077596e-01
-1.802317491631235669e-01
-9.961618716569486942e-02
-6.565995199743048794e-01
1.438967183191335319e-01
-1.945921859098698192e-01
-7.760132264592560780e-01
-4.951181508896862482e-02
-1.305906483884042846e-01
1.953378165004577838e-01
9.101237906230277286e-01
-8.912857665072724256e-01
-3.611004148145460224e-01
5.520805256293188634e-01
-5.702889235262917911e-01
-9.622578273870940890e-02
1.923708346484835907e-01
6.979987596246961523e-02
9.817778119345677013e-01
-9.945422661135991937e-01
-2.602821508296959685e-01
1.852335087262102498e-01
-4.388606134085186739e-01
8.524667733256736657e-01
-6.245329406893476154e-01
7.832798253237511776e-01
-7.271317685508142947e-01
-2.336153101753584149e-01
2.464981350575834451e-01
-8.023244676292433653e-01
-1.777220453266461497e-01
-8.206020587659754728e-01
-2.706306147527599570e-01
-3.842929893040125666e-01
5.863094458788125074e-01
-6.548592420634911093e-01
-4.096149238455670805e-01
6.649275490717903025e-01
-1.511101042789979587e-01
-3.940846551977317258e-01
5.782732050790231337e-01
-5.960730477991018628e-01
8.740690149370340389e-01
9.019749565362134014e-02
-9.226911327674169883e-03
2.121909619493920207e-01
-3.530533503911505999e-01
-6.848965044777020061e-01
1.584039655138327340e-01
-8.107836210763423868e-01
5.468947089710138876e-01
-1.423798227255821391e-01
6.730249614532635150e-02
-1.235362107047230928e-01
9.681415929238390561e-01
2.741550549344782262e-01
-3.300146401090018333e-01
5.738160656009716476e-02
-2.298177079061942685e-01
1.512669241849065038e-01
1.125468122403454618e-01
-9.142458723390918252e-01
9.749465289724621453e-01
-8.433524050357439350e-01
3.128618792894106715e-01
-6.465979416890197395e-01
9.512693407195214057e-01
9.522218179541122041e-01
-8.829364864965927318e-01
-6.702649850439197365e-01
-6.655248505459900876e-01
-1.004465033593193724e-03
9.835802428591056135e-01
2.630484234480154893e-01
3.702801646634734656e-01
6.276748788917165811e-01
-4.076352561911007477e-01
-5.486435023984093107e-02
2.648432520628372089e-01
7.153119843802833167e-01
-9.475019934604858030e-01
7.881872999496408738e-01
3.869908575033473852e-01
3.940957353168192956e-01
7.390366882167529461e-01
-1.238720287148002974e-01
-5.164039200810137675e-01
3.608043162407810200e-01
4.923245881386324463e-01
-2.231035617778978075e-01
6.190241459198801977e-01
2.965673225441887162e-01
4.443356113619043590e-01
2.482159332230244875e-01
9.591279625780011475e-01
-2.748213058571771228e-01
6.015144608011127048e-01
5.832743233091730595e-01
7.681700938544855362e-01
4.576880044029980610e-01
4.390205058623086742e-03
-8.327467782733177781e-01
-6.501829782587871254e-01
2.156803418208039780e-01
-1.249494419637953158e-01
9.773340180267591215e-01
2.491617579969700458e-01
-5.941434170942436754e-01
6.642064711553479217e-01
4.078901454709058516e-01
-8.765855872657324355e-03
1.531385025762781460e-01
-2.723334213300270257e-01
-9.284698496041612348e-01
-6.512879038643333285e-01
-9.231813268151982665e-01
1.450146925023283462e-01
-4.978730878133679205e-01
9.907736396805992829e-01
5.691108362842505208e-01
-5.264379019533420578e-01
9.159182022087741792e-01
2.139017530706088799e-02
-5.511051831373505738e-01
-8.403548415096131485e-01
-2.780596510883264205e-01
4.218247428694608114e-01
-4.525570377112200227e-01
6.829342259369051149e-01
-1.827718341815003367e-01
-3.788028623826324992e-01
-6.709002968827193492e-02
-2.892219461454823559e-01
-1.246928603237540401e-02
1.390520452110628469e-01
-8.753027274033919891e-01
-7.135698064350421976e-01
-7.029935730986494047e-01
-5.746437479846211449e-01
1.660133688639273686e-01
-2.880525068802455291e-01
-3.020174641912043434e-02
-2.830177906721789149e-01
-6.312079475179943611e-01
9.563303457059286750e-01
2.161294761639152018e-01
3.755253115421579579e-01
6.565661306277985609e-01
-9.134496166019938634e-01
-9.257499141595200154e-01
-6.095599569502399007e-01
-7.692844904617042179e-01
6.795871604361705121e-01
-9.843881647240593225e-03
-1.208906264237812334e-01
4.439883044066625928e-01
3.879279205138526088e-01
2.682125639029380171e-01
8.438194117876864908e-01
6.210306627287949244e-01
-6.354151979796502925e-01
-3.834844499098912785e-01
-3.724794683811896157e-01
-2.799390492513571527e-01
-2.825276443165849471e-01
4.704856624199156290e-01
5.168705029031379627e-01
9.643247859640331487e-01
-7.874167021851874448e-01
-4.039519334142722684e-01
1.388809254229299572e-01
-7.161680562223953217e-01
6.796880181279441047e-01
8.667874859770237084e-01
-7.899859657557666281e-01
2.499700606816095405e-01
-3.922066646918349608e-01
-9.066651261122504746e-01
7.047032254011547092e-01
-3.737059004017646568e-01
2.555792021564962102e-01
-7.804392321367925600e-01
6.763822329327884297e-02
4.454579487624832357e-01
2.129240814171340368e-01
5.243267912185434199e-03
-3.975697511445186461e-01
-2.759890002859433089e-02
9.836463245816717826e-01
-5.469219919652039685e-01
2.107286562528660756e-01
3.434906728127544717e-01
-7.471122662149678462e-01
3.299232819321602506e-01
-7.877083908090454223e-02
-2.323233746380466425e-01
-6.576940289175696730e-01
-1.556522323674229824e-01
-4.396763607474543090e-01
1.997664246933039678e-03
-1.456964871425139307e-01
7.437820243978507939e-01
-1.446024383293429416e-01
4.442622620945457790e-01
-6.503327777894396533e-02
-3.583472764379196374e-01
-5.644120258099913912e-01
-8.486955270482159364e-01
4.172655815232741983e-01
8.971372466299021298e-01
8.861013657318481673e-01
-5.479437302611938065e-01
-9.979229297711480484e-01
-9.828329338252648206e-01
6.883639781368910970e-01
1.115873859818461433e-01
-6.333312408980953379e-01
-5.998645669847284534e-01
-8.734154048077724664e-01
8.832562246541775242e-01
-5.438571603031441271e-01
7.798115557159865929e-01
-6.917362830471887047e-01
6.837194050817296809e-01
-7.742128086714605839e-01
6.567237192553678771e-01
-1.154122604511123029e-01
-1.644123395018188827e-01
1.709506149732846758e-01
-9.136511878204012227e-01
-7.967530035997110183e-01
-3.625938160677055766e-01
7.158710536236672084e-01
-8.623502398338820374e-01
1.494853167169907238e-01
6.709125948029968090e-01
9.024332766428158070e-01
-6.379362792773501933e-01
-2.890759123729644831e-01
9.226205675001950546e-01
7.929406886919667663e-01
-4.925602876002437291e-01
-4.350596509831938796e-01
-7.873927421294963924e-01
5.165012415052849803e-02
-6.639795542357387337e-01
3.250479696697696763e-01
4.694260234693306000e-01
-8.181187918090362388e-01
4.378009484089036008e-01
8.924992497806807368e-01
9.382257263103563893e-01
-7.432221489373145307e-01
