-1.573394099246643307e-01
-7.907113273352495142e-01
-7.273747398710639356e-02
7.382818921884944929e-01
4.559716255765715598e-01
3.018877631463785516e-01
-1.805814646293716352e+00
-6.328176782209704587e-01
6.315339294308227602e-01
-9.089840577593848447e-01
-1.514685984814770681e+00
6.172928385256348793e-01
-1.000765292407658880e+00
-6.766659140319483123e-01
1.341677029857534231e+00
-1.333186493246022231e+00
4.785086291627899668e-01
-6.962211803621614070e-01
-1.549027000452313674e+00
8.552479010811664395e-02
1.160977188243799585e+00
-2.034537745031759215e-01
1.028376389335538210e+00
-1.575171404692075061e-01
-2.818381720301857407e-02
-5.329778666289475275e-02
3.022425969220767783e-01
-6.131968660419147010e-01
4.632806749899210375e-01
5.025099456309733981e-02
-8.961610240731957555e-01
-4.244935370165217603e-01
1.326617585867557736e+00
-9.092784411956965629e-01
-1.733641014771830857e+00
1.582761429055890012e+00
-4.540117135124908110e-01
-2.291003361559322826e-01
-1.489355531934409616e+00
-8.034812852283815809e-01
1.041680941581836883e+00
-6.705169330068134759e-01
-1.558551497297876232e+00
3.204511935933814781e-01
1.295025183082774367e+00
1.618825741307626576e+00
9.814558212340285248e-03
1.558046748578868712e+00
9.905933390188031984e-01
-1.848841753112844266e-01
-1.222246036982892914e+00
-1.941457378961494729e-01
5.117585855857260668e-01
1.141073611177768843e+00
-1.701076531905888478e+00
1.106768179290386289e+00
-5.846035298697176419e-01
1.318941800427592681e-01
8.261979156697913940e-01
-1.102523149321473994e+00
1.520295840932589071e+00
2.955862069678583115e-02
2.734060568353985365e-01
7.094238864570896475e-01
6.383802288437310235e-01
-3.536299319147593323e-01
-9.103965583323967437e-01
1.050996105865462216e+00
-4.739470474580421699e-01
4.523539242995402998e-01
-3.136836511440763697e-01
-1.260575215184123854e+00
7.342770324245108116e-01
-3.917696338108169751e-01
-4.135761682732781441e-01
7.555641125900498523e-01
8.953326345453147539e-01
6.301574623876267101e-01
4.704851334583428635e-01
-6.526942194150344712e-01
3.709385204246282153e-01
-4.811103036607539130e-01
-1.834598034357941554e-01
1.283811200026240051e+00
-1.384753378357603815e-01
1.837215711361363801e-01
-7.073639948265233457e-01
-3.929017261026226393e-01
-1.036320548287511745e+00
-1.084047796383619922e+00
2.710931013603373740e-01
-6.509671773238114856e-01
2.089585327532860193e-01
-4.269903355402310252e-01
-1.043104219092804152e-01
-4.350429602285179054e-01
1.369277451020527892e+00
1.861781985713785170e-01
-9.603475725963233067e-01
-1.018418019136013708e-01
-9.154884509988517882e-01
-9.335340490942343195e-01
1.220702594003762353e+00
-3.654153195178866942e-01
-4.102659382772250729e-01
1.068107779484413822e+00
-6.710330210276905794e-01
-1.075060191980865110e+00
-1.479384390883583977e+00
5.971928429705113395e-01
-1.187863214111583243e+00
7.491728061563881491e-01
-1.362107258482965433e+00
1.078305341509272042e+00
8.118696316404142577e-01
1.352692341029558154e+00
-7.932167122290676442e-01
1.395214703222640296e+00
1.158669971986022063e+00
1.517333080626451336e+00
2.612949455179908176e-01
2.267564028287896716e-01
-4.523127091862682581e-01
1.373619926081979470e+00
-1.665107592662741220e-01
-7.917183306345279004e-01
1.117256166547254237e+00
4.368989809759479814e-01
1.599042273265886660e+00
1.223504717032946498e+00
-3.365514163466487574e-01
7.385404034480106406e-01
-1.077662288100671661e+00
1.865921572074877632e+00
-8.785583445673508241e-01
-9.216982189517192170e-02
1.676418226282396118e+00
8.638540523961841799e-01
-5.150531342626715192e-01
9.406480454376185962e-01
5.102591428086102887e-01
9.140472113457331904e-01
-9.065004695096420262e-01
1.095533112420316257e+00
-5.911428810388077437e-01
1.301809879175202855e+00
-1.153540211445547747e+00
-5.407065005765748777e-01
-3.909107287240110029e-01
-6.376437021366234692e-01
-9.591397633322092942e-01
7.070774105011001787e-01
-7.699996256227890079e-01
-3.138655652778363780e-01
7.495300331089834733e-01
-8.252392218503965537e-01
-1.583201529356974557e-01
1.341006720537561314e+00
-1.054650324969624187e+00
-8.529459394134769612e-02
-5.524367873758004865e-01
-1.164135674633457018e+00
9.318438083221018964e-01
-1.854525496310407862e+00
6.248306082696852837e-01
-7.396975401702827746e-01
-1.307882527601350819e+00
1.418811245123526188e+00
-2.770658926329677696e-01
-6.954290507296088109e-01
-5.049658814536376328e-01
-8.818739044430053964e-01
-1.338432044051424130e+00
-7.647237900048997616e-01
-1.156615218750595697e-01
-1.525738497494042889e+00
5.327841714411598595e-01
-5.379345398505410714e-01
-1.128945193508326561e+00
1.119941769836858780e+00
-9.905834150375647518e-01
-9.404641402202779110e-01
-9.413334353448261638e-01
-1.776958155858630484e+00
-1.715194789751787185e+00
-3.127921816529354304e-01
4.912390089179272112e-01
5.075685850401217003e-01
-8.978209580399794110e-01
-3.077461949337739200e-01
7.651461231978855526e-01
4.064321861648694245e-01
8.286824086911146470e-01
3.383062032237955097e-01
-1.223464298643156312e+00
-1.845765092667360774e-01
-7.029101992161996826e-01
-3.823857340267606819e-01
-1.550005476781865177e+00
7.887471260881246948e-01
-4.615116747695250932e-01
-7.994711540555462514e-01
7.908780942366261391e-01
3.494447437855074945e-01
-1.304570272798162567e-01
4.937225371446260502e-02
1.015280905355805618e+00
-8.398065443909323857e-01
-3.749660909107220830e-01
1.162338068854402273e+00
4.046462057203143448e-01
1.435685907273876127e+00
7.692464331259313282e-01
-1.382737792243506236e+00
8.495944995897637408e-01
2.304541410145467539e-01
-3.565627992888693587e-01
7.556910511707967126e-01
1.058069208848858800e+00
1.665556460141645045e+00
9.741508109373174795e-01
-6.195747082871123912e-02
-1.244769030723954062e+00
-2.557903318575432960e-01
1.184831479186453151e+00
-2.646513065320603708e-01
2.700697257304450760e-01
6.865486248704699701e-01
1.190051932696575054e+00
4.624833239860797751e-01
-3.744894532642752960e-01
-2.069080701660822585e-01
1.451048557893559687e+00
1.966025656249973663e-01
-5.957794497580566340e-01
-2.978140620338530775e-01
1.125763156164204082e+00
2.293651895566505283e-01
-3.029367635647950419e-01
1.569700810667540969e+00
-6.863138527943435374e-01
-1.257954140226593687e-01
-7.916580348852061411e-01
6.493328556985247246e-01
6.325356462377376143e-01
1.181530259078713341e+00
-8.155688146599349153e-01
1.029724956888156573e+00
1.232777259135298120e+00
-1.240401881536108419e+00
-9.331067862893004106e-02
5.750856613639165893e-02
1.055723252561082681e+00
-4.409639276682384978e-01
1.193707851287351129e-02
-3.264986569036550379e-01
4.727451302217033913e-01
1.571730075881926370e+00
-1.858133186881770760e-01
-4.258502830719255172e-01
-1.395335365619671864e+00
-1.328270122501833406e-01
-5.833999443898226778e-01
7.051445442644671546e-01
-7.422997769352472908e-01
