-2.929306799988080190e+00
3.110599347488868793e-01
4.518233628836375582e-01
1.878635454610467326e+00
-4.463212620848040935e+00
-5.202273306980498280e-01
2.372699406315080140e+00
-2.758076236046980156e-01
7.038776283412080392e-01
1.424663679684429862e+00
5.885309311545176003e-01
-7.951769295043547015e-01
3.268627397511734700e-01
2.050312644088004177e+00
1.526771691478213233e+00
7.328230321190101204e-01
-3.528316268328253735e-01
-4.574654451107829090e-01
-9.880328019628449310e-01
-3.931482767375711784e+00
-1.259189099716199856e+00
2.190092907239868047e+00
3.559085259277412039e+00
8.433369504345819001e-01
2.623641224275377493e+00
-3.252802006386426914e+00
-7.657325783939983310e-02
3.882538766428338395e-01
1.264939570206305985e+00
1.573332293694858386e+00
3.498027036044943028e+00
-1.226929135304882790e+00
-2.117234997658191453e+00
2.802482346747440900e+00
-1.992025090220712613e+00
-2.843629109842603420e+00
-3.103777544254920917e-01
-1.839823939464496627e+00
2.608766762683267348e+00
1.444822340113917747e+00
-2.573869677872088868e+00
8.441447803980144382e-01
-9.690939334843853281e-01
4.794458063000288373e-02
-4.174506197244345351e+00
-2.356947803939487773e+00
-1.161416761296651279e+00
1.153546770233014662e+00
1.159845617290176989e+00
-4.855451624939245647e+00
2.648483967383926885e+00
1.112797989191511183e+00
-2.131073345945072361e+00
4.453542520651626591e-01
4.703455185862965848e+00
2.849270874399654208e+00
-1.982473743257129772e+00
3.479904957479421412e+00
-3.911904512350266039e+00
-3.953889553433912241e+00
-2.479044580460653346e+00
2.618170646760225040e+00
2.218674314991352592e+00
-6.452249321735523679e-01
-1.712181071867458382e+00
2.550245611685305835e+00
2.726092169553547162e+00
-2.009260992148930391e+00
-1.608114624194326936e+00
-1.738222148451219251e+00
-2.730717612275212147e+00
-1.515345346350333688e+00
-1.202638565906359425e+00
1.049225560714442729e+00
-4.882976738083877777e+00
-2.262570143201943829e+00
-3.168636993323156847e+00
-9.481339987701475902e-01
-4.719228236199685789e+00
2.827865079166931306e+00
-1.722686323701043243e+00
4.284620793757484947e+00
-4.261375166642456414e+00
2.741898326467178126e+00
-2.897893934126559046e+00
1.320805786236848967e+00
1.482000556963846805e+00
6.659169718593550558e-01
1.821311464182484130e+00
-3.426857514023764484e+00
1.272380425653758529e+00
-5.667370435164843512e-01
-5.363089473216741787e+00
1.229417935312486332e+00
-3.457547830128218092e-01
-2.225895164799827075e+00
-2.450283389085890828e+00
-9.766151572525252345e-01
-2.620373723763451235e+00
-2.074920560038700401e+00
2.727961911508394177e+00
1.732286483797021770e+00
-2.733653351811784926e+00
-1.698412693387317374e+00
7.277964020264395817e-01
-1.655762954663446251e+00
2.001679462325691716e+00
3.020782203931728471e+00
2.824771878758944865e+00
2.734239498086051157e+00
-3.166692385707973401e+00
-2.156181902951063378e+00
-1.797197580475539125e+00
-1.046915287296359187e+00
-2.771317988101452023e+00
7.289615196784123841e-01
-3.829429979204781898e+00
-3.437988351256398012e-01
-3.669150162123832271e+00
5.588240637168906400e-01
9.755853378395957787e-01
2.493064535008095994e+00
3.733884650963728014e+00
3.216794702392526517e+00
-2.025438024451027275e+00
2.368416670966204673e+00
1.576306161260750960e+00
1.968148908604365976e+00
-1.971692777122052487e+00
2.281960511946254044e+00
-2.575437997285904279e-01
1.825479383052347249e+00
-9.774759394416376868e-02
-4.569621040048501559e-01
-2.004337764557003077e+00
-6.039205912612779503e-01
2.788699102601269075e+00
1.130841995995893468e-01
2.868924988845235280e+00
-1.142752562921614867e+00
7.587184284916614896e-01
1.228846559768784985e+00
-8.586174097850959308e-01
-4.012183772100332391e+00
2.386038467989488154e+00
2.214781469702563399e+00
-3.674687799133072197e+00
4.306948232759456374e+00
1.434916880277036899e+00
-2.606071970056814902e+00
-2.869521096623518508e-01
-2.815013265841260104e+00
-3.957185873298651568e+00
-2.206494361775478641e+00
4.006094722834784294e-01
3.459853328560623442e+00
-3.453090663823581430e-01
-1.030558317959475945e+00
2.892425472829796895e+00
6.931626557037366965e-01
-3.349116283737556543e+00
-2.977939637887661029e+00
7.672089045386076833e-01
-1.741193062171425554e-01
-7.007688481600568009e-01
-2.830800833477249867e+00
3.035803139244180660e+00
1.104642619792354452e+00
-1.708851070349886481e+00
-1.275745689866513821e+00
-2.245533027555498773e+00
5.194077156390852767e-01
4.280958121190005627e+00
1.232007956719466391e-01
3.847420795224645307e+00
-1.888713019254003589e+00
6.348213789689599595e-01
1.728015698725625660e+00
-9.468059112940384603e-01
-1.163281107523601809e+00
3.716532347093121302e+00
-2.005505687551410787e+00
3.970391625461867635e-01
2.818878629204832897e+00
-2.420110105652248045e+00
3.216305184440336085e+00
-4.798476388454149699e+00
2.403874178006290663e+00
-1.184399510028482094e+00
-6.956089463989256760e-02
5.393876669643216104e-01
4.051855532301313900e+00
-2.564961677778628824e-01
-5.422052937471097067e+00
4.653902170840627406e+00
-3.120810107605678674e+00
-1.496934982327108088e+00
9.590411831718850255e-01
-2.570905960172353844e+00
2.406746948338803094e+00
-2.695048612935740273e+00
2.624516859077438813e+00
8.611295397305960275e-01
3.512315349902829453e+00
1.821338015264058807e+00
3.064652237718829220e+00
2.325063750296157750e+00
-2.470679551379708183e+00
4.938376903266187279e-01
-3.271019386331399659e+00
-1.068090299586571090e+00
3.317432513099577651e+00
-2.256011669723161361e+00
1.122458390264506223e+00
1.011513745709624601e+00
5.111914335500417295e+00
-3.263356540073198531e+00
-2.103025350564069029e+00
4.127368329530354707e+00
1.871205996857861598e+00
-3.837239976303502775e+00
3.873858452376249151e+00
-4.456673509311884551e+00
-3.254669501309596313e+00
7.770872398900899869e-01
-3.996380849125267809e-01
3.358796962128023811e+00
2.707800777166678774e+00
4.734382070161650136e-01
3.392758880171859115e+00
2.076302024205610941e+00
-3.248611338659693759e-01
2.124791159219997727e+00
1.588161631841034094e+00
3.568069866273679835e-01
1.660274112312088324e+00
-3.751808070056871447e+00
1.690623599896369234e-01
8.947978220153538498e-01
1.980791290618782119e+00
-1.840560917604738833e+00
-8.317516731837653055e-01
7.313927367374183364e-01
6.276533490938847049e-01
3.625565734309910138e+00
-1.939338989307452632e+00
-2.490716294225849836e+00
2.819832143811801917e+00
-1.301486675231444234e+00
-3.387619189747868909e+00
-1.695372145938858488e-01
2.552970035852864417e+00
1.892203927380774253e+00
1.489542748421536000e+00
-2.090940489156196236e+00
3.757779230037954221e+00
-2.706722226274918874e+00
-4.514912956261989407e+00
-1.883336540569288120e+00
7.119634619624395366e-01
-2.876050741684660572e+00
-1.753183287243524680e+00
2.171620621169884302e+00
-3.592643606625749886e+00
-2.020203960387645381e+00
