-2.188852399700084383e+00
-7.914237093770393194e-01
1.386278817213737469e-01
4.934453560476748102e-02
1.164154415071962045e+00
-1.037022482494214248e+00
9.017595928523851612e-01
-2.344564248422082164e-01
1.332851055570496879e+00
-1.778189309445385335e+00
-1.142925315164815103e+00
2.443305607977202809e-01
2.466883459022661818e+00
-5.302963031412073480e-01
2.028133098035563187e+00
-2.096600665901472205e+00
1.588784116570068905e+00
-1.428782663881808634e+00
-8.643695924331152858e-01
1.699221868642341260e+00
-8.556267276124355226e-01
2.372161489035172544e+00
1.734103150938442583e+00
-3.018197619048827107e+00
-8.641578657790495166e-01
1.136079339724401560e+00
3.060195181994490587e-01
-3.917508497682507529e-01
-8.424495188018332748e-02
1.811785950019861868e+00
2.525603556613957856e+00
2.100556515524559131e+00
-4.858649063188336115e-02
2.194573174048321196e+00
2.066376037171359092e-01
3.988950429998384672e-01
2.085045639266282613e+00
-6.133307141737166512e-01
-1.192047041089067116e+00
2.052030835416483789e+00
1.116062383570626704e+00
2.711499902110255933e-01
5.242246615514369878e-01
-1.741309012615224194e-01
-2.037151495266635415e+00
-1.951812109507377047e+00
-1.617940344808524555e+00
-2.476853607254594358e+00
5.983055436680801975e-01
-1.097250242235559448e+00
-7.208873756584417425e-01
-2.321896909485920979e+00
-2.990833073220910521e+00
4.448792090709618452e-01
8.180159285725321361e-01
-1.805565214853618594e-01
7.434150722055932192e-02
-1.562491851616304883e+00
8.068031465048801643e-01
2.095943267007246646e+00
2.231276272177520337e-01
4.688468260992957326e-01
-1.167975578977427986e+00
2.403229833219876710e+00
-2.340645883484369527e+00
6.377722637836105157e-01
1.100916688507854513e+00
-2.232158822284247002e-02
-6.148383264636717582e-01
9.151585069795877825e-01
6.102259668263740888e-01
-3.842261875919587011e-01
9.947619608172313388e-01
-6.501918797996737442e-01
-6.832809490628755089e-02
1.679366394440940269e+00
1.218301163028479905e+00
-1.159532181567942022e+00
-1.885815539937308660e+00
8.850439862167218674e-01
2.358968322018664132e-01
1.874547794888388408e+00
-2.491723057555302212e+00
-4.099153041572553002e-01
1.960252499481047961e+00
-2.477762232678625942e+00
1.873742229308511309e+00
4.228253017226208943e-01
6.008829660291745700e-01
6.049360659083868885e-01
2.519543504544695445e+00
-1.558909631336683033e+00
-2.523738176932131871e+00
2.210982361373292626e+00
2.466391791479415119e+00
-2.483119545393840388e-01
1.917846065131456612e+00
-3.020626625893945594e+00
-8.064853244802095977e-01
2.289586270547814273e+00
-1.985958959089226816e-01
-3.722175241279216951e-01
-2.438537735059223888e+00
3.234450693008588118e-01
-1.758172075612416396e+00
1.828075818232969052e+00
-3.204182026895401325e+00
-1.970864641746653767e+00
-3.276354143607368430e-01
1.243396304012235554e+00
-1.947289330527402829e+00
1.979502365534028696e+00
-2.681618902375217495e+00
-5.615548643149461672e-01
-3.885415459694681606e-01
2.121443283155347581e-01
8.722121537060920637e-01
-1.318649478854669876e+00
1.537625982874916586e+00
-2.321799754529282611e-01
1.036350304749173556e+00
6.352389671563276607e-01
-1.652678121510196219e+00
2.581775270576895931e-01
-1.829695122242976701e+00
3.105703866042749617e+00
-2.328305618973747215e-01
1.119639779121161860e+00
5.286144437962125853e-01
1.699574906836671007e+00
-5.643421661851739657e-01
-4.219128462904785382e-01
-8.195145186405202731e-01
9.266749044124895640e-01
3.125668011256466983e+00
3.585025583437586594e-01
-9.421722035970394593e-01
2.107149620129302736e-01
2.314026025084068294e+00
2.828266779441295675e+00
-1.356811505714714094e+00
-1.748718113578431321e-01
-9.329596698569430080e-01
2.627565542974317658e+00
2.874071340404241504e+00
-2.716465475759642922e-01
5.245244799009995962e-01
6.896465916635454718e-01
3.062242709836907828e+00
2.055376745139501971e+00
-2.004686018303519779e-02
-2.221892016416160853e+00
-1.468623513230837618e+00
5.858314204384333923e-01
8.796661407734389648e-01
-1.769394336114699318e+00
6.363629723044084141e-02
1.768624047837661140e+00
5.930680513497543771e-01
4.075931780130324089e-01
1.592793770252182828e+00
-7.676471174066779035e-03
1.626662203580172328e+00
5.017816843442977071e-01
-2.716500433670079762e+00
5.060654854046204854e-01
1.251724566804342853e+00
3.067433419517151094e+00
1.937860288701071854e+00
-6.903538196743139732e-01
-2.907007422435053945e-01
-8.501159944942355828e-01
6.213535418647440078e-01
-3.026820931615132437e+00
9.752259836260688264e-01
1.822037271052611818e+00
1.593198937562532169e+00
-2.233053131899921162e+00
-2.719971467994344749e+00
-4.760383530676278729e-01
-3.024444321659026436e+00
1.832572200307799992e+00
5.637473471330003427e-01
8.799036845879620872e-02
4.446457266043839507e-01
-5.293630159305189320e-01
1.038026175302596332e+00
-1.950532810238793546e+00
1.472456845665079728e+00
-7.464536964676765640e-01
2.144469231543895127e+00
-6.658872864813372150e-01
-7.836401736606400936e-01
8.763735073156360134e-01
2.591399719093545606e-01
-5.366101830858787114e-01
-1.366174511729160601e+00
-3.795027080743840209e+00
-8.882379871781431735e-01
-2.369504360071008620e+00
2.861778456615714505e-01
1.376364874782623371e+00
2.220498992572741415e+00
9.367514020585346879e-01
3.299766992557818801e-01
-1.371991419772682574e+00
-1.496579000745974053e+00
2.453093874789667339e+00
-2.952730527593837806e+00
5.767255202655598989e-01
1.374547948419688970e+00
-1.692272097125034014e+00
-1.673241293857722356e+00
-4.489825484241527498e-01
-1.552443067315766534e+00
7.206645617057733100e-02
-2.196074809281518103e+00
2.516227706695316257e+00
2.883010734454953816e+00
1.911060255485307113e+00
1.564237315022551367e-01
3.147245275105186035e+00
3.293964992858292362e+00
2.858891464495642687e+00
-3.666179211199682708e-02
-4.964120239434913207e-02
-1.259250273331716574e+00
-2.792575859895049639e+00
3.707104972818798250e-01
-1.027538455285752494e+00
2.614625407766611787e+00
-1.627130610980215497e+00
-1.572689290162353704e+00
3.006283120235161643e+00
1.620701791690227322e+00
1.302641778232793701e+00
-3.208716333229125750e-01
6.892306086052772951e-01
7.616967665371300322e-01
-3.113815204596959152e-02
-2.214633073570960065e+00
-2.840229728108942808e+00
-1.837155283092796410e+00
-3.419290270414738764e-01
2.675706983921364746e+00
-1.498652190864063538e+00
-1.198143903955338208e-01
-2.869635471849863451e-01
8.452712335678059796e-01
4.048067507908779117e-01
8.660302967587119038e-01
5.280559684860599567e-01
3.398596842396931494e-01
-4.313493016772466104e-01
-3.127158300605353602e+00
-3.406347114813857324e+00
2.284493073708056876e+00
-2.522482677975822263e+00
6.300385344065690951e-01
3.183383450154734451e+00
-5.996815995089039841e-01
1.065570933470874504e+00
7.932428093990585571e-01
-1.600792860537958218e+00
-2.762822978513247207e+00
