-3.787598863261676385e-01
-9.724136021846041533e-01
8.990952787014860892e-01
9.479923902959181969e-01
-3.005510270354516678e-01
-6.844197166648837705e-01
9.197180300910414719e-01
1.535844696127774966e-04
1.135151267144596243e-01
-9.123865467142855401e-01
2.071216381816658458e-01
2.047971185052013254e-01
8.265210839444290247e-01
3.259841460684396175e-01
6.264746979768307522e-01
-9.880698179461997466e-01
-4.018492769929447039e-01
-5.494333596336433700e-01
1.849139776326658158e-02
-1.019079101585109726e-01
-9.645378965236950375e-01
-2.878819151737006532e-01
2.624241160377362991e-01
-8.533495791506866546e-01
2.161325137043796918e-01
4.698795450534833940e-01
2.106310449805002261e-01
8.445976165332744756e-01
-7.208177054811522044e-01
-6.427328445315179106e-01
8.989694666370402487e-01
-8.092430163281869593e-01
6.522974747694472164e-01
-6.050209271532311917e-01
1.170721958748004443e-01
-9.203498239505862877e-01
-8.593257847011543937e-01
-2.887423711817815875e-01
1.011102412966731201e-01
7.931097619812410571e-02
5.998697455936883305e-01
-5.517353434421199410e-01
4.694194341397102122e-01
1.061584834245268283e-01
7.002057763578026783e-01
-1.536830629947090188e-01
5.582398411163325136e-02
-5.694918665751329545e-01
6.958861058569669744e-01
-2.414799199909378746e-01
-2.052091147066952281e-01
-9.071606822009754545e-01
-3.794386359744983395e-02
8.691559941539035439e-01
-8.390477003466443318e-01
3.183652225035049632e-02
1.958403721341996917e-01
6.139905145198207848e-01
-3.437907282372558715e-01
-5.859198471317528245e-02
-2.937590439359365480e-01
9.020320669849843931e-01
9.102413887149320981e-01
5.271775582480908717e-02
6.863196014220696028e-01
-3.417607362299359686e-01
-8.607240313487123373e-01
-6.500794201923802973e-01
9.993795123225810428e-01
1.640242686201283107e-01
-2.590602431923685334e-01
-6.752184900293123349e-01
-2.233555533178028796e-01
-5.577497149173114011e-01
-9.312887349391250069e-01
1.036290374607444775e-01
3.944938291483190973e-01
3.040861789859981013e-01
7.633103495293753760e-01
-3.354170956039312923e-01
4.657070386236912274e-01
1.096857709145540039e-01
5.811023905221797126e-01
8.852247215213191467e-01
6.576785220731300452e-01
-1.738425428677659035e-02
9.027691288667982761e-02
8.130379900154727224e-02
-2.023844010087325618e-01
2.067709587268844462e-01
1.783525448073874919e-01
2.478733351230650861e-01
5.942283971612303262e-01
-3.337236392682028097e-01
-9.478796830733371426e-01
9.556702205084144364e-01
8.692250823551486150e-01
6.560352456717351011e-01
1.857414030932049709e-01
-9.008940141562007398e-01
3.536211043531465315e-01
-2.938217288194679977e-01
-8.905983883675709922e-01
2.140027476493469027e-01
2.931169735214849137e-01
-4.645339803121362188e-02
8.410604081295975920e-01
-1.523258824122741828e-02
-3.862230234036994059e-01
-3.171437801474616958e-01
-3.575703030169488095e-01
-9.720987859181327018e-01
8.755493073753872757e-01
-3.408955547910421657e-01
-5.749633120762493999e-01
7.578086408817883424e-01
-8.823409491486693401e-01
7.441515662360413952e-01
-4.926025413321100110e-02
-7.583681297977158398e-01
-9.426179221102648498e-01
-6.163699338419181828e-01
-9.727412252183396113e-01
2.565520297102330538e-02
1.015555328096584553e-02
-1.156014847014152913e-01
-8.102321648525319109e-01
6.436155141889572384e-01
-2.113919477981520689e-01
-4.420281869146052145e-01
-1.511531613026468879e-01
7.561899601577481977e-01
2.516635727394500588e-01
7.210378031720476866e-01
5.742780831903044891e-01
-5.054760867734080509e-01
2.476620754454288420e-01
2.634672508829689619e-01
-2.648327092761251222e-01
-4.441314452613227548e-01
-7.425674335144056837e-01
7.798486793852046350e-01
4.073180382485797058e-01
1.574119681470109722e-01
-4.407435401715900092e-01
4.163504572255540825e-01
5.811535954531308334e-01
4.869121524096051701e-01
-5.319603985796090839e-01
1.456739008303917782e-01
5.879320165116506125e-01
-3.883506331780637311e-01
5.311149265781884843e-01
-4.418852028658417641e-01
6.295155631478301927e-01
2.133275656507729323e-01
-1.842750797407810559e-01
9.039914845290728529e-01
-2.172119077679117716e-01
4.636543511267281481e-01
-3.590498344435992806e-01
5.376364789069509875e-01
-7.329753806060381738e-01
-8.524181203633736104e-01
6.662168635879470724e-01
1.464597607323077089e-01
-6.755329896121073929e-01
1.472504327909212041e-01
3.498604773379199173e-02
6.841646478134384424e-01
-4.545609288120313618e-01
7.661401157934604189e-01
-4.975769247396970574e-01
-8.689288492530522490e-02
6.493619382636866000e-01
1.020787452315663479e-01
-7.036063402888050877e-01
-1.010909178022234567e-01
-7.297180667005371824e-01
7.851291371867328284e-01
-4.752028697312038474e-02
5.228543226614825734e-01
-3.416455402311548983e-01
9.624169183248760806e-01
5.730660335209325495e-01
-7.343354026196524664e-02
-1.960164178642700428e-01
-3.721068933157036795e-01
6.327657414506098199e-01
9.619315633309428737e-01
6.559002390102905977e-01
9.914095750619733582e-01
-7.972951034867044040e-01
7.999709327541142390e-01
2.382060907955430018e-01
-5.146541096323429265e-01
-6.577085599595846599e-01
5.565772192399813800e-01
4.131354554580752847e-01
-4.661264488902934211e-01
-4.385618284352632568e-01
-1.438978152723047188e-01
-1.795652138498036177e-01
2.921825162561706435e-01
1.852663679481472148e-01
4.833770675113524540e-01
7.254909941780660620e-01
-2.045032101442521011e-01
-5.608485231615580879e-01
6.348732521555708885e-01
-3.542988354012148733e-01
5.020478659931300047e-01
-1.277022417127948728e-02
8.680465213079961995e-01
-1.637714410866368819e-01
6.672720435711334552e-01
-2.457503058952283936e-01
-4.664025054626963485e-01
2.338641942408179464e-01
7.395962752749158930e-01
-6.548418489402809683e-01
2.885246346343461887e-02
1.891531286125209821e-01
-3.863246894578331592e-02
2.277183582419881613e-01
-9.202064318545177812e-01
7.876570125072428485e-01
6.187646324711788548e-01
6.009741322630384186e-01
-4.037339221210529683e-01
-8.399616439895665199e-01
1.812347011158239596e-01
-3.578309205657634884e-01
-2.377842870142237164e-01
1.585868317076202239e-01
-7.187731689917760125e-01
4.850004344383809229e-01
5.438723366658784197e-01
-5.068603186387208304e-01
8.461126041990474356e-01
3.368927633473721706e-01
-9.803648917677250108e-01
9.447149014238220843e-02
-8.199823555725480606e-01
-3.536033020709965502e-01
-7.514939340701844994e-01
-5.477280373865223151e-01
6.100050628496982430e-01
1.750208836339692819e-01
1.084212373051622880e-01
6.179068297733394388e-01
6.111050810473346306e-01
8.748590599193950545e-01
5.802377459637100277e-01
-4.688099069292566146e-01
7.915102460391614247e-01
-7.602458646634038253e-01
4.160700728032138418e-01
6.867908956014283639e-01
-2.703374187858516020e-01
2.032944116436632420e-01
-6.588425431660978049e-01
-8.249900494160675724e-01
-5.835056880692699455e-01
9.982348894741659429e-01
