3.111970104059822440e-01
-1.103952169799315985e-01
-9.396533316603226105e-01
-3.239212359412002584e-01
8.741290136364365804e-01
-2.764577563717149911e-01
-3.598429643106968445e-01
-4.039907804700135774e-01
-8.416923732955128301e-01
-8.519096422635861199e-01
-7.466654805278825080e-01
6.743525360772748556e-01
7.225927592993028892e-01
-7.953123595561573111e-01
-8.001912808134978849e-01
4.352406544143372358e-01
1.906135004122195831e-01
-2.965031260344910269e-01
-4.895511610628295873e-01
-1.927155773637885261e-01
4.323694748344686367e-02
1.890301655083956867e-01
6.556440863754922077e-01
2.333536478985218654e-01
-4.043299634611987603e-01
6.167569902341352162e-02
-1.413340963659033278e-01
9.372637119304392250e-01
6.761690444177117509e-01
8.187038789425598040e-01
6.441926940538738044e-01
-5.939909689370432844e-01
-1.398585187916832062e-01
-7.189588740352201857e-01
-5.547008529353487649e-01
8.595617951713860894e-01
-3.103631434770310893e-01
6.178503780372424092e-01
-7.573761158459222376e-01
-4.586522332662701373e-02
8.763997827110483474e-01
6.019161661947229902e-01
-1.253795261172083730e-01
3.115140299210295005e-01
1.203448828904729595e-01
4.158191773074606523e-01
-1.640951527867180459e-01
-8.086059914286707340e-01
2.803348750661476263e-01
-5.253126259578904111e-01
-3.170236546109215237e-01
1.118517139689239048e-01
-6.936195913521592260e-02
-4.231723808620915239e-01
-5.338545839374413404e-01
-1.097873580835713181e-01
-7.113301782347614122e-02
3.723445806332279506e-01
4.382713974942580304e-01
7.051473566807375803e-02
-1.967063727175806243e-01
-7.338379670434065360e-01
8.255573669220979127e-01
-4.862434477026764679e-01
4.246096465663486974e-01
-6.315782809986036916e-02
7.683818408238747288e-01
-9.573386499861922250e-01
1.795632321832896228e-01
-4.556598125193977999e-01
1.052647881662063245e-01
-3.413511399711075534e-01
-9.679520416162272767e-01
6.624934470988561586e-01
5.659395337084618394e-01
6.775539921319806425e-01
-7.193485810927380264e-01
4.578754675820335684e-01
6.458943621267545510e-01
-9.390267543949084583e-01
8.808824874213747602e-01
-5.797336476928003357e-01
-6.971912579761863071e-02
-8.597261134716887021e-01
-4.115611721852252547e-01
3.381761244691077195e-01
7.946594419758068462e-02
-9.261667657250132191e-01
2.918307785011728939e-01
-5.703786179123171429e-02
-2.830580557279183118e-01
-5.018958489793556854e-01
6.470669650406897233e-01
4.211943851225699031e-01
-5.795335473561173956e-01
-7.084998014402215105e-01
3.785739167236656932e-02
-5.300335033567904475e-01
-7.045622353725382592e-01
4.827439721119226590e-01
-5.398365075030588933e-01
-1.054789422148219025e-01
-7.687767448322284647e-01
-6.377093566344418374e-01
-5.937149404838548694e-01
2.360918400179969900e-01
4.942229313814860969e-01
1.393508195838792929e-01
6.808185159338095982e-01
5.638964621032365176e-01
-8.163545285104230054e-01
-1.864317581949730407e-01
-3.843377894396993177e-02
-9.042905451180647258e-01
-4.279554215825598362e-02
-5.853186602635860325e-01
-2.917501575628536070e-01
3.011988474451126052e-01
5.460173414530555824e-01
2.112478907169161868e-01
6.900568194723595283e-01
8.124476806703564424e-01
6.758124733399650808e-03
-9.223745494455211080e-01
1.890999817193068644e-01
-2.190857436267235059e-01
3.127243293651302825e-01
-4.599059253089508026e-01
9.980884612173368531e-02
5.829514458665907561e-02
4.282393047325905311e-01
-8.338636942628454563e-01
-8.809109988263468249e-01
-6.797975708097068193e-01
-1.171678290536473099e-01
4.032102426349033486e-01
-1.128083339223209247e-01
-4.817713693572227562e-01
4.851977690428244117e-02
-4.826964345365272191e-01
-8.348919737784934458e-01
4.891456046852242778e-01
4.484827093811887266e-01
6.560643696398327229e-01
-9.283210331449884833e-01
8.096623287550190895e-01
-9.987431977829681617e-01
-3.254856050533780909e-01
4.377661886469952357e-02
-2.426072676317065913e-01
-7.652305917181576600e-01
4.993374399770218464e-01
-5.670099453995418592e-01
-1.325809279143896902e-01
4.591939262446547154e-01
5.889056858155408136e-01
-5.517219034674005762e-01
5.474232486978884982e-01
-7.608165699708611118e-01
8.906496569172035471e-01
-4.711749951454011764e-01
4.106581245623250886e-01
-6.089286770545876415e-01
7.937992442472008303e-01
-4.308696337502333495e-01
8.815762715606414446e-01
-7.925772793312457765e-02
-8.144498326989002557e-02
-6.352995654089308442e-01
-1.575923924592492753e-01
6.491935372412331873e-01
-3.615570757980508532e-01
6.489471880112107627e-02
-8.613576669083973236e-01
1.334805590178522738e-01
-9.137342679480233709e-01
8.839547346348479717e-01
2.605860281458072247e-01
5.890767238425744790e-01
-1.105473560127150368e-01
-5.137005521732467272e-01
9.702468939054704755e-01
8.429127034137873231e-01
2.241165081019946825e-02
4.009230072608156448e-01
-9.336893797794618699e-01
-6.376060940843160108e-01
-5.523912499512679819e-01
3.873194128146351112e-01
7.465889649182992915e-01
6.914260558145735036e-01
-6.070084739623018422e-01
4.119167159429328873e-01
-1.991362849128135437e-01
-9.825643361288540767e-01
9.315257723585763650e-01
-4.459845962018764709e-01
-8.403223967267721140e-01
2.163921877071084410e-02
-6.500382669165107874e-01
4.533159720791024583e-02
-8.377813366894233393e-01
-9.280829250893936067e-01
-6.023930759456599393e-01
4.236357328249118481e-02
2.635905142879491070e-01
4.248417073372388053e-01
7.064486941348062654e-01
1.694198009354475065e-01
1.092638902676035251e-01
8.278319576622921172e-01
8.597781408306679474e-01
1.402527570614808816e-01
8.653576876097253123e-01
-4.618770285078559468e-01
-1.987498975657542299e-01
-3.201935591074935861e-01
6.955560749543094889e-01
5.385562461590691630e-01
-9.103178437928955979e-01
-2.270966544010615262e-01
4.449833920417287647e-01
-1.126014473213352574e-01
-6.426229547678175003e-01
9.306557922301164076e-01
4.283826441617286651e-01
-1.000707522289108198e-01
7.422355966446221309e-01
9.994260912968719879e-01
-1.861948110047426663e-01
-4.887104532562556169e-01
7.548548753073154316e-01
3.403126198609347508e-01
9.044472361854389852e-01
-7.702351038032517749e-01
-6.925576613316766217e-01
5.097811693734457528e-01
2.117619024160237728e-01
-9.078075600152875069e-01
-3.909080278201484404e-01
-8.553014177826046005e-01
-8.040521811956578002e-01
-2.733347708511437713e-01
-6.582507454089503440e-02
-9.366159317990354616e-01
7.242972251678154727e-01
-9.731636819751863232e-01
-3.121652417348224073e-01
-1.283032444293976670e-01
1.074656166874403684e-01
9.603091407005788227e-01
-3.935881547986173068e-01
-1.796621396259423520e-01
6.413055023089704321e-01
-5.868391146966596139e-01
9.335439549316060237e-02
2.435981617270068789e-01
6.548037810038465079e-01
-4.366789220555840068e-01
-4.058436310565805005e-01
-9.621876058303477919e-01
-1.515644752283429320e-01
6.172774812286745405e-01
-3.295054790255713684e-03
-9.095806632628309352e-01
