-6.644357310746673573e-01
8.048787869144313767e-02
6.678080670227066751e-01
2.546149940113400234e-01
-2.677480083854475446e-01
-2.005408328077937785e-01
2.374172479134515346e-01
-4.256376386786249189e-01
-4.897713541109476321e-01
7.261510598216940338e-01
-8.770053222120877123e-01
8.543331502267452748e-01
-9.306015925136645883e-02
7.771654460996013647e-02
-8.983204600421712538e-01
9.848651441222926461e-01
5.428488701477272027e-01
1.619496286140329477e-01
7.545548533899151256e-01
7.820642478182686652e-01
-7.977651989001657284e-01
-7.851080870567626047e-01
6.280094860177134475e-01
-8.388602167938898901e-01
-7.327712387528402260e-01
-9.525626556804516198e-01
-8.464344928027727200e-01
5.673183989194743315e-01
8.303782367360377226e-01
-1.784705004600530831e-01
3.584781104388068407e-01
-5.491034813598076880e-01
-6.690753911069835524e-02
1.163287518351794336e-01
7.585876060512934949e-01
5.398292585643771346e-01
-6.799621298784297441e-01
1.097157398198003175e-01
1.695537993552127531e-01
7.197218854772902130e-01
-6.622404430579669210e-01
7.898008225973980334e-01
2.944512737144278081e-01
2.074260341892719683e-01
-4.577846215648879724e-01
4.590551616509785937e-01
-2.450884792819163494e-01
-1.762777891649098816e-01
8.922773028568671272e-01
1.137477530443129492e-01
1.837175512435420544e-01
3.399805167553275886e-01
8.247921312229418156e-01
-7.688401545430678663e-01
-5.225288252427535696e-01
-7.704344455912002232e-01
-7.235518181214588562e-01
-4.735620972767813353e-01
7.975978307940043699e-01
-6.659155131566261154e-01
1.262351047877696697e-01
-8.067441323556070465e-01
4.140384161218140235e-01
8.336988163461136470e-01
-2.634789005621145375e-01
-7.010605911772502807e-01
-2.717794738811760702e-01
5.707589633508687310e-01
8.722546877544543609e-01
-3.883363614896082616e-01
9.184939041515363112e-01
4.924734723100161471e-01
-7.892317293152073532e-01
-6.216779229773732318e-01
3.695889622479087144e-01
-7.895001626147231111e-01
8.582342692651974136e-01
-7.523845989615738361e-01
7.954144366668094435e-01
8.383723570033805306e-01
-2.241666018969292740e-01
9.398597301569266982e-02
3.288697026101274901e-01
9.234994399982894286e-01
-8.389498818383687162e-01
7.930137609780651964e-02
9.932002705800955233e-01
5.972451552186968105e-01
-9.276374049667857058e-01
8.370079929996290247e-01
-8.889165526102678072e-01
-8.137364226558732039e-01
6.845795615013618995e-01
-6.955539003918018715e-01
3.628548979267549601e-01
-1.549008936200966247e-01
6.272302875477060446e-01
-7.554083067644241645e-01
1.004463861368676270e-02
-3.038552251366537504e-01
-1.264391106695916811e-02
-7.057771023314685088e-02
-2.533180639616554597e-01
1.843031218989041875e-01
2.319563931082140318e-01
-8.162779265997432976e-01
4.683500910628528580e-01
9.038341325790377745e-01
-7.993857641800024005e-01
2.316423645926353192e-01
-1.241967048196048751e-01
5.796860166793120772e-01
-1.125035734156556444e-01
6.220173854470290031e-02
3.979332105219126614e-01
-6.427131718279792683e-01
9.495705238388443270e-01
-9.362617472735919044e-01
5.969124892241539637e-01
-7.260077035490490882e-01
1.049036635160720543e-01
-6.063266899797352671e-01
9.063755384738469978e-01
-5.194532482854659072e-01
3.138717514664053354e-01
7.556228705006844404e-01
1.396885842873121231e-01
-7.098826976783423337e-01
-5.481601228999639641e-01
-6.826808219603441863e-01
-8.308595976837072072e-01
-3.520135788733855797e-01
4.480878651269648572e-01
-6.342573459149400961e-01
2.164994473581076662e-01
-4.373770161726349137e-01
4.497885810765993586e-01
4.516559319730297783e-01
-4.839233776869324988e-01
-9.926706143119690129e-01
-3.394970554249099326e-01
1.120467907689937093e-01
-1.290707414492775484e-03
1.555025517559720516e-01
7.905025630099684619e-01
-7.577425380134517052e-01
9.906109670164231495e-02
-8.292438839590832167e-02
-2.642857671317879742e-01
-7.191058902966889210e-01
7.512863675500349725e-01
8.138074524755458672e-01
-9.702556732754035185e-01
-5.063287623501120382e-01
-3.623360320226902687e-01
-9.426317222370930171e-01
-1.831230538052086576e-01
-1.826324393759395370e-01
-5.690981074639702708e-01
1.313105166844747984e-01
5.236669135718927670e-01
1.364729204370034310e-01
8.451188195363874556e-01
9.703921031065838587e-01
-1.137565026432454385e-01
-8.407315488323701125e-01
6.831540327325573703e-01
1.600326397967277714e-01
-1.226327743972646100e-01
-2.694576999497706460e-01
-3.753988976334314831e-01
-1.406762349329688799e-01
-5.833473116282619220e-01
6.803303867068315469e-01
6.440535764823538400e-01
-2.423369378325286316e-01
2.095763220837270069e-01
-7.079784664159862739e-01
-8.216013734925604606e-01
1.735461952809329578e-01
2.011194459254108668e-01
-1.603771335890800120e-01
9.831362784583490555e-01
-6.706112550849092635e-01
1.410454090475370403e-01
7.376440627529896599e-01
-7.861242063417301917e-01
7.984513632093162006e-01
6.956872018459485663e-01
-5.945967968128074155e-02
-3.895615316944907036e-01
6.754844888225426391e-01
-7.541061270981679332e-01
7.875498658427424470e-01
-6.968147630287817584e-01
8.459259399640135513e-01
-2.808687565101037897e-01
-1.661836759919801398e-01
8.036234943287225985e-01
-4.367075426862800924e-01
6.464340807365178687e-01
8.198329448984522649e-01
9.968079163591387903e-01
-6.472685086740037619e-01
3.892123548812080891e-01
2.270640923874056583e-01
4.862634610996448004e-01
4.237011923814251180e-01
4.336933504550288809e-01
8.120722709369703196e-01
-7.494844929851511850e-01
-8.197414135377003586e-01
5.472441291344316561e-01
-4.384231397079769721e-01
5.467105919827952576e-01
-6.094775169879016463e-01
5.006251090889932698e-01
-1.284944181594918078e-01
1.122374218106179100e-01
4.614851540185098688e-01
-5.310116992766120703e-01
-7.905163449913910068e-01
4.637995403276848894e-01
3.089605582456491639e-01
-5.334290077141561337e-01
6.077551274587280616e-01
-4.221076781210690854e-01
8.690665755429132222e-01
6.510990715154192365e-01
-6.517328065852177055e-01
3.243371161153076887e-01
8.029512005885042214e-01
-6.575674819196875021e-01
1.848324983951563638e-01
1.040551392426323218e-01
1.634134495743615467e-01
-6.789961063381353412e-01
5.179852532334132675e-01
-4.697662975858285517e-01
-9.222946305535659750e-01
5.423102801292358777e-01
5.085652879593363096e-01
-8.014873220594020964e-02
2.491504709969112330e-01
-7.508530479680941561e-01
-6.079667777803761108e-01
-8.731656935548186560e-01
7.279356789399606953e-01
7.451069759918582669e-02
-2.448456137690575574e-01
2.108805675369844757e-01
6.108493540587356385e-01
9.003720162722235187e-01
1.679411139693758326e-01
6.321981129933216259e-01
-8.601984417776025182e-01
3.146361053832928967e-01
-6.049483631160035291e-01
-6.960150675032727996e-02
-6.496551569865947062e-01
-7.723146959609101803e-01
1.410013281927846585e-02
8.643034106160603081e-01
2.191504903347660793e-01
-5.523405604848854455e-01
