4.110426415031118719e-01
4.085840351615634969e-01
-5.683142047305007605e-01
1.666256475652660995e-02
-1.331821921917224483e-01
-5.049212948297616688e-01
3.058239584891226936e-01
5.358487921941581522e-01
-2.181134958983614869e-01
-1.129864637635689117e-01
1.130507793000548045e-01
-9.473349781279383208e-02
5.590111118501490672e-01
7.185898564588208970e-01
2.248718794866582105e-01
-9.007394939959221247e-01
-9.814051723176466790e-01
-4.451711382827829855e-01
1.222600303208767336e-01
-6.610814264733262391e-01
-2.567472627941245200e-01
8.864369448978948185e-02
6.695947708483052097e-02
-2.846505535625558636e-01
4.098414178108809036e-01
7.929183482578985309e-01
6.409059594587911413e-01
-5.391013956852568345e-01
-2.558640394037696719e-01
-2.557199208392841872e-01
-6.487666390120641058e-01
-5.218779201670389334e-01
-5.700177484848449883e-01
-7.085895196395246565e-01
-6.870572410118636064e-01
-8.678733082412182220e-02
6.041084874241380298e-01
-2.717904401427269079e-01
3.985364465713145954e-01
3.533771542321457737e-01
4.890961572165837268e-01
-2.287557174490473244e-03
4.137941014707147147e-01
-2.355780193123033772e-01
3.288235822091691851e-01
7.308917445151870140e-01
-4.592544423089519601e-01
5.663521589299786996e-01
8.486705098228715105e-01
5.012512313600632208e-01
-6.888776087566075290e-01
-6.711621442948001448e-01
5.712810590415227097e-01
9.960533839499858821e-01
-2.301324246806082385e-01
7.509350424498841825e-01
2.949684627076192278e-01
1.361828201508386016e-01
9.917365884625699568e-01
-4.753918566237640420e-01
-6.002542116285602969e-01
5.165201960063028341e-01
-7.090034805100464688e-01
-4.898116073374891855e-02
-7.971888347904290129e-01
-9.925131793823858128e-01
9.955547589081654714e-01
-5.023491094324481487e-01
1.068845200391228545e-01
6.999143575553183894e-01
-2.043659335206271521e-02
2.057074951121085071e-01
8.959890339605482978e-01
-6.668086879996506511e-01
4.000107794535701089e-02
-5.245814822523398036e-03
-2.069582635501758805e-01
-7.886367622822398893e-02
6.516184900273231939e-01
4.153370186386085017e-01
-6.329616704152758455e-01
-7.646132597193060487e-01
6.060195795272820263e-01
-8.303750240318692466e-01
9.368621140672266367e-01
-8.108845139162810245e-01
-2.527803522609783915e-01
-3.076216792384687260e-01
9.822543124286358118e-01
-9.479266698426691562e-01
-9.732784728220853498e-01
3.998935702081416466e-01
8.204531947404969383e-01
7.511974179272378205e-01
-5.713582729243942282e-01
-1.747425055750693179e-01
4.724061792500215962e-01
4.971869192964422091e-01
-5.347512083121974680e-01
4.187000334248902611e-01
3.720986314696559383e-01
5.473901711627693345e-02
7.144466723058005009e-01
-9.430911324630799619e-01
-6.096907585119557549e-01
2.596971735398310166e-01
6.178108570497424790e-01
5.314670690824372379e-01
-4.220030614160636961e-01
8.892038460277578160e-01
5.798264622395425949e-01
5.526425306395514880e-01
2.041379760326211823e-01
-2.686728918538681121e-01
-9.844931892493395953e-01
8.419533909306973207e-01
-7.522635069973904187e-01
8.076694666482209239e-01
6.130417681732864832e-01
-7.925853114536818289e-02
1.491176859318614767e-01
4.402141242220352080e-01
-3.880814390088198618e-01
3.610973319708818963e-01
-5.797002367531358669e-01
7.615834422466718490e-01
-6.360403077235965430e-01
3.664921042774869075e-01
5.369634620236314326e-01
-4.267307220088247810e-01
-5.169498217913248705e-01
4.836156622020288953e-01
-3.693859118112448048e-01
5.992660080335814321e-01
7.345100059767619705e-01
-3.921524813687018440e-01
7.577117522855776333e-01
-6.084254395252539638e-01
-5.229096775055337432e-01
9.836130388389974222e-02
9.983596309447018147e-01
-4.595880503591076582e-01
7.427447153908455224e-01
5.173017953227176946e-01
5.846775775677752751e-01
8.801343304350637275e-01
-1.647873767877052753e-01
-4.895931131771684708e-01
1.884406716019817463e-01
-1.970149078003256005e-01
-7.771603926220909120e-01
-3.002115248364585209e-01
1.862722538993677457e-01
1.031043643861462300e-02
4.079974535414132575e-02
4.304526840164899504e-01
6.513893123885148295e-01
5.190973237577809485e-01
6.447920669325633014e-01
-7.502582325267435071e-01
9.313120044719045421e-01
8.527084131406830192e-01
1.396228503205150240e-01
6.596451729549059895e-01
-9.187292557957753569e-01
6.403901315038458275e-01
-5.492138219929445508e-01
4.710446798866330109e-01
-2.709703594677512761e-01
-7.620975297033276696e-01
-4.460239472754334855e-02
6.023277830068853866e-01
3.793845574343459592e-01
8.448267482184652621e-01
-4.031146803525376132e-01
7.125561094230716819e-01
7.828045089530764056e-01
-6.540205435487278507e-03
-4.576445443530767765e-01
-8.080570071770647456e-01
-5.737479088276353778e-02
-6.218369870089539564e-01
-4.568895725906694238e-01
-8.733965494384399175e-01
-8.079890758177759036e-01
8.273361132864016643e-01
-2.213281533148858671e-02
6.655203159834961468e-01
-9.956109647682434005e-01
-4.834174635991497215e-01
-3.856778919390859706e-01
-1.749673298175382641e-01
8.783743404410659927e-02
5.906020053265439440e-01
-1.128375024233656543e-01
8.414738018747962567e-01
5.033068718513411532e-02
2.490277657096180430e-01
-7.587553599139535976e-01
8.036463898235681746e-01
7.443243331759812342e-01
2.669509979931738997e-01
7.688495996615849482e-01
-9.138908147484710032e-01
-3.156973936040863293e-01
-5.322605575156231783e-01
-6.588849431462502348e-01
-8.339012587305032476e-01
7.335057016842467803e-01
-5.179186230899823773e-01
-8.269007316514813688e-01
-2.699746962448332788e-01
-9.675970920975536238e-01
6.843828464417442969e-01
-2.058249504652627238e-01
-6.067461658337764963e-01
1.628446596685895198e-01
5.400700418946406955e-01
3.460425869678085409e-01
-4.805547136403758302e-01
2.126608068879718427e-01
-6.666535347980424575e-01
7.799936262237074924e-01
-6.486864540309977833e-01
7.121215665958737784e-01
-1.294648456296170203e-01
1.672432170073747670e-01
6.837316445364942652e-01
-6.370420889384063035e-01
7.231608352747160851e-01
-9.077002146059043319e-01
9.980576051784413316e-01
8.769332904724964628e-01
4.283626843514287685e-01
-6.753575696682401208e-02
8.660511218478994522e-01
-2.340115590237232812e-01
6.183156947134718084e-01
-7.978691928225261076e-01
7.975388068145858878e-01
-6.342660466510263717e-02
-8.624456116826642038e-01
-3.811055112635086672e-01
5.434653256925572329e-01
8.870939825992207872e-02
6.841156543744746354e-01
5.326990040939982851e-01
5.494933188213857456e-01
6.100437035199957059e-01
-8.914921764794916381e-01
-9.017097550002683981e-02
-1.632036345035872138e-01
-3.273192091160614936e-03
-6.952722714759980160e-01
4.274147328362449816e-01
-2.171177147957412679e-01
-5.226527787284014348e-01
2.833420823441137326e-01
1.268662661581365647e-02
-5.450180828367747754e-01
2.732512135089382177e-01
-6.752582216331470821e-01
9.885632076841934790e-01
9.430097915482706927e-01
-2.701131139982519969e-01
