3.164604299163261913e+00
-1.268251637312164171e+00
-7.948463744163201117e-01
4.395164405474909941e+00
2.786959724185306353e+00
-3.542482801980880502e+00
2.449604128459300645e-01
-3.891253909508407993e+00
-2.629870051529386465e+00
-7.016308735066344227e+00
2.840273918571645684e+00
1.022778811360256501e-01
-2.884496750518612540e+00
-5.066445488010581144e+00
2.080236341891787966e+00
-2.995811081835168643e+00
4.106047278563165648e+00
-4.008970838179607199e+00
4.250202158739384117e+00
-4.427435325548632505e+00
-1.386718144158742394e+00
2.187526831399164706e+00
1.098945256392731018e+01
5.662104094120227193e-01
2.621988027052867487e+00
1.799189735956755243e+00
-6.633272517645970368e+00
-2.425392731345342945e+00
2.614901353860582311e+00
-5.649122693125657513e+00
8.748694349804932102e+00
7.073262710255292518e-01
7.934551356287306012e-01
-4.593098720076499220e+00
7.654510303585065678e+00
-7.564552980561646045e+00
-4.159504908780990107e+00
-1.703271003017654106e+00
-3.785319653550947017e+00
3.255227374724638967e+00
-2.137707710493545576e+00
-1.085832514251047431e+00
5.132390858330394323e+00
4.105093209755418471e+00
2.021338169974327137e+00
-5.208805575839393853e+00
5.367197109377254804e+00
6.475990635579075061e+00
-4.431875941165355215e+00
2.131624504191964142e+00
-3.656329089086624240e+00
9.059274001796968179e+00
-4.987169931985610205e+00
-4.648426423155454401e+00
3.226226402789769132e+00
-2.751668418923757908e+00
-3.266807695987627991e+00
3.720157460916590164e+00
-7.180985616468871235e-01
-2.461752664003340918e+00
7.956899822324650096e-01
2.760711106860048059e+00
8.100505251907225812e+00
6.143886358828055450e+00
6.232195472060725550e+00
-2.503525566303888006e+00
9.629071104139882209e+00
4.144478695064346851e+00
-4.519548874272668826e+00
-1.970474897992319230e-02
-5.007352965105660303e+00
-7.259272252171762307e-01
5.801931168376005310e+00
3.712171074396367842e+00
-7.308037618210986075e+00
-6.671906352525927453e+00
6.464797330750580606e+00
-1.898202601273041301e-01
6.486098120475610074e+00
5.122262329096752609e+00
3.509867577252555826e+00
2.010171222595290852e-01
4.612126977044663789e+00
3.376598720774539153e+00
2.625345385837617229e+00
2.979298512003829558e+00
-8.006802230292885403e-01
6.740227116343144864e+00
7.316778500469202307e+00
3.007629693155572603e+00
-5.408177320795386489e-01
1.327232943950716448e+00
-3.123363245732408089e+00
-1.734329407462520622e+00
-2.693382319214277398e+00
-5.903702133806402408e+00
-6.188594789864235501e+00
1.012881319486481502e+01
4.851287465335756721e+00
-8.403743824602560863e+00
-2.510146611591673738e-02
-5.362198449042804071e+00
2.263480283597895770e+00
-4.651343115019423990e+00
-3.973707006161576238e+00
-1.165090765414113605e+00
-9.802207034850322742e+00
1.080119882892774896e+01
-2.646692918169549991e+00
1.678220383947560235e+00
1.600585621079619214e+00
7.745825434087511674e+00
-2.220505793438594111e+00
-6.492806952320244740e-01
-3.064489344963567063e+00
-3.429640839673884223e+00
-2.507638134261116036e+00
-1.019356781380143850e+00
-6.019121301876526609e+00
3.417718500878476284e+00
8.395408774264820906e-01
-1.505670607846275377e+00
5.583669683447664234e+00
-8.008651197335172611e+00
5.972279203515061141e+00
4.461325571548696800e+00
-2.802981620572071009e+00
-9.253815880308202679e-01
5.268867467010388772e+00
6.238563512043271420e-01
-8.350230444102880512e+00
6.211404381204694403e+00
-4.052815577322173013e+00
9.602639626629455583e-01
-1.622212300524837225e+00
-2.780516835854746738e+00
2.408829558141739824e+00
-2.823817471796348233e+00
5.445017744832422402e+00
-3.676001916592896990e-01
-6.156339447719926916e+00
3.819093926829603802e+00
5.296792970532678169e+00
-1.607115141947024206e+00
4.616962698189128744e+00
7.922487059581992952e+00
-5.571735625063825026e+00
-1.355545231196685352e+00
5.351762039447801378e+00
-9.301838626390100950e-01
-5.209943106927068524e-01
-6.381672098566710805e-01
1.428810305754888210e+00
9.255665231732084663e+00
2.033910353535891780e+00
2.443995348217098851e+00
-1.063309872152798929e-01
7.575818283060887559e+00
6.772361230754420092e+00
1.298665221736009234e-01
9.208329636109237049e-01
-3.253307631143230516e+00
1.470948945678083986e+00
-6.614659749617534779e+00
2.897921606286002483e+00
-3.576886727731075633e-01
-4.214627311700846590e+00
6.198700681846514904e+00
-2.687089666712358049e+00
-1.860796380196674704e+00
2.484591602676265332e+00
4.041986478347038836e-01
4.585738793045665562e-02
-1.188870025209602943e+00
-1.770199409281683067e+00
-1.208429353838277986e+00
3.981755837710947876e+00
2.589269093973609159e+00
-2.211555017831293490e+00
4.315517950851265994e+00
1.196230512577129979e+00
-9.978913963177223678e+00
2.025997726635758944e+00
-1.762287110415721614e+00
2.691662216633625260e+00
5.236683808919208261e+00
2.223489553333563684e+00
-4.909465505014772191e+00
5.631348661873363248e+00
5.985883459666833772e+00
-3.430389122208402419e+00
4.164724351875628727e+00
3.463111083739989660e+00
3.630949133961769437e+00
-1.962550652416235053e+00
-3.185157221376774039e+00
-3.316672902634144382e+00
-3.329859834473034574e+00
-8.452469879152456400e+00
-1.450020981955470800e+00
-6.751704707692493201e+00
-2.716635293622959857e+00
3.924947787410960842e+00
-7.242192662714579399e+00
2.385322776880641094e+00
-8.627209907914668463e+00
1.639757258965949704e+00
3.216771641893013678e-01
-2.288130780545290399e+00
-1.540075193437322021e+00
-4.928882860022033796e+00
-1.942180518064552164e+00
2.209114703670732816e+00
4.038884071611196225e-01
3.050754611586770970e+00
5.794712423357307962e+00
-8.214176848606191683e-01
-2.741877274875521131e+00
-2.188692844611831723e-01
2.395189361510782433e+00
1.276379492724709408e+00
5.109011112783024444e+00
1.878750004512286242e-02
6.300268106294456771e+00
-7.923991066394066030e-01
-5.299455434471504134e+00
6.099679053809288209e-01
1.548942834361457965e+00
5.888065668774896899e+00
-2.308426658600587267e+00
3.646535718426606287e+00
3.908007239552380163e-01
-1.413438127412292689e+00
-2.196139209145091975e+00
1.595353013295457201e+00
5.286653573356383973e+00
3.329152465550558659e+00
-6.375245005846973179e+00
5.715152200354931544e-01
-2.678995969301580793e+00
1.041195219227401125e+01
5.857364670938475015e+00
6.084593116246180600e+00
7.960776113346202720e+00
2.665106614650122552e+00
1.459678094752379640e-01
4.465449213019192953e+00
-1.700883086970425673e+00
8.409235819855598315e-01
2.997769370723358584e+00
-4.369561536549552372e+00
-2.679126047154832602e+00
2.496213138372156415e+00
-1.448645168383272619e+00
4.617657706071296886e+00
1.621053911978589168e+00
4.748746853643515564e+00
1.549885555298406103e+00
-1.746393401620343511e+00
6.124029592980408943e+00
-3.770574878906675309e+00
-1.676226782243567470e+00
-6.594580975546541879e+00
4.437469841063309772e+00
-2.953000876148796028e+00
