8.204482988055399328e-01
6.706187813320367841e-01
-1.919909783017370142e+00
-8.385823332823441056e-01
-1.575338733358497167e+00
1.835592207885982097e+00
2.907681576646133359e-01
-4.836829200834713571e-01
-1.930495953512753937e+00
8.026779493592548498e-01
1.069469704875659621e-01
-3.450873271946546694e+00
3.016407643931533933e+00
1.400819163857362604e+00
1.981687854474933896e+00
-1.790241452206893680e+00
-2.857441977906525210e+00
1.420754257813984234e-01
-2.565831918266550105e+00
1.469798314289343377e-01
-7.537235971854491234e-01
-2.677051971898453120e-01
-2.373020345565342304e-01
2.847394118935091978e+00
3.747008669514415025e-02
2.624929455798719946e+00
-1.201571977200226238e+00
-2.559182327967313153e-02
5.622000848197501455e-01
9.201483597926070068e-01
-1.176141216271956225e+00
-1.960642263189097845e+00
-1.016881856225509972e-02
-1.368946464049292322e+00
-3.045178079064164045e+00
-6.792707392285393109e-01
6.725354554539967333e-01
-3.904557198661068318e-01
1.729993167069909132e+00
-7.527037650536930746e-01
9.572347288486215966e-01
9.356722693839684135e-01
-4.237573260766038796e-01
2.328558680037388640e-01
-1.549813809034435164e-01
-2.571403932957515348e+00
-2.381263030728382635e+00
1.146525907627759633e+00
-2.562795711488937034e+00
2.718519933357709029e+00
-3.562875495260200864e+00
1.359111549369044492e-01
1.499198659909510845e+00
1.303476734439928508e+00
7.433842690173780854e-01
-1.367538017080544011e+00
-2.942875499200575007e+00
-2.660011736908703739e+00
-3.835579877211308997e+00
8.836430407511035590e-01
-1.984828052153773115e+00
-3.831543070591453048e+00
2.886712623434901648e+00
5.530687158786751212e-01
1.687550833010365903e+00
3.358237841438553861e-01
-3.591280964898442285e+00
1.499258128153894809e+00
-1.287579204955934475e+00
2.577632891782053015e+00
1.645605127299213377e+00
2.399162882383691020e+00
-1.699232467232865806e+00
1.356268937031815502e+00
1.716532333907116570e+00
-5.897567936897778473e-01
-4.154188261840134011e+00
2.199059991622116073e+00
8.751336239928106941e-01
-9.591552742433079315e-02
-1.090879581059518655e+00
7.277884235462127593e-01
-8.169840391416693937e-01
1.830168772865489402e+00
-3.955319154310364960e-01
1.000106100810763898e+00
-1.771831490492590033e+00
-3.406528292705046645e-01
1.023781982584011097e+00
7.694700939146230656e-01
-6.625671536241619641e-01
1.334418099759980159e+00
2.163780305183819141e+00
-2.079026919267484175e+00
1.491303539577911730e+00
8.833432061441639505e-01
-1.355159786529657462e-01
-1.256325909423615217e+00
-2.045225100414277186e+00
9.761036308558208585e-01
3.970916483622249915e-01
1.839444104783181988e+00
2.637116856039911084e-01
-2.846049596687923788e+00
-1.339365314826220343e+00
3.925666463002347450e-01
-5.363606349311432764e-01
-1.231802560715919426e-02
-3.542190024480081911e-01
-2.810605470681717399e+00
-1.500009191947567544e+00
1.718871455022936257e+00
-8.509568584940703229e-01
-5.378255220995693531e-01
1.476669239254614796e+00
-1.262947591737192621e+00
-8.695917608328616877e-02
-1.569943192217734484e+00
1.652679061179842090e+00
4.012298353905252135e+00
-3.219252121743083173e+00
1.856751479861607157e+00
-3.698817450995365297e-01
-3.193849910237147038e-01
2.689543446340223909e+00
-1.195917153007413081e+00
3.108386470229818066e+00
3.869136853895557948e+00
-8.989419542448489064e-01
1.278128915708460767e+00
2.376652863769421475e-01
2.117711280716332300e+00
-9.392238284167694351e-01
-2.396097680334150937e+00
-1.681006305377872545e+00
1.591458889274939059e+00
-2.413170709347282283e+00
-3.854370559431350429e-01
3.877314995372696416e+00
-6.063655285047109267e-01
-3.175893482073225416e-01
1.515106910209937929e+00
-7.147141930666356391e-01
1.972240942037878586e+00
-6.680197738730230261e-01
-1.937524602101917459e+00
2.833568979188864745e+00
-8.914569175920052935e-01
-1.690985368386370979e-01
-3.398360654065182729e+00
1.128589075427994137e+00
-2.544702453501936468e+00
-3.370803424146194605e+00
-3.937465060830998453e+00
-3.547647099360800027e-01
1.118111564446598594e-01
3.582284682430833200e+00
9.288332303404778223e-01
-1.708109968781882149e+00
4.670556643398232621e-01
1.463207801822296039e+00
2.936691292432210609e+00
-1.460298346299675920e+00
-2.574518994573193886e+00
2.155866237359875370e+00
2.971662186466780486e+00
8.968758010684814153e-01
-3.454333384120800154e-01
5.679281841329215652e-01
-3.864664511059581198e-01
-2.197423142263320806e+00
-2.215222085404332297e+00
-2.952826733985633112e+00
-7.397976373425513286e-01
-2.995215083012605195e+00
-1.937379980659191370e+00
2.571495386457548493e-01
3.491904361687339975e+00
3.868350362326109071e+00
-1.896864327173048315e+00
9.118178829061323043e-01
2.707139160150858981e+00
1.044689121995276748e+00
-1.847143176669580722e+00
2.630713353833256996e+00
-2.129285766917297096e+00
7.079046290032130484e-01
-6.265984618876876411e-01
-2.566421729906087634e+00
4.026617908972442983e+00
-1.286298409747929306e+00
1.221239781171417071e+00
-1.773366601242571283e+00
1.267990464327512168e+00
-2.359159396686144827e+00
9.879067152320848422e-01
-5.549102391339879592e-01
3.847973509190267816e-01
1.651647497983944834e+00
1.696563874646280778e+00
1.352763661484732927e+00
1.000995771015326552e+00
-9.726403897628569384e-01
-5.146706215659562211e-01
-6.996488846548459817e-02
2.549897184339117828e+00
-1.317575145934941072e-01
9.578784769874288951e-01
-8.277605411820183612e-01
9.743029586210001369e-01
-4.918298952373540978e-01
2.661997591748807679e+00
-3.715787733706382490e+00
9.961268536818873587e-01
8.877320959760175434e-01
-1.013289483995615470e+00
2.101957325293965617e+00
-1.764209193925504682e+00
1.289634472865861803e-01
6.223910914362464908e-01
-1.175012283138684444e+00
2.962553523719457793e+00
-1.670640946429132967e+00
2.995195564883510464e+00
-4.012479644871276285e-01
6.222999051582300822e-02
2.182090853117030216e-01
-9.743576544726038069e-01
2.435192141566171475e+00
-1.656781577703969832e+00
9.180564582491279602e-01
-4.894980588633892071e-01
2.739504615758715733e+00
-2.324037569834971784e+00
-1.713051944183594077e+00
2.151765074919030241e+00
3.348438145529359478e+00
-2.729220953467915045e+00
8.012958090410033929e-01
-3.194311952066295923e+00
-1.357950267619477014e+00
-4.159910563918854720e+00
-2.139294341233965113e+00
4.975678907628616088e+00
1.550835133312372660e+00
-1.756109832007499261e+00
1.234550145590596504e+00
-2.509297612526554921e+00
7.436260323086922863e-01
-4.798404523242528197e-01
-3.146781594922977821e+00
8.612648066147347015e-01
-2.588922879084933015e+00
2.210549752161956150e+00
5.228423437603464397e-01
2.773809770887759374e+00
1.175468321048631415e+00
-3.397275478968953877e+00
1.192292143683012284e+00
2.494963636276477992e+00
-4.522700238593602151e-02
-3.778507978515170951e+00
1.679101268343200282e+00
4.318840493917648349e-01
-6.312665046777155009e-01
