7.741915373182855831e+00
-6.894663513629738283e+00
1.056653507536514525e+01
-8.748518605110421120e+00
9.710804396862718235e+00
4.819254974183571072e+00
3.155779018151341209e+00
-2.811822874098166558e-01
1.132346291281915640e+01
6.066257495362392671e-01
7.397583668586003469e+00
-1.069191524478633148e+01
-5.199821018114968219e+00
1.114867756232601614e+01
4.434781116776670196e+00
1.054354773117783139e+00
3.914668610516573111e+00
-2.742223670741090746e+00
-4.805612655824918811e+00
-1.671517554381056758e+00
2.870902325429923740e-01
9.328532265841329441e-01
1.431024382350034596e+00
-1.010938882009940798e+01
1.017337335233847995e+01
-1.476871900912713809e+00
-1.992671253460067682e+00
-5.637531112211796591e-02
6.158437823463676963e+00
-6.430624037285277872e+00
-1.435680994949242617e+01
5.105144313495754815e+00
-3.500128403160913670e+00
1.985373373138078934e+00
5.602558582075198856e+00
1.762137880975717330e+00
3.239574756786371967e+00
-2.352886279281114490e+00
-2.352755091754937800e-02
-6.079298051701423233e+00
1.202731018332669244e+01
-1.343148017114304515e+01
-3.344239799847176009e+00
-3.102845778535406218e+00
-1.050689902168882028e+01
-8.111497963419500579e+00
-9.530467031798369959e+00
2.577587126624135472e+00
-8.910697816307001418e+00
-2.597425651349684728e+00
6.042978270501468963e+00
-1.066032713586986702e+01
-2.403782361580345395e+01
1.460096454394655474e+01
-4.041123549071364174e+00
6.893993232816347572e+00
-9.500873715193412394e+00
1.396090137539321496e+01
1.269582849208577002e+00
1.823464231147853809e+01
-3.146567278346824370e+00
-9.704971951116771578e+00
1.382275159637396200e+01
4.159143853389251078e+00
-7.039764983937347509e+00
-6.183444697823569314e+00
-2.328079736867237237e+00
-3.827502757588357785e+00
-7.081800051691916842e+00
2.410642098338356742e+00
6.257196501385057452e+00
1.372944468902370652e+01
3.379481272457501184e+00
-8.520389032496158421e+00
3.256197289250562221e+01
-3.084843222743772984e+00
-2.690424815691002003e+00
8.490231426658819913e+00
4.914749432452565348e-01
8.459149260857444119e+00
9.648877926613044664e+00
1.599504081669218714e+01
-1.618298343951135365e+00
-1.957735008050581982e+00
4.490098123362987081e+00
-1.123312472199669187e+01
7.454552352315491959e+00
-2.359605833909616202e+00
2.979245370385558811e+00
-5.724813167152188242e+00
1.785541279970298323e+00
-8.058216112640216977e+00
-2.025017026071306603e+01
1.291291012116371761e-01
-5.630612913174192435e+00
-3.584611218807006949e+00
5.546556173139503443e+00
3.371171649864168174e+00
-1.388133183388915892e+00
6.557926112764906890e+00
-2.530703571353158043e+00
-2.806837866196066233e+00
1.037960369535820382e+00
-1.131883747959739850e+01
-1.085747201714256605e+01
1.262976613121757907e-02
8.942310622605894821e+00
7.273713453378615412e+00
1.851559316422899570e+01
2.439359185478690684e+00
-1.832871790446470417e+00
1.660452201506685821e-01
-1.270833634030316972e+01
-1.636800119335966475e+00
-1.179077164367081654e-01
-1.473189473533269123e+01
1.314570999961874875e+00
-2.510097412467218181e+00
-4.269951138371715693e+00
-5.779704497700853594e+00
3.557104196875740865e+00
1.336572314549910878e+01
-6.239019787714502385e+00
-3.996864531562924761e-01
7.372964394346840145e+00
-6.635755309332973972e+00
-9.420041701252804600e+00
4.502504863019350267e+00
-7.596307808422577690e-01
-8.295125439674685408e-01
-8.962757757906121725e+00
1.343495522301399170e+01
8.885823991579414383e+00
3.738672787718219315e+00
-2.346306205475078066e+00
1.527987195667559917e+01
7.933845630455076403e+00
4.521872149412687891e-01
7.066009458258790676e-01
-2.245542839541347924e-01
1.226851005591565702e+01
-2.335696541393622816e+00
-6.699577600136105815e+00
2.494039723341427095e+00
2.159023434710167777e+00
-6.033233401763135717e+00
2.219241612267814467e+00
-7.715434947051923453e-01
-3.530377264420035299e+00
-5.130727037457114115e+00
-5.110316742434055648e+00
-2.424589048039902828e+00
-1.263283669297230460e+01
-8.468140865788292615e+00
9.192849093682843531e+00
-2.894589545702478617e+00
8.859158355699436882e-01
4.034877497580570349e+00
-1.243529912953779437e+01
-1.623573454198706045e+01
-2.024208515919444906e+01
-1.607634296126342122e+01
-1.209977921956266189e-01
4.256933014542880755e-01
-1.112985512467045623e+01
-5.090695501499959086e+00
1.173691360948666684e+01
2.624500584467280184e+00
-4.915041553769642135e+00
-3.571204152223228956e+00
4.629043611060410512e+00
2.957385238653734483e+00
-8.553178089906859682e+00
-3.816875952578657305e+00
9.315771029640592005e+00
-8.483251039416334294e+00
-2.103803695416029740e+00
3.007073384992211107e+00
-1.807931651342348545e+01
-2.637401756581997159e+00
-4.965170158520446186e+00
5.987984701289266631e+00
-3.663571221246442633e+00
1.753653413780767334e+00
-1.793169672222177269e+00
1.933289704611217985e+01
2.044897782097466177e+01
-4.200313507934501089e-01
3.582668204477598373e+00
-1.118413367653177914e+01
-1.789917034473336166e+00
-1.453309308304726066e+01
-7.390073650550264439e+00
8.026604801968961311e+00
-7.791224567608694862e+00
-5.488938903794400304e+00
-9.238390798787271763e+00
-7.788811251716872164e+00
1.579641249215458210e+01
1.067922658897656341e+01
-8.231916794622636147e+00
-1.093448002966718136e+01
-4.347354632947248554e+00
-1.762959046969921229e+00
2.682649046318824304e+01
-9.932134656203444933e+00
4.374435977194417013e+00
-7.841769694810905023e+00
-2.642185283794677542e+00
-4.546905703047493752e+00
-1.081452702089189088e+01
1.031675755454986643e+01
2.724521946568363440e-01
-1.863470361928995622e+00
-5.289466578390646490e+00
-1.292353177094129002e+00
-1.430625071469369569e+00
-1.482806018225395261e+00
-1.410683737327994791e+00
1.257699174881387494e+00
9.275370663742494415e+00
-5.069594145684348518e+00
1.917866868574281014e+00
4.831280370512456734e+00
1.249986600208561338e-01
-4.482355208008331537e+00
9.773806740386367764e+00
-1.901267224313100579e+00
1.159863146343159812e+01
1.677031889485299132e+01
6.185707339429812102e+00
-4.313862461447010688e+00
9.325337026320456246e+00
-1.105243600419245276e+01
7.170363266521646572e+00
-4.793179004044452185e+00
6.159122055096310611e+00
5.026849399464285995e+00
-1.210932553158878155e+00
-3.256138326726378374e+00
8.809735952550358462e+00
-5.581635783048561450e+00
1.257395432559180648e+01
9.133343293674675678e+00
-5.074648098551812758e-01
2.533656641822900735e+00
2.785260978326196568e+00
-6.687023205508977775e+00
9.015005640020582467e-01
4.667557756101691879e+00
-5.186487686332893254e+00
-1.824045436896574834e+00
-7.285488666722094386e+00
5.467590194143998161e+00
3.221966607697410279e+00
9.024710754769529331e+00
-5.862747339009473535e+00
7.050906896009263569e-01
-1.110158928474600515e+00
9.282537220761270191e+00
-3.448904193776447524e-02
-1.565612470706229864e+01
1.404558643409609120e+00
-3.011787325384367442e+00
1.477625978325457190e+01
