1.235097957727464113e+00
2.238978985506801245e-01
1.327269196978172472e+00
-2.017192944846188940e+00
7.960254165455207254e-01
1.768111638150965170e+00
1.180109063519840351e+00
-2.877511884370719253e-01
5.942377647186392053e-02
8.938333403237345154e-01
2.092578675087064077e+00
-4.554117113559568164e-01
1.011758088662170652e+00
1.920931602248050041e+00
5.529851945702850546e-01
2.599993268850729677e+00
1.004784896292465701e+00
-1.822776777791255964e-02
-1.950260211439213798e+00
2.659826141136090172e+00
7.568548378903887652e-01
1.520166483903644838e+00
2.635706178264709543e-01
-2.729569326617678482e-01
-2.672562175401089757e+00
1.438569195356623753e+00
-2.679273803134090692e-01
1.569515761538492260e+00
-1.624671003347539999e+00
6.643541391749983038e-01
-5.042897674621168447e-01
-5.471624019832667107e-01
3.863397050515171571e-01
-2.725100855254370291e+00
3.524923206518202901e-01
-1.272477085465823832e+00
3.617424664395024747e-02
-3.300416890658056657e-01
-1.642356537594488408e+00
1.763361313247267415e+00
-1.022330826122379355e+00
-8.657276856499929174e-02
6.907565253157390561e-01
-3.375700152279551558e-01
5.713058562255938222e-01
-9.181188004175555584e-02
1.049008846850862930e+00
7.244297551731787577e-01
-1.541992848824315310e+00
2.413110082211145979e+00
-7.660884334997729583e-01
-2.593688647627901300e+00
-1.352333217185696990e+00
1.987089662064826401e+00
-4.494550554058747704e-01
2.225018192760751523e-01
1.330544726672581390e+00
-2.443592200070554554e+00
1.070977685022856285e+00
-5.963432611064269917e-01
-3.860126011078783836e-01
1.736497960169359533e+00
-5.347692443991294287e-01
1.156343334604803541e-01
-1.165722232879208953e+00
4.331240960316475874e-01
-6.221997890576278500e-01
-2.189973091696474583e+00
-2.321494498359615299e-01
4.872242646989477510e-01
1.921445290738671208e+00
-3.713932089483545917e-02
9.767199155099584029e-01
-4.966676052551544096e-02
9.549288518483850519e-01
6.682801029250675651e-01
1.121305389973731081e+00
1.662656087762437451e+00
-6.168918976838857482e-01
9.564580666277679999e-01
6.976407510242108589e-01
1.853457481142853247e+00
9.427792280354088117e-01
8.180077319130204527e-01
9.326917178054068280e-01
-1.708313916347973471e+00
-5.935037780319889489e-01
2.830984649534524777e-01
1.304918169508352932e+00
3.742219873929133467e+00
1.905840445156558260e+00
-4.706131343371886544e-01
4.243620749662227465e-02
1.084490981171387869e+00
-1.406431555321610238e+00
8.052658773623381228e-01
-1.078405157410135207e+00
2.033113246355237713e+00
-6.929100231968405854e-01
8.026127653983174959e-01
5.644084430107443318e-03
-1.025379008907445044e+00
6.040834392114496909e-01
-9.754208472635261806e-02
-2.907921116581339005e-01
-2.488959465528962411e+00
-1.550996125764504407e-01
-8.303865791613653791e-01
-7.067201945918453188e-01
-1.078808650488193965e+00
1.186575656105774312e+00
1.763103285920534891e+00
-2.755456663079631774e+00
1.253038597544188004e+00
-2.276449857064095639e-01
1.118446175901937956e+00
-9.142617703063133927e-01
-1.734083977368892970e+00
-6.784180640071604262e-01
5.658343814110378123e-01
-1.550907018895987255e+00
4.634781815275079708e-02
2.293914104347239968e-01
1.582232051992696897e+00
-8.462602523541578048e-01
-2.106708972767283861e+00
-1.041247246135919902e+00
-5.375626862904774317e-01
2.567811216823099763e+00
3.624571446553750409e-01
-1.937367886166524666e+00
-1.740873565199660300e+00
7.161871158363637413e-01
6.889490891595487776e-01
-1.746843978097259109e+00
6.868524072604170749e-01
1.289196678484366920e+00
-9.015787017331906572e-01
6.180107496286444402e-01
7.491345019444239917e-02
-4.591134607253806177e-01
2.786999688327601588e-01
-3.586926345297583585e-02
-1.372849736224354134e+00
-3.054679868816555288e+00
7.252538106938730689e-01
-1.335278280767393078e+00
-1.730532634599446506e-01
1.077314331263139024e+00
-1.196048549179669962e+00
2.923237747111651075e-02
-2.228066270115465652e+00
-4.097222593904236709e-01
-1.322166319985263461e-01
1.383011740700974102e+00
-1.409567759714232871e+00
-1.782517350015783597e+00
6.399551461934200880e-01
-2.212046302775778905e-01
1.991588883227436213e+00
-3.942183380872512632e-01
6.236400845168361684e-01
-1.555038340564193655e+00
-8.467977665708039670e-01
-2.162375182532624562e-01
-3.019182598465395273e-01
-1.147530186799325946e-01
6.381434775030669915e-02
-9.289038747284827924e-01
2.305397292169715229e-01
-2.879573742647449919e+00
-3.443950747059989492e-01
2.549049483786596237e+00
2.969696128181243955e-01
-2.402038204868842008e+00
-1.073143315595207703e+00
-9.326165071396763651e-01
1.317343926114330488e-01
-6.386444470005008256e-01
-1.086875228843428465e+00
5.966038992940785324e-01
7.346667171599254864e-01
-1.055795331739556586e-01
-3.448645965650338763e-01
-1.021023593024781295e+00
3.102331464924558801e+00
-8.250312758406375124e-01
-2.204175482544181719e+00
3.747972408540867217e-01
9.869904411316470227e-01
1.309082386024558842e+00
1.569503082554180473e+00
-1.332845814766569381e+00
-3.284461936167495821e+00
-1.941527273314053392e+00
1.601272743155790712e+00
1.989632374574234808e+00
-2.092370361747506180e-01
1.212070285070624642e+00
3.054745751431593992e-01
-5.156942347624807743e-01
2.985695963206981940e+00
-6.423129893351808839e-03
-1.020197000671214660e-01
-5.535429524703969761e-01
3.105051255731989257e-01
-1.499495463869226386e+00
-1.977199206183659186e+00
-1.804428785032675009e+00
-2.664404514249640865e-01
-1.151117158727006373e+00
-5.841452586611994846e-02
1.467341232566017561e+00
4.445624804985748302e-01
1.346040146092964962e+00
-2.122813605781711299e+00
-1.284940701501160909e+00
1.615933631807399573e+00
-5.291775814669257283e-01
1.053523062050143455e+00
-1.803634842890822654e+00
-1.119055270866938123e+00
-1.203115534362055650e+00
9.353131363985506264e-02
-9.403529837153783433e-01
-1.088076310427888549e+00
8.138549181836234325e-01
3.184403172129230408e-01
-7.610270078272503014e-01
1.056360056496923328e+00
-1.067794141102402117e+00
-8.589999360898703529e-01
-2.204633721725801632e+00
5.623173746840858245e-01
4.945943709981026615e-03
-4.812005028645529592e-01
-1.390577052291397608e+00
8.658143406940852493e-01
5.488291118342062402e-01
2.996071179601105250e+00
-1.343558932310635334e-01
2.269487781510606705e+00
4.616887147888730780e-01
-4.899712249729966107e-01
-8.395248027202422136e-01
7.210012434336050546e-01
2.654950282978569831e+00
-2.022967728161146006e+00
-2.085750111179097921e+00
1.020879041377532159e+00
8.324235335307672567e-01
1.063093737837571329e+00
7.210625156117361767e-01
2.826450490410059135e+00
-2.477826462928681028e+00
1.415127865995660317e+00
4.763873894765614514e-01
2.722846957501442677e+00
-1.297291440422971176e+00
-1.798038155268913307e+00
-6.520524277614719866e-01
1.627296104349024164e-01
1.917553461896168709e+00
2.513789260116336965e+00
-2.288909212454457998e-01
