2.792015998617556338e-01
7.230165781791324520e-01
8.273939251258213279e-01
2.615662277836057203e-01
1.217944866123346070e-01
-1.171100122594452841e-01
-1.258924464704986868e-01
6.989424107706290190e-01
-6.254712145362577580e-01
-3.025394788695010551e-01
-8.635651834192819010e-01
-6.187238386749904784e-02
3.735936210418981940e-01
-4.568963474647220746e-01
2.439529986709201292e-01
6.819884194929519694e-01
8.359245666194430324e-01
3.230418915363302279e-01
-7.018492158117051183e-01
-9.656186856521209450e-01
-9.050229363195512189e-01
8.495202573455746808e-01
7.072912133116431299e-01
9.516762695519971338e-01
-2.535493445731995532e-01
-5.883270155417874570e-02
-7.725620274665134790e-01
-9.030091231544035146e-02
5.038832583708818813e-01
-7.354791197925600876e-01
-8.998602090719514113e-01
-6.116171980065550073e-01
8.443652318477519181e-01
7.298702164833394956e-01
-7.572060635907760240e-01
-6.802911713072503641e-01
5.091852391496147767e-01
6.236007898677851102e-01
1.028734961760466859e-01
4.213753732409610819e-01
-4.645957171988299717e-01
-3.615066197903995526e-01
-3.009858524728512563e-01
-8.662746609864835357e-01
-6.981240738385270372e-01
-7.104938195725667427e-01
6.145867066409067547e-01
-4.406862729144513935e-01
9.285147161935654037e-01
7.647142362243202207e-01
-2.412014647269580259e-01
7.444067129680431716e-01
-9.462993088476370218e-01
2.755602891945239108e-01
3.360511233795815400e-01
-4.258886711225493560e-01
2.006680804914440230e-01
8.223300024938395847e-01
1.129166897703703931e-01
9.227804443467819695e-01
4.956467246051405873e-01
2.381775258598017864e-02
-4.245207134428612417e-01
-7.688348320130440339e-01
1.968362856340637457e-01
-7.529802910273106775e-01
-5.696200123681858241e-01
1.228917358118699621e-01
-4.145473641823202993e-01
3.222368418885004360e-01
1.298359394048764770e-03
4.819721252888067298e-01
5.291629686601497795e-01
7.188604184562106258e-01
9.922248708593512934e-01
-2.490133379575667494e-01
-1.225824179915508960e-01
3.531969095037748030e-01
6.613978406277361000e-01
6.267227707553868488e-01
-5.266966532973544890e-01
4.521944346687187810e-01
7.660919262796632712e-01
3.041742111127259118e-01
9.552623454567801264e-01
1.748839389575431724e-01
-9.456152402921764732e-01
-1.544818328233312776e-01
-4.029203818844973028e-01
9.586500384372371730e-01
2.304340573691332494e-03
6.274765624158056276e-01
9.529524348008830970e-01
3.145860926176138328e-01
-2.182794857860370641e-02
3.661356602287042517e-01
3.029098588061416297e-01
-5.748137601916754047e-01
3.941685914363419752e-01
-9.664502529048322188e-01
4.030947968698528339e-01
7.786206465870506577e-01
6.979058422613322321e-01
-1.921693646010784740e-01
3.773630810563048943e-01
-5.307054178817343093e-01
-9.129045320993722790e-01
4.362690685907895105e-01
7.436250681616891622e-01
-9.327012040185143071e-01
-7.078901079487487369e-01
-2.605442197918395042e-01
-2.951959329431188550e-01
-6.945133618176844159e-01
1.666508124485719389e-01
-5.774984887479162055e-01
-9.491997648469900906e-01
-9.952881690325645625e-01
3.843284505688919772e-01
-3.583374495926827663e-01
-4.886887161344684039e-01
-6.314164986606285446e-02
-1.612190799494035431e-01
-8.476678634645273824e-01
-2.232985379714214069e-02
-5.191357955802842206e-01
-8.811675965616716510e-03
2.560528807294177867e-01
2.957213492151617995e-01
2.558295531681109569e-01
-3.476147277775634148e-01
3.801730572494279592e-01
-1.375255453792076921e-01
2.697652235211180916e-01
-3.347867887060667069e-01
1.321582489997272791e-01
-8.422490349578870550e-03
2.445461467763836438e-01
4.093414313403360705e-01
2.266718948846677684e-01
-9.973331016968316476e-01
3.418446871736913195e-01
-9.134014382685278211e-01
8.500817948964392023e-01
-1.193296907198690970e-01
5.096973455712421330e-01
-8.476865157190238698e-02
2.490291861064197754e-02
-6.244213208727313891e-01
6.167376913411328765e-01
3.663048450585599802e-01
3.568773460122409702e-03
-1.693368082542789921e-01
8.337779510938592153e-01
-1.918633373333593628e-01
-2.898036936988779289e-02
2.915549349612844843e-02
1.323697327848172289e-01
-9.953524127748036854e-02
1.463061358449699867e-01
-3.826783541753364659e-03
3.673143804601939344e-01
8.392013732386887082e-01
-6.926816466745049361e-01
6.694847481383383592e-01
-6.536946949184614386e-01
-4.286915617256796818e-01
4.196689912094786479e-02
-3.876453511311994671e-01
-7.281051806428842088e-01
7.240161549216370673e-01
4.981554341457170576e-01
-1.431453074069284348e-01
8.445929318002898256e-02
-4.006322845013410294e-01
2.822786200584521676e-01
8.554115898273024765e-01
-3.670859729309761121e-01
7.374677817014003711e-01
-6.595198191618534267e-01
6.527997955060895752e-01
-1.041558997874929560e-01
2.135277649317135484e-01
8.528813346566639364e-01
-4.263328458128521348e-01
8.946238819995515623e-01
-2.120580604869268804e-01
-8.703636905599916318e-01
-9.161208783980379078e-01
8.528283437448176407e-01
-8.498762173710963097e-01
2.124193159986791368e-01
3.260524724700324395e-01
3.925837883812954843e-01
-5.299343653682224708e-01
-4.806285249800390513e-01
-8.043558644884130082e-02
6.461790552279245148e-02
9.815208432514324066e-01
1.425736327003623849e-01
-5.968146304722818929e-01
2.745218728193086211e-01
-3.308055751238465625e-01
7.599130530152939933e-01
8.075189173835060075e-01
4.323534241300861503e-01
-9.993002476161629843e-01
2.222499379851616830e-02
2.523027396238821662e-01
2.452331241945455709e-01
5.796117810642580359e-01
-6.390041426417207848e-01
3.915579008053620136e-01
-1.918636038427523616e-01
1.074934615170515251e-01
-8.033322812029530802e-02
-8.721810694636555894e-02
5.030877482837492476e-01
-1.315612330029030108e-01
5.409582927450244938e-01
-4.317824667990504128e-01
2.734824645509881247e-01
1.244126799806766215e-01
1.641741493506709837e-02
-6.588699283689503083e-02
-8.453160760126627871e-01
-3.597835977227996640e-01
-2.003229041262650778e-01
-4.900032649015320096e-01
1.762620028259140881e-01
-9.735006759823348066e-01
9.281318395675435262e-01
-5.911158748440581423e-01
9.188624478515978744e-01
-9.252369904565289627e-01
-7.067406864763450258e-01
2.844547917200561660e-01
-7.224239639905571941e-01
-9.628244698691412751e-02
1.585709638615413475e-01
-7.551963024598118412e-01
-6.035927652284562850e-01
-5.734072963929972566e-01
6.756006593876791033e-01
4.939957014357125864e-01
-2.376251788981889046e-01
-9.380743311135029128e-01
3.274575970024222737e-01
-8.314892237220861126e-01
8.855392135755069116e-01
9.659987255196613720e-01
-8.751327623046762927e-01
-7.916707506666753602e-01
5.069193279995465318e-01
-6.514621832222933229e-01
1.943048612850319934e-01
5.420165753498809025e-01
-5.415925847431302120e-01
5.896780030363841796e-01
-5.616779568329675065e-01
-1.192326154201517330e-01
4.625745326557866299e-01
9.011004902994113053e-03
-3.161497332893952183e-01
-1.640751436854452905e-01
