-7.744917629827525740e-01
-5.645995061683697358e-01
1.692475670053859016e-01
-2.294492322271584062e-01
-8.393576758869536469e-02
-2.470834135892714389e-01
-8.802755798075343474e-01
3.240909382478933676e-01
1.024925391103481687e-01
-3.567354050415578737e-01
2.926162029169299128e-01
6.455668820565163557e-01
-2.760589244914775087e-01
-6.796731055781055630e-01
2.726862999011563371e-01
7.899099830353077945e-01
-7.519027354605756219e-01
6.065235737857084253e-01
-2.668504598462699828e-01
-3.534660257943467165e-01
5.821969472889334529e-01
-1.326008501405799844e-01
-8.948478282225160729e-01
3.642313278078666006e-01
-9.539037565679995279e-01
1.845796509181754086e-01
-2.145182641933796042e-02
5.114312273408050391e-01
-6.679519419879542674e-02
-1.076010743756201649e-01
1.761535690371862639e-01
-1.258428038915542224e-01
1.848440105901303365e-01
-3.564248192719088326e-01
-4.723855461063581895e-01
-1.779552841448142075e-01
-7.820825182024429001e-01
5.626162152047964327e-02
-2.250086176063492704e-01
-7.746625162547546850e-01
7.288982211079164664e-02
8.336608068876190103e-01
7.509713060242992899e-01
6.824810585995577661e-02
-8.959005547856637719e-01
-9.142706041912747050e-01
-7.592443862140885180e-02
-3.165074678377837181e-01
7.128143834676974322e-01
1.238670712542149221e-01
8.153237115333813456e-01
-9.156970446627232807e-01
-6.826525939037100255e-01
-1.066220361308201081e-01
1.045802457762774473e-01
2.907749970190744992e-01
-3.183748283862570805e-01
3.028186986655332369e-01
-7.030553491825926038e-01
7.156229369554505393e-01
-5.070219068868009327e-01
7.452972596609539480e-01
-5.457017522801257403e-01
-2.900813573763112441e-01
1.972140383300324817e-01
2.689099988781573636e-02
-6.502339963918724042e-01
-9.862536473854510710e-02
-5.622894723214149071e-01
4.645095391256397477e-01
9.163157437586353371e-01
6.211061786265625884e-02
3.787240465171124448e-01
-3.710051958088760315e-01
-7.746771125450702122e-02
-1.696177125714235512e-01
-4.871529749795744380e-02
9.982882410321614053e-02
7.991320794927725402e-02
5.101158779092072049e-01
6.268289556459654133e-01
-2.938017547330780133e-01
2.930175468728688504e-01
-9.175117184624861366e-01
-4.353624799313211557e-01
-2.215576060047022011e-01
5.745546055921324502e-02
-7.575420983641285577e-01
5.696866171970762505e-01
-6.178442398251358103e-01
-7.517395344790223088e-01
-4.198293628509488506e-01
1.136571847708052196e-01
-9.357800775377829172e-01
3.255799997855777228e-01
5.667787886765274230e-02
-4.884783677962378778e-01
1.251012740838723936e-01
-2.138244717402746353e-01
-3.636818871542766285e-01
-6.102243508610156741e-01
-4.315093692407687698e-01
6.035134856598456388e-01
-4.178708298169560020e-01
2.705087342597236599e-01
-8.659338633435567090e-01
-3.661857157458987544e-01
2.186107878980370067e-01
3.965522001818253539e-01
7.831495377727080154e-01
8.577968206658623807e-01
3.848762147282556167e-01
3.145164106843161278e-01
-1.728041954746322162e-01
-5.889723297958227022e-07
2.098312228654171108e-01
-8.400405023677186556e-01
5.560388311829278507e-02
-5.188526795610255427e-01
-2.082568390703749550e-01
-4.771990789867677218e-01
-3.743669050726494696e-01
-8.445759846142950611e-01
-8.243363596606156918e-02
7.439497570176663022e-01
3.632629027638012431e-02
-3.123963810054541934e-01
-7.024127497153274113e-01
6.947160896836870325e-01
-8.745646246211804531e-01
9.189668957806467198e-01
-9.584729441402162209e-01
6.914446649048122673e-01
5.587643273752653794e-01
3.739319006119881106e-01
-5.528888732912389248e-01
2.868478627039960926e-02
1.865712160790300445e-02
-3.272422403942945035e-01
-8.673499924549645801e-01
-4.122815967124662251e-01
1.259738945791035736e-01
5.204316833821909238e-01
-1.425525562885461284e-01
6.450269170445459554e-01
5.706648386310075871e-01
2.821819930110633923e-01
3.608318211578007695e-01
4.932028114953688203e-01
5.405128343101031074e-01
-7.999258558969652988e-01
9.411792116366586303e-01
6.979056807159000897e-02
5.651285259890976853e-01
-2.722473680549357677e-01
5.195936726077776679e-01
-8.757494895026660675e-01
-7.806431503911057668e-01
-9.437712859673099697e-01
-4.364005065835998565e-01
-5.711471497880895587e-01
-3.456698534869371287e-01
-6.621064657870474601e-01
-5.639010385470226705e-01
-3.922157771072920518e-01
-2.005383426545750414e-01
-8.447488207686044692e-01
-1.828415617680707594e-01
7.766332000161937366e-01
-9.464858692903541648e-01
9.427889433843759104e-01
-8.003846070120093081e-01
1.625225586854639470e-01
1.498067382624637123e-01
-6.728729551438377143e-01
4.250792600700938895e-01
4.727418083876635535e-01
2.447163207456402034e-01
3.238227914729872037e-01
3.558553871193708140e-01
7.707177648405605375e-02
-8.680053906713864897e-01
2.058069143334950724e-03
-4.056560075518933495e-02
1.936458149613589086e-01
-9.295206553266293081e-01
1.694828056750505851e-01
8.431443241964697854e-02
6.517197446171076880e-01
-8.041619435271267768e-01
7.223939302502246917e-02
-5.108853423855697073e-02
-1.078270018780516093e-01
3.781807036943440892e-02
-6.784883567068840104e-01
8.956494793057772075e-01
9.829551580386148846e-01
9.019637121655430523e-01
2.475518531222669072e-01
-6.938683505840914645e-01
-8.050339598775653194e-01
3.419256228798128738e-02
4.875079638568784457e-01
-3.994919620535208882e-01
-4.893951274515975225e-01
-3.274255742389839963e-01
2.336728058686452503e-01
8.420629277542628355e-01
3.196644407353661510e-01
-5.357678178474318820e-01
-2.614534211240471251e-04
1.174029259475390941e-01
8.899542395577968446e-01
7.380765166332192706e-02
3.120737348706268399e-01
5.846966812778910949e-01
8.398403476721365557e-01
-9.507732628814558051e-01
6.304695438141485475e-01
-8.267812639122202878e-01
-1.104717998001709667e-01
3.373799138089017546e-01
-9.478849777294566792e-01
-2.546679822067983157e-01
3.783196083389290809e-01
2.316819958090299281e-03
-4.224370086547122316e-01
9.862420354394592081e-01
-2.176339271026086486e-01
4.818830458394340877e-01
-9.745443368859572075e-01
1.190881287054572635e-01
1.412225860640921038e-01
-4.958354528699557839e-01
-6.934350726083930994e-01
-3.210757456386563735e-01
7.355108740073905693e-01
-7.107295127836570359e-01
-9.164653736253458582e-02
7.985809460747181898e-01
-3.353610787032617058e-01
-9.302631818369797578e-01
3.214606759393543456e-01
-5.315593847999564581e-01
-4.660345957139624407e-01
6.301029793315093830e-01
-3.437832188082567964e-01
-9.157789213235363324e-01
-7.873923497115808967e-01
3.099727597923558342e-01
-8.862171027535790113e-01
-3.709623596065383389e-01
7.106682902650414135e-01
6.089082883715273287e-01
3.964769301253361355e-01
-6.621860507460304301e-01
-7.943568832138427904e-01
-7.450773930788596733e-01
4.425346766640609886e-01
8.925530402851045153e-02
1.432566703575921530e-01
6.346442537287046992e-01
2.627086023013942562e-01
-2.442689403320488228e-01
4.792131728710911087e-01
