-3.337649132355235970e-01
1.338674469857070726e-01
6.635668067408451165e-03
-1.405699853358921558e-01
-9.788854205616246418e-01
9.204285493968880072e-01
-6.599810381426873818e-01
-7.732544750890444352e-01
-5.678725656010827905e-01
-8.357343993465038423e-01
-1.827954003833711649e-01
-4.703358361749716554e-01
-2.533913316711469133e-01
4.288277655499512786e-01
-1.624347300091113500e-01
5.310800697303346141e-01
-9.429462496284513051e-01
-8.331910399297928205e-01
-5.145027306952998369e-01
-7.613016558608880491e-01
-6.632784899975452397e-01
-4.750633314814118879e-01
-6.163658103074773909e-01
3.924823422653682670e-01
7.509233971447166756e-01
-4.880872345170312876e-01
2.212212229247567663e-01
9.772076994307647979e-01
2.100184397346080978e-01
5.213997101888834251e-02
-2.782186778923219084e-01
7.644444427918688501e-01
5.205313378584994766e-01
6.635222502744011486e-01
1.152209532635359857e-01
-5.262312223461851346e-01
3.434729476766484879e-01
1.323995152103909501e-01
3.587102035530578270e-01
9.353452304044895804e-02
8.655791715436933487e-01
8.569667904769218136e-01
3.866401559810195288e-01
-1.000821967455371997e-01
-7.495606813123261158e-01
-5.914642367493703201e-01
-8.042102935993800106e-01
4.381816547649639570e-01
4.987689423040908565e-01
-7.488546954964159230e-01
1.635066943217520219e-01
5.324392784172369275e-01
6.726846803383728091e-01
2.319385154673785365e-01
-6.126330536848130226e-01
-8.568377334381742649e-01
-4.013798818334675111e-01
-3.928903259688210081e-01
-2.923399052750963456e-01
-9.668192961994532819e-01
-3.938590530605725615e-01
4.260242029155203447e-01
4.796098818192735536e-01
-5.517924838779595387e-01
6.434351151725437035e-02
-2.940406335326299914e-01
4.075839248742960663e-01
4.294367946498940380e-01
8.668835161227606001e-02
-9.145999012206675882e-01
2.249742843265756242e-02
-1.264429543318583704e-01
5.939706114535543424e-01
3.102700479067601602e-01
-7.922781023494300801e-01
-1.548290650238337562e-02
3.176675050998811756e-01
-4.764746771524437374e-01
-9.595622282216027532e-01
1.329031826651192461e-01
4.266771851390325221e-01
-4.750624294203866782e-01
-4.922319011616409501e-01
-1.472776350760602870e-01
1.772379988450323296e-02
1.391781282426256539e-01
-2.594060320702682443e-01
8.091675538893485786e-01
3.905573856753941087e-03
-7.402349055942536449e-01
-7.464694490626633261e-01
1.813334913745645594e-01
-1.949994634626093237e-01
-7.077285486986983898e-02
5.228298289562449686e-01
1.363577337874986029e-01
7.791198826562242274e-01
9.280948535359025975e-01
-8.490767221215620442e-01
5.819762366286918009e-02
2.160210710680507962e-01
1.495620430639945653e-01
-6.903475517339052736e-02
-9.048444501766801373e-01
5.288921363707743684e-01
-1.328681562449141040e-03
1.269279677842747311e-01
8.532466252594199663e-01
-1.597038799424257416e-01
3.707031502167195125e-01
-9.510494766410497736e-01
-3.620931451740498908e-01
-3.868599304450996978e-01
2.222818024803427939e-01
-6.755468301152884880e-01
-9.361146831698952120e-01
9.239106376087713457e-02
6.421306973577927124e-01
5.968364542913764392e-01
-4.824095626925830604e-01
1.413086974422843589e-01
2.329401016613288355e-01
8.399425379431213479e-01
1.149539586524315204e-01
-4.305550513391549483e-01
-7.995831549153333828e-01
5.760666684311839258e-01
9.982911206379625479e-01
5.632203536104942732e-01
3.052303629294568221e-01
-3.948422165253151483e-02
-4.883323247178661397e-01
9.500013353366152380e-01
-6.183489514321540703e-01
3.039073958308224910e-01
-9.296072364762537621e-01
-6.596978154671011563e-01
-4.604048126525481788e-01
1.352166658594142756e-01
4.838216841771414423e-01
4.411154005995032712e-02
-7.967126483952422511e-01
-2.840807436178303114e-01
-9.007748542415052739e-01
-5.402238405694450574e-01
6.360557661104933036e-01
-6.168723567998659618e-01
-6.771049080064897030e-01
2.814609689482072685e-01
1.394094436677970617e-01
3.539253102534889450e-03
2.561433666079553362e-01
-6.051779693440533237e-01
3.495943210158933834e-01
1.229469032274461693e-01
9.919155456431405504e-01
-4.373933728115342312e-01
8.974120391147042408e-01
1.013030802578560596e-01
4.629251726441587778e-01
-6.150392689598771501e-01
-2.964888512381746999e-02
-7.716645657644842782e-01
-2.311026795968569303e-01
-1.040271772189895749e-01
-5.681220516293872258e-02
6.100850156271631075e-01
-8.607081070631588116e-01
6.767024976920021917e-01
1.777861022029711968e-01
-5.712558915696821504e-01
9.101590493515918645e-01
-7.179964876073130498e-01
3.520577231570880539e-01
3.808140551563108378e-01
3.131210629227332287e-01
2.360675879188023352e-01
-9.117754334452476961e-02
-8.925217204510196289e-01
-3.901103925279669760e-01
-4.904926404162366360e-01
6.603163203178976648e-01
-2.567688938365901841e-01
-6.135926777748332839e-01
-9.570811814692503638e-01
4.234724079630038940e-01
3.141640995319985308e-01
7.940539346357224915e-01
7.711910297758166610e-01
-1.992944000668817051e-01
2.324937724630158353e-01
-7.259930088014865390e-01
-3.972208175427391907e-01
7.332231474961721229e-01
8.637140805379257547e-01
4.167965544274370160e-01
-3.435723591351036443e-01
-8.516671448403714262e-01
1.460719569839954435e-01
1.788417252488800901e-01
-5.486573091753026432e-01
4.443015964606233936e-02
8.366847934596237657e-01
7.819940476029845211e-01
-2.001009467953747123e-01
5.733782442889834297e-01
-2.691920329154549041e-01
6.865655540798356604e-01
-4.079568540870488480e-01
5.489781145837566712e-01
-3.663507695759424809e-01
-6.318273569905386022e-01
-9.270975401374141889e-01
8.499479505614941921e-01
3.951333800771505977e-02
5.032320733738013807e-01
-2.830912306386783595e-01
-8.104495148714152553e-01
1.947663005821309579e-01
-6.100209229839594904e-01
-3.675676072537008565e-01
-6.865364230655728317e-01
9.734781170751325430e-01
-9.312234676856412374e-01
-1.630990152482454381e-01
3.158884027003372452e-01
7.260926666980682676e-02
-4.724982029827839991e-01
-1.908601439184793858e-01
-2.668267577489822351e-01
-8.329638698078476455e-01
-8.631142072337891769e-01
3.586647509602058914e-01
4.729007838806991160e-01
-2.671424491931961853e-01
-9.322750869546936325e-01
-3.347370219954646231e-01
2.387131713842338687e-01
9.476203632857882475e-02
2.482727392945616174e-01
5.982581146506251724e-01
-7.844931778666628386e-01
2.508800427435704528e-01
-8.186726029388922132e-01
-6.065833772895146137e-01
3.913250415479907485e-01
4.559821567200563752e-01
-9.557169608364897151e-01
1.978469464412382361e-01
-9.646533440727231845e-01
-6.626882976041814644e-01
-9.583357938694214706e-01
8.385119521873087844e-01
1.024619966991544562e-01
1.855984433757145169e-01
-3.884514416502884426e-01
9.086442453565688471e-01
5.752753763166424950e-01
-1.250575411751624344e-01
4.047696976211920816e-01
4.367582740134736685e-01
2.636798789757210937e-01
-2.364304214873294008e-01
-6.329243645500266524e-01
-5.075462081021919758e-02
