-8.015610639473966792e-01
6.998290813449579151e-01
7.046831875779366872e-01
8.162325572580861888e-01
-9.816891789816386549e-01
-3.811658043496852777e-01
3.958269764306123761e-01
-1.843951165871438036e-01
8.129357936534622464e-01
7.117362198780212701e-01
-9.188974736483443984e-01
-7.746932362680067907e-01
-7.545642078089902505e-01
2.690760872059128062e-01
5.685077770382858109e-01
-5.687391240579751095e-01
-3.814144470280362853e-01
2.549829255921034488e-01
-7.230015022149625104e-01
-3.366303592905151021e-01
5.269754600418441459e-01
2.867100284416663758e-01
7.286674948172005006e-01
6.973121985774264342e-01
-9.144225450939527100e-01
-3.801724341330101620e-01
-5.189631270319821077e-01
-3.000924244565481569e-01
-9.450373412741996937e-02
-6.075227620122840566e-01
-8.857239132152998629e-01
-2.156477490273300823e-01
-4.809233680541040723e-01
-6.414478613162679643e-01
1.489966357390462015e-01
-8.364612764867029870e-01
4.977824472508165510e-01
1.701960492046892259e-01
-9.585533574217381947e-01
5.029869248918261704e-02
7.046524154180457966e-01
-7.948380867377839998e-01
5.733451736959429557e-01
-9.357528086097954834e-02
1.351282322295588312e-01
-2.681826733719561151e-01
1.146614786136195274e-01
-5.768206544084242271e-01
4.152648040000876950e-01
6.983539634262763141e-01
1.643900088568437390e-01
5.213995551867818268e-01
9.869552656458613349e-02
3.096611374230784364e-01
-4.328913112620356163e-01
8.318460489868173546e-02
-6.110573574255089291e-01
-9.642780313684924387e-01
-6.210569812812023471e-01
-9.846594717417058718e-01
7.482899334301458261e-01
-8.441340750238457424e-01
7.354891695558747333e-01
7.448201649016572556e-01
-9.458185727550310062e-01
3.239397696496530976e-01
-8.780495658907572221e-01
6.563669701432965908e-01
-1.753969479657115915e-01
5.355853835538566532e-01
1.346861319858771999e-02
2.431844402687555196e-02
-1.435731403693343289e-01
-1.924268041061263368e-01
-4.524489089347940585e-01
-3.031183868070597143e-01
8.875060292729657352e-01
-8.784749729586971423e-01
5.477035008042023811e-01
7.233700243469121105e-02
-6.871927042920393802e-01
-9.047846919755992978e-01
6.907179228664002135e-01
6.713393984994568964e-01
-9.427894061324795238e-01
-3.136531068537573574e-02
6.495494311531477827e-01
9.786059467005345791e-01
6.114002477714206574e-01
-4.758866249903559442e-02
-9.743186906099388089e-02
-8.574589231537452783e-01
-2.824236404357856056e-01
4.557734640379393909e-01
6.333921490635783247e-01
-9.466822148833275996e-01
-8.713703556083385315e-01
-9.167732317067687209e-01
8.675600304424699871e-01
-6.969536670443154946e-01
-9.109789663229417300e-02
5.650415529253463021e-01
2.907736512077785385e-02
-7.021536957000036328e-01
-3.700943808653640588e-01
8.167967750138986904e-01
-8.856661227143769466e-02
6.322505127278377213e-01
5.369282831116015675e-01
8.270820758348935708e-01
6.661886553833611391e-01
1.556819302343661615e-01
4.948088384629372172e-01
7.174316335976402836e-01
-8.782481202879328652e-01
-9.099163248204644727e-01
6.556081272266833793e-02
8.486790065533145189e-01
-5.906858879973186927e-01
-6.629357026051718726e-01
-5.598342335644368450e-01
-5.079130064494212782e-01
-6.343223571449121412e-01
2.142262981358900031e-01
-4.646201352134005091e-03
7.786823126289836861e-01
5.933569720377485091e-01
7.562246848790146192e-01
-8.193316760701983004e-01
8.331922664239828080e-01
-7.407771965315632645e-01
-2.410462889758067107e-01
-9.644256207205768039e-01
-1.209901042794505610e-01
-1.007927520057891879e-01
-2.313116497694596152e-01
8.434456153526930233e-01
1.587743524867677447e-01
4.695383897546550056e-01
6.580807921828091267e-02
3.342283756787969295e-01
-9.403834258199266216e-01
9.780973387664657626e-01
3.975693800713897552e-01
-6.817506209648318549e-01
1.410504368132867725e-01
-8.060213754457914437e-01
5.026166620226479864e-01
-3.052058493497402658e-01
9.216957044935647492e-01
-4.584585495490030027e-01
1.209352638131722113e-01
-5.283550191967776311e-01
8.914289298784654481e-01
5.493246991265809953e-02
6.847558201099814834e-01
7.806042485970186018e-01
6.124463070948411580e-01
-4.232648655571944474e-01
-1.281883051265015894e-01
-4.107631040624037944e-02
1.708286156006864065e-01
5.052520540065412735e-01
-4.477838439242101121e-01
-5.480687845905372058e-01
7.915339593540049457e-01
-5.390184475474599779e-01
-5.170922793724781474e-01
7.469434871274640564e-01
-3.158524743495501053e-01
-6.613637673933094874e-01
5.450842197412377743e-01
4.952969235590722885e-01
5.312259187600802957e-01
9.404032472738996784e-01
-8.775009685600010378e-02
1.194687324420211638e-01
-7.413109385461891243e-01
-2.999272392377063667e-01
-3.527536366869037376e-01
8.869887898316097807e-01
9.239747208910031873e-01
4.592194740317636636e-01
8.209336775215279047e-01
-3.674077481684403512e-01
-8.298967593050137204e-01
4.730783856592446490e-02
-6.885422079742729018e-01
9.623887115985165774e-01
-1.530911831122541145e-01
-5.207060572528094955e-01
8.540974598507846682e-01
5.892588206885402968e-01
-3.910206769602206922e-01
-4.543963626814935264e-01
-8.639589185509324309e-01
-9.145261374851219038e-01
2.066608596728254366e-01
8.921770667530362076e-01
9.626514488171167283e-01
-5.467827910412323966e-01
7.369269842451739994e-01
1.223779759163106107e-01
8.950482648233144545e-01
-1.095111470443890234e-01
-9.339067860086764927e-01
2.984720730508261255e-02
3.484422524779635655e-01
-5.764228919962548492e-01
-4.632191031422354666e-01
4.429540028234901783e-02
-1.420719649458224154e-02
9.427240864964729905e-01
1.059179900768005833e-01
8.315849284016800791e-01
9.471447187549155711e-01
8.235297340465195237e-01
-5.994479305763533716e-02
5.520393575675941467e-01
-8.086488140146395054e-01
-8.407436888961183907e-01
-7.071029353420121843e-02
-8.790271061215166881e-01
6.614300994936739286e-02
-2.112459314002930189e-01
-5.286442843860315044e-01
-1.257479945713231295e-01
-7.120347145508370001e-01
-9.142080869895874429e-02
2.125796058120910104e-02
3.175426359899642392e-01
3.997071956454372188e-01
1.130020373228666219e-01
9.068874342520840681e-01
2.956353046813515739e-01
-8.651072081583981443e-01
-5.913659478946686754e-02
1.887758031276995929e-01
7.922002367474740847e-01
3.120276416496536864e-01
-1.582345775311226888e-01
-3.266641685210194268e-01
8.875613780151467846e-01
1.725972779963456105e-01
9.421457709690426174e-01
-5.997413329799516912e-01
-9.050908222109763646e-01
-7.539960499864317711e-01
5.549035644245781107e-02
-8.617380909813119327e-01
-9.322383969882261923e-01
4.233668898307856310e-01
4.076833437135625182e-01
-2.336231937144028770e-01
-2.173638764370802168e-01
7.951502243997059516e-01
6.045607160300943139e-01
3.104998950936372903e-01
8.235587449674544036e-01
-4.142200650018139640e-01
-8.396209809813353075e-01
-9.226962379573144801e-01
-2.246714083272294271e-01
8.778848166106387740e-01
5.834303274199954537e-01
