-1.813060820194167810e+00
3.178860262196606445e+00
-1.775826160905373152e+00
8.489406860348173156e-01
2.315897728422738666e+00
-1.152359834083829249e+00
2.414800356308787865e+00
-7.518088162246841510e-02
2.938602815518301714e+00
-2.114940272553361922e+00
1.977446867362800287e+00
-2.496884853092771195e+00
9.540357363324056261e-02
6.718341663546024689e-01
-5.462001870672352766e-01
2.144832813744992350e+00
-2.550092725850100273e+00
1.602128476898019294e-01
-1.449429582259957217e+00
-2.662140784368943969e+00
1.651612107200077784e+00
2.052405230631419109e+00
1.064662196677688133e+00
-3.762356209258414630e+00
-2.180513289431268209e+00
2.107679366259695541e+00
1.854308322946838672e+00
1.665222265033132532e+00
-6.228739903454520999e-01
-9.704799626136771939e-01
5.880529352903983709e-01
2.634815081784982915e+00
3.074021988171415032e+00
2.013674243484279147e-01
2.314420178499186243e+00
-1.104823692754425712e+00
-2.346954569460283579e+00
-2.519984684526614949e+00
-2.836756280441185663e+00
3.157594779952174413e+00
-3.816553871638194151e-01
-2.122018576741750095e+00
-4.687756336946634628e-01
-1.335280742530021492e+00
2.219975626188640749e+00
2.734613958322260174e+00
2.416214642367056076e+00
-9.913678053678631752e-01
2.026417950133180934e+00
3.831538466107659691e+00
5.830118284323544398e-01
1.771650478329547251e+00
1.012343179389280312e+00
-2.744225889906142690e+00
-1.015262869528427370e+00
1.603360042835294763e+00
-2.752257219758115880e+00
1.248803217999447490e+00
2.660464297677426870e+00
-2.297828959020324913e+00
2.681361224726933390e+00
-8.090089960162170080e-01
-2.878395312448028598e+00
1.741969450653910290e+00
-1.241407917110819881e+00
1.223611345026864194e+00
1.412554597541846535e+00
-2.206976665680215888e+00
1.539133469048901137e+00
3.778552611528523952e-02
-6.393105663201670286e-01
-2.331663277705648074e+00
8.624720051907760476e-01
-1.167423463830489005e+00
-2.786973340584315562e+00
3.184288188361712457e+00
-8.624083681351247810e-01
-4.314237005227518296e+00
8.580396168828722248e-01
-2.029132980950950849e+00
5.390991786959700716e-02
3.123287374320971921e+00
-1.066810302338098704e-01
-2.022291290410108466e+00
1.434088008280756110e+00
-3.491934678615709498e+00
3.582024660634927749e+00
1.693075886341192104e+00
-1.856110341580352152e+00
2.924492258629393771e+00
2.304939179562732754e+00
1.230424515852062362e+00
-3.631841002720749556e-02
3.192158726872619479e+00
-1.597015426212286648e+00
4.857525536759671470e-01
-1.600932045065774911e+00
-4.950643160938902332e-01
1.805091515943230362e+00
1.901280664795298891e+00
-2.371444492036300922e+00
-1.285771486247110351e+00
1.477034930114618616e+00
5.352709518243476960e-01
3.329846322730516839e+00
-7.979655162597402152e-01
-1.872016535490769740e-02
-2.847360524393751091e-01
-4.337958869598350642e-01
2.818687406547707441e-01
2.242095989994931760e+00
3.100599866056521936e+00
3.442329837180425844e+00
-2.217356587111340982e-02
2.089633556426439220e+00
1.063720464514630981e+00
6.471952305979065123e-01
-1.247138670071486821e+00
-3.632697494180203157e-01
-8.759520343231214090e-01
3.107155819586658652e+00
9.180645998910363925e-01
2.964651503568043633e+00
3.145146303618192585e-01
-2.726790883690293654e+00
-8.053446424842555795e-02
-1.778364023436105334e+00
-1.844910885737607975e+00
1.898249174781422077e+00
-3.416594665102990813e+00
1.621422846280439423e+00
-3.022062375907847098e+00
1.499765908456708541e+00
1.471223073283751681e+00
-3.306513093836495276e+00
6.943221767441686287e-01
2.307279262037373879e+00
1.875265588655124493e-01
-1.955216126584800929e+00
-9.195712806506085579e-01
-2.157239267247263115e+00
-1.134665116435221499e+00
-1.436142173964875868e+00
-9.520302600155208239e-01
1.204639178239366393e+00
2.408958181297016665e+00
2.585714764978604752e+00
2.959240242156122580e+00
1.666582345659672670e+00
-3.348158331745008542e+00
2.443811362878602012e+00
3.706880925454867359e-01
7.843545750790390514e-01
6.731254931754425685e-01
3.919828847680722816e+00
-1.867566417772860143e-01
1.043571860939134455e+00
-1.744436892047334986e+00
-1.970768469752261831e+00
3.230317632929260441e+00
-2.757064048657867916e-01
1.536689635285277244e+00
2.684202192213564153e+00
1.725270041325331238e+00
3.341934538267643973e+00
-2.711245006078271569e+00
3.012559138072196108e-01
-9.820786473478261280e-01
-1.273477560590049462e+00
1.709385768977521369e+00
-3.672513678152655281e+00
3.743941297148043468e-01
1.597709610040840333e+00
4.827269786576077193e-01
1.820251268557125934e+00
-2.118664543428386171e+00
-3.982721035382908448e-01
1.068392062171366952e+00
1.130185581941041129e+00
-5.664641605651921097e-01
-2.605195469323850155e+00
-8.255520541351817065e-02
-1.627301110932199091e+00
-5.631193273025929535e-01
-1.316568134854180450e+00
4.067196182547010430e+00
-1.438964256311420220e+00
-2.867022576307567405e+00
-2.897884444210467425e+00
9.110082005838646690e-01
-1.124582954973297522e+00
5.644610560643827935e-01
-3.601453978169287584e+00
-2.529515673800288411e+00
2.668389201545722234e-01
3.308417913204052319e+00
1.114367135434557010e+00
-2.913000103042442945e-02
-3.659527873113024299e-01
-1.789046510822324132e+00
-3.308213026965022951e+00
-2.607173708631586706e+00
2.299410396560009229e+00
2.033061123352008615e+00
-1.958893066581270936e+00
2.754005352114454297e+00
-2.408834024040309441e+00
-1.995577759172940446e+00
1.688157389326294444e+00
4.011121829290417828e+00
-1.533780140201178588e+00
-1.783170660725874157e+00
2.315558592735697641e+00
9.460481663162328969e-02
-8.819913589314489766e-01
8.371794915853831842e-01
-7.381114321663474476e-01
1.132388601033729181e+00
2.480605013124416836e+00
1.151584604574523496e+00
1.312859507877302212e+00
-4.700089452848460247e+00
-1.315139066236339804e+00
-3.333756785815655821e+00
2.280742618905486907e+00
-1.390490914344671092e+00
3.446882574796412690e-01
-2.204235274565249814e+00
2.292613002759526619e+00
7.110250956569972303e-01
-5.005403659777940550e-01
1.219325006599267125e+00
8.945092409705149850e-01
2.837150028123077705e-01
-2.289402920152384002e+00
-2.067767430976112486e+00
6.678075635983306002e-01
-1.159518052645517550e+00
-6.398962143027508986e-01
-1.787371191964494788e+00
-3.511932396709846138e+00
2.987377510374916056e+00
4.836216423504685613e-01
2.815095346077435501e+00
-7.260556384351180004e-01
1.351295971873857082e+00
-8.639247083115071391e-01
-7.304439595751353043e-01
5.872745023365466555e-01
3.155921174290082787e-01
9.560578249376157078e-01
9.290929253370430185e-01
4.117821694376478270e+00
-1.206376454277055199e+00
1.367818573206206034e+00
-2.574448955949293349e-01
-1.843248997735874362e+00
4.327682707225891434e+00
1.046055940172281762e+00
-4.064711854070676145e-01
2.781654053511090297e+00
-1.210889184894721637e+00
-1.740046389109092706e+00
-7.493733917845011305e-01
-2.517252362536350319e+00
