-4.264027291071526005e-01
-7.220655158297957232e-01
5.595445757381012353e-01
1.635804704786070207e-01
-2.923028241661340676e-01
2.630333405611997577e-01
8.049679017464379527e-01
-9.825060830226979292e-01
-4.585644288610439823e-01
7.501968076076461767e-01
-4.303961243090466127e-01
7.577232910603544092e-01
-2.410932377021124395e-01
3.814057493937945686e-01
7.012257766152378835e-01
-2.998373577082120711e-01
-4.825687478817439757e-01
-9.266823269077584246e-01
6.349933335209818619e-01
-5.173221674017836058e-01
-6.918714185905607827e-01
-2.920742209436355541e-01
-9.868627964631888627e-01
1.017981308777422544e-01
-4.658358323116840172e-01
-2.418306962217873224e-01
-5.663203818587014826e-01
-4.600798608719705030e-01
-7.623692725575081930e-02
2.196086038166495946e-01
4.216830760713343729e-01
-8.620699199835990534e-01
7.045261781377831767e-01
9.160191751367285917e-01
6.902337260807642760e-01
-1.646279886365131784e-01
-8.491594675334250830e-01
7.357795865353049525e-01
3.677796253981704400e-01
7.016028794069273378e-01
5.111661684536865646e-01
-8.481069032435135657e-01
-3.513789452478925934e-01
-8.384340029142700601e-02
-2.098912777384600581e-01
2.149337681347307516e-01
-2.251445342625024715e-02
-7.174686693486043154e-01
-4.695858232324285897e-01
-6.115860097411107699e-01
-2.821862687552307847e-01
2.823257688632945239e-01
3.943244323510386451e-01
5.613808814619323240e-01
5.692289206756555586e-01
-9.645708343101040416e-01
-1.274554527482816280e-01
-8.572331750562898200e-01
-5.123182204960838870e-01
9.246786601107090942e-01
-7.964021330101669349e-01
-2.680936464707615041e-01
-5.998225207942975423e-01
-8.366527486876313979e-01
9.604655475673613552e-01
8.427906271524032711e-02
-8.808580119683178111e-01
-2.808007657306452742e-01
1.818755054943297367e-01
-2.752905237407070604e-01
6.749930383901796560e-01
9.713376879349246984e-01
2.811207658173928703e-01
-7.660436725948696068e-01
-1.930804314575707004e-02
9.863563769692484939e-01
9.848215025093254305e-01
9.100231565009369028e-01
9.907915782081218037e-01
1.503575940106112174e-01
-1.950269902532626443e-01
-8.639795059229047336e-01
3.982606176145158106e-01
2.103283777337805471e-01
-8.758235131111389293e-01
7.093831644497345934e-01
-6.533981578947507529e-01
-7.974804782576461193e-02
5.465734989105646147e-01
1.459023194608488616e-02
-1.498227944884984453e-01
-1.246125264489998941e-01
-4.032196611828178234e-01
8.352993796922125735e-01
-6.089344510217786777e-01
-8.029257501211661818e-02
1.989517833251566170e-01
-4.950406235715762993e-01
4.380435458199793963e-01
4.876149376916931732e-01
-9.242486650680743487e-01
-4.284083977417079137e-01
1.328956282785527243e-01
-7.647152565335664232e-01
-4.989901972756993764e-01
-7.514684622177858486e-03
8.116766310207370605e-01
9.990254464435941451e-01
6.983419200696900919e-01
-4.790838877345362512e-01
3.683221199068664742e-01
3.916932670410990802e-01
8.975136606103431003e-01
8.155470575860355176e-01
5.796464393133489157e-01
1.244218003276615914e-01
-8.920714407064480600e-01
7.044153952490108672e-01
1.493006067904296685e-01
-5.941984886101048247e-01
-1.564977167286576432e-01
9.911141609083573556e-03
4.659954290516721276e-01
-1.546650117951231529e-02
-4.449455427225763593e-01
1.952939161375932819e-01
-8.045796176321440285e-02
3.092608847242710457e-01
7.393078179578793652e-01
5.594057359052140299e-01
-6.350384011250020944e-01
4.020479930504514687e-01
-8.972325745395799412e-01
-8.251582461091335752e-01
-6.246539622901459143e-01
8.777565283038217814e-01
3.477482380566909725e-01
-4.862695171285407181e-01
7.336444661226202424e-01
1.480107104103420834e-01
6.379830948320259765e-01
-6.470082348217236490e-01
1.119332523349014785e-01
-4.303894515159290002e-01
1.800999546183212896e-01
-8.552215018000115521e-01
-2.138024371838445070e-01
-5.377938471432248679e-01
9.675396961036681898e-01
7.156083368833765501e-01
9.478667612290958555e-01
-9.240570127551133162e-01
8.276934382404366186e-01
-7.900832062095346497e-01
-7.751870812972563307e-01
-5.847189661342311329e-01
5.252559423440734676e-01
-5.784504430167665134e-01
-8.443288663739956235e-02
-5.297975916136441477e-01
1.671383412476155073e-01
-9.053236921135927595e-01
-1.377384178342000443e-01
-1.023678195471391383e-01
4.114989914151725436e-01
2.052522508182375027e-02
-9.427279398590469039e-01
-9.742998631065151738e-01
5.083964697502696417e-01
-8.073665236880631646e-01
-7.730463935521207919e-01
3.396540813945367887e-01
-1.482165080221204967e-01
-6.114136627028687876e-01
-2.058445461952571609e-01
-3.692721098670146418e-01
6.685739617902475285e-01
-8.133760126953142322e-01
9.164270411294686003e-01
5.587476045841814898e-01
4.036288122371836096e-01
4.582210213107473784e-02
-4.913564494773323688e-01
-1.107672686269598472e-01
6.495735750431361755e-01
2.242846831129519103e-01
-3.011878872730926471e-01
-8.771612832318020914e-02
4.525740789793883945e-01
-4.373425778840993594e-01
-5.648439356311545367e-01
8.037375193930162975e-01
-9.205807359575719495e-01
3.556585809021106659e-01
7.634879346805139022e-01
8.132082049815221314e-01
-3.240723330231274346e-01
-6.676230345273945765e-01
-1.681508360621819520e-02
-9.757365551275234417e-01
3.014981478673850468e-02
-9.033560229963624177e-01
3.491142388546051301e-01
3.328123838263030709e-01
6.275767080712386647e-01
-2.939185760587077478e-01
9.387747067331844164e-01
6.935962741849630575e-01
4.131576035804320757e-01
3.834882088746149886e-01
-3.821671831554929177e-02
-9.045630121177681282e-01
4.721487554026240208e-01
-2.169461895238620208e-01
8.777766514820206645e-02
8.054466427174578058e-01
-6.429551401410305012e-01
2.442597709131326678e-01
-4.647002776039173000e-01
-8.916033457775816018e-01
4.431336925440794161e-01
4.328538738119354079e-01
4.531383937836919173e-01
-6.567245809734392203e-01
-6.082470294662309929e-01
1.508788331999810772e-02
-5.517082916188214003e-01
6.161414316154381066e-01
1.772442698887448653e-01
-9.176911491811408084e-01
-4.154572733655517158e-01
7.786867310967673372e-01
-4.590519806413519976e-01
1.387373829737112985e-01
-4.485630281192722890e-01
2.291852084685408464e-01
6.248462519135042914e-01
8.077531950934071503e-01
4.392418264241257919e-01
5.275690302507860530e-01
-6.898015709040317134e-01
-5.939967680354156787e-01
-2.630137596255313071e-01
3.846131042368852171e-01
1.937038953537995045e-01
8.831101219458914464e-02
-9.966829160669463672e-01
-7.487083877428319934e-01
-1.699852664727532492e-01
-8.192774287083692819e-01
-8.831164753915039523e-01
2.604930003035381691e-01
9.348671894177984498e-02
-4.750534334710510009e-02
-5.805052112075306248e-01
-2.257044626376814023e-02
-8.886012425924307845e-01
5.156058267279297613e-01
-4.488402234973554172e-01
-5.181974062088732236e-01
3.477725574743402159e-01
2.556158259801317723e-01
-5.281778218170221084e-01
2.410454732221030127e-01
-4.048368987376407269e-01
