
INITIAL 87.139358 2.406979 20.74831
0 87.177882 7.199554 23.296054
1 88.722264 12.210434 26.940447
2 90.673561 23.704313 32.890139
3 91.153561 40.633115 36.822147
4 90.739688 72.423329 26.937438
5 90.739688 82.660737 17.387693
6 90.739688 86.505267 12.173728
7 90.919688 87.714681 12.867872
8 90.919688 89.376253 8.109202
9 90.919688 90.626875 0.715262
10 90.919688 90.702482 0.509006
11 90.919688 90.701282 0.525964
12 90.919688 89.391965 9.32807
13 90.919688 90.820688 0.060819
14 90.919688 90.857888 0.05397
15 90.919688 90.888488 0.041983
16 90.919688 90.874085 0.376374
17 90.919688 90.919688 0.0
18 90.919688 90.919688 0.0
19 90.919688 90.919688 0.0
20 90.919688 90.919688 0.0
21 90.919688 90.919688 0.0
22 90.919688 90.919688 0.0
23 90.919688 90.919688 0.0
24 90.919688 90.919688 0.0
25 90.919688 90.919688 0.0
26 90.919688 90.919688 0.0
27 90.919688 90.919688 0.0
28 90.919688 90.919688 0.0
29 90.919688 90.919688 0.0