-1.198710254582882495e+00
-3.748029155387289646e-01
-1.741668737314558957e+00
-7.642237348593905466e-02
9.623977088589618090e-01
1.701345535331087788e+00
2.135652017359046528e+00
1.209626139095531405e+00
-2.317349540120491547e+00
-9.758795067679687518e-01
-1.597054587616514532e+00
1.543120604239007765e+00
-8.740533516311174145e-01
5.355247027773699653e-01
1.805331558570070438e+00
-2.166097251844951277e+00
-2.016287547705271521e+00
3.630522490599772834e+00
-7.187502989652503338e-01
-1.608948988696085491e+00
3.969294219554298842e+00
1.615365561145022388e+00
-1.384115587747257514e+00
-4.468963009689458366e-02
2.320264626714326095e+00
-2.312034502501037814e+00
9.185175627263921783e-01
1.709284894435630697e+00
3.698785096959382734e-01
6.464853503277492308e-01
-2.186086050117939106e+00
1.457123824030946979e-01
-1.196641804731200631e+00
4.477317860005580741e-02
1.136204207304482239e+00
1.670845425364032577e+00
8.606211325091642772e-01
-2.530011378781962250e-01
9.112465629399963962e-01
-4.742348877537229113e-01
1.315412208738420796e+00
1.178493484759779442e-01
-8.168870579327007775e-01
-1.208710985658743464e+00
3.602061403986942523e+00
1.183173547008929516e+00
2.004935371801505273e+00
-1.468202309911083914e+00
3.245994264211710334e+00
-2.482645267905626785e+00
2.225634675523995742e+00
2.141355820357948136e+00
2.316863724072978137e+00
1.865844680002729294e+00
-1.218444723460065937e-02
-1.848828907857477111e+00
-5.485518091023178222e-01
5.919431492942150985e-01
9.332994914409471487e-01
2.556097200676847425e+00
2.116606426902894356e+00
1.204480971783903565e+00
2.599986069918274190e+00
-1.232419794340522401e+00
-1.856322960743395978e+00
-1.455803180620138138e+00
-1.329881940846723953e+00
-3.312632709780171325e+00
3.722877145487562878e+00
8.786182036785324945e-01
-2.971444578134038839e+00
-3.867935692583946983e-01
8.533181531797542352e-01
-6.005477281933480072e-02
8.751871851007383407e-01
-1.501983843835400068e+00
-1.038846755627923724e+00
7.147253976019160016e-01
1.537813827855212701e+00
-7.423108670614639859e-01
-1.179179308323462516e+00
-1.559781430678506498e+00
7.115288950912710408e-01
-2.333697579851402026e-01
2.846957003906280814e-02
2.411357145788731060e+00
1.364693281972103822e+00
1.587813552009899931e+00
1.228159217514205093e+00
-2.114007595681008045e+00
3.813171416402673652e-01
1.576418472057450559e+00
2.726617638564839741e+00
-9.129798762745663376e-01
6.233183021367421084e-01
-1.790561206694948782e+00
1.277015828800680319e+00
-3.331532401356613882e+00
-1.608247396209546931e+00
-2.381967877304894010e+00
-5.868737994057917629e-01
-3.201288017409152253e+00
-1.684928355575656234e+00
-2.193918636429169622e-01
3.869327597450888945e-01
-2.084668160192188591e+00
5.091510927163163114e-01
2.510671948853836710e+00
2.792778419329537964e-01
-3.038032611871892552e+00
1.550438384708352935e+00
-1.950070304970483726e-01
3.504881403999300371e-01
3.239595609692531575e-01
1.759209693559154575e+00
-9.920892090299904265e-01
6.134466532406578354e-01
-6.764817322469349747e-01
-1.482290693894886546e-01
-1.783558956203721013e-01
-1.047691969947905033e+00
-8.001571567290863829e-01
-2.521611261037430829e-01
-1.672936453271337776e+00
-2.123457515753823799e-02
-1.335517473361844232e+00
1.991107882882079405e+00
-7.026285282253690312e-01
1.283185151703061244e+00
-2.084288734222315309e+00
-3.777968158762721185e-01
-9.213076147076570965e-01
-4.867866083921437714e-01
-1.102623827649975130e+00
-2.221472180994671142e+00
-9.718371059316613936e-01
2.914508611377339964e-01
8.140371886263819690e-02
-8.379891585823415756e-01
-1.284886609455140771e+00
2.118558232384009088e-01
-1.184498165323519814e+00
2.965655540206439067e+00
-6.397331382572890579e-01
1.117059525191618885e+00
3.195949839219164090e+00
8.972920390926275580e-01
4.791444298592885120e-01
-1.996619765342221298e-01
-1.617276324588965863e+00
-3.146433777906063600e+00
7.057270702491279524e-01
3.617377629700584407e-01
1.746051608168936342e+00
-1.854492778066880732e+00
-4.701323321492656415e-02
-5.804535152877090542e-01
4.419340411211516439e-01
-5.768093375205138873e-01
-1.332369669847467630e+00
-9.302962439627475710e-01
1.902707883217890084e-01
-2.202666924450215724e+00
-3.223359383887381746e+00
1.768126186861512572e+00
-2.448929563931512288e-01
-3.337519130519359223e+00
2.228976890721289461e+00
1.638168317974144195e+00
-2.017059998936638898e-01
1.903682776549091127e+00
4.310033462861566078e-01
1.353928449750056995e-01
1.832046650774179719e+00
-1.374547216602214128e+00
-2.566833029813927247e+00
2.357558279978296589e+00
1.212842773609069225e+00
-3.692495178093307295e+00
-3.018770929323050467e+00
1.660747976945698756e+00
2.925895028630092209e-01
-5.608891645027271888e-01
2.183114826493249838e-01
-7.460799858543474272e-01
2.721107343704136650e+00
-4.242482095014684096e-01
3.994481578908239960e-01
-9.928529741810151465e-01
-1.058807261219417928e+00
-1.083561794483978824e+00
-1.404616010720213914e+00
-1.105488425713477385e+00
-6.281813405262983707e-01
-5.240122240954392385e-02
-7.924586807058953131e-02
-2.114583861583179125e+00
1.510903748063143759e-01
8.369385882859732284e-01
2.118529680112083424e-01
4.764929464089371347e-01
-1.669745631915686701e+00
1.592338007845925496e+00
-1.080459317221297288e+00
1.334652472741137963e-01
1.867478037213727848e+00
-2.362646774297940233e+00
9.980230137053628381e-01
1.530050241343139383e-02
-9.461360150375267564e-01
1.253162731842400124e+00
1.623042998120503233e+00
3.390315345452812767e+00
2.227891741357072242e+00
1.078072313423120931e+00
2.845359812216878392e+00
-9.043070869265755762e-01
-6.014794758705732658e-01
-5.876934993509012051e-01
3.685410182431946291e-01
-3.078342054457717802e-01
1.569407224110463961e-01
1.638624702879478701e+00
-7.864006884026700783e-01
2.956274775674907929e+00
-2.033116863587388856e+00
-1.888035659454201820e+00
-1.629695392572534152e+00
-2.866014389367816495e+00
-2.611971999365963804e+00
7.234000218403173754e-01
1.042369117481815044e-01
2.445712548719773949e-01
2.296637829539762254e+00
9.892252875892377784e-01
-1.886067702063429552e+00
2.167810943706837357e+00
1.458573316800555464e+00
-3.152088031300055437e-01
-1.948394909854385126e+00
2.000582747649225723e+00
1.577420748960932428e+00
1.300191934557259010e+00
-7.382590457921065497e-01
-5.597718215525704366e-01
-1.233077179948442126e+00
-1.213659318876989301e+00
-2.432314788827503182e-01
3.808842123845651795e+00
3.303485975786392137e-01
1.749024406863048497e+00
3.310252133245477513e+00
2.470208860439754961e+00
2.551659232865091109e-01
6.380887608681221623e-01
-2.675790504319018881e-01
-2.745631307291612089e+00
3.588018782992219990e-01
-1.358212886536733111e+00
-1.203816581437971767e+00
2.290825270048788553e-01
1.513205290534818559e+00
7.993001907516195104e-01
2.334212895880594107e-02
-5.055062897799879051e-01
