5.660553708807403162e-02
6.203739651476991579e-01
-2.000331619626880553e-01
5.506987237799716439e-01
6.466098424421602431e-01
-6.932876357184387661e-01
-5.491376664966221011e-01
1.276958303679409656e-01
4.107171627077474962e-01
-3.179940533633869304e-01
-4.921822202499328558e-01
-9.511066345372076736e-01
-4.615539018517060832e-01
9.139449531260357418e-01
-2.839151188702886408e-01
-3.354985784771544743e-01
7.957191006268353739e-01
6.273569668370317931e-01
-4.668265275261553882e-01
5.421828335144072142e-01
5.825074947097885758e-01
7.175707420112438228e-01
-6.598362225377250034e-01
-6.710299033406956770e-01
2.416609368886972753e-01
-5.615212159024833838e-01
8.237117691962405619e-01
1.340759038509942158e-01
1.160220736997530366e-02
-5.834311414096149395e-01
-9.723897332743867139e-01
-2.843977056032105377e-01
-7.913337897229466567e-01
-3.399539526123529498e-02
-5.985448253227778626e-01
-5.609036735976213883e-02
-8.343201041725567535e-01
3.200185827739310263e-01
-4.499494437525213275e-01
-9.256456669773518442e-01
-6.435008555184642542e-01
-5.562432321792698531e-01
6.743149833799018111e-01
-6.978145038760648067e-01
8.364714974533014047e-01
9.478652700881251558e-01
8.592320901359262741e-02
1.568372767232977250e-01
6.247599539507655564e-01
-5.774333467642360773e-01
-8.613019097969478732e-01
6.805310493429022056e-01
-5.634785119279053234e-01
6.831475594578622079e-01
-2.957601942786032279e-01
2.767190196150992598e-02
2.301493532281750909e-01
8.965721247513620540e-01
3.226890532057069549e-02
4.847998155457649005e-01
2.409189061411862731e-01
4.598569738511317784e-01
5.956991213084406045e-01
7.533272713681420374e-01
2.327184174891325785e-01
7.750586633253422342e-01
2.790456266368037674e-01
8.174355274060982612e-01
8.729820257038631848e-01
1.691951776335525182e-01
1.980031482461248604e-01
1.690980574265261716e-01
-8.814887553285630784e-01
-8.537257747070585712e-01
3.548999730712236733e-01
7.429566562387690531e-02
-2.243674125855665835e-02
6.304823530388024011e-01
9.427518169811057724e-01
7.146846879832369215e-01
4.004967481666388274e-01
4.179176836447906496e-01
-8.701809096832540114e-01
-3.834709134848535150e-02
-6.418605340678260607e-01
8.047384579365912671e-01
6.485384760989598707e-01
-3.412480219249083291e-01
-8.028969809359334242e-01
9.937933069854683055e-01
4.931717639473629511e-01
-1.735309385998089482e-01
-2.089689689684475216e-01
7.396903975641591078e-01
-6.644475774234415155e-01
8.333672722481819672e-01
1.814892351514656443e-01
8.600642446166339994e-01
2.008501091528551719e-01
-2.975673716035163174e-01
-1.114926908136748551e-01
2.004707856475484995e-01
2.578257676004078736e-01
-7.347193574977834984e-01
4.715454892100012785e-02
-9.246800622907653811e-01
-9.828053353288328520e-01
-3.421242822894348112e-01
-3.077607963240127642e-01
8.936363269071165849e-01
-8.077443998955913251e-01
2.987976835971508649e-01
6.817084591862470067e-01
5.680092248653043630e-01
-3.343621952684192600e-01
2.375765828122080592e-01
9.964046448624763741e-01
2.125780231678908727e-01
-5.890984625038151457e-01
-8.775580391149546688e-01
7.704719773612043188e-01
1.794658959727599701e-01
6.266127737565145850e-01
2.009945347809247718e-01
-6.048490331841467338e-01
-2.353435864894737328e-01
6.707810672333629487e-01
-1.666260805404371492e-01
-1.584975091761933186e-01
9.901887144540943986e-01
8.039360006097637790e-01
-2.293580272051083391e-01
-6.143484942748855815e-04
-7.854156827927121221e-01
7.031438826707470113e-01
5.971683195246026976e-01
5.976004887542714084e-01
-9.212954687160879175e-03
-8.676419958643972752e-01
1.886973625487304851e-01
6.322313492189644002e-01
7.618999000025143964e-01
3.728068628928467021e-01
8.756706075282729707e-01
-3.245673068516696791e-01
-7.350770411801252902e-01
-4.563762100009260969e-02
-8.523757334106418782e-02
9.251304584380264373e-01
8.524461011876858230e-01
2.374210048600922107e-02
-5.554801084997029736e-01
-4.876940077635865123e-01
-9.721193945184469776e-02
6.354500850673172607e-02
2.792045322557792364e-01
2.956338652556607105e-01
6.933115776590268453e-01
-7.907700806652504522e-01
8.470054228580063960e-01
-2.905278526118437732e-01
9.256664784400252532e-01
-5.393362650961155413e-01
4.914589114346568088e-02
-3.952198501269710285e-01
-6.693813636984617954e-01
-1.978934817196655871e-01
-2.009538719543382257e-01
1.129623755934505702e-01
-1.035900282701085473e-02
-7.033573615340893426e-02
-8.316101479960045229e-01
-1.800088125410745921e-01
7.032452689721166994e-01
6.313224059011512956e-01
-8.896479195041979704e-01
-8.252149766174643464e-01
5.232917127550185121e-01
2.085997130706591651e-01
4.358540270203670186e-01
-1.672402082419941483e-01
6.215332496298882070e-01
-7.138181476162341887e-02
5.359527731289717156e-01
2.025180708895548687e-01
2.959342719851831838e-02
-7.842638696027559586e-01
2.604526490006389139e-01
1.415129699264257024e-01
9.499041833737009721e-01
6.602575499236917889e-01
2.305985902160752055e-01
-8.927310696916122001e-01
6.777255546869280778e-01
4.580665949586317787e-01
8.565400842872408216e-01
8.516095970799639758e-01
-5.967436039134170755e-01
-2.694024239909700302e-01
-5.087555970725372578e-01
-7.916460369312356971e-01
3.096503879250798175e-01
-8.051528553481359651e-01
-4.849326312433934749e-01
7.585017754117411304e-01
6.005098900796954631e-01
4.207014278462510859e-01
8.115373389027031870e-01
-1.872981373050024434e-01
-9.328231680167620166e-01
-3.438619205657151845e-01
-7.701699569345243912e-01
-7.052477971649093735e-01
2.393448148675911824e-01
-9.669689700641801444e-01
-3.214559657479520993e-01
-8.996741167774002790e-01
6.089752734274260781e-01
-3.171262627438142800e-01
4.792598003472423596e-01
-4.885324587811843422e-01
-2.027369589685914519e-01
-5.725147397040184494e-01
7.031573288479351369e-01
-9.353018387563676317e-01
9.103827244589990375e-01
-8.984117704637517576e-01
4.604353166530736896e-01
8.050332578972905218e-01
5.098040413144255822e-02
-7.134096238451697047e-01
8.599168266495569313e-01
-7.683125936044061799e-01
1.955151127955758739e-01
1.522024862042270499e-02
-3.468221254526564490e-01
4.530302485051393990e-01
-2.439330233826157990e-01
-6.604537180061078594e-01
-2.915528481697604590e-02
-7.159948940760023639e-01
1.750436005205364687e-01
5.291451972634235723e-01
7.641740332984137130e-01
-5.737287320252411060e-01
-2.778254800140780301e-01
-6.529254709773335552e-01
1.572084704363712060e-01
1.253566939948846937e-01
7.045679401723681234e-01
-1.444304984501254552e-02
7.320685255118346557e-01
-6.479767238966562815e-01
4.430354125851463376e-01
-3.779008648238686430e-01
-5.753952729324975923e-01
-3.932532713490428655e-01
-6.439620780877739481e-01
-8.542130856699339247e-01
-7.650749708689532635e-01
9.807754331277847015e-01
8.149304670210895107e-01
-2.384496998720433414e-01
4.354939171151508415e-01
-3.369242683953888040e-02
