-1.578713978686390185e-01
7.897283355340145583e-02
8.951167295414375058e-01
1.783652351706181971e-01
-9.646074307621874677e-01
-2.651474400211408788e-01
4.477412654066335040e-01
1.942564336721157581e-01
7.353865716192100610e-01
4.118002327444962862e-01
-7.137188707823329814e-01
3.063951700347382623e-01
7.472360754954143758e-01
7.440146022713678420e-02
-3.942204588438806834e-01
7.351337777051483169e-01
5.775450684243332855e-01
6.497669810349515629e-01
-4.039735576809688755e-01
-3.374980048195612703e-01
-4.262795635521856585e-01
-5.244901824583048100e-01
4.404099544763810936e-01
-6.288073888851632987e-01
-4.107770097968233003e-02
-6.091575466374079539e-01
6.804138569889928156e-01
1.583090439454415410e-01
4.112193004038535715e-01
-6.186655480551896957e-01
9.491315800048449880e-01
3.400531268931441531e-01
-8.625961682323568525e-02
7.723254348545265380e-01
5.109863741402533854e-01
3.182976035804099268e-01
-2.894154277793385965e-01
-6.348255433653517965e-01
-9.430954042538266524e-01
4.312797010369089357e-01
-6.218698157973019391e-01
-5.050391211411862091e-01
7.798278905347173495e-01
8.226814078392696850e-01
4.044768075024309795e-01
-2.206789012951031470e-01
-4.815889202277892078e-01
5.012841191159302934e-01
8.266064690665124726e-01
1.702096899189251555e-01
-2.276632933253592839e-01
4.677813558348795642e-01
-1.706427836406625431e-01
2.110805618588278421e-01
4.303154869873426769e-02
5.868800349989313769e-01
9.301989927666500790e-01
7.351815206684206849e-01
2.648752629411710302e-01
-5.855915905695419088e-01
-1.065262180339785480e-01
5.271101483717002267e-01
-5.452909539337609246e-01
7.932137866527400050e-01
1.765118989503722258e-01
-4.107511209148235753e-01
-5.108866161529208583e-01
-4.370457010503543405e-01
7.031581362777965527e-01
-9.961000067130099112e-02
-7.370578653670794012e-01
2.932954894806782953e-01
5.247540411202897825e-01
8.469327758859366284e-01
-9.187518003790104970e-01
-3.902414397305407068e-01
-7.223274436966096168e-01
-5.089610473686214664e-01
7.223861030409686190e-01
3.555941281018084599e-01
8.652808554319995071e-01
-6.160770548902334554e-01
1.798279302984642225e-01
-5.801289426803026839e-01
9.831769107257901652e-01
-3.405623235507586610e-01
-5.471830290966399613e-01
-8.486595833777490494e-01
7.914801809250484599e-01
-8.277543225838179808e-03
-5.149272224431318268e-01
-9.377125886823545198e-01
7.821985452266928540e-01
-2.319582879368133899e-01
-9.368333632394842958e-01
-4.939836846799663395e-01
1.855212895040425636e-03
3.288378324632423855e-02
-9.953985822750710533e-02
8.826093289144361087e-01
-4.115898213510906789e-01
-9.175795891346159028e-01
5.431488006381139932e-01
4.053722383391593631e-01
9.864512574329480366e-01
-2.622393708194969975e-02
-4.791262961159903355e-01
-2.752314602901591023e-01
-2.569461812974636050e-01
7.773446625648576802e-01
9.236720070604778066e-01
-8.889336396397946594e-01
3.618602142673927879e-01
8.858349493774764216e-01
5.482190284025469929e-01
-2.017761867615415206e-01
-5.347780145594827061e-01
-6.519193073939859584e-01
-7.856684702608376369e-01
-4.890273738284394156e-01
9.720599562567961982e-01
-6.063655254406312700e-01
-6.685622288239103650e-01
6.309156350884643771e-01
3.710086330566706447e-01
4.097427326919080848e-01
-9.001629800014696592e-01
6.944323331400448218e-01
6.152764303583933003e-01
-5.426192227540151958e-01
-5.106909509760737542e-02
7.107767732238703395e-01
2.198391685494922587e-01
-8.231723282394691754e-01
-6.928022466333847440e-01
-9.709820050634951905e-01
-2.288468358114361667e-01
-7.636884064104101366e-01
7.025161967698305698e-01
3.678801258525281614e-01
6.898004295708006772e-01
-4.069738075859623549e-01
-8.459222009481519589e-01
-2.360627944870483663e-01
-7.171945717550989308e-01
-3.834652381150007727e-01
-8.160309518622683722e-01
5.329091291379868256e-01
9.178363081526712541e-01
-3.420869387387923677e-01
3.465999452248542667e-01
-1.558935489761192894e-01
6.467696740250072907e-01
-2.021212675916093104e-01
7.814735671005390572e-01
-1.334774308050314939e-01
8.826330104105226670e-01
-7.458968438297586268e-01
5.710185090757402548e-02
3.616481718089767927e-01
-6.219741749251270768e-01
-4.915399627060224041e-01
6.760572282499965890e-01
-5.967117614896033650e-02
-3.813985254614833398e-01
-6.617299362260307127e-01
7.043983808373488475e-01
-9.051771348997978972e-01
-4.890531113806535490e-01
3.589401193337011797e-01
-7.532244992679535400e-01
5.642259143319565684e-01
9.442246749391849381e-01
-9.812829139945127288e-01
-5.849441477345753704e-01
-5.800898288609321884e-01
9.810708616937280357e-01
9.811686397101171409e-02
6.832449122610384507e-01
9.925393435780889284e-01
-6.492062134340028656e-01
-2.330030070731958780e-02
4.096478710784463573e-01
5.839735160742427489e-01
1.484221886503580556e-01
-9.099187911377792926e-01
8.726663604307625111e-01
7.604160037219114265e-01
4.213508303718558334e-01
-9.325212208065660757e-01
-5.365740399121914361e-01
1.369715278681504778e-02
4.119096962380166538e-01
3.623850356834577013e-01
-3.335045966928129602e-02
5.253500008221461126e-01
-4.783452694739445121e-01
-9.598689688005546117e-02
9.060432008093475265e-01
-7.180115307186163420e-02
-2.391364121840222623e-01
4.277906972595031387e-01
6.459237415146992234e-01
1.873250642381698583e-01
4.964186327484187977e-02
8.778404841195381891e-01
-4.240818070706120491e-01
6.353384657334459895e-02
9.926889715964659633e-01
-1.563007478106126502e-01
4.531089903004674735e-01
-6.811994342748177722e-01
6.180063259885804072e-02
3.918170871949335776e-01
3.217048290918125275e-01
-9.794726504374184906e-01
3.265512359812272614e-01
2.100141209165624634e-01
-1.621658666906271584e-01
-6.663802220208914218e-01
-3.280372735910310755e-01
4.888417108939409061e-01
1.329519286527016675e-01
4.908218532566344106e-01
-3.005895018727338108e-01
-9.460094591891077265e-02
3.330228546833859937e-01
-7.749310552383119610e-01
7.326600821502691208e-01
-5.389976323262450908e-01
-8.916094875040931900e-01
5.521421638929431275e-01
-8.155135326452391809e-01
-3.192778884230802472e-01
2.196017075638003746e-01
4.861063414516166858e-01
9.360266649395561078e-01
-3.754258640597325503e-01
3.366147241135999391e-01
6.847449764574076170e-03
6.009674372319728786e-01
9.867711582916247615e-01
-3.323198246883218854e-01
-4.668431503601255805e-02
9.862433967446164740e-01
5.085149326853177776e-01
-7.387454985395349727e-01
2.869595237848905356e-01
8.595815712735133118e-02
9.110750436701142707e-01
1.649579839478998444e-01
3.597189418212385359e-01
-9.722029234556295307e-02
-8.599368509714806486e-01
9.525711295626655417e-01
1.304513887885505596e-01
-7.749185860529599346e-01
-9.808448605542485765e-02
8.739769661081571162e-01
-1.660851731282715349e-01
-9.870414740496302741e-02
9.357921923731791214e-01
4.682931160575576346e-01
9.978994488113797079e-01
5.274464236331928291e-01
