6.075135239130202702e-01
-8.657607043806189173e-01
-1.089390369575937489e+00
-7.972829681511963695e-01
2.696781910070582544e+00
2.850806695141955061e+00
2.075612188806979397e+00
3.410088887414118863e-01
-1.961870897737145070e+00
-1.613708930072838665e+00
7.350387197330177091e-01
-2.556236352326685335e+00
-1.228940908709984736e+00
-4.829633296339934101e-01
-1.986866688674526205e-01
4.579225905585646572e-01
5.390500471071548727e-01
1.211239085427078477e+00
-1.155310873597875876e+00
-1.609825342732934761e+00
6.067227849148697505e-01
9.631624225343490275e-01
5.802444868539655687e-01
-2.035655763263242157e+00
2.620764433437048346e+00
1.743671496369460838e+00
2.812378833976311165e-01
-1.852737597177741835e-01
2.978781243845065152e+00
6.511885136867103796e-01
6.855817858742421222e-01
1.522244205587108823e+00
1.268964112949781287e+00
3.014028993892392094e+00
-5.594072306099084901e-01
2.031716812353839607e+00
-2.895053469726549977e+00
-9.570672539710078919e-02
-4.974695058716006590e-01
2.065365067149922851e+00
1.639101807060636129e-01
1.904583287480928533e+00
2.073165968816207183e+00
-1.569877166238943023e+00
1.092511915146342494e-01
1.636915923227728387e+00
-1.075028729671187566e+00
7.856702009498578443e-01
5.608279958004735999e-01
8.214015989386769245e-02
-1.576444965924114761e-01
1.211243033417288562e+00
-1.474922442751517293e+00
2.698813484353906889e-01
1.945549592672687900e-01
1.751443958517492350e+00
1.115506855538533681e+00
3.076575573452741130e-01
1.655380375563297868e+00
-9.164031963501196865e-01
-2.076438410851275229e+00
6.198281967687204741e-01
-1.221762217360872871e+00
-1.523726331204726225e+00
-1.793235413629559627e+00
7.947814319005732653e-01
-2.621596231566866386e+00
1.405710282170725467e+00
7.466475196799018943e-02
3.247450047214962554e-01
-1.094156803313535598e+00
5.857554289107167467e-01
-8.913728298147527429e-02
-6.316085657332607406e-01
-8.127679416627389131e-01
6.883423730197060220e-01
-1.273911920076107318e+00
-3.686742804530033224e-01
-5.608088030308835958e-03
-1.466030160796609749e+00
-5.434908907562572278e-01
3.477220996626434468e-01
2.118183671045740013e+00
5.736575777739061355e-01
1.308602804963710842e+00
1.107785245709305588e+00
-1.238191934657469684e+00
1.232874616153031511e+00
2.330195861123314671e+00
-2.360429608982753891e+00
1.722999903077975903e+00
-6.498726834152341869e-01
-8.257197588232008112e-01
1.275913535099604701e+00
-1.640749350905265525e+00
1.644955263043448079e+00
1.707552181525026969e+00
-1.555003527180857770e+00
-2.831089691639876893e+00
1.379651655127135168e+00
6.537979938226241572e-01
2.845662551720137934e+00
-2.868676290232743842e+00
-9.516096964877662767e-01
-5.631038116795921145e-01
-2.095922624768282283e+00
-8.616692274463743084e-01
9.197091839822502113e-02
-1.653462904951827905e+00
-9.094601240480416626e-01
2.745912696761124039e+00
1.125337648955907710e+00
-9.167295611149693935e-01
-2.475037139484811632e+00
-1.316228449327308203e+00
-1.907695735824422312e-01
-4.538081904001294298e-01
1.240526198320061280e+00
1.344549596332093699e+00
-1.729577596021973918e+00
1.649270287277876834e+00
2.309963223482992767e+00
-1.884301636924881951e+00
1.503327716207910836e+00
1.978476626817602613e+00
-1.473521629300677871e+00
-2.288261178546338037e+00
-1.248751407337997943e+00
1.687891253699013161e-01
2.712598069011683322e+00
1.231473196146349314e-01
2.112197796666923644e+00
2.598195209474918776e+00
3.346683712161452884e-01
-6.045739308062272332e-01
1.700676040700655811e+00
-2.078576898411343965e-02
6.371738605905818975e-02
1.562204166186790699e+00
5.695205738734876455e-01
1.059462083064709681e+00
7.505337371429412485e-01
-1.585177074082018356e+00
-1.402213926226253959e-01
-2.624205801158228546e+00
4.094389473324669404e-01
9.035045504155793106e-01
1.015057014606608465e+00
2.273975159916493460e+00
-2.494126805299094585e+00
2.659531945264906660e+00
1.049812687785562915e+00
-2.750350126243487292e+00
7.615137560217182244e-01
1.212803699514808597e+00
2.429018495089604102e+00
3.371017482567825185e-01
1.699577259515187011e+00
1.260857663559245445e+00
-7.855352583069901140e-01
-4.112605231939283623e-01
-7.772512652797489707e-01
5.559731837874655191e-01
-2.131042888893763809e+00
1.599404949908628693e+00
1.376243002827111095e+00
4.903978511186795619e-01
-6.824823653253914157e-02
-1.209078350180700756e+00
2.988504248030858790e-01
-1.646846775693217024e+00
-1.192387884973347578e+00
-1.502901158892529399e+00
-1.824594644476739136e+00
-1.241602002999719900e-02
-1.729548681450470138e+00
-2.152534576569674840e+00
-5.993412475869220879e-01
-3.996002630975543646e-01
-3.996345044101029531e-02
3.469978291734919229e-01
1.681731652850694925e+00
-9.567556744200619301e-01
3.221820164681671095e+00
2.754322208271291483e+00
1.844161474534099066e+00
2.931975257371720378e+00
-3.248265771878982022e-01
-5.074588254131453535e-01
-1.401007960553390275e+00
1.725660635166098023e-01
-1.589279558358605904e+00
5.981794667032969137e-02
1.014322952531722333e+00
-2.512327575230490773e+00
-7.890334483450095471e-01
-2.413594995685589772e+00
1.710615196741422706e+00
2.617849020133843574e+00
-2.795891156131573130e+00
9.869818763614861545e-01
-2.811188334869061389e-01
7.679882374106730136e-01
1.863637565150802144e+00
4.067886064039464844e-01
-5.333126181723730763e-01
2.501504964281139998e+00
-1.109590163553147990e+00
5.109345220288048495e-01
1.043980356777743368e-01
1.671699182646746884e+00
2.094530983966675031e+00
-5.781729275501630572e-02
1.891245755381514959e+00
3.785758169300079135e-01
1.091896441491866820e+00
9.354351428162970272e-01
6.212702934913878483e-01
1.047345047485204628e+00
-8.862818116953707914e-01
-1.115415731079749673e+00
4.965620620054031487e-01
1.764648550102523972e+00
-2.433344836950213919e-01
-9.537024128245594756e-01
-5.141056486632862299e-01
1.567939324968008252e+00
1.336735851865779923e+00
-1.389742063155036123e+00
-2.239882343182031832e+00
-1.133495652444449053e+00
-2.174608701834602087e+00
-7.544088785695901578e-02
1.488369349091302141e+00
-2.833685910359157845e+00
4.482421232740831374e-01
-5.774060568942125382e-01
-1.624411832234783359e+00
-1.433655129792280825e+00
-1.695331443065646981e+00
-1.144284051459915741e+00
4.626142540274030268e-01
-1.054317507847431834e+00
2.455908110077419160e+00
-2.314561575898676615e+00
8.085638807736394984e-02
-1.038831554279284308e+00
1.782890246808922496e-01
5.363984792825278181e-01
1.415187040039570521e+00
-8.395112645784935657e-01
-2.234861363519950572e+00
1.645839418928481068e+00
2.333176691659176516e+00
-1.124249890578608024e-01
3.326392521059708951e-01
2.984640175356605418e+00
9.013970733480011210e-01
-3.197926524753162414e-01
1.202218415217398917e+00
3.147259421502132337e+00
-1.995397672539689582e+00
9.763974063489179178e-01
1.679439057849039685e+00
-9.772211052517556507e-01
