-6.178806403129116553e+00
1.251717278187336246e+00
-2.811944462783653620e+00
3.077112478864958423e+00
-7.116584671236156900e-01
-7.570970055079591532e+00
5.242853251736693920e+00
2.154555543967491715e+00
5.497417472528317361e+00
-6.765379872777670833e+00
-1.179795194414122061e+00
1.595016071313010153e+00
-9.142330523004011944e-01
-2.802622134969690038e-01
6.342473907813845457e+00
5.315866024599448236e-01
4.313709034623620653e+00
7.513772511757670358e+00
2.551583653132048379e+00
1.886449762764583538e+00
-7.732562600415464615e+00
-9.518982747487512164e-01
5.611973294675827617e+00
2.884487184156371953e+00
1.371460472940555508e+00
-6.173916220940824040e+00
4.457254602183521319e-01
-1.065922287065121932e+00
1.419266373173933449e+00
4.994711989257226925e+00
2.641443274282674558e+00
-5.539882957589956192e+00
3.126597780387827541e+00
2.160661108619287951e+00
2.757471641104368487e+00
-6.707461660125585423e-01
-8.757066324816989322e+00
-2.929557970839604675e-01
-3.194883332187943292e+00
4.208867539582604955e+00
-5.754216355590941134e+00
1.733380136926862880e+00
7.214825780178421688e+00
8.299299441955101386e+00
-3.087338792405823762e-01
-1.549986362414627949e+00
2.223534891377135225e-01
6.875418114977420281e+00
-2.568340515092666365e+00
3.800427026991911372e+00
4.217824555427067246e+00
-8.806558351268874318e+00
-1.847822239975208447e+00
-3.458785130668278640e+00
3.786817391732160143e-01
-1.468980679046270943e+00
1.261528128247131564e+00
1.280123082539023116e+01
-2.098222604368755295e+00
-4.671509394634676404e+00
-5.975819663156268113e+00
5.135436723421762828e+00
-9.837987896928863663e+00
1.069073886748161506e+00
5.041818432015988449e+00
1.876774810876491006e+00
-1.203559510847560521e-01
-6.486486647988294330e+00
4.273560592341377529e+00
3.071647898118399667e+00
1.550416769412897855e+00
-6.399154960286438154e+00
1.675500514944651353e+00
1.357098923462969342e+00
-9.804229889806865827e-01
-1.959674621019319440e-02
3.589760319570760139e+00
-1.610113788170395965e+00
-2.781653149307231843e+00
6.230331417440149622e+00
3.615961384549196023e+00
2.729424067122227626e+00
-1.063685419554053269e+00
2.025518328899039489e+00
-1.083131815115302432e-01
1.983806606787857918e+00
-4.365899219517650920e+00
-1.229981300230149399e+00
2.937433569020041713e+00
6.841670856884275453e-01
6.664290818261163984e+00
7.743587494613559663e+00
-4.386788236133066121e+00
-4.620289642305820621e+00
4.702731691489419052e-01
-4.880708402957945502e+00
-2.562092448376865672e+00
1.189481203554028088e+00
-8.832234220078718501e-01
7.847054173494936613e+00
3.051029307628843501e+00
-4.395797946322651306e+00
-5.675306868705134455e-01
3.612660357826769086e-02
4.894527646792674602e+00
-4.722282023028976816e+00
-6.518052522091315915e+00
-2.314683339247760596e-01
-3.780538625044048917e+00
-1.067202785097306927e+00
-2.112166261514729193e+00
-1.075955960214128648e+00
-5.700036191374754369e-01
-2.058821912052018366e+00
6.588748486096719148e+00
-1.565801916375024749e+00
1.924103913630188512e+00
-7.623098970677176567e+00
2.241657176949448882e+00
8.276583870086184902e+00
7.674900024411061672e+00
6.920634633200708485e+00
-5.500141031482208120e+00
1.962937703557389613e+00
-3.092005183130233537e+00
-4.931726224284237681e+00
1.471073245082858305e+00
-8.248802399711948397e+00
7.580193718969910677e+00
1.044608820456211618e+01
-1.761364619093268580e+00
-4.917588363199095092e+00
7.636331062552028648e-01
5.739736720791783320e+00
8.330106062034845493e-01
6.356769317228480709e+00
-4.349856788649279160e+00
5.098984460361665860e+00
-8.604036050045008821e+00
-7.181037035755680975e+00
-5.734156459219565072e+00
1.031109379559652695e+01
3.735121632323398888e+00
-3.100573605797206866e+00
-9.906208729194013740e-01
5.378380191038102609e+00
-4.373544026416007924e+00
-6.544548246857783136e-01
2.887643602079290606e-01
5.050163825945759299e-01
6.601493431258758093e-01
-5.409639064321924096e+00
2.108087595156572291e+00
2.410800238285845332e+00
-1.504664423664333128e+01
2.284654291121885894e+00
5.952771026556761491e+00
2.550065248609145740e+00
-2.908044229247690016e+00
-7.442820129438739718e-01
3.212792730015841869e+00
-1.096864766422152249e+00
-1.172146732371628364e-01
9.129957034718763964e+00
1.237291871233078489e+01
3.969424858058747674e-01
2.620037835094127132e+00
-3.921436471918400279e+00
7.484602822221400054e-01
-4.699973620668755458e+00
2.710893137364103644e+00
1.169848992336665638e+01
3.041053534651733337e+00
-3.083405336175164546e+00
1.035178241450787517e+00
-1.600313064990086520e+00
1.728706188717477721e+00
-7.188492218784813481e+00
2.771792125738943291e+00
4.126756577299683038e+00
-5.307690532427845831e+00
-5.178216309353309121e+00
3.127279369133876941e+00
-4.744279716804103764e+00
-2.782087198347047430e+00
8.113686620739045452e+00
9.422791300575277251e-01
-3.556345750070965206e+00
-4.553932146269181747e-01
4.736294195853594680e+00
6.320129398271371990e+00
1.026965240087609255e+00
-7.133201449823463047e-01
1.045579905056841508e+00
-1.952163231626775630e-01
1.469938885415647434e+00
6.327919564975791111e+00
-8.098189553962795273e+00
-2.755976361906649075e+00
-3.904062624337207410e+00
3.617783227507473498e+00
1.070355782741160589e+01
-1.011744789545445666e+00
-6.227205527484774850e-01
8.746750979575626417e+00
5.485968607831797073e+00
-6.974507847033134311e+00
8.201997216238877897e+00
-8.434253210145994828e+00
-1.060469440504276939e+01
-2.004621777840453145e+00
7.765176677250970050e-01
-5.030056787345614566e+00
-9.314405981746439522e+00
6.097205586770348518e+00
-1.215380071055470301e+00
4.460334785420769776e+00
2.371011334679502092e+00
1.907959717061886162e-01
8.746170057164647460e+00
-1.789635402035551826e+00
-3.541935882561331739e-01
-1.246077780409859947e-02
8.291766762861210172e-01
6.460187890253527243e+00
-9.380717119335773901e+00
6.245550088749450168e+00
-1.630320691736367511e+00
8.280588876556425504e+00
-5.288851805518534732e+00
-3.046347058695452859e+00
-1.015344910314646798e+00
-2.305242036819374896e+00
-3.125873558346988990e+00
2.057942167900820074e+00
-2.596495872972705676e+00
1.830454311108930643e+00
6.800354655981379004e+00
7.203336329970006169e+00
1.178952204956322358e+00
3.456020150821964787e+00
2.785295022366177098e-02
1.257553467490889920e+00
4.966577532967658470e+00
8.773450471324007793e+00
1.367638686745563881e+00
-8.049665789236013502e-01
5.120481954310114325e-01
3.591836301032287349e+00
-5.418956425981553693e+00
4.843250096375413705e+00
-4.784586853614970714e+00
7.475856638309119617e-01
-1.432774705874429788e+00
-5.318644828441727590e-01
4.608166161253722137e+00
-6.794629784815340301e+00
-2.136158909295652886e-01
-9.261741282206776837e-01
2.580648517760075755e+00
9.164204515191464173e-01
4.085032649399429339e-01
1.899679047433139090e+00
7.873856243849794545e+00
1.613203670198754658e+00
