-6.818004688896865950e-01
-8.968736493204845228e-01
-2.690678073155037264e-01
-8.356573475066575440e-01
-8.059519352305386519e-01
-7.175334282848295775e-01
9.427337351083699968e-01
-1.305798218814218092e-01
9.651932303060866136e-01
1.101897082791136739e-01
8.403255328910619326e-01
8.701544653636148485e-01
-2.427120440638761423e-01
1.357352111151088891e-02
-3.921812989780626424e-02
-2.279336194483296829e-01
-9.770496797547945089e-01
2.632942107062448134e-01
9.563524472980979851e-01
8.868793679472990465e-01
-6.579365232988099166e-02
-1.646078757466185039e-01
-5.117357679326355324e-01
-5.826823877744593538e-01
2.336871457342166725e-01
-6.168583733134800351e-01
-5.466332702095781926e-01
2.018112775046105867e-01
-2.197989645758013921e-03
1.259344628502754304e-01
-3.546532988186221758e-01
-6.618873316460025524e-01
5.806566287296175410e-01
-3.563070562116585904e-01
1.364530397741599010e-01
-2.525741701822952212e-01
8.581272724459698686e-02
4.005288752949875963e-02
-8.993794722270762598e-01
-4.099274465141362622e-01
5.263745643569730515e-01
-2.703644518076369074e-01
-7.948960610105708646e-01
4.218237099253989708e-01
2.758131937138705858e-01
-3.493805907399796240e-01
3.073072565021206515e-03
-7.092419973595336380e-01
9.267871654385513303e-01
7.162479494399474067e-01
9.833643315435893761e-01
-9.481053068997491451e-03
-5.001678264813804731e-01
8.071417992940321806e-01
-3.262712627243213870e-01
-8.231446744096733159e-01
-9.025668683072292087e-01
5.608087349617085771e-01
-1.264211659731073745e-01
-8.360062977655440264e-01
-5.286231556231300033e-01
8.654858144637844752e-01
1.782866186105656059e-01
-2.451029515384790525e-01
5.972965327571899685e-02
2.569053465703277084e-01
-4.683206879553341029e-01
-9.694394070301286526e-01
3.944154599098153025e-01
-8.929952777112146745e-01
-4.174645501131701852e-01
-2.320535777715626580e-01
1.573373043497021673e-01
-2.846278024367392412e-01
-8.031524340080580249e-01
-6.748476696900789218e-01
-9.593305858872673841e-01
-8.648546654626512176e-01
5.410267863926363496e-01
-7.226699176358204468e-01
2.454118908683948774e-01
-2.108479871570116959e-01
-5.112714443147043930e-01
2.683412737951003102e-01
1.663220831608898109e-01
-1.575156348717166033e-02
8.356402477810580542e-01
-5.545516501689617961e-02
-4.026577376713074141e-01
2.501662260024082318e-01
4.429204457794730931e-01
-6.629893898750800485e-01
-4.577302822619788714e-01
4.769531674018434586e-02
-3.982638735098349425e-01
-2.989944425687414142e-01
-6.639326087349186611e-01
1.263004677577275192e-01
-2.073668590091439778e-01
3.654872901575578759e-02
-1.053746155000585549e-01
-8.723645217958018172e-01
-3.205461951197472459e-01
-8.643302978082290089e-02
5.267015585947443235e-02
3.055230204500305469e-01
-7.236045503963648429e-01
4.422271234161714304e-01
3.170306843784498341e-03
5.677804704633020449e-01
6.123623544166023613e-01
6.992978294943892337e-01
-6.940756965968202241e-01
2.052716607561855255e-01
5.855585580461351025e-01
9.777913428904296822e-01
-6.869280875590357827e-01
-5.563854379387822569e-01
-3.380183494166990599e-01
-2.402015593785991054e-01
5.118854206857821332e-01
4.063322148778703014e-01
9.030461106524472203e-01
2.310255310825970465e-01
-6.920198425452095403e-01
-8.491013290172317873e-01
2.909850337714430246e-01
-7.955264632495120392e-01
-7.572628315951805966e-01
-8.916748818402298049e-01
7.506645643571705495e-01
-5.254813150944812605e-01
-7.316970303290815103e-01
-3.466494109102156163e-01
-4.784018823874134352e-01
-5.430683239629645609e-01
8.901464859807786123e-01
4.346107642060446086e-01
6.381076126451479258e-01
-6.852832785972728935e-01
9.504316332075513074e-02
-4.276970644151287804e-01
-7.245514989268080353e-01
5.376147596896909686e-01
-9.599357678331748023e-01
2.100685145079148608e-01
-9.181737227869539719e-01
-8.765120046833270173e-01
3.924527882581685390e-01
4.156132359028881229e-01
-6.682255156057292922e-02
9.741381079805460086e-01
-1.703095882348180101e-01
9.311653222063176472e-03
6.808771004489690970e-01
-2.041520449180420638e-01
9.093175482744138005e-01
1.599148893491384449e-01
1.747036915284916336e-01
7.220277336120823897e-01
9.015802847174927415e-01
5.483953880682121973e-01
8.887074469866216297e-01
-5.039295188782435542e-01
9.972038345017018024e-01
-7.000249332172343575e-01
5.882038181448026037e-01
4.800602050371265417e-01
4.655555903823449526e-01
8.209746841968250664e-01
-5.914738910842332054e-02
-2.164116064799810335e-01
-2.751580812876235349e-01
5.453187997875807991e-01
6.895474326945680854e-01
5.331028268179456298e-01
-9.009734504503117414e-01
1.655888094399695643e-01
-4.308072173453747489e-02
2.530025295406490571e-02
-4.862508561922853634e-01
-3.575575817243838994e-01
-5.008423357588420721e-01
5.079122188856879383e-01
-4.787881016907740150e-01
6.108343746269895291e-01
6.038243812003172284e-01
4.765282913443060764e-01
-9.987378841013003772e-01
-5.522061714614201478e-01
-2.319556793142649731e-01
2.354890590124347760e-02
-7.812942076180817708e-01
9.768886903446525327e-01
6.997855505315702107e-01
-9.100697818948106921e-01
-7.709857805496964644e-01
6.049159105593080454e-01
8.879688736853539321e-01
5.798658867709889364e-01
2.668117267521599167e-01
-9.267537222338857461e-01
-4.054018629263391738e-01
6.525216946239242866e-02
-8.533984271584076353e-01
8.128324822080663647e-01
-5.526062379057616880e-03
2.151107239693874629e-01
1.541103290648015989e-01
4.679165141948242734e-01
-3.309699485083810178e-01
7.806210460306408638e-01
9.607545739465936929e-01
7.731497192083405245e-01
2.641521033028233489e-01
3.873540152685224225e-01
-6.590472568563259248e-01
7.896009025733614628e-01
-1.845538111025117889e-01
-1.674380987268397902e-02
-5.121806124256109705e-01
-9.523699873917708114e-01
4.139621200351311092e-01
5.293542028684430356e-01
5.489874457446919376e-01
-3.695017263512521133e-01
-2.437450386778130529e-01
-3.890691334019691361e-01
2.798947653678922620e-01
5.101157353280141304e-01
-7.817040183735071146e-01
8.209715582396848177e-02
4.375438126487638524e-01
-6.067247256847685399e-02
3.968966696077207423e-01
-8.486451668430932127e-01
8.710355625191501527e-01
5.356690567550972393e-01
-7.411085748823209585e-03
5.151887619108452832e-01
-3.103986057152556821e-01
9.494848343035711125e-02
-9.903208878196041454e-01
4.570264045182197421e-01
-1.894701860456438069e-02
6.293961967881409603e-01
1.734404767013337789e-01
-8.131161285144175022e-01
-2.017456487524249553e-01
-5.256097149349405750e-01
-7.836227348860096420e-01
4.671525116652219811e-01
6.214922541536798128e-01
-1.031244610006509799e-01
-5.657940815440976046e-01
-4.361542877070436752e-01
-5.846551993722912677e-01
4.434108281582054278e-01
7.597241224320701036e-01
-4.948157345617527625e-01
-4.358508682631649922e-01
-7.056190992215449764e-01
1.878956999022425300e-01
-8.997879464578477648e-01
-2.159543649753901118e-01
