-3.855498125456140457e-01
-3.380272566522638300e+00
1.957930922451085110e+01
-1.473853297806225449e+01
2.269129120345616535e+00
1.387287922775817961e+01
-2.750787827062558932e+01
-1.000651949411631847e+01
2.431105988715963839e+00
-3.639576639404818348e+00
1.236214906701404104e+01
-1.102386695006722128e+01
-2.638662307533967066e+01
-6.684037318192698862e+00
5.396236225120095753e+01
1.932433480640785461e+00
-3.741839486660391856e+01
1.115594865577330097e+01
1.070880533614872476e+01
-9.123883432989622122e+00
2.027029030695886291e+01
1.510924589332683432e+01
2.559083669360812507e+01
1.394701899565533232e+01
1.418516448438788879e+00
-2.703685772373434659e+00
-2.079102454118752608e+00
-1.023881318598235346e+01
-7.155341229350944410e+00
1.544398500738446600e+01
4.670609765911037936e-02
2.261558470054357173e+01
2.600201672585632906e+01
2.185691976655316893e+00
9.959660067125751581e+00
4.668901621707404637e+00
-3.844920216294061444e+00
1.666004768270913594e+00
2.606123275562856278e+00
4.136061236313726575e+00
-6.098747202712448967e+00
4.438913191928657298e+00
5.070382528296710767e-01
3.888913951683485859e+00
5.139448720831524042e+00
5.169513266463578560e+00
-1.235222098014663850e+01
1.920623740955886305e+01
-1.779859823186681567e+01
2.741812000333407084e+01
-1.541326756292577427e+00
7.591969657868156141e+00
1.731491605061211914e+01
1.300966518143309436e+01
4.947582448180512849e+00
8.060343231504189632e+00
-2.382126904385071953e+01
1.341533952279728759e+01
-2.016227822977476603e-01
9.633765916076109548e+00
3.441467730969160499e+01
1.320599341368666479e+01
-2.483984574894004282e+01
-1.245770652585915172e+01
2.058558873848816972e-01
1.194936632019750711e+01
-3.054595549647789454e+00
-4.350246101127784648e+00
1.332769785434264342e+01
1.502730537045727743e+01
7.827437447035304530e+00
-7.385785683642157373e+00
-5.151286339556048688e+01
-6.809767995670006790e+00
5.593396904643070044e+00
-3.836770518086296544e+00
-8.115443229943833714e+00
-1.550739359929062289e+01
6.960162971520156283e+00
-6.938278582695967422e+00
-1.761104265640748778e+01
2.939231655850913683e+01
4.936348318049301298e+00
8.834180045349832255e+00
1.423972115869532828e+01
1.759825393549277806e+01
-8.580085134523860901e+00
-5.561121730773779248e+00
-1.820753767589052785e+01
2.106367536116723826e+01
7.554333566316156379e+00
-3.291176825562612152e+00
1.758717025161580594e+01
-7.289896382644612594e+00
-3.613259355407283380e+00
2.841669817689647815e+01
-5.743586187825393097e+01
1.138422254176898996e+01
1.817427216143810753e+01
3.417427818173356968e+01
-1.441637174845004665e+01
-5.738808751862951851e+01
-3.172840002063612719e+00
1.138530945523912763e+01
4.752437201343495587e+01
-2.477081632086737528e+01
-5.128337339867577782e+00
2.079810056941862584e+01
4.067211888010574228e+01
4.279997285269153906e+00
1.963365997964706455e+00
-1.645688659287090161e+01
1.479278472683028589e+00
-1.440346176673642731e+01
1.172090397311138155e+01
1.135620270777335783e+01
6.566369765366704137e-01
-1.009988422563332300e+01
9.994581106520710634e+00
2.805077818949031965e+00
-7.060733995934966867e-01
2.328683311198984640e+01
-2.112166008188772537e+01
7.345614883482640245e+00
7.622424929387795478e-01
2.692732378046479802e+00
1.543331420923541586e+01
1.169984232987901507e+01
-1.155757445707713416e+01
-2.661400057755006188e+01
1.765017622970819389e+01
1.184950104318242303e+01
7.042324633270495848e-01
-1.143490421190343831e+01
-1.846853575178196705e+00
3.340791132601032132e+01
6.917547795940964761e+01
-1.448017924616785557e+01
7.015875509993942494e+00
6.415817500283210073e+00
-5.548219149318066812e+00
-6.909176292560444743e+00
-2.306443680284569453e+01
-1.866316629528294468e+00
-3.763846333496583263e-01
3.152154042899980979e+01
-2.367447878361143765e+01
-3.675268648951284689e+01
8.357573044812120600e+00
1.084964753310791963e+01
2.556768145843084028e+01
-1.282227326756061814e+01
6.682662156762252614e+00
9.342419236008492334e-01
1.386259855078849590e+01
-1.485775029186880314e+00
2.182452716120645420e+01
2.517296133325017848e+01
-1.063483395297442069e-01
-7.136858363665897542e+00
-2.247059571426508739e+01
-7.506908557049092323e+00
1.568276044990807527e+01
6.477774134204369538e+00
5.705093321918799365e-01
-2.876910841427427812e+01
-1.872213396839709776e-01
-2.128104307918756710e-01
1.184220871352230020e+01
2.150085237665546600e+01
-1.225762095528830109e+01
-2.983575180347644462e+00
-1.764336635202668369e+00
-2.864138807354908334e+00
-1.853400794638950799e+00
-1.869744900656940700e+01
-9.695849912665890358e+00
-4.606966798923925133e+00
-2.345811878999541911e-01
1.690977106155602705e+00
7.632500863808994174e-01
-2.442847437896606522e+01
1.307727144184371859e+01
-6.860532631315622076e+00
1.455525349989119555e+01
6.722974920425647483e+00
-7.673328046289189075e+00
2.376214595236441696e+01
-1.267025677775727566e+01
1.617791217112952395e+01
2.858595229776471403e+00
-3.040700830335675420e+01
-7.362248278717467898e+00
4.451684627061728605e+01
1.031124728513307609e+01
-1.605487162956531222e+01
-2.837571124818814017e+00
1.671537254413322682e+00
6.746100120932696065e+00
-8.744305383930747411e+00
-4.962270309318419947e+00
-6.890980349636492974e-01
1.553496729114561248e+01
-1.846459161008136363e+01
1.826875872572647097e+01
1.485989666021771782e+01
4.115859611753604597e+00
-3.612356550704507452e+00
4.900079639104691687e+00
-1.620357145413501598e+01
5.689661981431489934e+00
2.196131897827736168e+01
1.208414593311975871e+01
3.854185843581456439e+00
2.317958300269834027e+01
2.729561339087457839e+01
-3.811564902173633129e+01
-2.252912488428805915e+01
1.793603161208712748e+01
-5.480017261880608004e+00
-9.882779433129163849e+00
1.916410824161408755e+01
8.568569261492356759e+00
-9.184873824508283491e+00
-2.098206059257279321e+01
-5.885270865823453157e+00
-5.023453798226107381e+00
6.320614821334569200e+00
-3.022157425295871036e+01
6.766245596871187651e+00
-2.670705917725386058e+01
-2.457593600040772586e+01
9.127069787680744284e+00
1.040444540236403093e+01
3.129101990635962238e+01
1.194473891220995565e+00
2.452069926907093844e+01
2.129930448442289759e+01
1.633891126033143948e+01
3.370160204581598151e+01
-8.109406842689208972e+00
-2.035798264105554978e+01
1.030922477066682141e+01
-3.076571481104946493e+00
-2.813763008332962912e+01
1.808126085429282881e+00
1.845916819103002027e+01
2.648855829006683038e+00
-5.394692051740642036e+00
-1.674524592430905656e+01
-2.527971366979002710e+00
-1.698310188593845282e+01
-1.947315285906962457e+00
7.599446279993209430e+00
-3.148961360401800036e+01
1.480162557449043881e+01
-4.290065489496196705e+00
3.839847247399517105e+00
-9.786137444642956096e-01
-2.915277335545491511e+00
-4.182018669500265418e+01
1.887989655744782524e+01
-1.203658495013651297e+01
5.224807795246363185e+00
-1.163475481302077119e+00
