8.887762455684218299e-01
-1.080012682909703425e-01
9.026037389998986527e-01
-7.799082396921963589e-01
-1.270838056903343061e+00
-1.481880095963843846e+00
6.249672874150425939e-01
1.226585367212260858e+00
2.490476014790937026e-02
6.269630973738286039e-01
-7.651263717801823905e-01
-3.960921020798811032e-01
1.265634784314352057e+00
1.751650257630827268e+00
3.460257921413530946e-01
2.973393663271851894e-02
-5.129280310088936146e-01
-9.464470131936204567e-01
1.222214476784616810e+00
1.523555559852040497e+00
-1.106206110829274003e+00
-1.845508919151739091e+00
1.048258786207962451e-02
-9.241506732109483480e-01
4.119935716720548036e-01
1.692840742796275499e-01
-3.882830108485233467e-01
2.278532160760539382e-01
8.086429211297319064e-01
7.996162245643809730e-01
-1.064531752596832082e+00
8.465797428907049227e-01
-1.450004307896362477e+00
1.330238777945193185e+00
1.583799959822282055e+00
6.566656524000160644e-01
9.740348305810895280e-01
2.533340274399704106e-01
-6.661552124555811805e-01
-1.410033680141205004e+00
1.245632806061940656e-01
-8.767873929435037184e-01
-1.543499215520451606e-01
7.520041897601430492e-01
4.467965233388515034e-01
-4.461269571274939505e-02
-8.342738000431755285e-01
-5.404469629770622952e-01
-9.537509007271516293e-01
-7.645526279287840898e-01
-1.186617607713320310e-01
1.728914768337676877e+00
-9.521113423098480633e-01
9.493613506499584132e-01
1.657031183434642507e+00
-1.028062833685942978e+00
-1.646123532074881712e+00
-3.477177189331870921e-01
-2.525996187670827564e-01
-8.265769895315171478e-01
-8.776592839317817196e-01
7.782457662326407455e-01
1.297850678442397099e-01
9.513838712540116926e-01
-6.990296511793655521e-01
4.088160889877689441e-01
7.634944967813188654e-01
-1.850569091217725060e+00
-3.934644373382282234e-01
-1.625645953603330474e-01
1.481673885317550621e+00
1.524774208974129797e-01
1.090532044178690763e+00
-9.397573224519931712e-01
5.875119665957926340e-01
-1.378614843977276738e+00
-6.019125386599331051e-01
-3.151767805688003854e-01
-5.719144505073734397e-01
4.196950755291030677e-01
9.007490477344131108e-01
1.770672183648308806e+00
-1.402349524501153910e+00
-2.814549649030721398e-02
-1.430251465004549472e+00
9.291751261100400505e-01
-1.071198002049193576e+00
-1.376307000682191584e+00
3.924183367624395347e-01
-7.455716455455079217e-01
1.148926151443592225e-01
-6.745338259025538408e-01
1.144953092185264865e+00
-1.600673716954077230e+00
-8.842082872577261554e-01
-3.166092508656634941e-01
-1.149836354944652472e-01
-1.598493853093805317e+00
-5.193690439977740603e-01
-1.490651839157159930e+00
1.005210597082122570e+00
1.252680079081754272e+00
-4.349657060291526323e-01
-1.960315448852186782e+00
1.482596829265681260e+00
-2.894578765591301339e-01
-1.003110534907714513e+00
4.561462755141750258e-01
-1.697096095182755615e+00
6.954932256000659896e-01
5.745492084126131438e-01
-5.320970398800927148e-01
-5.462361742073411630e-01
-4.043951844691993647e-01
2.442447009429436489e-01
-3.639061276930341537e-01
-1.940483782128053614e+00
-7.675775127850430479e-01
-1.711688074763266343e+00
7.335173836440240791e-01
7.702224566363844449e-01
1.685108157232599213e+00
-2.404151796197038227e-01
-1.612019442399047486e+00
3.626627064541371182e-01
5.235008555982934020e-01
6.725961758772711629e-01
-1.797955073131092263e+00
-6.329834092924739863e-01
6.458147755080112518e-01
1.377984644333795305e+00
4.530427999288810792e-02
2.180023187315419386e-01
-5.611185980190800393e-01
8.062447626581921156e-01
1.091945513130306189e+00
-2.397153376407848147e-01
-7.041510512229158802e-01
-1.365561651796675102e+00
2.020149172024745532e-01
-1.206671603184344743e+00
1.705664155888829137e-01
1.732054266301479295e-01
4.435750285991330033e-01
-5.705991120249408466e-01
2.433743879730388415e-01
-1.031445796835703366e+00
-5.424203499505600434e-02
1.058541363038955296e+00
-1.188297803457002200e+00
1.048928439475330932e-01
1.388264485421516925e+00
8.183556887846181738e-01
-5.163235996595089139e-01
-1.301404493095994486e+00
1.381577151759468824e+00
-8.028900738812394522e-01
-1.155844406122624957e+00
4.884535094127377686e-02
3.315591272652456678e-01
6.964133026734941057e-01
-4.664975634196256160e-01
-6.726909523072168717e-01
-1.123614698055923178e+00
-9.038881875658630882e-01
3.263411788679376202e-01
-7.845726755642148942e-02
1.182338057438931500e+00
-1.700830382077920533e-01
6.540447803055777776e-01
-6.889669292534528200e-02
1.107805185741583820e+00
4.637564241584146707e-01
8.733919488121211216e-01
-7.666961128030653772e-01
-1.300465453179252995e+00
6.374651330450524789e-01
-5.222047496675241707e-01
-2.915237980711283261e-01
-7.616475483352647124e-01
-5.895963712673994994e-01
-1.385124559090634144e-01
-9.951502513183685394e-01
-9.647587006726038306e-01
1.121752782651909808e+00
6.327618362341216884e-02
1.439276374504423472e+00
-9.950612442713024919e-02
8.912681071056258730e-01
8.433975205147584142e-02
3.546621582083344104e-01
-1.712071866916843987e+00
-7.975062466532467642e-01
-2.099552294436049515e-01
8.246397229810635832e-01
2.728780823097913810e-01
1.777519223637108237e+00
1.714357206388220867e+00
-1.234625373084892619e+00
-9.969414587064305833e-01
-1.321373784788978822e+00
-1.345912970130028752e+00
-1.325712254100421816e+00
-3.926844618605548343e-01
3.543294103875473944e-01
8.695558113828583124e-02
-6.605421931411614711e-02
1.246798365112947449e-01
4.910639827006976765e-01
-1.091696682809072616e+00
-1.577347454197769450e-03
-5.958035320735137752e-01
1.258864916372202991e+00
9.347741003057381537e-01
1.546185384795640161e+00
-3.520041434979279682e-01
-1.017026999391505759e+00
-5.973971222647715962e-01
1.216896653242752979e+00
-1.460449123391651671e-01
4.066664545293795507e-01
1.342673657671576315e+00
-2.371527324139684478e-01
2.702784773379325323e-01
-1.418784082613872566e-01
-6.830398627205660489e-01
1.235337929304463067e+00
-6.424882551717728818e-01
-4.464490556583516345e-01
1.666148426357506152e+00
2.914245702319065434e-02
9.519130530048135475e-01
1.774469981870257618e+00
1.040506803424646964e+00
9.487165766895426788e-01
-8.483429616857546263e-01
-8.711805813582412794e-01
9.423897639225486955e-01
-3.193933121073432857e-01
4.976983366948782295e-01
-2.835263606456249197e-01
1.564953359989257553e+00
-5.383518571891060533e-01
-8.068885032280593839e-01
-2.400704335789016208e-01
-3.970334296997969359e-01
1.002875221819884866e+00
1.699868431894663023e-01
-7.309888043751224806e-01
-6.764200628213647148e-02
7.493579113252157864e-01
1.574706174464161057e-01
-6.603586610029515969e-01
-1.143374347722015738e+00
-1.334436362083571415e-01
-7.240119055571082596e-01
-1.410398160782675214e+00
6.139076951052035297e-02
3.019528294641278254e-01
-1.522058241495231057e+00
-5.695307402731710766e-01
2.018778831026371290e-01
-1.250735919132528240e+00
1.276430874791949721e+00
-5.929268141095933586e-01
