5.212749080884340191e-01
7.294957093582077334e-02
-4.346924463610728484e-01
5.205723636711099278e-01
-7.353779000081501760e-01
-2.475234471339637921e-01
7.341821249219699919e-01
9.305204978322940690e-01
1.256956362782351011e-01
2.629547946987118578e-01
-2.573010163692655006e-01
-5.536809467277732377e-01
-2.225204024229199273e-01
-5.680109707860347967e-02
3.146860430291502642e-01
1.194306955490513911e-01
-4.572664570408396800e-01
-1.950345153334362980e-01
-5.893891052722053381e-01
-8.331075398332798976e-01
-5.172686871577178991e-01
5.918670017985343534e-01
-2.928915455768037468e-01
3.144381983051158791e-02
-2.305958087391295486e-01
-7.102770181778623737e-01
8.129009650388610009e-01
7.136645124481717506e-01
5.382814747828861268e-01
-8.724736245325215300e-01
-3.927250980450702755e-02
9.924039213081305988e-01
6.882332657788161612e-01
5.765573032211444016e-01
-5.948698725830747769e-02
-2.218972375882666270e-01
8.495424516194707287e-01
6.780053875726774759e-01
-6.464569567659783633e-01
8.509764844478120427e-01
1.168507865327763628e-01
-3.135682566954050010e-01
-2.131253857830313070e-01
-4.981000301350437809e-01
4.005749541882952514e-01
-1.198124040489660924e-01
-2.720161487581862492e-01
3.411471764262183903e-01
-4.087084570095658176e-01
1.191212247975061977e-01
-9.404553953960737012e-01
5.682788470112398738e-01
-1.296863488590058733e-01
-3.540808143987335121e-01
2.680724290992575476e-01
9.853539570122560320e-01
-8.841757401904712932e-01
-7.577041894880134354e-01
-2.844186363119090011e-01
7.802589447355363639e-01
-8.497502513299082239e-02
6.705864325065966636e-01
-8.278752525709445198e-01
-8.492434550281444672e-01
-4.270309811759043228e-02
7.293665991797745329e-01
1.807030299709735388e-01
7.531380007620114281e-01
-2.764250858333208161e-01
4.131222061440287252e-01
3.197873665279127309e-01
2.898887899221145314e-01
-5.916639771799083736e-01
-1.890034716850870211e-01
-2.300806317393710998e-01
-3.687317313855218437e-01
-3.713886227383009775e-01
-3.678626736840762135e-01
1.391912701805710917e-01
4.594975380060382086e-01
1.259917234194609659e-01
6.882415928835337038e-01
2.757498407213614389e-01
3.391189458965393477e-01
9.549540887619496488e-01
6.169271442785662085e-01
5.008357832502401408e-01
5.623625282151671900e-01
9.448268309409504351e-01
3.875604074347596129e-01
3.541964802892874076e-01
-7.812615012294399364e-02
3.905039193501278483e-01
-1.528592511398962905e-01
-4.214876881617897197e-01
-8.959515919205160994e-01
2.977894969995420471e-01
-3.740338720351652491e-01
4.410622704421458540e-01
2.046153097362577444e-01
-6.030810864436491059e-01
-8.490774825866775899e-01
8.481407303067540759e-01
-7.255745835924278797e-01
-6.996112475089699689e-01
-4.215746270316262923e-01
-8.440831392161713964e-01
-6.417188137559046712e-01
-5.411163647876215954e-02
7.310266828304659015e-01
1.783360477111577413e-01
4.473393916732668618e-01
-1.970790068464711164e-01
-4.367172651982964560e-02
6.287131187627907902e-01
-7.059512627574553445e-01
1.718894771902950147e-01
-1.164228285273993801e-01
-6.440149856537176198e-01
6.002164409969863446e-01
-7.182773655916192546e-01
4.671726942810356942e-01
-1.862210138658868530e-01
-9.380354715373933061e-01
-8.143642012228549110e-01
9.977249410391639817e-01
4.184660196253136011e-01
-9.414201300855511434e-01
8.527260885181457972e-01
-9.415328530406696927e-02
1.962315320636196514e-01
6.436175594405437739e-01
-1.977524246780371087e-01
-8.453857002731797188e-01
5.705174564937978143e-01
6.266959130649201182e-01
9.563779653540949166e-01
9.172438671435803048e-01
4.509303446715828834e-01
3.153839743925901384e-01
6.154512686088497997e-01
5.494261084100799941e-01
-2.536231437365956687e-01
7.121881018423297238e-01
-6.131953340228952776e-01
2.029585935050028933e-01
5.235023971598318226e-02
2.547266294276286924e-01
6.349694138394705867e-01
1.987088915254207055e-01
-7.478231832859654205e-01
7.853724350332118576e-01
-5.357385643312504442e-01
-9.486716073452619025e-01
9.014065858160247302e-01
-1.267940233150501306e-01
3.499850194400022652e-01
9.044199842470326267e-01
-8.523231690405765892e-01
7.961343458528462591e-01
8.784183541023689035e-01
7.411512665204695871e-01
-4.291171519657661637e-01
-4.951123425621772878e-01
6.425387920001632835e-01
1.975446329253194300e-01
-6.540321469153780320e-01
7.410200661637877939e-01
2.622735769925172988e-01
6.887149101664979955e-01
3.093620947789386122e-01
9.245464946120667271e-01
-5.895064838188377454e-01
4.854390933330978708e-01
2.855782920947491643e-01
1.675131560067293357e-01
-9.106310080639559157e-01
-2.244278335971122695e-01
2.586719004666928612e-01
6.733727376311591239e-01
-4.104889575724302020e-01
5.869365973682763027e-01
2.926932959888077779e-01
-4.535944795094457582e-01
-6.575429721447341169e-01
4.877414706530913691e-03
4.458558223603678594e-02
-7.976512576632301954e-01
-3.637483469272744241e-01
5.723798048891051149e-01
4.352935537448727743e-01
-8.840294718610213209e-01
2.894459573483549875e-01
4.886590545204447800e-01
5.322009543367423046e-01
-5.560838270941472761e-01
-4.706312726083639042e-02
-3.107328011266254908e-01
-5.665918463260974924e-01
-5.650769561609696456e-01
-8.704001385736301888e-01
-4.900616854813910628e-02
9.031707004517741666e-01
3.597792202462213318e-02
1.942982099954801978e-01
5.501519547594746484e-01
-5.790481629101340566e-01
7.537298605959288356e-01
3.637221918164772472e-01
-6.610836490252303133e-01
3.517160867750472875e-01
-5.862950991465316619e-01
1.504600646958353938e-01
-6.439855440504467232e-01
-6.329886134572055845e-01
-1.013108310996593264e-01
6.395397522020629388e-02
-7.020101101981363056e-02
-3.183363667007959030e-01
-2.252049435465972582e-01
-1.118653361912071986e-01
-3.037496090817042305e-01
8.882334003941954048e-01
-6.462639983693634349e-01
-9.129926311594422916e-01
6.564070979995095811e-02
-9.002267646650796706e-01
-4.724646990328029705e-01
-5.680987781020079286e-01
2.373135364755022680e-01
-6.283186317727325054e-01
-7.591205552767235076e-01
9.179273733970554350e-01
2.635310741270677770e-01
5.326642406680692776e-01
-4.364759105274429452e-01
8.905982861465355782e-01
-1.109253804239309638e-01
4.350748457372815015e-01
-1.317269294226268705e-01
-1.626581484098144070e-01
9.069811425481131284e-01
-7.902189860190402815e-01
1.068654533836286280e-01
8.274416435387204061e-01
1.357530579318488861e-01
2.731318938571736243e-01
1.588932220541594553e-02
2.616456173528847184e-01
-7.243651401292268144e-01
-7.032014584469568064e-01
-4.055696600331042401e-01
-1.221987431426283521e-01
-3.298917425943495019e-01
-7.605409216173542042e-02
-1.814779047051033878e-01
-5.176543255144452904e-02
6.268115429492817636e-01
8.299462389080358715e-01
-3.623357355218754794e-01
-4.672383135365234530e-01
-1.820225065365922018e-02
-6.873318081010282299e-02
7.350390101706871793e-01
8.950578104726196749e-01
