-6.124212496112171333e-01
6.664806564612175688e-01
-9.804143039792538872e-01
-4.854133799286115547e-01
7.435459636296704033e-01
9.986482793768785005e-01
5.839175570093613210e-02
-1.100867995815879574e-02
-8.485455237860519695e-01
-6.702085901262102574e-01
5.194448049905131537e-01
7.762422303552232172e-01
-2.100400510979354429e-01
-2.793199282321949806e-01
4.739203732502357269e-01
7.243849422902941537e-01
-7.206608026263721101e-01
5.514005992912844878e-01
1.900304601782560887e-01
6.150334842546827108e-02
7.345661945617434352e-01
8.376544808717256707e-01
5.923437099063719735e-01
1.368392787740706495e-01
-5.686030779727344608e-01
4.883977911201820010e-01
5.802544882712481478e-01
9.178492855598512357e-01
6.480633517486311668e-02
-7.764656373795093547e-01
-2.565956721015518749e-01
4.047151232785997088e-01
-2.836177377112010789e-01
-3.855116224406218706e-01
-7.611045248458039314e-01
7.730813540071392875e-01
7.555931378736597814e-01
-1.591501701919848522e-01
4.852082074065535711e-01
-4.846679992602711540e-01
8.736143180342015313e-02
-5.675197245388319267e-01
-7.123864950493092874e-01
-3.461925248965687651e-01
6.230312292611162039e-01
-7.201209436979560952e-01
-4.737493074829306483e-01
2.489129055043026728e-01
-8.348035647116927027e-01
-5.044251273084043863e-01
-5.446408611286024382e-02
-6.862956322356128513e-01
-7.063086778994926984e-01
-9.400958917514590230e-01
-4.740788624820235775e-01
-7.678431321285283939e-01
8.426006483088357424e-01
-8.322677500586324051e-01
-6.183326534428850163e-01
8.095976661960133658e-01
3.931959469186314671e-01
8.028755335090131950e-01
-7.873216725136966687e-03
5.336462180882228790e-01
6.888506228264317244e-01
-8.985972769137937632e-01
9.769145187710435163e-01
1.540243575546311749e-01
8.623775704329506020e-01
6.727241272767332525e-01
4.824070301031924135e-01
5.989538051253104900e-01
1.388723293737341713e-01
-4.317079769462177641e-01
-3.287011881361452392e-01
6.972061245729253010e-01
-7.296657517457396658e-01
2.763841781215281568e-01
6.243734265270819428e-01
8.436151640700733090e-01
-2.309672153979780429e-01
9.064726076476994354e-01
-2.549544628912794320e-01
2.858055954190910075e-01
-2.295363633787752544e-01
4.420402531590110762e-01
-3.590551362479781350e-01
-1.722384164164767473e-01
2.323258815074318306e-01
7.390240692981135950e-01
4.016266365241902836e-01
-2.118684082541733016e-01
-3.924893082651088605e-01
-9.331506967171452338e-01
-5.460417673482993450e-01
4.779527344401135469e-01
2.830752284381239381e-01
7.660489950482602950e-01
4.526941369685852923e-01
6.590372244868716312e-01
6.123383355875087197e-01
8.577815697153774455e-01
-2.901145529382376242e-01
3.228269733604118841e-01
-3.461107890741961235e-01
3.028927316663490021e-01
-5.757329922858511750e-02
-1.989595322787929277e-01
-6.311058520614778455e-01
-1.265176332760902245e-01
9.062885626205237077e-01
-5.680199465662039149e-01
-4.788179091910855778e-01
-2.846916334097584489e-01
7.054979443491862234e-01
9.635222587556775409e-01
9.836166498959983961e-01
3.342668345684942643e-01
-2.475771017838537258e-01
-3.397440018234778591e-01
6.952969212239039631e-01
-9.973186246498284557e-01
-9.074420102442495306e-01
-2.755493322571309633e-01
9.010092449605517917e-01
1.373655380038711904e-01
-8.990771932102159525e-01
-1.510536625060030502e-01
6.953041773203780807e-01
-1.985417030044409614e-01
-4.106455685313015191e-01
-9.241716203673673302e-01
9.998992301903957269e-01
1.567567204062452202e-01
-7.230896685361258847e-01
-4.101918926504661833e-01
-4.550324484351502274e-01
3.960103532170708984e-01
1.944406836971455110e-01
2.782277765406542258e-01
-9.470445513464409437e-02
8.789828865602777874e-01
-8.374545802417101559e-01
4.157561300045501396e-01
2.688729568041174911e-01
-3.136549774718353500e-01
1.069899196065147162e-01
2.011954213174560469e-01
7.958486444634282897e-01
5.417481257082663593e-01
-1.385449617598082384e-01
5.466899465399499558e-01
3.751366526476609398e-01
-6.302202955588718236e-01
-7.792821238219280744e-01
-9.012664022905829686e-01
9.848330049064251135e-01
-5.198784094979009840e-01
-2.190635390128499171e-01
-2.572851011423815670e-02
-6.825906556199152764e-01
4.714221891298042699e-01
-3.658863741891091870e-01
-8.106026135142803124e-01
1.358084517630768762e-01
2.783852892629403719e-01
4.712582738681647676e-02
4.979907153485152449e-01
-4.122216151324602507e-01
3.674647211659929358e-01
-6.902783194543751222e-01
-7.816389929937050951e-01
-5.659033105669815100e-01
-6.267831414678304291e-02
-9.127503560487693068e-01
-2.780010570848392426e-01
-3.203479511983371442e-01
-1.507592881984156641e-01
1.397450787932019711e-01
-8.592045333716891164e-01
-1.737317723640334766e-01
1.586542256681098273e-01
-7.653217050857705761e-01
-1.865058657323741542e-01
-2.296085479386111849e-01
-4.405193094651560504e-01
4.882688739697046421e-01
4.748521657962099241e-01
-9.932033493665171076e-01
-1.154974298256368215e-01
8.970432469628053518e-01
9.582651817514868942e-01
6.082468970832544120e-01
2.933166691637389967e-01
-5.544590157555358001e-01
-1.089663552612472497e+00
-8.660278682480957446e-01
8.790651045382262829e-01
3.019530326291326450e-01
8.534156291112471315e-01
-5.437837532962586096e-01
1.003546042157594798e-01
5.515469172911660056e-01
2.149818178743720942e-01
3.133072795708780056e-01
3.860427377199084908e-01
2.451584592600397627e-01
-5.010966045007114733e-01
2.513342376277967194e-01
1.326872929475182428e-01
-5.200620015572754440e-03
3.087498915382218545e-01
8.759690147415744033e-01
-4.617468782913087821e-01
-9.101347556159715690e-01
5.485020222052339189e-01
-3.340225663066576089e-01
8.518065980539983872e-01
4.518457059481664206e-01
8.487699526881589129e-01
5.919229140117565624e-01
-6.041531912621556089e-01
4.966373925931542033e-01
-3.393728019008743768e-01
5.330998557463211274e-01
3.526120419693595798e-01
-9.810690556212879887e-01
1.712168525617254744e-01
-2.047784481829677539e-01
3.254722956938300715e-01
-7.384880704311851396e-01
-7.103583415155949599e-01
-2.845984339051308432e-01
2.695264536832502333e-01
4.930416846263812047e-01
6.085323466205494469e-03
-3.709566116742353259e-01
-7.199486059068791466e-01
6.643012022058920607e-01
-8.211123092066463514e-01
-6.044329362421203555e-01
-5.417355323453660887e-01
1.708033248481193311e-01
-5.818987705727278748e-01
-4.688087116182304559e-01
-6.777336004376708356e-01
2.075681270417768509e-01
3.842049332542212259e-01
8.336011498411257659e-01
9.860532600085201160e-01
-7.355106544442933103e-01
3.033319667618665783e-01
7.874774028030702144e-01
-5.620242489521087847e-01
-1.853149594119116728e-01
2.282824642701417606e-01
7.040563267616886112e-01
3.256507903123018188e-02
4.720983091021824229e-01
5.972510101593218046e-01
5.584643875620742826e-01
6.588853441797308808e-01
-6.673501821090304098e-01
8.830114575488443585e-01
6.473951208166872640e-01
