-3.021773583147651099e-01
2.820589506131032653e-01
8.807598067842750122e-01
-2.425167421122496059e-01
-3.797415276428999231e-01
-7.294897162771989407e-01
4.995763839950135843e-01
-9.596158449085465669e-01
-1.257723096205602964e-01
-6.654877244431061101e-01
1.551392717636030927e-01
-3.716815748748174553e-01
-4.892003288855839571e-02
3.665750453563874078e-01
5.864572718523619610e-01
9.618477113384105159e-01
-7.087483231516293891e-01
-3.432235537590342389e-01
5.688773012441632471e-01
9.581497770736628894e-01
-1.331385633288117987e-01
-5.080147271830257605e-01
-7.528815945319866643e-02
-8.570285902762928565e-01
-2.800644508790290921e-01
-3.664394406300897078e-01
8.044031717285808902e-01
-1.361882286033084810e-01
6.527755901488394574e-01
-1.037090533061517661e-01
2.856648477550354226e-01
5.283630400287742113e-02
-1.359042029421275721e-02
4.784998829964384193e-01
-7.604388148450469398e-01
4.917209758677949516e-01
8.822008245718473418e-01
8.675997272360091994e-01
-9.426406844615931035e-01
-3.075891424181196321e-01
1.861626516830832134e-01
8.379555823539384107e-01
4.709327574626853696e-01
-7.815143145990526286e-01
3.590255624764713271e-01
-6.417515362059453832e-01
1.050698655410795546e-01
9.236083603744982273e-01
-4.268447950311760053e-02
-4.002988794445330178e-01
6.632695580264615920e-01
7.239165576688031400e-01
-3.093442695412071952e-01
-2.065319915428245334e-01
-4.871483458746070916e-01
5.872622115536390019e-01
6.040507424314751628e-01
-6.798775607019509337e-01
7.461270777504867002e-01
6.729305688532449814e-02
-1.813534730497201597e-01
1.546786215570841172e-01
6.641861211750923477e-01
2.970411024509855835e-02
1.795752360172797601e-01
-9.780140479694476863e-01
4.368589753974307932e-01
-7.260787961255141809e-01
7.170263879087379610e-01
7.130765276799571062e-01
-8.649491346939084391e-01
7.516495057863274987e-01
-8.167368132610361986e-01
5.135950246034486355e-01
-5.188392084729609444e-02
-3.953763473634361869e-01
8.058031341476845633e-02
7.341996387429714499e-01
-3.586390568611821372e-01
4.117118064863785065e-01
8.938991758003391741e-01
-6.005988454075934513e-01
-8.688459303752726903e-01
-6.610544197760330754e-01
5.742379186266171054e-01
-1.106329664771044108e-01
-4.408490716814437160e-01
-8.084191082070559808e-01
2.052443615503514174e-01
4.082181891973997168e-01
3.853223814825181837e-01
-7.641937249127970233e-01
1.932363572402724383e-01
-4.890314249014460213e-01
1.779407754079214143e-01
-5.676973172648622779e-01
-1.778707644806560850e-01
-3.564429601265657332e-01
7.608239566062797721e-01
-1.113124372862985823e-01
-3.278685501567333294e-01
-5.410791038014870491e-01
5.657942677077680838e-01
-7.377817902264254268e-01
8.790151206766361192e-01
-5.769189357128288176e-01
-7.270113299129512541e-01
5.224278956854271350e-01
3.124893375566402121e-01
-4.003674416880644849e-01
2.942510250073571143e-02
6.653693013339951889e-01
3.621385970605481841e-01
3.299477879455814389e-01
-5.933381370050292425e-01
-5.801485202111906769e-01
3.237684236434315022e-01
-7.812473727148410152e-01
-5.203595851895124191e-01
-5.610663788292451493e-01
3.883107787017960888e-01
4.097116067843955545e-01
8.979210200524641028e-01
2.249851722487732353e-01
9.093260057664203089e-01
9.335565384597650507e-01
1.720314379619545253e-01
-8.356859703966736941e-01
-1.346073501418090235e-01
-1.645926358073130924e-01
6.231938479176910572e-01
3.621811517946482706e-01
7.776619793964378857e-01
-4.681105498781223950e-02
9.744345197663524250e-01
-4.186540477683589057e-01
5.859284145660119680e-01
-5.588479887488047027e-01
7.545755305010528602e-01
7.796792608893099441e-03
-1.200054222292326056e-01
2.688607100694522245e-01
6.958251886471080727e-01
-4.782140445718474631e-01
5.390752159577005820e-02
-7.608732404931135562e-01
-6.318103763952078733e-01
1.574218325967260412e-01
-6.714248834073239802e-01
-1.015149104175108175e-01
-2.954896791801830958e-02
-7.594117601712464527e-01
-5.895495306544336067e-01
-2.562272770482088013e-02
-6.129246962403591681e-01
6.471980854169401276e-02
-6.461615510455387401e-01
5.864443909018524081e-01
-7.344419233706576122e-01
-9.683071199767130377e-01
6.330795990332194201e-01
3.570922070778632662e-01
7.172096740182358765e-01
-7.404228085180775132e-02
-4.982476864189022692e-01
-8.757198807463220103e-01
-9.710086536080413389e-01
2.898611195185440970e-02
-5.519177661554253156e-01
-3.647051925738926670e-01
-6.698987244180232281e-01
-6.504213914619252357e-01
-5.487743175571384580e-01
4.371611710165166365e-01
-9.134182601216951358e-01
8.087085925047052815e-01
2.245545100528147930e-01
-6.075873011352175279e-01
-5.939518695052443675e-01
-5.446227885710266392e-01
-5.512317904976364868e-01
6.935979460666537033e-01
2.635215514079130017e-01
1.708969352462070823e-01
3.754354256312875115e-01
9.929551158049454429e-01
-5.678321517027444809e-01
5.195991053348461008e-01
-1.480070890944147344e-01
-4.675228957674288921e-01
8.745025401521056008e-01
6.635822371884776416e-01
2.166186284749869184e-01
-2.041354250763651734e-01
9.936893996756379632e-01
-7.301024679887275770e-01
4.567668647592779685e-01
-7.598542796945495503e-01
-4.001826606365346262e-01
-9.886213073750460545e-02
8.471013061276770895e-01
7.141697689795425408e-01
9.774751227333429160e-01
8.320469935856933397e-01
2.397711021837345413e-01
4.043586235707612442e-01
-4.705612827650706986e-01
3.562598644723078412e-01
-7.162478527997027111e-01
-6.288384074391828449e-02
-9.388871840329993113e-01
-2.226983869361334190e-01
3.902332300657596065e-02
-2.735006045135330854e-01
-4.755634036998155345e-01
5.969290413090853065e-01
2.481866010301463366e-01
-6.186672963069761444e-01
6.508778556515570912e-02
4.488776437189747615e-01
-8.588298333969068832e-01
-6.085847471735401637e-01
8.703845668818670500e-01
9.194603464238064738e-01
4.563538340743449329e-01
8.431487191813731297e-01
-1.150748282609497242e-01
2.584353666550622819e-01
-4.829311959838824553e-01
-2.707728487762954828e-01
5.600532292450108862e-01
-5.394754023520405006e-01
-1.950445056719236625e-01
-1.942949506700928364e-01
7.134832352527320509e-02
-1.595984285774409983e-01
4.853416338074527658e-01
3.654978079411430603e-01
-1.555166706141744015e-01
5.508211269908029895e-01
2.775669526526560738e-01
7.048331070582471991e-01
-3.494927286607687478e-01
3.930459618028294688e-01
5.761744246977915651e-01
-6.594587864372609687e-01
2.714207344854002724e-01
-5.665127556275697529e-01
6.305609564546064139e-01
-9.430424914642223655e-01
7.108596890441933880e-01
-2.805330693656777896e-01
-3.071127461220952704e-01
-2.298336265455709349e-01
6.528945622866331178e-01
2.687989579736926871e-02
-8.571728381533867402e-01
7.600485822354645649e-01
6.180867389061381889e-01
1.973966408486733659e-01
5.145175294952917255e-01
-6.488436023857970802e-01
-9.458343813443417236e-01
-9.750472076756966366e-02
-9.728890662435258907e-01
