9.544042554915510568e-01
2.590484521625027181e-01
-8.461009437640549802e-01
1.226166731971438661e-01
8.511451698193426285e-01
1.733178728938316038e-01
1.554029571950796829e-01
1.151351347572773243e-01
5.448832605633944226e-01
6.012225847928003297e-01
-6.509083961782302641e-01
3.623577792349521598e-01
-6.831917522776453922e-03
-9.053880944390941821e-01
-7.842620207165924562e-01
-1.540774944817902004e-02
-9.145885791105317075e-01
-7.214157314040985369e-01
6.669374232704328165e-01
-8.351362751097628490e-01
2.732352153387991311e-01
-9.586840574337540666e-02
5.264440344865883858e-02
-7.247631281517508128e-01
3.550921519232148604e-01
5.513303990290241430e-02
3.740386360844225599e-01
-3.783476081983747630e-01
8.500587837729283169e-01
-7.830839716824442576e-01
5.068448812033441442e-01
-7.906335750740818291e-01
-2.478332342588764892e-01
7.059940849069428204e-01
-7.237639257589629782e-01
-8.000266517363086027e-01
1.137359464547020860e-01
4.616311293752819456e-01
-1.120058911777972455e-01
3.359376240944234038e-01
7.246602472626448854e-01
-8.257849342611154331e-01
-2.304177681762880070e-01
2.707884802921300960e-02
-7.431345626127412451e-01
9.051646092561345114e-01
-3.445041528954284615e-01
3.261758070772351470e-01
-4.328441724659204404e-02
8.159376347611710933e-01
1.422590365766915887e-01
8.861376820041633184e-01
2.771113742198243468e-01
-8.021177878365599589e-01
2.116612743349652881e-01
-7.987332560606483778e-01
-3.464125047838566562e-01
3.139879087938972635e-01
-1.369631486633315909e-02
4.198804612768651801e-01
5.832018318188549877e-01
6.928747519803133414e-01
-8.097681601214365976e-01
-8.275485755160243428e-01
4.398284396115039740e-01
-2.990316277772622211e-01
-5.597756504207394013e-01
-4.902730577123786126e-01
8.909864076492917118e-01
-5.571084703355710932e-01
8.109400045367103349e-01
2.199151181966663149e-01
2.387756428016230004e-02
3.424704900799713236e-02
-5.608970219329116880e-01
-5.321355806461021132e-01
-9.505595837241860302e-01
-5.787495379112606031e-04
9.654428681530984324e-01
-6.131582158801285320e-01
-1.972487609436024414e-03
2.028697716654173089e-01
3.375293783864985464e-02
-3.477838242405624225e-01
5.194492211869419229e-01
3.473000581705631973e-02
8.939790793475177466e-03
-5.358407469682213708e-01
-2.001808455954994237e-01
-9.874361823548374328e-01
-7.449941610805834724e-01
7.376587267026259997e-01
8.523274870651600388e-01
-9.046597840544823299e-02
-9.928652970638189856e-01
6.633101175771629610e-01
1.819694402376506037e-01
5.872248409204519071e-01
-3.476083682481039272e-01
3.379870183238808945e-01
-9.802361468960238966e-01
7.392576514224482587e-01
7.011702795244834086e-01
1.055361578644964382e-01
1.078753770664910849e-01
7.386313741881727069e-01
-1.957397958286546391e-01
2.446545695533020037e-02
9.103225442035771664e-01
2.004216318853371259e-01
8.873940291335977726e-01
8.159014820577648042e-01
4.383362433221356103e-01
-8.361571949067614362e-01
-1.637300545058995027e-02
-2.858501663540249371e-01
4.697967440079464652e-01
5.720294379068435742e-01
-8.284441322029434396e-02
3.575490561827978642e-01
3.098333170095128875e-01
7.313035582992624128e-01
6.011253642135931941e-01
8.122754176515911695e-01
6.959601764854914663e-01
7.110120368004846370e-03
7.675931025069679947e-01
-8.892550341382727819e-01
-9.971800224733542439e-01
1.469743230495774711e-01
2.494448084438256608e-01
7.029627367068929100e-01
3.031407801112107059e-01
-9.746119971747198019e-01
1.437572196211078790e-01
7.758135916620421124e-01
1.960464117122315830e-01
-2.497905426852482513e-01
3.467902164670046972e-01
4.836311936459827265e-01
6.906321253759624135e-01
3.718323455795913279e-01
-9.811539987852722078e-01
4.978889646466200247e-02
6.773990702367564953e-01
9.293246001135679890e-01
7.259497879740064441e-01
2.338618733567801034e-01
-2.621987363364375323e-01
5.267990880104178597e-01
-3.667962363177894591e-01
5.264845078117255106e-01
-4.269843425315593688e-01
-8.438808495526521902e-01
-2.678548326719860651e-01
9.276670181506401214e-01
-2.444419204304177917e-01
-5.096717875648557605e-01
-3.576320327506963270e-01
6.103768735860877204e-01
6.518940065521783289e-01
-6.896318928110911628e-01
-9.207601229618853633e-01
9.774046958047672984e-01
-1.004127816682689467e-01
2.063383429861387341e-01
-4.076156248027165141e-01
1.583012406843531394e-02
-4.227819741301774847e-01
-4.803892676075713908e-01
2.611459317837467875e-01
4.850548607034730342e-01
5.432803490500546229e-01
6.410585699808999394e-01
6.379147060772760724e-01
5.911659708308574235e-01
-1.419667272113578349e-02
-3.646447532230296940e-01
9.164275910005157399e-01
-6.426071388800802531e-02
2.855929694548360320e-01
-6.572400127016482241e-01
7.678603597458641961e-01
8.779372935080487217e-01
-9.972206102888372392e-01
7.442576420726498831e-02
2.711449882724981109e-02
4.387830162468853157e-01
3.040146208968632635e-01
-2.075888976798891949e-01
-7.511314378712905526e-01
-9.850800016884786459e-02
-6.351793997565884364e-01
-7.930151266988052505e-01
-4.937540557558310894e-01
4.483954137403622919e-01
-5.293938835933058584e-01
-9.316370859857248110e-01
-8.275351846199221484e-01
-9.290415725390490653e-01
3.850075172136995239e-01
6.884491268308368106e-03
8.861901792334447858e-01
5.891511968210827455e-02
3.314710995226006762e-01
7.950662450630130440e-01
-5.805219889748860496e-01
7.793887964506127641e-01
-6.485226527304122079e-02
8.257062300117725684e-01
-9.696083599990024116e-01
5.236164767845294943e-01
-3.385745018729431344e-01
-7.204261342974735971e-01
-5.982133933519284685e-01
4.452509411522485028e-01
9.489531177686716390e-02
7.541372702376627490e-01
8.922307295132085869e-01
2.035453206267274773e-01
-5.164196336627671080e-01
-1.244104451133820621e-01
5.976931246925314412e-01
-1.927276062730161055e-01
-7.348849497637108819e-01
1.082378260279390769e-01
4.376667203607575996e-01
-6.665279530598162694e-01
-2.344829919595288192e-01
-8.309871063344920206e-01
8.219134904678531139e-01
-5.962405415174341083e-01
-4.948894456042103318e-01
-2.723608814059641503e-03
-8.873955126424746265e-01
6.522931586839590956e-01
4.601791448695493614e-01
2.563661833575052729e-01
5.447228295041832702e-01
-5.317416338900280426e-01
2.619807159958280618e-01
-6.155938261451758819e-01
3.747811101512708021e-01
9.859269276734130560e-01
-8.127161641406770443e-01
-8.374377664026002588e-01
8.883512015488648217e-03
1.994951639877879934e-01
-4.013591334408725952e-01
7.233340619617183442e-01
-2.063223722553519934e-02
-8.134400839840139064e-02
-6.600236637852943122e-01
-8.963179359284567660e-02
-1.512226226059751877e-01
-1.869094573864231723e-01
3.954008672301876359e-01
-2.767230030695233545e-02
-9.089191469277446700e-03
-5.681876729252148817e-01
8.378802220806111922e-01
2.724152678356259738e-01
-8.813174026322756482e-01
-9.102724968928954663e-01
4.861233588071705025e-01
