-1.303375672689999876e+00
-4.731722218043196149e-01
-1.001557906838682399e+00
-1.452986734943815250e+00
-4.796967734896111502e-01
-1.700968322327889304e-01
-1.561304077155662995e-01
-7.828132544033490348e-01
7.815112905879689764e-01
-2.261429373263577514e+00
-1.304132334812605709e+00
2.760031770269968376e-01
1.466283253921679131e-01
-5.669090976313853059e-01
3.456701801456255607e-01
2.728230963102452056e-01
5.351623111950847278e-01
-1.100401343237164264e-01
1.533401116533414266e+00
-9.877096199120056763e-01
1.104399453664279829e+00
1.332530531230408988e+00
-4.089393855381463494e-01
-5.009077225560314428e-01
2.292169995359651935e-01
-1.070662554762328522e+00
-1.455790284434211657e+00
2.078057105772966651e+00
2.433160383868266385e-01
-1.295259706580862868e+00
-9.687103222581567863e-01
-2.074326782115827328e-01
-3.105370037580423848e-02
3.161020917076608150e+00
-1.463817201962141157e+00
2.755746739542448420e-01
-3.770903740726920805e-01
1.387401263268501772e-01
1.069473428688190175e+00
2.766796352648276391e-01
-1.215320484716646554e+00
-3.464353900719765456e-01
6.914248931340805093e-02
1.272271542571580039e+00
4.113009820308040076e-01
1.941639370372813422e+00
-6.227561875946991954e-01
-1.024267896104771758e+00
2.779591617806002057e-01
1.099521682635411057e+00
3.393123640050343948e-01
3.825702916962770983e-01
1.118600510913286605e+00
6.381898734684219310e-01
1.202419611379709208e+00
-7.537883500298955264e-01
-1.877188284383271677e+00
-3.604226096540492641e-01
-1.354225739430038322e+00
6.884095102906648833e-01
1.479472930211973569e+00
2.273458520292776619e+00
5.211569188435052347e-01
4.257229092271266335e-01
-1.519952873682117733e-02
9.286378182151465710e-01
-7.121569300810719483e-01
-1.504375560509295218e+00
-6.011067378410044348e-01
9.113035633558677073e-01
1.127490488673029034e+00
-7.926440198592805686e-01
-2.860049433217857207e-01
-1.069287682034739895e+00
-1.318222436249336882e+00
-7.092280459494604283e-01
2.734203238180118234e+00
1.491432672836379369e+00
-3.663378260257421637e-02
3.294598098049541512e-01
4.143434913244761209e-01
8.682671602235013664e-01
-1.661563509765390911e+00
7.819186699022596665e-01
-8.127832940640060677e-01
8.836335511760908812e-01
-3.760094913424165686e-01
-5.761719165459915359e-01
1.625544283900393072e-01
-2.428027413076381258e-01
6.315956050891206042e-01
4.913204565179294381e-01
-1.009566777061458698e+00
4.424179629117573898e-01
2.210440216571851746e-01
2.654376158647027584e+00
-2.313439424696925428e+00
1.025557566664127895e+00
3.247139482410298150e+00
-9.239606363820127566e-01
5.880715088871872887e-01
3.949481166946749999e-01
-3.874478152476701354e-02
-8.652068966403705375e-01
1.714680094377760478e+00
1.673563249832499822e-01
-4.144937014121077845e-01
7.205983334905716742e-01
9.412474827871738503e-01
1.803582517275198249e+00
-1.331088640597159589e+00
8.425159484283297751e-01
2.249024889534435800e+00
-6.935685488656602171e-01
2.803245553212171171e+00
-4.491787390793774981e-01
1.231175277475666130e+00
-6.088692714792964811e-01
4.738084887662594169e-01
1.467823673698569475e+00
8.209056354445282144e-01
-8.076712168273116887e-01
-1.814956543751725437e+00
1.959861284474584409e-02
-2.687781401517745916e+00
-2.559062320108576927e+00
2.168903628491678504e+00
1.356136588798159126e+00
-1.922600269948495644e+00
1.928093036069188138e+00
-1.479264954169961843e+00
2.204193514525068842e+00
2.969006839531102560e-01
-1.178718002640236850e+00
-8.323379050656525280e-01
5.807152641634814039e-01
-5.874122123204733592e-01
8.666031646313576697e-01
-1.341234600454021209e+00
-2.201188210161102443e+00
1.446969193999597669e-01
1.404818070725326828e+00
-1.254599340430116561e+00
-8.897263636852511537e-01
-1.909814918673692130e+00
-2.465793386840190671e+00
1.868337000293097683e-01
9.596675900428671691e-01
-5.202568435189429685e-01
-2.635178927110986002e-01
-2.673800604590157448e-01
1.950037587607174050e-01
-1.300943964476071857e+00
3.412316284849367110e-01
7.951860085249757848e-01
1.929233657720546002e+00
1.261925686664030710e+00
-7.772553424907533426e-01
-1.641972004294470766e+00
1.054944543842941229e+00
-6.076182039787016986e-01
-6.821168318351357174e-01
-2.727840874719937858e-01
-9.642278423529615505e-01
-8.877268562474505131e-03
3.595257248889360269e-01
-7.835606844514857450e-01
1.054559238034318502e+00
-5.529991875060364936e-01
1.108264178899876162e+00
2.707067228973346618e-01
5.387542478218588782e-01
1.501315724948922847e-01
2.018031734488540341e+00
1.063040599243449125e-01
-1.857581484407799355e+00
6.245142120267547226e-01
1.491704581525388207e-01
-1.102988748865062707e+00
-1.508744685346425030e+00
-3.281087872353329327e-01
1.095988441166390714e+00
-1.855757752443806252e+00
7.510774401941395784e-01
2.673094945996382421e+00
-4.637464558518802349e-01
-7.873039219351221085e-01
-3.925295476363060976e-01
-1.612073864704447024e+00
4.833720647011803817e-01
-6.182049779709131165e-02
2.362997282296580348e+00
-1.119897923875749601e+00
7.708483464397131169e-01
-1.639860574059149201e+00
-1.083174769551265015e-01
9.375707418963035167e-01
9.861574024734528487e-01
2.044400230824503506e+00
1.802019750216818483e+00
-3.315609595833777234e-01
-8.176340534547983374e-01
1.185748498238725634e+00
7.419108855003072600e-01
1.726501479919653192e-01
8.031321692750568175e-01
2.160743853343003451e+00
-2.155942885388795638e+00
1.329488525258287090e+00
-7.518293611770165974e-01
-9.652238646511788200e-01
4.848342079818085404e-01
3.199245018712280508e+00
-1.612046803367867653e+00
-1.505763285645863592e-01
2.170844847651397513e-01
-1.675718254061503987e-01
-1.260398797050413133e+00
-4.765050846127201201e-01
-2.198628773207416121e+00
-2.792359209804143649e+00
-1.063418147836292516e-01
-2.141102402614609712e-01
2.561758898547980223e+00
-2.180175663037983380e+00
2.845221076578769992e+00
-9.359181026450527074e-01
-4.419083062402617834e-02
3.807407659754231677e-01
3.823126247420575163e-01
-2.912468627545783395e-01
-1.910991283599937640e+00
2.511894079478270481e+00
-2.100650368234324716e-02
2.511090891336380082e+00
1.448461288650408019e+00
-1.591895659796418894e+00
-6.549133159239454161e-01
-4.476109566936867790e-01
-3.868997690014295276e+00
-4.159661008799524495e-01
-2.979480548283337527e-01
1.027198758370237108e+00
1.320057922016356189e+00
2.883887596870783998e+00
-6.497160220201392278e-02
-3.493731623019260546e-01
3.041517802312067253e+00
-5.134941502985308492e-01
3.470255842277398806e-01
3.829720293471106096e-02
1.283157959725671482e+00
1.770621855593847993e-01
8.449221054188690294e-01
9.019106052882102098e-01
-8.143554098927290319e-01
-5.055984378837212745e-01
-4.831547417092337815e-01
3.852314599149249119e-01
2.126919034427664723e+00
1.328897087745307903e+00
2.253055013228604242e+00
1.689549467334492405e+00
-4.699888442523163512e-01
2.020258620506487635e-01
