-5.502316192656564464e-01
-5.220679707924869017e-02
-1.053779401692622741e+00
-6.175820278476740199e-02
-1.844014385124054023e+00
4.749097287748541563e-01
1.341328068891245451e+00
1.747492581776188825e-01
-8.562739725981688421e-01
1.384601259130264772e+00
-3.993561663144877816e-01
-3.186398072471096077e-01
2.238069196124526927e-01
1.511434561688474787e+00
-2.301095088770744868e-01
9.147468537924022813e-01
6.039672422534871910e-01
1.262434053140611967e+00
6.055450672014062174e-02
1.128828700206185420e+00
1.559713633879053152e+00
1.042642585597401972e+00
-2.983593028864257590e-01
6.046657117177158813e-01
-1.793708879166334924e+00
-1.356267204870311716e+00
-8.170459691082576636e-01
1.273457181791186610e-01
1.414916994849368059e+00
-2.235054820008296472e-01
-8.691888447357472014e-01
-6.373327005621096664e-01
6.970623354802099048e-01
-5.103166097283178271e-01
-2.103606034437178751e-01
-7.017211788559776231e-01
1.622169835609085897e+00
-7.637459774764452369e-01
-1.163951751728087292e+00
7.325906366938683689e-02
-9.750070358567242135e-01
4.070712199653223617e-01
-1.113631919405777548e+00
1.414872426655224391e+00
9.059189613626633664e-01
3.029957834045532428e-01
3.336534642266072437e-01
-3.522688211109936685e-02
3.306480667624335235e-01
1.523567686881359684e+00
6.023024974175839041e-01
-7.475136264776711670e-01
1.601383425369867552e+00
-8.345770268700720695e-01
-1.178671492215125571e+00
-6.722414933383671354e-01
-1.928463912995419527e-01
9.499974513204296755e-01
-1.904260060338680560e-02
-6.214463338016567029e-01
3.379746768414387814e-01
-9.681132242960821532e-01
3.210829811283206769e-01
-1.898141029046355177e-01
-6.304028205382729011e-01
5.545162469010824768e-01
-6.259259512869601583e-01
-5.204642740949305679e-01
1.498439432587301390e+00
-2.271366990167169586e-01
8.035796316983795373e-01
8.227209389752865309e-02
2.236368950809487499e-01
-8.220264036391116136e-01
1.028097767114468652e-01
-1.020600885162926019e+00
-8.368467148474334483e-01
-5.830465070774653036e-01
8.241703266508322301e-01
-8.375679486427207721e-01
1.596190623693548805e+00
-5.362718448221692746e-02
1.466356265400077241e+00
7.270416981740883688e-01
8.457945771792182432e-01
6.666425657325765197e-01
8.756247561341495844e-01
7.376096848500527381e-01
-8.191369900625578016e-02
1.720461178221687426e+00
1.398694520509168093e+00
-9.249753450028462831e-01
-1.570745813188677120e+00
-9.371111327741121766e-01
6.606530383399944473e-01
-6.509578245792695395e-01
5.557454762303859486e-01
7.946719154213331970e-01
-4.690208744644783767e-01
8.401752543373268711e-01
-5.672317059769536041e-01
-5.948841538973395071e-01
-1.159131174370374939e+00
-1.074423711225964473e+00
-1.254751203120052949e+00
1.151388465343501810e+00
-1.007360035293895617e+00
-1.495271206326685975e-01
2.823773594070306814e-01
1.864985416958608866e-01
-5.429572100074968599e-01
3.616436438456254177e-01
2.312907725185575636e-01
6.242070140673090517e-01
6.382891474997807180e-01
2.648021380457689089e-01
-1.744720205687820824e-01
1.242894072752541046e+00
-1.122380725058913953e+00
7.220365323874411434e-01
1.424719899567910009e-01
7.952555833402730201e-01
7.991522558532185849e-01
1.504775418229585604e+00
-1.194045319977267594e+00
-1.000589164046863155e+00
7.303753275666020617e-01
-7.138232114646458903e-02
-1.443378695647498100e-01
1.146320304608065666e+00
9.561399472288054646e-01
-9.967493009457407682e-01
1.215627965839393365e+00
7.822296908285519823e-02
-8.959616237889440615e-01
-1.242926301469904793e+00
3.453951922043699829e-01
-1.082305895247788197e+00
-8.418869539737510177e-01
-1.241865806446276199e+00
-1.195944456512906484e+00
3.118929655423086089e-02
-2.807469439179650639e-01
1.696432828260680203e+00
9.275509500853564848e-01
9.846252779406284850e-01
-8.684183325849126334e-01
8.890693543479193384e-01
-2.712991606703611946e-01
-1.031809244828061800e+00
-5.035371969637048029e-01
1.258531840276529312e+00
1.040284579990570446e+00
1.278075011041639009e+00
2.794224949087619203e-01
-1.166263492648164313e+00
7.101165369941626615e-01
1.506090213468803451e+00
-1.304448768507526335e+00
-2.818703564741595891e-01
-1.448304422180346940e+00
-7.782960239224248067e-01
-1.603926049412948363e+00
-1.491543059046508635e+00
-1.077720994027854040e+00
1.054250810244430347e+00
-4.669583219789170681e-01
2.497328101390237087e-01
-8.986462150837941643e-01
-2.948068597202533336e-01
5.782404240032434917e-01
4.762138513709711640e-01
-1.609455142518367854e-01
9.953442540144472606e-01
1.409828391459370112e-01
4.439932049091011024e-01
6.016856251974298520e-01
1.144120938715681213e+00
-8.191134258101140375e-01
-1.206689315162092768e-01
8.820575914959216668e-03
1.067122540740193859e+00
-3.246877024568122216e-01
5.781565026761330550e-01
7.366095467638092975e-01
-6.721148185418563958e-01
2.446780593842821094e-01
-1.101559746782021509e+00
2.930548989288529471e-01
-1.442747470100636864e+00
6.421538436636036185e-01
4.462504896141168964e-01
5.080093390002349274e-02
-1.835322679376370836e+00
6.709324081458492017e-01
-3.563129654972907456e-02
3.494530667028852289e-01
8.034947751982737252e-01
9.857325807017127683e-01
1.514697199113094861e+00
-1.227872428075368116e+00
-1.593141456788400134e+00
-1.242274334978960226e+00
-1.023435997349179338e+00
5.304167735600051614e-01
-7.309407630835240699e-02
-7.862245969744308116e-01
4.915846665624180600e-01
1.077228133500480300e+00
8.449136892266073673e-02
1.589914303840862519e-01
-3.009708527436333325e-01
2.007122603737478972e-01
-1.602006299520029931e+00
1.176873764846803616e-01
-7.670486677047121393e-01
-7.992649230413947370e-01
8.424855260896253473e-01
2.449984041832609094e-01
-1.085875460161744854e+00
1.877052367614631123e+00
-1.015890369572550966e+00
7.043360490005344809e-01
-3.273587737479455306e-02
2.965519104027050101e-01
1.796641469860561502e-01
7.024408980602194763e-01
1.138524490100979447e-01
-7.453881972737481654e-01
-3.955611200996697052e-01
-2.547823357775955699e-01
-1.188082272429460851e+00
5.847916611553878319e-01
5.375386293613793054e-01
-2.440950551446514627e-01
2.526819179922853431e-01
-3.042869474954550402e-01
4.334503004422154415e-01
1.113843856229314699e+00
-2.933087331275803233e-01
6.444498992068077303e-01
4.578141301606736269e-01
-4.811220998251767300e-01
3.757752519321619911e-01
1.700070736949232941e-01
-2.867194206018394143e-01
1.307431768384382575e+00
-8.173848278381246057e-01
-7.076184928293793863e-01
1.516588394281140451e+00
3.508904860162578299e-01
2.071626673066634394e-01
3.625447048781325066e-01
1.764096305925958674e+00
-1.265665809480458481e+00
1.259945125114536602e-02
7.213242115507765284e-01
9.696618522818876151e-01
-5.390273796478085577e-01
-7.937390661126754177e-01
-9.477212769897539468e-01
-2.178855037248576543e-01
1.648668351649150043e+00
1.210619649083996219e+00
-1.510873905342391854e+00
