-5.774861215309587958e-01
6.500881880028657189e-01
3.167438254126601072e-01
7.844877809927530699e-01
3.146174650972776154e-01
4.536522089379058098e-01
8.244006959388894273e-01
-9.897154218233138456e-01
-2.191292302639040734e-01
8.859434246153826686e-01
-6.258246423580777762e-01
-6.312883406942019215e-01
2.416694576193905153e-01
3.788435291786287351e-01
-4.839155091630429339e-01
2.964486064402191978e-01
8.601601197740343929e-01
1.895970807033191541e-01
-4.267442834654086026e-01
1.498219626345895783e-01
8.717612679519882724e-01
1.586572811442037434e-01
7.702583647435604641e-01
1.304286171019179985e-01
-7.947880733718545310e-01
-5.971927562002068424e-01
-1.408233132606351301e-01
8.473477399637515672e-01
-8.667753625470697720e-01
-6.961715974465431112e-01
-1.266199652864773151e-01
-6.943140257853833708e-01
8.660142619693322885e-01
4.333230900949753828e-01
3.250207102780712232e-01
5.709720722818441008e-01
3.488888062811601465e-01
-8.485844979660426279e-01
-1.489066096148373708e-01
2.470948015710665580e-01
2.300562073875768165e-01
5.227666596140267963e-01
-1.826610754759836752e-01
-8.569055324588848999e-01
-1.882558184452334249e-01
4.794930834825572585e-01
2.953879206857643602e-01
9.053495281994136112e-01
4.241823726370852476e-01
-3.170749358067010970e-01
9.651386619632681407e-01
8.073165535418661554e-01
1.131008473172736561e-01
8.504829023280159328e-01
8.553612394800030883e-01
5.338569620270591232e-01
2.864721953995721382e-01
2.855149947949836009e-01
-4.340614963364204382e-01
-8.674838597552443353e-01
8.524648354281469942e-01
-2.881095015595347419e-02
-1.049094112009094359e-01
-9.908192006816222142e-01
-6.814050787684147181e-01
-4.107504974845439527e-01
1.829987086681392761e-01
-2.970659799134467427e-02
8.788999209431169746e-02
-9.238045816741328187e-01
-2.088834693658596642e-01
-9.654649588034497354e-01
-8.073731087063650280e-01
-5.810701695304800740e-01
-6.984006022448521200e-01
6.049722185982973066e-01
7.863573066835248815e-01
7.846482165649115714e-02
-7.971662308921206863e-01
-5.583887398842077854e-01
6.060101657909928718e-01
7.783210426821115524e-01
8.134277091428665507e-02
5.772029191505718693e-01
1.048210281668355559e-01
-2.124799688732037506e-01
-6.616025865088757119e-01
-6.057223460816697491e-01
-2.625678759813039609e-02
-2.831512234630617630e-01
-1.946581717618598439e-01
1.505701534833170374e-01
5.523776817532426442e-01
2.111850586307173483e-01
2.791016958837435613e-01
-4.752460323535865339e-01
-4.979374289789109675e-01
9.502670124332374124e-01
-4.450004218021894609e-01
2.220106702880776384e-01
3.902366103459494195e-01
-7.986970842780231061e-01
8.001279225639108539e-01
6.807383170356903213e-01
-6.882821123920219719e-01
-4.783973336259943476e-01
5.446225931087285144e-01
-9.243992467021429071e-01
-7.507461903476030374e-01
9.583478378181633506e-01
5.965048707493798563e-01
-1.899182932560787851e-01
-5.688841302094920227e-01
6.481027948345625678e-01
6.773245585916981559e-01
3.418630302510763386e-01
9.942625041953967457e-01
5.821424536094271796e-01
-7.709483096974473204e-01
5.291297884145791386e-01
4.153047159024549906e-01
-7.706740332754854483e-01
-1.384681278366653445e-01
6.110873471432693993e-01
7.269059550358679678e-01
7.262266826321805979e-03
4.493565030703867702e-01
5.063909689521256530e-01
6.988338793421859929e-01
5.968666556392816513e-01
-5.492121901124086270e-02
-5.776801583670971851e-01
5.477374233155374306e-02
-7.929994537104754215e-01
-1.354154980072808101e-02
1.247079329056721697e-02
4.518981379490207839e-01
-2.125536490634651887e-01
5.826026815541420767e-01
3.999607111039633622e-01
9.755960998119469485e-01
-5.286556354888284348e-01
4.474692814900111948e-01
8.744857984116055638e-01
-5.391570846944127027e-02
-9.283867231610032356e-01
7.895787759315014975e-01
-8.838836308632354033e-01
7.414182367931689832e-01
4.746648642670246998e-01
1.537274049068715343e-02
-6.400361831983774064e-01
-1.645331095943860511e-01
-7.904406803485729549e-01
6.717942296309297179e-01
6.426670683492909930e-01
-1.790184178161051687e-01
2.883908325281669960e-01
4.595206502910327284e-01
9.824509698989758455e-01
-9.360474444864208543e-02
-5.965216214818019891e-01
-4.129393101503353591e-02
2.918909034139316461e-02
9.460550107990559621e-01
5.549415072131176352e-01
4.242488664444810098e-01
-4.234623672860513555e-01
-4.642640212483886142e-01
-1.051551367360397393e-01
-6.363935635777260291e-01
-4.872329468877409919e-01
-6.146007552127779050e-01
4.765995489473046076e-01
7.240798194562519940e-01
1.656429713082618882e-01
9.510900757857714272e-01
4.409450751511068134e-01
7.500390845772363368e-01
7.385715221741145919e-01
9.965656316009342541e-01
-5.237823596360493550e-01
5.120649740999241306e-01
-7.928900383004879870e-01
-6.887514830822731859e-01
-1.205047263563363558e-02
3.388904385897166804e-01
2.383058361008372206e-01
-2.750166762894397099e-01
-1.430018342562603961e-01
-6.926621607107512624e-01
2.743573167366375465e-01
5.344992573724960394e-01
7.142308528261205325e-01
-4.394731816619874554e-01
-3.468700500755246274e-01
5.053781671560440003e-01
7.637052250959351918e-01
1.761519141539062139e-01
1.359491852572711768e-01
-9.986319746283572885e-02
-9.980094104941614752e-01
-3.531042285193153329e-01
1.103385183622620502e-01
-2.650813724603056087e-01
-6.968042344702363167e-01
6.595215341082014682e-01
-8.777603626554657534e-01
6.717330431534631607e-01
3.219626488955115162e-01
6.396322231432116645e-02
9.635763715215249769e-01
7.683527681996461522e-01
6.898700119179080881e-01
4.511088538138456894e-01
-2.600117015276639520e-01
4.587347972443470701e-01
-3.547627142046505533e-01
6.408418106427391514e-01
-1.367617146940751649e-01
-7.705079175531949209e-01
7.540781581989652871e-02
1.490578147149614896e-01
-5.028328706011646609e-01
-3.436307954940125420e-01
-5.419091889864923184e-01
-4.665297869762599081e-01
-9.670929891518569299e-01
5.041106364124032790e-01
6.856276100951175234e-01
1.172571139139586549e-01
2.859950294601155962e-02
1.198297472582905421e-01
4.405369053124736922e-01
-5.177364150055160374e-01
1.835702480903231848e-01
6.570653032820197303e-01
-4.450426009812213923e-01
-4.373536145645398054e-01
8.257865187733156587e-01
-4.588681559888168060e-01
-9.688838025838253376e-01
8.001045092869524256e-01
6.034097757078769053e-01
1.131541996821578966e-01
-5.953537631156771148e-01
-1.387478720770118912e-01
-6.709979340155252103e-01
-7.210341843327604527e-01
-7.725553183004579827e-01
7.424460400095281853e-01
-8.187032246285739223e-01
3.310039096828734095e-01
3.748658843360760384e-01
-9.006176136657204623e-01
6.602593273350839675e-01
4.085912713273242569e-01
-6.491631424691417518e-01
-2.094695230645911010e-01
1.560865507771853622e-01
-9.748910985291296960e-01
-8.397446486426090040e-01
1.011036220423935816e+00
1.415536995224515593e-01
-2.427460449859932812e-01
