-3.983515737858486006e+01
-7.161733322115691358e+00
3.865498029288186643e+00
1.828833651856698239e+01
9.709464337256777711e+00
1.887115774515715216e+01
6.398715798669678634e+01
-2.849723440715177247e+01
-1.776594486988488342e+01
1.681275021573797801e+01
-1.455797442753152815e+01
-1.815412440820004747e+01
3.386182337097460504e+01
-3.679877792358279720e+01
2.646550470137206190e+01
-2.254578826306473260e+01
-2.174716480231697702e+01
-1.139668531986684563e+01
-1.366572370267775050e+01
2.776934655036419741e+01
-1.425572425258306808e+01
-1.903791151173832930e+01
-3.742944172772693534e+00
4.459252454940757104e+01
-2.238898711555089349e+01
8.921018777427381252e+00
-1.836137579591404112e+00
-9.250067528908825665e+00
5.677527914259258779e+01
2.302834982945365283e+01
7.911306100976728040e+00
-8.765386070867739576e+00
-2.687860193903966177e+01
-1.617761788205630680e+01
-2.683435454318266977e+01
-2.543105414808542264e+01
-3.319673715910529843e+00
-3.032156503123774627e+01
2.829267986838676752e+00
-3.256210984877502312e+01
-1.471703396621943227e+01
-2.916880592747129342e+01
-1.637973164507975099e+01
-3.371556864219492411e+01
-3.846436810133033646e+01
-1.675440702697223827e+01
-1.870336099348263659e+01
-3.940501834797363934e+00
5.910749959683652577e+00
-6.392514535076149684e+01
1.547145717409759769e+01
-2.916263240355049291e+01
-5.628013829413669100e+01
-2.591169624397194227e+01
-2.149667452941743306e+01
5.356095822968429232e+00
4.752939566453694908e+01
-1.513764070092476466e+01
5.018607112901933220e+01
5.584272114754921290e+01
-2.151538319565353774e+01
1.853743197258966546e+01
6.622423695476244632e+01
1.521627840653023611e+01
4.458546065489387900e+01
-3.560353513246284507e+01
-2.819371276599683540e+01
-1.663523587765181233e+01
2.631938637231521660e+00
-2.314714207888106223e+00
3.111331492486357675e+01
-4.849530476001297075e+01
2.642740045544009320e+01
-2.009685253817790240e+01
-9.119934634981277100e+00
-3.246415779311140426e+01
-1.581830211381658913e+01
4.751269986754479646e+01
1.196127294202851488e+01
-4.904532912136532019e+01
1.780795677726917248e+01
2.624286394848073245e-01
-2.864803470683327902e+01
-1.805497369860835377e+01
-3.801829089597708045e-01
-1.344577937715624927e+01
-2.209163630883278273e+01
-4.484490562903382482e+01
3.154968392128927945e+01
1.689333614170015707e+01
-2.979773288761574079e+01
3.637824046199766315e+01
3.065493082858518648e+01
1.703177850224860279e+01
1.960054287424064867e+01
2.846700070331442234e+01
-5.300445400253993000e+01
-8.297792651340655468e+00
-3.147862828866682605e+01
-3.569209890221286940e+01
5.322404773980744963e+00
-1.973059654098773308e+01
1.494704524453522865e+01
5.735331643629011467e+01
1.633114396330602180e-01
-8.371032308112445364e+00
-1.515794287596272660e+01
-1.978289169630028610e+01
4.748849212944355713e+01
6.278760365528106746e+01
-1.158752783616459503e+01
-6.303110262004190645e+01
5.960281808251593816e+00
-3.242139030052007431e+00
-6.102423634807580299e+01
-8.388241833469637143e+00
2.708153022352829709e+01
9.892228473095057595e+00
-1.337585143975445756e-01
4.044058179890018323e+01
1.716561725889121348e+01
-1.787455289220596932e-01
-8.572296671861442974e+01
2.030088298097544097e+01
1.797099919075399344e+00
-1.434218154071193219e+01
-3.315812201012978733e+01
-1.206788782190992215e+01
1.618319623544681463e+01
-3.070659057072776932e+01
-1.985839145398599825e+01
-6.908820897654890381e-01
-9.993029159116741056e+00
-2.261725096499342413e+01
4.726285100625307045e+00
5.471954507158920933e+01
-7.528979148587891856e+00
-1.719408017631751662e+01
6.631898573096685823e+01
3.947794502900355162e+00
2.399778674515951593e+01
-6.528498702276890331e-01
-3.062457370870981421e+01
-6.892114394166704905e+00
2.725233540738235405e+01
4.020677293772869376e+01
-4.748396280749780374e+00
-2.863055795542367221e+01
6.749503882330525073e+01
-1.276704145786667688e+01
3.642121673902897072e+01
-7.603783017847546510e+00
6.787928725183947520e+00
-2.338736998307378911e+01
3.520069033649171075e+01
6.544253825342703834e+00
5.893716701571659655e+01
1.448373868175909607e+01
-2.291213627302930433e+01
-1.734226252864317086e+00
-2.409671746939748616e+01
4.450212764784345865e+01
-4.100323794283050205e+01
6.741548094380625855e+00
-1.250124596438531732e+01
-3.106195175376874218e+01
-1.188868361228126602e+01
-3.742439322734454343e+00
-1.388099510110380841e+01
5.611018445333823657e+00
-1.001544065413767193e+01
2.497726939754241471e+01
1.648380662331266322e+01
5.863586952824252130e+00
-1.511446490211783455e+01
5.485591910207517907e-01
-4.635253842210517661e+01
1.269170492422316698e+01
1.249759712580506488e+01
6.620744068619030998e+01
1.603792662037126604e+01
7.353736130057367859e+01
-2.608458077062307012e+01
6.809572353504160347e+00
-1.229401301534731772e+01
4.157294768537003193e+01
3.391532387537459670e+01
-8.491079556067722578e+00
5.168329745952479293e+00
-1.064652692409479151e+01
1.650417928509186893e+01
-2.514410813384677468e+01
1.769943244916699854e+01
4.531840244206019008e+01
-4.823423586893586901e+01
-4.945912354344725514e+01
3.514852468868468804e+00
1.501153060130322459e+01
4.616999689235165683e+00
-9.465788751882662666e+00
4.492404446058230860e+00
-1.985652238616057441e-01
6.708096565263867994e+00
-1.726767917959345811e+00
-5.733343537857245487e+00
-5.424817417525496666e+01
-6.561704501120393385e-01
7.452474721259964019e-01
1.100558609165184265e+01
-3.842348911970177028e+01
7.664814383156980604e+00
1.432149190339451650e+01
-1.710710108736564550e+01
-8.665377699021906466e+00
2.634756393176424183e+01
-3.717009056433624892e+01
-4.408089829796278281e+01
-1.957266621147750030e+01
-8.318960417558818321e-02
3.984102803362766232e-01
7.408342138145962430e+00
3.381621519098467843e+01
-2.334025652374305082e+01
-1.063594530277272199e+01
2.042075656384775328e+01
3.576300850625803918e+01
5.362326465420148480e+01
-3.549553884487723465e+00
-1.029244651484350648e+01
1.329980123957765592e+01
-1.490053618235407562e+01
1.149106806791408530e+01
1.748037086752851721e+01
-1.275268290867680321e+01
2.001258491354888136e+01
-2.901215922196070718e+00
2.570212220964913996e+01
2.196882296548155367e+01
-4.140024131068521518e-01
4.016180759678524481e+01
-1.308022006931675207e+01
2.078074754769283938e+00
1.612342688052452644e+01
5.127218822594699077e+01
1.138242088485396986e+00
3.394386901530876344e+01
-1.830000707005163818e+01
-4.407129531613915852e-01
-1.067980692042242197e+01
5.023130261613387404e+01
5.570088911167045076e+00
-7.700131227903756148e+00
-3.834888317130417335e+01
4.416739710065442637e-01
-2.006174013346966589e+01
-1.141734839140465141e+01
-2.428255909756146913e+00
-1.407252226246714955e+01
4.808925731541789617e+01
-3.424082729900185029e+01
-1.607003312573267806e+01
-1.301706456472516393e+01
-3.892094065766839606e+01
3.496323231302237389e+01
-5.522996694220277902e+01
