-1.906582995793870168e+03
9.344697342202734092e+01
9.474157422342032078e+02
9.228457522389073802e+02
-8.716117396843638971e+02
-3.981847061958482215e+01
-6.639038467328550723e+02
1.069571029910343611e+02
9.066142811387861684e+02
1.099637954174277411e+03
-7.351520726368415808e+02
-2.095413727552348178e+02
-3.652054757424903642e+02
-3.226325730892140342e+01
1.588116780628867446e+03
-4.541848894796115133e+02
-2.848228678174324386e+02
-2.146388683159382538e+01
4.476130908755475843e+02
1.088849961012861058e+03
4.538753112529999498e+02
-4.982048767163487355e+02
-1.512599775099628005e+03
-4.132666334366750220e+02
-7.077096205233335695e+02
-1.158450658812759912e+03
1.431594184773012557e+03
-1.375375615991965788e+03
-3.514053034083463558e+02
1.878844306963135864e+02
-1.005283100477858852e+03
-1.050668250647594277e+03
2.483088017848506297e+02
-2.641067026867349341e+02
-1.035581434920758738e+03
-1.385580184877782585e+03
7.336999641524892013e+02
-1.806659599832873027e+03
2.479964768922423559e+02
-2.724084297439741249e+02
-7.421601010655821256e+02
-9.918051101023396541e+02
-1.638276403662001712e+03
8.992624509322147333e+02
-2.985197531911970827e+02
1.543165503307479867e+03
-4.531494928096920489e+02
8.552813785695685738e+02
2.867765318276856306e+02
2.823045596882225254e+02
-2.330525583827414096e+02
-1.628258119742354211e+03
8.298821766993409028e+02
-7.924048800581620355e+01
6.540287708512289555e+02
-8.669104164779294024e+02
5.996454157207214166e+02
1.619170913925246623e+03
1.320779503773583130e+01
1.026032990065993545e+03
-8.603869976261291868e+02
-4.663822432383964269e+02
-9.853693995407801367e+02
-1.112607183897789355e+03
-9.336287473609743301e+02
-6.485835388661251955e+02
8.379523584059437553e+02
-5.064487420936245599e+02
6.253453082904408120e+02
-3.619339993800045363e+02
1.518468997542699753e+03
-5.862927791714535033e+02
5.256228979560085008e+02
-4.098489720173419641e+02
2.475083664964623040e+03
2.289461745037946798e+02
-3.573381534636761785e+02
2.540526474924798208e+02
8.838698223496134005e+02
-1.283447233899703861e+03
-8.931937568390048909e+02
4.493575142637898807e+02
-1.477200679712414910e+02
-1.459680122922092096e+03
3.257157497883999326e+02
5.380699153641858175e+02
1.454056226205568919e+03
-1.082324058749562482e+03
4.250970224949745671e+02
-1.075344550193641453e+03
-9.482609414169044157e+02
-1.852307769530545727e+02
1.295971034439245386e+03
-8.161813249108712398e+02
6.271415402083853223e+02
1.897392385759047500e+02
4.365139623929883896e+02
-2.883754511034113079e+02
1.372625018720130583e+03
-5.542739232430678840e+02
1.693300717534744763e+03
3.996116581045269527e+02
2.840353728526677060e+02
1.163405665474576608e+03
8.061662679688082562e+02
-8.119644703254870137e+02
-5.814493084446027069e+02
-6.994373243955993757e+02
7.727888551372901702e+02
-8.060064999549877029e+01
5.925425415807579554e+01
-2.437968270818656435e+02
-4.895444593229479437e+02
1.361908208387796549e+03
-1.183084571252881688e+03
6.721543427942317521e+02
4.666968133184718681e+02
4.358464783288472972e+02
3.251967404656587632e+02
1.117317181972119442e+03
-1.741025959067548001e+02
-1.017727869040162318e+03
-3.598045951877640505e+02
-1.240455708277197573e+02
-1.038659593116539781e+03
1.660447314846473148e+02
-1.079544981787674033e+03
-4.181016079956251019e+02
3.978159356389390382e+02
5.960308650807554898e+01
-1.065687977828189787e+03
3.936341633745491890e+02
3.459111972161695121e+02
-7.759023683320762075e+02
-1.674671580429539745e+03
9.255362436138073008e+02
1.843514276888377253e+03
2.556996327724784805e+02
-1.568250287362895733e+03
-1.166029395551710422e+03
-1.649012296264458882e+03
9.291443003618180683e+02
-1.005470591046039772e+03
3.378599682218905720e+00
1.887878645892542124e+02
9.875558661458037477e+02
-9.912737539399863635e+02
6.394522416875108917e+01
9.871844255019068726e+01
-9.725602371093473266e+02
-1.046743326196339439e+02
9.062166956626938372e+02
1.682203993672337901e+03
3.134914604705807619e+02
1.317609316308549069e+03
1.141432386077938475e+02
-8.285793036887725975e+02
-7.908973208837462607e+02
-5.698030214752868687e+02
-1.847166593685541784e+03
1.480533118031762342e+03
3.611812385956659455e+02
-1.317516692630538955e+03
-9.635664304560002620e+02
-9.652483282135927993e+02
-1.633658086037413341e+03
3.952474753690898979e+02
3.308846738085686070e+02
3.291583799325564996e+02
-1.487946991972798685e+02
-8.790133293040632623e+01
-1.020010731063686080e+03
-2.685949724382936097e+02
-1.851523892156690863e+03
-3.323927972757037423e+02
4.834470787531451492e+02
1.782848183284602612e+02
1.644842598711433538e+03
-2.204654350428652378e+03
6.007789876565914255e+02
-1.146008540335812313e+03
-1.159774768968639592e+03
4.428075592483783680e+02
8.604464011170173308e+02
1.337445160441422445e+02
-9.217908143362946021e+02
8.833939961791797941e+02
-1.244702776712624228e+02
-5.956006667497464377e+02
-1.022348071925865042e+03
-1.774629259597034206e+03
-9.580680536208031981e+02
2.750072648389910910e+02
-3.599526441838701203e+02
-2.702369289188115431e+02
-1.439398417907450494e+03
-4.458185689756822967e+01
-1.489359195298198301e+03
-1.105775112371661180e+03
-1.357405295149618951e+03
1.927825545098382918e+02
2.424949894116871363e+01
3.704077978515338287e+01
1.624257895141537347e+03
9.045703725302520297e+02
-6.585457256064247531e+02
-1.577134378765062820e+03
1.433442033967911129e+03
-8.564208010674184379e+01
-6.627338541889267844e+02
-5.889224308162692978e+02
1.181281195115183436e+03
2.409308088948055797e+02
1.148691635303357316e+03
1.638175478868920436e+03
5.714077434395130695e+02
-2.350689784811002596e+02
-1.183903731527112086e+03
2.713191771129387586e+00
2.711561984535842385e+02
-8.045796324974093068e+02
-2.533916458691965374e+02
-5.706877903363679252e+02
-4.332011359747256165e+02
-2.987311903325575031e+02
-3.552476874292460138e+02
-1.186693447069331341e+03
2.463181211849994554e+02
-9.251482119281237146e+02
4.353443787197435313e+02
-1.344372588343407415e+03
-9.198469196027193675e+02
-6.954409160984242817e+02
1.199326523673692691e+03
1.526683503260958332e+03
1.578529033107629857e+03
-1.328341598832260388e+03
-1.856657478502728964e+03
-9.974884371959972214e+02
1.020167907785281614e+03
1.366805605642786986e+03
-3.186556337007450566e+02
-4.164502830111577936e+01
-1.228482389514136912e+03
-1.390950863165048759e+03
8.958890661151265533e+01
-7.106695114341785029e+02
-6.970817695888313210e+02
-2.880696121678685628e+01
2.258190509467734955e+03
7.941146979183238308e+00
3.497911918671087506e+02
2.762179496637579632e+02
-1.132637953198407530e+02
-1.164916266334168284e+02
-6.562363273896791327e+01
3.924774890594968042e+02
3.002294492535099835e+02
-1.481544381763407898e+02
3.488616969901447078e+02
-6.076939645278390572e+02
1.247733024232210113e+02
-1.783535974829879024e+03
9.215694086425389742e+02
-6.901474291568379726e+01
