6.424769996952803819e-01
6.384859221144607577e-01
-8.981862043904311754e-01
-6.330807796432580403e-03
2.656317341031977364e-01
1.414499114299405669e-02
1.751210825686388972e-02
5.614648159708279795e-01
-3.770264316451621411e-01
3.143027802307269969e-01
-2.960202889994354436e-01
-9.404191105908452641e-01
-3.359501573537091446e-01
-1.760099968323725061e-01
8.246625523186588147e-01
-3.638887496863629778e-01
5.103633227055208721e-01
-2.629859073607621056e-02
7.476618823710854400e-01
9.454602141382495439e-02
4.065611542158171776e-01
-4.756842520257440476e-01
8.961478118989150143e-01
2.801953852045802051e-01
4.228814996075409560e-01
-3.711485379742862634e-02
8.086667387469061996e-01
3.293754741592380686e-01
1.026882171074867678e-01
3.969432319226273709e-01
4.582619151238325195e-01
5.160520315496546218e-01
4.135111284285482025e-01
-2.265280189270679756e-01
-9.091648116391863876e-01
9.706308404482568708e-01
-4.827660985826971451e-01
2.676879511551428781e-01
3.979453923199827159e-01
8.480056777813715918e-01
9.402585912580201377e-01
-5.330035245977733371e-01
-1.416369752079786881e-01
-3.806433791081944573e-01
9.468368004433052043e-01
1.859809735243465045e-01
-6.891553722278407346e-01
7.974401001885040863e-01
-8.353618227559165277e-01
-2.338253472887743545e-01
-5.203174012902778145e-01
-4.364601449795746380e-01
5.502158368680687417e-01
9.509107968679324507e-01
-1.376006699870149230e-01
-2.773625241559765087e-01
3.963608218069958333e-02
-2.731370555810954670e-01
-4.988164322315356003e-01
-2.979460630474946026e-01
9.467730747866662799e-01
-5.961540023530427224e-01
8.515385242580597591e-02
5.551328113924272056e-01
-4.848851353502170447e-01
-9.392495495230313018e-02
-8.986003585973871832e-01
-4.365760623410950281e-01
9.224805905867361489e-01
1.725830381234869648e-01
3.122700056146530123e-01
8.753275710111476648e-01
-8.182372943452853598e-02
-1.074958110519637078e-01
-1.194945832917606587e-01
-4.852347537841330549e-01
4.372477186055194753e-01
-8.057977489126355586e-02
5.961536888567533499e-01
4.612944999680852476e-01
-6.987515050492338897e-01
2.010323949851626768e-01
4.662698966544567281e-01
-7.876976265074566719e-01
-6.531596807255259929e-01
-6.430304879705581733e-01
1.934195955313100512e-01
8.785486079761184453e-01
7.616202009915291615e-01
-8.131222160980455804e-01
-1.139047947538118777e-01
-7.592638686114019375e-01
-3.692833000159139178e-01
-8.459159853716933242e-01
-3.798295313015500607e-01
-4.081720447493262238e-01
2.674872624207051963e-01
7.506447299713525645e-01
9.854376567392928443e-01
2.581794176256799744e-01
9.575772841433747296e-01
-4.760344081807219574e-01
-7.143136649947010586e-01
-9.997261369065744141e-01
-6.568919563158266417e-01
-5.723867787329532941e-01
5.343082495404845034e-01
9.876851972360296550e-01
5.550108620946945237e-01
3.150119056537614703e-02
1.358937782660285531e-01
9.434575090492032245e-01
6.337113321335106075e-01
-9.108531537153374824e-01
9.779651625061629439e-01
6.711741591402820006e-02
7.955275493967635114e-01
3.280229948851027810e-01
9.856374442372211053e-01
7.192617137139802885e-01
4.434238622092288029e-01
6.825145830211214459e-01
-8.263823407307977487e-01
3.614706454727909524e-01
9.771476987124234626e-01
7.636527215737798358e-02
-1.120419361298516936e-01
2.275723265280777952e-01
-3.976584842056536395e-01
8.314859026040168910e-01
-4.788556640926875385e-01
-3.848934319286794192e-01
3.960463641940541457e-01
4.875517849706056950e-01
2.189907445195953262e-01
-7.805940999980198747e-02
-3.193588107177183222e-01
-9.659444169363784471e-01
7.442919345146743471e-01
7.800458203214664099e-01
-9.486921495938549498e-03
-2.951803227696612186e-01
-1.220706971311018574e-01
4.910876100476049277e-01
2.117433721434756055e-01
-7.242402962313438941e-01
-9.878435990721701199e-01
8.113865303119904837e-01
1.181073246902917262e-01
-6.601266789295689996e-01
-1.167455187982315845e-01
-1.311137488261626682e-01
3.743980386027840890e-01
4.790984912032258958e-01
-7.860752178208700869e-01
9.888512458964959784e-01
6.657280582129034840e-01
-3.749760931322987378e-01
-9.069165646592267649e-01
-3.167833986404426927e-01
-9.971850345216766165e-01
9.937673952359766805e-01
5.473763856328233146e-01
-4.663449363759391009e-01
-9.928064408005912167e-01
2.881626521528681817e-01
9.021130077627352861e-01
-1.923720121084659951e-03
3.983221722179401958e-01
-8.898534461123559502e-01
-5.837838732072213599e-01
-8.817938160373326451e-01
9.731544437390651225e-01
7.862635383568110647e-01
3.500544079038310219e-01
7.778701910240435335e-01
-3.920185417364494551e-01
-3.672483466991587342e-01
-7.904181276449586679e-01
-2.693163864365999416e-02
-5.167668495335762113e-01
3.210606784217635568e-01
-9.857806375810025390e-01
-8.154455984494817233e-01
-2.806528366139633413e-01
5.317031741311073478e-01
-7.588734101153837841e-02
-4.933178167618512688e-03
-3.342753359168988414e-01
-9.948032339996770723e-02
-3.781105986034183353e-02
-2.316570470499033085e-01
-6.427727354557064565e-01
1.327342015494290539e-01
-3.925615168085028195e-01
2.441371576154545142e-01
-2.652823951132099456e-01
1.124195858647907276e-01
-3.249410377318990850e-01
-4.828507020593628685e-01
7.443800911361520001e-01
2.299410139101421002e-01
6.493436060526383002e-01
-7.879875743229061147e-01
-6.697941900522843550e-01
-5.110581376475922255e-01
2.876233590953158892e-01
-9.313380363719589994e-01
-2.821470634511791253e-02
-7.397236421001185391e-01
-4.845021076152549178e-01
-3.501923378524178787e-01
5.832576798654616201e-01
2.929538827824162972e-02
7.065623089704766713e-01
-8.790363610545728346e-01
8.278153315073608631e-01
-3.453591022101454300e-01
6.919541311514652016e-01
3.602621518961293123e-01
-7.315325358133628608e-01
6.925463213163471909e-01
8.738508134767775104e-01
3.964038103231897203e-01
-6.471053643845090519e-01
-2.399664134461023668e-01
-8.454041167634873677e-01
2.019060333056774681e-01
-3.739656810143745513e-01
-2.321930577302455667e-02
2.868361806542245596e-01
-1.278157857718964507e-02
-3.069644356373291139e-02
9.920487662573718168e-02
7.123006265635356549e-01
-4.713080985015563051e-01
-7.784081957604909174e-01
-1.047466298332067058e-01
8.814046643786279667e-01
7.668331906903553818e-01
8.189152984413634595e-01
4.123251992029066670e-01
3.397433210720106622e-01
2.605470550192023893e-02
8.335215770049506645e-01
-5.926557115430652889e-01
-8.008460054310044818e-01
1.105982860479375329e-01
5.003799775183248588e-01
-9.868092379949460202e-01
4.718130831902871414e-01
5.313236839904464937e-01
5.942083955544652518e-02
8.061063002887720597e-01
7.574278758411880919e-01
-4.189145852920739266e-01
1.951349115197209549e-01
-9.903101706097137136e-01
5.948038385592835375e-02
7.269503260165248726e-01
-9.169933079372416529e-01
-8.827332267191649873e-01
6.420451589336302334e-01
-5.420610104067502544e-01
3.736195848598113933e-01
