1.234355951237672677e+01
-1.605625292364178947e+01
7.893015090627782726e+00
-4.111488990078836281e+01
7.663818478846610383e+00
-5.264424912921763955e+00
2.409384849334339762e+01
-6.969033226025080019e+00
3.179767756612317697e+01
-2.190213211378569369e+01
-2.856554126486710476e+00
4.029747434538965223e+00
2.392806561065926374e+01
1.498155352307519950e+00
-6.689191356441763769e-01
-1.909835517987332310e+00
-9.552863421542650002e+00
4.176182278670440695e+01
2.126850352856910931e+00
-5.905060084404044396e+00
4.676788193084581380e+00
3.490219064755271550e+00
-3.132417425615177109e+00
-8.029573858731248182e-01
-7.504527812950914978e+00
3.662363937846216544e+01
-4.380891535409089954e+01
1.495655534423339716e+01
2.272096204952003262e+01
-3.374233589756529739e+01
-1.159762361367428518e+01
-6.051010775722465596e+00
1.919172623601018657e+01
-4.400039583138261889e+01
-1.437760003357689520e+01
1.484924720539697951e+01
1.676417268847085751e+01
4.408942361938890109e+00
3.029527536202976634e+01
1.387118308836268277e+01
-1.652481852778634419e+01
1.386613728550662472e+01
-4.268776176568684377e+01
1.645950418938342352e+01
-2.172925112957383931e+01
2.154704559376734707e+01
1.750141474770795469e+01
3.152217944837968844e+01
-2.164043725171829635e+01
-2.054493053812727510e+01
1.332555414854140707e+01
-3.148561357531477256e+01
2.506381544538775685e+01
2.063287096547666621e+01
-4.065853294240547200e+01
-1.152935974556610077e+01
2.279088396262302396e+01
2.103492255329628691e+01
-4.742529362985524743e-01
-3.817533947703328323e+01
2.017206378958698565e+01
2.532817616078727241e+01
1.434915509598724270e-01
1.558720466586233400e+01
8.380802282659621127e+00
-1.616408462847033789e+01
-6.827305235178806608e-01
-9.202655692501490847e+00
4.222832587430985996e+00
1.336835271355795385e+01
-2.316803334538599213e+00
1.718883938395888578e+01
3.062999368574705628e+01
2.382824607272389095e+00
-3.136742272846870705e+01
-1.662510080990032435e+01
-1.901591753628421344e+01
1.300246798847474317e+01
1.867068158445945869e+01
-1.768057600248923933e+01
-1.967050213227222955e+01
9.077048136878925533e+00
-4.227833999943575449e+00
9.618856841592684503e+00
1.731960202789858627e+01
1.111424231746817881e+01
-5.636471406688993824e+00
-8.863458598326575455e+00
-5.578111221314813406e+00
1.389965511884658778e-01
-2.986754607485029922e+01
-1.647877426148416191e+01
8.060974410621708941e+00
-2.008762126821108751e+01
1.525685001524399986e+01
-5.430414102038515267e+00
3.187386828127190430e+00
6.631084656572076241e+00
4.146399738882829666e+01
2.284995770904274970e+00
-1.781872440069992791e+01
-1.947948871755239253e+01
2.203364885813708796e+01
7.320247494110722286e+00
1.734781008319239648e+00
1.147144025132596035e+01
-2.967376820889981204e+01
2.195153383602735886e+01
-4.619057943756357254e+00
-3.712236846752142938e+00
4.765613365395831025e+00
-1.276756818623481848e+01
5.437485597397105153e+01
1.697484946980332410e+01
1.062806731714793962e+01
1.186264259128864751e+01
-2.584818839516313815e+01
3.183517479183124621e+01
7.043110638266742107e+00
-2.812028749907186054e+01
-2.810115946332756565e+01
-3.496666362911421544e+01
-1.179676835279673064e+01
2.870582269558194355e+01
3.548098240847556184e+01
-3.411530561741522138e+00
1.251539274491070941e+01
1.857865377927317141e+01
-3.415778514520902753e+00
-2.697534161202842995e+01
-3.752050223368114956e+01
-4.518462531686455463e+01
-2.782257460110167813e+01
2.280444513036193399e+01
2.201829554883369156e+01
3.600209565236104226e+01
3.128615146598372476e+00
-1.554054534452843228e+01
3.566562313142320306e+01
-2.349554580136031845e+01
-2.529471729760286447e-01
-7.889355100223563788e+00
2.730320667063810802e+01
1.455365173819531499e+01
3.034284991882661586e+01
2.485327472784979719e+01
8.776410960635033121e+00
-2.158301523558295187e+01
1.367884047290886151e+01
-2.823269399161862481e+01
7.971922120450082083e+00
1.602774671425598285e+01
-1.699571154926440641e+01
-1.719692724057388133e+01
2.333098151492485783e+01
-1.879353428453853425e+01
-9.843686145694594103e+00
1.553637119462334404e+01
3.985592290622864198e+01
2.225151596538835719e+01
9.361227868473996239e+00
-3.176862926269962628e+01
4.739941054045842606e+01
-2.113203951766243538e+00
1.695507678421068931e+01
1.142809319551637781e+00
-1.740143769447429989e+01
-2.739259353602915947e+00
-2.501735734423958846e+01
-3.373408545303257000e+01
-3.798114014770411728e+01
2.532201497807394119e+01
3.955205828448757899e+01
3.860930994192634103e+01
-3.453403014466300647e+01
1.371444035458078803e+00
-6.418935721530134586e+00
5.075191623994198764e+00
-4.563353940760602256e+01
1.738575340228700838e+01
2.978690771090560929e+01
-7.583890068845834165e+00
-6.852698992695365199e-01
-9.718304284994136566e+00
5.529950395040303945e-01
1.676840141242519522e+01
-8.597994711137880941e+00
-2.102248425380155084e+01
2.779550155359806141e+01
1.515811723962159618e+01
2.040548825570172653e+01
-2.330817781344793449e+00
-1.836891412530894385e+01
-2.013895377183511926e+01
-3.070258741190246710e+01
-2.290770186595923263e+01
-2.286675334220378275e+00
2.476525202807724568e+01
-6.117645070077607272e+00
2.525338342944602132e+01
-2.221318067898994286e+01
1.349760608036388732e+01
-7.281857558384416507e+00
7.900785684946654008e+00
-3.369012014409855027e+01
1.052174899464509750e+01
1.059758964010194049e+01
1.870182912134630016e+01
8.255089567971321429e+00
1.224812961982739523e+01
1.884251228203989825e+01
1.940591301896884957e+01
-1.749641555459958653e+01
1.070459138246632236e+01
-1.977809954626661426e-01
8.931509874900006807e+00
1.940437771821047486e+00
1.389801500934145473e+01
-3.774236497145437408e+00
-1.810965040702316387e+01
-1.386361478263625102e+01
-2.185547211388133348e+01
1.484091396767185778e+01
6.308596894777331876e+00
9.829426608488844863e+00
-1.956229186736188552e+01
-1.065689399703050277e+01
-2.023306317913056063e+01
3.470634941909091253e+01
4.532116000727481264e+01
-5.370387487343438693e+01
3.486925710180173610e+01
1.122621055116377775e+01
3.217530492797162367e+01
-2.514479503038870689e+01
-1.045975047606949104e+01
3.320471210914169546e+01
-3.904601891724018836e-01
-6.491321714798930387e+00
1.455935977941170911e+01
-1.627425731718283686e+01
-1.910292606867900744e+01
3.233168199999959569e+01
1.013670806710548611e+01
2.090026085450236337e+01
1.377007128932056457e+00
-3.126273003210680557e+01
-1.738077407336703217e+01
-6.849520553844725690e-01
-9.944564807316121247e+00
-3.152210516759996306e+00
4.760853822801070834e+00
9.010925808440443774e+00
1.803958772612389083e+01
-9.399549273429347096e+00
7.683445812797979890e+00
-1.323226315895091787e+01
-1.669400780803258399e+01
6.264672151129511590e+00
2.049728386448676076e+01
-9.817109570860232282e+00
-1.022877852186998915e+01
-2.231349739122262221e+01
-3.847565663775746714e+01
1.658673974532951956e+00
