4.260448489820072382e+02
1.292091730554315518e+03
3.340789428202044746e+03
1.322151723614900675e+03
-3.064359085970422711e+03
-2.933087224357356604e+02
-4.269360762494929418e+02
6.451514682777267353e+02
-8.465779623232621987e+01
2.111990871054006220e+03
6.685984876064645732e+02
-2.841504760913668179e+03
-1.355387834055134419e+02
-1.206612612306605570e+03
1.056348372708258012e+03
-8.335654147212106864e+02
8.831855958042038992e+02
-2.135978181311380922e+03
-2.586199781937054922e+03
2.705176199116729094e+02
6.823226517542285592e+02
1.280088415058168948e+03
7.709975239608984339e+02
5.970996573799995986e+02
-4.693438630739325959e+02
1.954040216614793962e+03
-8.583632952237469738e+01
-6.957625459858153363e+02
-2.421175646583983053e+03
-1.983031053112867994e+03
1.655849905398700912e+02
-2.887515313808964493e+03
1.700803684230248791e+03
3.441103355797356471e+02
2.677535151436839897e+03
1.680882755873737096e+03
-1.288619373230668543e+02
3.273765037849946111e+03
-2.967719442098284617e+03
-1.889875768573783489e+03
3.112434590448846166e+02
3.316576838184778921e+02
-3.124658138896520541e+03
2.516794380970289239e+03
-1.100212249143053000e+01
2.132727185670938752e+02
-1.568871783334242082e+03
-1.449685346220861220e+03
7.716638713826250751e+02
7.292639617495485709e+02
4.826054368352985193e+02
-1.802803688588170644e+03
6.898700267362376053e+02
-6.181949527325453886e+00
-2.654743876301374257e+03
-2.060873541371770159e+02
-2.513872071595793898e+02
-4.600814432974303827e+02
-9.288768047999064947e+02
-9.343085155271261328e+02
-2.359097884228639032e+03
1.085437925380940669e+03
3.056321320565527458e+03
-3.719616340465729536e+02
5.057153696755555643e+02
-2.480984963293294186e+03
-2.137125441799724967e+02
1.712780725315157042e+03
-4.011680498361261584e+02
-2.078170468727833395e+03
2.034503075472539877e+03
1.124758226749165942e+03
-3.330605565997276472e+02
-1.503399088156216294e+03
-2.030485637120264528e+03
-8.790537785862409237e+01
-9.662749273041296192e+02
-1.894563229254367116e+03
1.120724954880443420e+03
-5.703464765662901073e+02
-1.507289170239449504e+03
-6.107968691220751225e+02
1.070870587979009088e+03
-1.208216996715358846e+03
2.564434065436919354e+03
3.386677179633607466e+03
1.708239959815621887e+03
9.478668458856923280e+02
-2.753654091006917952e+03
-1.451146717726956922e+03
3.508843363397888425e+03
2.896778814649510991e+02
-6.384622931713731759e+02
-1.786655007588714625e+03
-2.215470308227883379e+03
7.959789530671832836e+01
9.854929764773421539e+02
2.696634605779084723e+03
-2.876930143585615497e+03
2.493275593856311332e+02
1.453086471022539854e+03
2.231638559564114985e+03
-1.549420560102407762e+03
2.479477846000461795e+03
1.997298102379357942e+03
4.332949737768699379e+02
1.476099640211227552e+03
3.117043021915656027e+02
2.080110735043489058e+03
7.747665933079525757e+02
3.284619483116687206e+03
1.578237589877570599e+03
-1.354177542387591075e+03
-9.622431744082974774e+02
-6.021399733358232425e+02
1.758976378490112438e+03
-1.520375582687829819e+03
-1.006191111985383941e+03
1.804078477814540236e+02
2.210398098895248893e+02
-7.865971794545373541e+02
-1.911084809448227816e+03
2.463552993285623415e+03
3.442590258152426941e+01
9.694952829045533917e+02
-6.803658613859237647e+00
2.167040074864202325e+03
6.952045306731610026e+02
-8.393176600874799078e+02
-1.835460072770822535e+03
-2.227644027417065445e+03
1.922015393315291021e+03
-1.142520955416950301e+03
2.341902465449229112e+03
1.465890890382864427e+03
4.085310284755375960e+02
1.889128307096386379e+03
-1.330240694769663833e+03
-1.342542096410928252e+03
6.103101698730116453e+01
6.606083019856750980e+02
-2.256914745895308442e+03
1.537069260918167402e+03
2.701516181251691705e+03
-8.229424257429002409e+02
2.663708079772564361e+03
2.978102659431450547e+02
-5.379293025221270454e+02
-1.170032605470772069e+03
-2.490708887749316091e+03
4.569917727933772085e+02
-1.743071147507044770e+03
-9.104828319962564365e+02
-5.917586136365566745e+02
-4.953634488995649576e+02
8.289555283861730004e+02
2.265516267460432573e+03
-2.303454242167911616e+03
-1.063868496061315909e+03
1.294311631238362224e+03
-8.811818923390125065e+02
3.274933342808951238e+03
-4.300492375770623994e+02
-3.623759086761008348e+02
1.666368550340837373e+03
3.991121864299835806e+02
-9.994134533143196677e+02
2.160257117728501271e+03
-2.381981326033543610e+03
4.772181552418247179e+02
4.012319993591855791e+02
-2.771199330817273108e+02
-1.020314943916739026e+03
4.042610801178017255e+02
-3.513139269905199313e+01
2.887672772147453770e+01
3.073067597590965761e+03
2.296628272541730439e+03
1.766053915992887369e+03
-2.510561167348194886e+03
6.202522444193103723e+01
-4.444737476322319480e+02
-1.324357664621856884e+03
2.601447812298385998e+03
3.491764848814771995e+03
-1.044085504323669056e+03
5.996620944860920872e+02
-9.384469644366110970e+02
2.288388560676376073e+02
1.894307242648761473e+02
-2.527402333909870322e+03
-1.055841220392459491e+03
-1.988622376670738504e+03
-2.843243426403940930e+02
-5.396332913679650574e+02
-2.279409181481720225e+03
2.550505012461104798e+03
4.554340190492707166e+02
1.375164844415567813e+03
-1.303137557356955995e+03
-1.801399267981897083e+03
-6.762223598066021850e+02
1.964758808216203761e+03
8.824195153472231823e+02
2.634001887464398237e+02
1.373141015140582510e+02
2.630548469803341959e+03
-3.085581159586517970e+03
-1.721168466603508250e+03
-8.405636282876298537e+01
-2.699994382797563048e+02
7.056101284824655977e+02
1.452780062565768731e+03
1.008097108463918289e+03
5.048265648219619948e+02
1.469080163101595645e+03
2.707825690961724831e+03
-1.304074693043895650e+03
-6.577237901615797000e+02
-4.598122648954485499e+02
-2.821599455806458536e+03
-1.027433676148189534e+03
-5.501271162570284332e+02
-1.456483229797792319e+03
2.250289670862642652e+03
-1.193197040845506990e+03
5.319123569687242252e+02
-1.658301492165701347e+03
1.787791677326166791e+03
-1.299826587501129779e+03
-1.053656934019989421e+03
-2.171691590761310181e+03
1.361296720976887400e+03
-1.049637451236224479e+03
-2.431875309534940470e+02
8.348724552605764302e+02
-9.631540190088198869e+02
-3.141601865975609371e+02
1.368929170040368490e+03
2.684182941866935835e+03
-3.891272882059960466e+03
4.034483819008930254e+02
1.635582107346815974e+03
-2.288959378287064510e+02
7.859387509158717648e+02
8.976323425330899681e+02
1.824020315337846114e+03
3.440896944976899704e+03
2.081653874018776307e+01
1.749707668081418205e+03
-3.771858748914742137e+03
-3.977570678691972006e+01
6.530503532535682609e+01
2.800998324636504094e+03
2.970398318905567976e+02
-1.897797109398345867e+02
-3.431088111712931550e+03
1.200278515809405917e+03
-3.796686963924759084e+02
1.073426843737517856e+03
1.219387897019963020e+03
-3.916707557442388406e+03
-2.881041212966755438e+02
-2.190051374643212796e+02
-4.251790440978551544e+01
