6.786376762457542178e-01
1.127068529602093250e-02
7.662384914845432604e-02
-6.043446549238140619e-01
2.503493059156283174e-01
-3.419892874122536508e-01
-9.913938499526628867e-01
-9.397523519087620514e-01
-8.166972564100318799e-01
-7.643458306489425702e-01
5.498463226969998452e-01
8.489146323303480290e-01
3.595026410128316918e-01
4.693733573286202887e-01
9.165793533947177441e-01
3.023152794892736139e-01
7.530359471667293914e-01
-9.906498467063760138e-01
6.898982603252785673e-01
-5.524608108137947227e-01
-2.697851192192048941e-01
1.736079657576041768e-01
-4.758043175379491618e-01
8.610112970191674542e-01
2.231526372789549573e-01
3.310001520374517003e-01
-7.742005861558158841e-01
-3.616430742789129571e-01
8.781161872103298016e-01
3.700066173879135167e-01
1.368437504289214957e-01
-8.967700870836916582e-01
-5.024272870951569381e-01
-3.626945089587085835e-01
6.589115996318177793e-01
7.454086560699968445e-01
4.461784784440383511e-01
-5.686596030678936486e-01
-9.652099739729409489e-01
-7.893770431159992107e-01
-6.645872235188892141e-01
8.473688485781103452e-01
1.091268895530033145e-01
9.037739315514770055e-01
-4.746105240549125526e-01
-6.540902252687519347e-01
-4.402643458330417481e-01
-2.221517667719701272e-01
-7.400163824810621627e-01
9.823845882033455101e-01
6.448864134287191074e-01
-3.467386020211058462e-01
-3.566664272530521984e-01
-8.570337140168873269e-01
-4.021771820197650449e-01
6.032516361910533753e-01
-1.241870028732363629e-01
6.479085296345712397e-01
1.974656959209271090e-01
-2.402697842817920204e-01
-8.805093369111167689e-01
6.865353699345264626e-01
4.948708851116141449e-01
9.850366946716819783e-01
-6.433335001014683918e-02
4.415485303799160377e-02
5.846394889109503001e-01
6.103708102605889252e-01
-8.472373163584148159e-01
6.063069373652687499e-01
-9.518255711914185291e-01
-5.520529985282944807e-01
-2.058593083739370666e-01
2.997007311136947738e-01
4.362026325930088433e-01
-9.962930881281333306e-01
6.237158453573010686e-01
-6.788536746082858286e-01
7.891916588037091174e-01
7.565709613606768080e-01
-7.539397797870255324e-01
9.832638119027059531e-01
6.425882940118134989e-01
9.017770196572980623e-01
-7.166823701697058180e-01
-4.267076171248742611e-01
9.953572319301231541e-01
6.971066528367093618e-01
-8.820096858074155666e-01
8.690226208369966621e-02
-7.152224589501734453e-01
7.749426560626999638e-01
-7.479400632595811782e-01
-5.727038516465261520e-01
4.778724800345934831e-01
9.551989162908396391e-01
7.779304940993543305e-01
9.945206657260765581e-01
-4.925227569866190702e-01
3.321699218440989920e-01
-7.907528861021662081e-02
6.545429764136667661e-01
9.280281758344159915e-01
-8.006215195469441603e-01
-6.533021857347804939e-01
-1.780264606059578369e-01
1.165664354882878229e-02
1.817358890512106306e-01
5.405539605728486574e-01
-9.074136146568918537e-01
3.784315692160016287e-01
7.474691572901410730e-01
-3.066003747199075313e-01
1.251447409950150469e-01
-2.383343443744985191e-01
-6.461617056952890792e-01
-5.991470492342165777e-02
4.471805814524514311e-01
-8.163684247284546114e-01
2.239564534216793579e-01
9.199114030984745227e-01
-6.825419960369516481e-01
3.866169887871557798e-01
9.224659778034336455e-01
2.787087167031907509e-01
4.356880567972312157e-01
-2.364994511474931560e-01
6.990806872705652708e-01
5.416220675927818640e-01
-1.482189560050450883e-01
6.036915112920282489e-02
-2.236083705206426409e-02
-3.173942597264862719e-01
1.220544292533243258e-02
6.589570309317818175e-01
-4.171091612227448842e-01
-2.979278024769858035e-01
-5.855207741686374590e-02
-6.983142560287944889e-01
-3.823976407388474108e-02
-8.705811416740738551e-02
5.780293404838519056e-01
-1.722744606180954818e-01
1.611368688325476306e-02
-1.143144255696151301e-01
6.815410686335459101e-01
8.899218069699386113e-01
6.315810882975814167e-01
7.569448598392278793e-01
-1.817533698960336341e-01
-4.530757940799341466e-01
7.023651534908006422e-01
7.916901954394732766e-01
-7.790827237940334271e-02
-4.854906715168771925e-01
-6.115440800845728386e-01
5.049693019460430587e-01
4.152738685515218187e-01
-9.991394089152383362e-01
2.342053330391324906e-02
-2.748823952802765813e-01
-1.470278372539741696e-01
-1.812319541630462716e-01
-4.524310054237610235e-01
3.680426251905732915e-01
-4.279373590588506637e-01
8.440317162234785009e-01
-4.308059393175733831e-02
-6.681473661197816494e-01
9.807284606283377393e-01
6.890989065172443695e-01
-4.585342155064349168e-01
-4.618911401429834918e-01
6.512252322313942798e-01
-3.744155056581948138e-01
5.682030938612503412e-02
1.894211468236914886e-01
-8.159800332658229127e-01
-8.230257397182294543e-01
7.243597710860849581e-01
3.584986149860178717e-01
3.377143552441919105e-01
7.343748116136716853e-01
2.588215903153401332e-01
-5.044423251617120574e-01
5.405912160285875068e-01
-8.238083437084693372e-01
8.237092443516691453e-01
3.680604517692898092e-01
-5.833399293290431054e-01
-6.898901664822931767e-01
-8.385240336226333913e-01
-6.834246425792689372e-01
-7.297812907197314125e-01
-4.989091273281178740e-01
-9.880428449108993316e-01
3.545104639760674470e-01
-1.874450718640254809e-01
-1.987326246725935608e-01
3.380544536647018816e-01
-6.929991401047499444e-01
-2.806320978278948886e-01
-3.885212233277863803e-01
-9.710455036875591528e-01
-1.967477386499272285e-02
-9.077748794565605461e-01
7.314744054050279498e-01
6.514255016931891351e-01
4.561647336143430653e-01
-2.360274578432626225e-01
-6.996832783624917784e-01
2.390971342063712424e-01
9.953947498456015008e-01
-5.717215298231830278e-01
9.304213402483327844e-01
-1.960152811459869859e-01
-6.468758108845591437e-01
-9.785630546022625609e-01
-7.572726351155703028e-01
-1.353937124620820942e-01
-6.238146002938842472e-01
-8.114575703810005258e-01
1.521007729354273419e-01
2.868889874194342493e-01
6.133313830713287285e-01
6.830256919641006785e-01
-8.386282373442210947e-01
2.132316595565564299e-03
7.600224137819577841e-01
-9.501069940338660036e-01
3.877509960263247901e-01
-7.500841928835737527e-01
7.548110440909185925e-01
-6.940040876438309247e-01
4.725929093349234833e-02
-9.452892267118260250e-01
4.728965704114092006e-01
4.084047378694977137e-01
-4.022851008673753448e-01
8.278608063145727058e-01
9.749673561126170895e-01
8.951464868638299155e-01
-3.456194231035534248e-01
-6.883751952539161056e-01
4.401696644795918267e-01
-8.041985970364957659e-01
5.314225786246060679e-01
1.737562565126260505e-01
7.551347776474517381e-01
-8.262217052802371953e-01
-1.131037670411023655e-01
-4.599446980709038790e-01
-1.203811882822658497e-02
9.724711407885420211e-01
-7.802746017494310848e-02
-2.771404912346555616e-01
-4.913308812792238633e-01
1.139523856598607665e-01
4.837788280378125805e-01
-6.689532100332784559e-02
4.049511639570213539e-01
7.885857549348211926e-01
7.053917868838444072e-02
-2.031367487622728341e-01
-6.955688782614986021e-01
