-4.477772995794385480e+00
9.381154553678280550e+00
7.569505511040007129e+00
6.646582375519007435e+00
-2.974355915760305002e+00
3.142189514806142725e+00
-5.407546470104879432e+00
2.788837962353199362e+00
-4.644545437371324859e+00
-9.863542140808137404e+00
-4.038742820093485619e+00
-1.834660077463496464e+00
-5.491594580986282281e+00
3.503502575616490144e+00
-4.409814755749049020e+00
1.211271113105088659e+01
5.830089942678474912e+00
-6.953657979330611028e+00
-8.818535461223275362e+00
-6.161646794515735159e+00
-5.885145623676953264e+00
1.543681655596524038e+00
3.998004533596748900e+00
1.321881529975526171e+01
7.632968821412274174e+00
-1.553712106792064063e+00
-9.974788857543646969e+00
9.486065198544331167e+00
1.344819731921654160e+00
-3.189367302049970654e+00
-5.946609819380356932e+00
-5.252757046182607858e+00
-5.514606108904987813e+00
6.171504868332509108e-01
-1.022972052151915889e+01
9.241361573724132583e+00
-3.219581289289907389e+00
1.037973286638527526e+01
-1.274187929590050850e+01
-5.558940461438735881e+00
-4.451868102756668222e+00
6.531124303666982378e+00
-8.541008470608060232e-01
-4.990891997646201839e-02
8.291500629667138966e+00
-1.445996704252751286e+00
7.833527504714821177e+00
5.141059819724415725e+00
5.358809115959010327e+00
5.563003452690734818e+00
-1.604219084257297423e+00
-2.893030912866152882e+00
7.319403013783119860e+00
1.727332147568969800e+00
-4.700116477428718298e+00
6.069264964443391364e+00
-9.096970788487601656e-01
-1.826101925889626276e+00
9.787948544227321079e+00
3.456918565268396026e+00
1.592461372774782014e+01
-2.822288614315008104e+00
-3.347299716907737643e+00
-5.238928227359614276e+00
-1.937229460679620319e-01
3.016260441782957713e+00
2.956277220816861728e+00
2.714981081310635869e+00
-4.225212935395684655e-01
6.479262985434727229e-01
5.125543102933256101e+00
2.778934258122126355e+00
6.418177153719371475e+00
-4.379404374730338390e+00
-8.921117780897178662e+00
-4.961486757271437398e+00
-8.390093214202009264e+00
1.960320851850412271e+00
5.363347955501958531e+00
-7.525881710941563441e+00
-8.025693450387352268e-01
-1.809477979323559804e+00
1.166667380004492038e+01
-2.494523368198575675e+00
-7.564611861107705337e+00
1.890306838499503650e+00
5.926108705008537036e+00
-9.098923171945340727e+00
8.677902654050290820e+00
1.058005820585032097e+01
-3.528045404068632429e+00
-6.143953210874377735e-01
-3.543814364564433550e+00
6.531910835697956053e+00
-2.588464928700385248e-01
6.430314117726977585e+00
-3.446982180571348753e+00
3.204790212281116268e+00
2.786028587604588047e+00
-2.431904503377892546e+00
-6.319117759492972830e+00
-9.180299185183615762e-02
-5.944236709271790708e+00
-8.969562223168006110e-01
-8.509378120603024342e+00
9.658262360508663491e+00
-2.188541443394582675e+00
4.409438190024894677e-02
-2.972413881906991406e+00
1.266803736008384540e+01
-5.005110196557522428e+00
-7.122408168183397947e+00
1.193576356167179497e+00
-8.046287654895030172e+00
-2.652176467286017747e+00
4.856324782093582648e+00
-1.696892214854915260e+00
-3.807838823965720820e+00
-1.141801579744613981e+01
-9.970298679957553034e+00
-3.084864106342085410e+00
-7.401512066826835934e+00
-1.775671229568942522e+00
2.870089645173208748e+00
-3.386780227089918327e+00
-5.559594117935540147e+00
3.111401013951913264e+00
-4.671975075096918673e+00
8.981483987106301248e-01
-7.047855003143080665e+00
-2.817811983931532538e+00
1.518326955340030437e+01
-1.706387129655321688e+00
-2.795856921862320821e+00
3.045920840508722915e-01
-4.741236609083058440e+00
-3.709308473531105488e+00
-8.844360331156835286e+00
-6.827871213588973198e+00
-1.019602072338458854e+01
-4.874094719342747517e+00
-7.167965796019441171e+00
-3.513703636940944897e+00
1.101161976764521544e+00
7.979305467319675493e+00
9.219401424651698207e+00
9.615926498482181728e+00
-6.599265922009148078e+00
-4.330555590451853121e+00
-7.877822170679118052e+00
-2.905810909750415227e+00
8.279427251725635983e+00
-2.975813898590483841e+00
-6.095421980222249125e+00
-2.933879194442291727e+00
1.148014767271098435e+01
1.548503015423680740e+00
5.677252579573360158e+00
-7.328682860372119023e+00
1.397075209995487555e+01
7.690750373703249210e+00
-3.906409682989383292e+00
1.167553823322797779e+00
-5.102403270807910118e+00
-1.381962126670647883e+00
2.506038869182927620e+00
8.030367928130814903e+00
-2.240652869638757760e+00
-4.886539461646567162e+00
-7.927352244852618135e+00
-4.592488424031097027e-01
-2.736723793834615392e+00
6.457662957029181250e+00
-4.825139108082357353e+00
1.950902619804098626e+00
6.564491421097052637e+00
9.226776256053724978e+00
3.527024635733333469e+00
3.125432478672594883e+00
-8.331679092353446947e+00
-4.712073547339669766e+00
-1.556008680847789449e+01
-1.445063146162131495e+00
4.833430089099755911e+00
-6.584468006971010645e+00
-9.197005215308880821e+00
6.452572090154782281e+00
-7.211715569300511941e-01
6.046269151070687187e+00
5.364229382893958231e+00
-1.797210885316064211e+00
1.162716700757588484e+00
1.820616215187057518e+00
1.878009277502605379e+00
-2.369523126910867639e+00
-6.508139831751170945e+00
-9.696494728834963439e+00
6.861152297301401859e+00
-6.537997215704643317e+00
-7.284883299157915104e+00
3.097905097354738846e+00
-3.895428661368748990e+00
-9.627059545219708525e+00
4.330666249537532542e-01
2.346867955531047656e+00
-9.091408261288066228e+00
-6.236528191275990451e+00
-1.753847389609697327e+00
-7.426506853448152867e+00
4.475965993155276657e+00
-4.369401620258662966e+00
8.780774930817438317e+00
3.587711439319917206e-01
5.939749322804536824e+00
-3.577439313792556863e+00
-9.908391272782374415e+00
-3.165702803764034456e+00
1.072009365837457207e+00
1.269362297501905434e+00
-9.172637732486863982e+00
2.452929509821690779e+00
-5.578740562204449915e+00
2.214879678663808527e+00
1.088154916237513259e+00
2.410683344596857847e+00
-1.195539790089561683e+00
3.808826375998223046e+00
-2.295362936611685944e-01
7.454460004758305391e-01
-5.084174071576203602e+00
-5.311310242724578856e+00
2.347332618807214999e+00
5.120452701345673319e+00
-6.252362436441118554e+00
-8.470624553735177642e+00
3.338696368868694808e+00
5.754829606680869958e+00
7.835706868771020739e-01
-3.484646607688859810e+00
-9.041739544937742679e+00
8.477508425538482939e+00
-5.165355811432678301e+00
-7.910881572841501175e+00
9.323028866905943568e-01
-4.430568032860094263e+00
1.803528376223737073e+00
-7.965249288373573044e+00
-1.287623213615223605e+01
5.542257255757629952e-01
9.070746683235471508e+00
-8.114967673262153625e+00
1.578907128596569454e+00
-3.264029337037572809e+00
4.428303528080628659e+00
1.477170605344825027e+00
5.177941869301540656e+00
7.441858164654647112e+00
-6.086783604178665819e+00
8.077404940174631065e+00
-5.683226811171924631e+00
3.760102010683755491e+00
-9.325577287789432290e+00
-1.662122741273669435e-02
-7.332568089910071585e+00
6.910824917759512687e-01
