2.820004612492388874e-01
4.078172270194078131e-01
2.630010518170736861e-02
-4.524455673724250282e-01
-2.010315867092179187e-01
-9.020323727534290681e-02
8.313674768126149139e-01
-3.623249634085023985e-01
9.455626894550286932e-02
-5.149303561808427077e-03
1.875107429558302286e-01
-3.896726245800395949e-01
4.064446787373879877e-01
7.218410451595569377e-01
-3.764439794303842124e-01
7.206790218498492218e-01
-1.226512083993479829e-01
-5.277541579645538272e-01
-4.043656426991493191e-01
-6.966550570745676518e-01
-4.495208211723257241e-01
5.069814200053144454e-02
8.734496312689862263e-01
-4.939546277196278923e-01
-4.608273601213406234e-01
-1.471812098353739162e-01
-6.062775103638581298e-01
5.684998314823372367e-02
5.622297337633559433e-01
2.572932032320854878e-01
7.568232725699695074e-01
-8.943959661556534213e-01
-3.228937900918710247e-01
-1.062363376579772700e-01
2.861792325253302294e-01
2.876716869988243941e-01
-8.204083166745024247e-02
3.454561686691818290e-01
1.949990453885193376e-01
9.826010876213958634e-02
3.740958734531603380e-02
1.403359606619096200e-01
3.389273044450476502e-01
6.454430024731006021e-01
3.818256388224532949e-01
-3.814433758345607550e-03
-2.496720159507424541e-01
2.769976410021637303e-01
1.442382400010593368e-01
-9.116972698200526137e-02
-4.926796591862858676e-01
6.628495434965828714e-01
-8.596447750068562932e-02
-1.189619365343445867e-01
-4.603995891434425891e-01
3.959000170002823782e-01
-1.242666510283042813e-01
-4.023839666781906521e-01
-7.765382354857419678e-01
-2.414693151283898165e-01
-6.053015970807128915e-02
-3.234564192345975586e-01
-8.429844821935085220e-01
-4.437427903322173073e-01
5.365359487500005464e-01
-2.368863856454323513e-01
9.994270157102924657e-01
1.773551449172229288e-01
8.566612176320663741e-01
4.894657507677269842e-02
3.103028750026003424e-01
4.653845871047211369e-01
-6.644540409240312639e-01
-2.576217868924470800e-01
8.249044998152103014e-01
-3.736385557062636420e-01
2.837510312852681293e-01
9.870612242624091093e-02
-7.250619239047967346e-02
-1.251494859874065779e-01
-3.838982301878817172e-01
2.528252606924706325e-01
-3.428328957732080795e-01
4.027308844883265015e-01
-7.699345035158431383e-01
2.894669840225818636e-01
6.427018386445518261e-02
1.954002022805730321e-01
4.908328633191884616e-01
-1.478899075675940700e-02
-5.836509344591762627e-01
-2.873080168318459804e-01
-3.029446321879883386e-02
-3.182633005471335874e-02
-5.702693755323208213e-01
-3.917003490477187766e-01
-1.961029446205207055e-02
2.708754610056883227e-01
-6.949677568532962590e-01
-5.672822023432778638e-01
-2.024048283078209720e-01
4.597908435013891015e-01
-2.991678968416524032e-01
-6.001235457406915996e-01
1.544079680295455392e-01
-1.437617099583222702e-01
1.980281336369649550e-02
-4.511542986604805128e-04
-3.499726852948737976e-01
-6.456749065307156865e-01
-4.483022830030359285e-01
-1.840529553678827424e-01
-2.821243929275215057e-01
-1.412824207645731744e-01
8.605141880330191562e-02
-8.908025703438794407e-01
7.710413536301989890e-01
4.063185438924905857e-02
5.251873146071844856e-01
-5.292879029664356860e-01
2.513276050329481537e-01
2.240243591513224886e-01
-2.130474302653232455e-01
-4.240222712114116721e-01
8.627152812359660805e-01
-5.935810537334630377e-01
-4.874850097028982088e-01
-4.767162403016482752e-01
1.856024676182148059e-01
-6.307157779129950459e-01
-4.286929906232524456e-01
-5.270579029258064541e-01
3.889521930488311074e-01
-3.563452293702559226e-01
5.251186673138021899e-01
1.328326534102681200e-01
-1.065734301357723068e-01
5.763842811455681669e-01
1.187689248098420386e-01
-8.477977773449860699e-01
8.259272299094680969e-01
-5.454211575859317929e-01
-2.041539867659834251e-01
-6.279596539924849896e-01
-3.598361531343395869e-01
4.197460163443474945e-01
2.955817590943199957e-01
3.058090697688687354e-01
-7.240672213078487296e-01
-8.195254612580439302e-01
5.010084754121956196e-01
1.704247935298479899e-01
4.434837429510932183e-01
3.826325911108711675e-01
-1.526236491084733693e-01
1.177383408851646329e-01
2.888929919654454892e-01
3.270275905834583718e-01
-2.879854014698659537e-01
3.285721167617676741e-01
-6.063397105942422427e-02
7.337344350827369466e-01
-2.341045788081995982e-01
-1.728501576889251989e-03
-3.809968053926505727e-01
-4.604789154863417888e-01
7.225862211472153795e-01
-1.768164046039806814e-01
-5.557244285207575685e-02
-5.129816377819451656e-01
-1.888466707220656515e-01
-3.581225924976353392e-01
6.405114646809011436e-01
5.830037115413081450e-01
-5.989374145362504898e-01
-7.974924218717036606e-01
-2.791398977593330735e-02
3.383924527070735211e-01
3.854427871762503566e-01
-2.830122174418537861e-01
-2.870390856575484317e-01
-1.171774211692194756e-01
7.087515445305353490e-01
-9.307366630875647528e-01
-4.204121811102629613e-01
2.861085731961443002e-01
7.642219405254095932e-01
3.279452038126233759e-01
6.321280914983576915e-01
-8.432391584631790948e-01
5.485660822631708289e-01
-2.874707714677025017e-01
4.292628404315430579e-01
7.190093856318510723e-02
-2.047546405998704189e-01
4.436357964154986622e-01
2.208874267166453798e-02
-9.190203933459509811e-01
-6.026231064266066584e-01
-1.694818330242885973e-01
-5.603841755127350055e-01
-4.994664868314978579e-01
-2.913584164453984771e-02
-1.172255924940772964e-01
4.578096373543646402e-01
1.835406951687625909e-01
-2.577535486091323547e-01
-1.944934234902408188e-01
-3.891772957772351993e-01
-5.582033893195952334e-01
1.478451887536014753e-01
3.707876345924400185e-01
-8.878816272264848930e-01
-2.718362538954374741e-01
7.032475874606328725e-01
-9.857079667512437249e-01
4.906684476272547557e-01
-3.965275731698000850e-01
7.652048561081646882e-01
-2.745270856598275300e-01
5.750283983311362812e-01
-4.585086072027979021e-01
5.487780983388151901e-02
5.975038598195608897e-01
3.282460587964519672e-01
-4.741837965820839829e-01
5.686169854006996038e-01
-8.797752031575628573e-02
5.899500939295410085e-01
2.548084775157521409e-01
-8.107772338683781888e-01
2.640058558519783327e-01
-2.217438288042009042e-02
1.918574625364294350e-01
-8.254887546615061189e-03
2.927799212481964064e-01
-4.299613454864834039e-02
4.330374042611130347e-01
-5.198585721801710080e-02
-1.443493792364650419e-01
7.773157851455847478e-01
-3.708851960405403769e-01
3.367491033091862263e-01
-6.008337697091749308e-02
-5.510915805710494553e-01
4.323661323137629187e-01
-8.249163676738915374e-01
1.124701934204000442e-01
-3.755972113010904168e-01
2.637123759851033866e-01
-8.690531425729070003e-01
-6.461195818170512029e-02
-4.795365794816351945e-01
3.674014998380051855e-01
1.226620446561907107e-01
-4.024722676765291052e-01
3.125965545598796691e-01
-2.789114388349828860e-02
7.919776849856745571e-01
-1.670558730724002947e-02
1.844403176367956365e-01
2.417594997997264683e-01
-2.582979293110135854e-01
6.697687590303764704e-01
-4.703556951615683879e-01
