1.631036340778843907e-01
-3.798982650058732702e+00
-6.381857215405539741e+00
2.849005514464368893e+00
6.049059911514018673e+00
-1.981222250350342384e-02
7.427360002494934221e+00
3.750851713800528842e+00
-3.812852934089931978e+00
-1.513660753583859542e+00
9.729437416289848928e-01
2.720757541934287205e-01
-6.014040957166306711e+00
-1.860304903027863777e+00
-3.136119379234384996e-01
-1.301617134073489446e-01
-8.447991035640523450e+00
1.771685289448579503e+00
-1.560362898030714929e+00
-7.554891827368175328e-01
1.967579156807564011e+00
4.604371864482128984e+00
1.093441146263248953e+00
6.657444316742125778e+00
-3.504008130174505631e+00
7.949819634433792359e-01
1.336576056136029145e+00
8.046095078957140601e-01
9.973799304105194219e-01
-2.920608172109396272e-01
-1.209648830948784060e+00
-1.417853113845753965e-01
-7.437760176619137020e+00
1.761634570157357027e+00
-4.006796643275630565e+00
-3.181253585829946662e+00
2.388544454861565747e+00
-1.825864503614558210e+00
3.407732656514871117e+00
3.826937352202073317e-01
-1.302800695381619134e+00
6.087705130151269683e-01
1.507742826138972703e+00
3.848887845300949184e+00
-5.752194037029321194e-01
3.918324185701605344e+00
1.561944165842810150e-02
-8.885292626361533053e+00
-5.515347146255547450e+00
-5.154327743078725099e+00
6.235155340124787671e+00
2.717305404791102941e+00
1.875929389044242335e+00
-7.715355688683407820e+00
1.469413582603311230e+00
3.096459863383264732e+00
7.342329465763837604e+00
1.997612518334969778e+00
9.701012610341528397e-01
-4.401170406590896533e+00
-4.993861328760874407e+00
3.580150740061788461e+00
-2.452268918051787594e-01
-3.106845365538268844e-02
-2.790923901868270551e+00
2.660439861347345669e+00
1.368577823534081972e+00
-7.609781821817623859e-03
-1.387598502936398859e+00
5.945954597189104796e+00
1.451097843395777964e+00
-2.081830608873119992e+00
2.688227989027440756e+00
-2.461795106931985888e+00
-4.156742369283210614e+00
4.632798391012544315e+00
-1.825813787783901354e+00
1.402541598569684744e+00
7.018460337565912699e-01
9.508620314063547241e-01
-5.495852580694463030e-02
6.849304456894953042e+00
-3.864311399444050998e+00
3.355858094419802207e+00
4.180228188759638641e+00
-7.765583781626559379e-01
8.021521383145369555e+00
-3.260258315097846360e+00
2.965246700266560564e-01
1.392339240263604783e+00
-1.928421084149169573e+00
-1.453682643586055478e+00
3.154881413100467658e-01
9.516796085476740830e-01
-1.707980441420160922e+00
-6.427959687895437924e+00
5.543875525998805287e+00
1.865554019334204838e+00
-2.600490889849560894e+00
-6.362716317481973416e-01
7.447515356198012304e-01
-3.043109393717289834e-01
5.284477178085847271e+00
-3.982189186975082507e-01
-6.702219773115444035e+00
6.529849318061518026e-01
-1.348555445234942418e-01
4.185500283025421098e+00
-8.744563763918506538e+00
6.852626381859062699e-01
-1.627406496605674047e+00
-1.792556480702542920e-01
4.612732702541800123e+00
-2.660054893514278263e+00
-3.084974166294615294e+00
-2.534921574861103810e+00
5.926430439997896205e-01
2.698216217333544442e+00
2.331762261855166773e+00
1.847278087972530791e+00
6.012776987212551383e-01
1.880524292326291924e+00
-1.456343187800483774e+00
4.844507153372318520e+00
4.252982815266239669e+00
-3.177658578108599752e-01
-1.252385898528634689e+00
3.262781748393206449e+00
-9.300786208682129796e+00
4.250208772734203500e+00
2.198797226681967310e+00
-3.954606047704563032e-01
-2.885553682507506768e-01
1.199627304608050116e+00
-1.521447999210134849e+00
-6.791092390766979570e+00
-7.471875372429545692e+00
2.110940233859129656e+00
1.313918352894615893e+00
-8.230303350434045484e+00
-3.104696727335972462e+00
2.243390754913128227e+00
-2.795719268584645700e+00
6.898585058094990341e-01
-2.354229415181027907e+00
-3.850871375846419031e+00
2.583512641323181924e+00
2.410307045632902767e+00
-4.828845825023991623e+00
-1.759288767488166538e+00
-3.565178847661143013e+00
-3.947394713299603453e-01
-3.971297147873848132e+00
1.622032618805629323e+00
-3.991871939780430090e+00
2.221222681197948301e+00
3.605935790160015308e+00
-1.688201750826117564e+00
-9.488928088236857405e+00
2.395458849145652547e+00
-9.973597329978403092e-01
1.180719240465910369e+00
3.775536994148177339e+00
2.170581635101424212e+00
3.119625706993027769e+00
1.677755688556483271e+00
3.331826492229146286e-01
6.454105773425513615e-01
-2.307404685559550916e+00
2.015042940221607459e+00
3.537022988042168858e+00
9.236612923344758030e-01
-2.929228309440748745e+00
1.025916929828147639e+00
-2.539320939737041094e+00
1.391972464136846055e+00
-5.936635702269368320e-01
-1.431265485228491174e+00
-1.867592564489096718e+00
2.791843820692472278e+00
-2.618087396128815136e+00
-6.779638912786529303e+00
2.973069382974410590e+00
-8.666759046919082499e-01
3.345794260831264300e+00
-9.609976257228927565e+00
-7.692705244108074325e+00
-1.612127104146371392e-01
-6.636346713595947300e+00
-3.545900824003970886e+00
-1.743028956231983173e+00
4.898869798146230359e-01
2.054122714038580710e+00
2.034460374870252330e+00
2.176492683379825266e+00
7.295221483524355399e+00
-3.708094617352287514e+00
-3.628496687358052641e-01
-1.324437122295321290e+00
1.319989310285079931e+00
-1.006084777361706539e+00
-3.245854889348184780e-01
-3.173098497817986363e+00
6.193573679875501448e-01
-7.257170278869073066e+00
3.374198016051024318e-01
-6.283212703438818991e+00
2.018262541472832350e+00
5.648758674525827139e+00
-9.531158652369435824e-01
-7.555377070193999955e+00
3.509903903949486148e-01
6.766326419787094260e+00
3.479667538408159011e+00
1.864455782063898948e+00
6.580893531588181133e-01
2.745005502795692109e-01
-7.853922133675870221e-01
-8.747033800021695171e-01
-4.188517085005538654e-02
2.779373167663136357e+00
-1.185909180982057221e+00
4.106922519382324666e+00
1.129257148248280496e+00
4.378552640416892849e+00
1.683010608547006459e+00
1.601582157830208075e-01
6.440163100175172239e+00
5.430282036064557616e+00
7.695252099849374527e-01
-7.486099364475326645e+00
1.303980118241270691e+00
6.464868828916188193e-01
5.198525702473653531e+00
3.161279112426096383e-02
3.306545952769242014e+00
-4.361585286776551440e-01
3.965754377575592571e+00
2.909781819344583909e+00
4.947735795837279404e+00
3.440764985619817917e+00
-4.775907791263441560e+00
5.298797820342456832e-01
9.522133676515849299e-01
2.855280592126107075e-01
4.922880444920625820e+00
3.397286991189138128e+00
-5.089214646713753343e-01
1.351202628719146093e+00
3.303273173038513200e+00
9.056040617825831252e-01
-1.968959878364571869e+00
1.132744308050904980e+00
-1.225668608775331681e+00
5.560496352413164090e+00
3.486742774597459960e+00
-3.801058327566671835e+00
-2.314951805730974588e+00
-5.169318703661032188e+00
-6.504010360611167663e-01
-3.344781546601272471e+00
-9.141524806715310980e-01
9.960647624836109770e-01
6.581082258285679831e-01
2.523136708744645684e+00
