2.394542776532913031e-01
-7.957777917076740426e-01
-1.265194559291122900e-01
-6.972508311073268850e-01
4.851442225156821220e-01
-6.339682733392344449e-01
-3.714239457296319991e-02
-4.010216590998958441e-01
-4.480691510723442406e-01
2.041327504927994418e-01
-1.911399766175589932e-01
-7.403938181750082670e-01
-6.257978656538853990e-02
5.988916333291949279e-02
2.504752000973464732e-01
-9.796587878562459384e-01
9.770219361972538596e-01
-9.254056180105763030e-01
5.041006651887602885e-02
-6.652083575302292218e-02
-2.383433997553052741e-02
-6.668674835728347627e-01
5.647139787292518864e-01
2.809672522821982099e-01
-7.731557939116528999e-01
-8.683140589308895319e-01
4.830984225905397000e-01
3.683538529774594839e-01
8.893412181549018580e-01
4.736931732456719502e-01
-9.070376605357759470e-01
-6.392793548297519557e-01
-6.533068887593085350e-01
2.905828780238666198e-01
9.446573466517391715e-01
1.049076274219840066e-01
-5.322247333256515667e-01
1.476077503539445779e-01
1.097131670659989844e-01
-1.748158500289989092e-01
-6.419698739058239401e-01
3.960564913846704727e-01
-4.316420801862719259e-01
5.654672727265230847e-01
6.428517944816074525e-01
-4.512115758534305243e-01
-1.606159715539106081e-01
-4.812822476655693738e-01
3.315598084645412502e-01
-2.136809451384840131e-01
1.601126979690823404e-01
-8.112932258867813218e-01
7.355274369080420094e-01
-4.358023381482176717e-01
1.748907367050724915e-01
3.348723380711886577e-01
5.440944855748359732e-01
5.058541222217494138e-03
7.222333390679143150e-01
4.457488585945483806e-01
-4.344793875040253717e-02
-3.649885335615388193e-01
-2.391524239025879517e-01
5.122364773620935452e-02
-3.000070682449820225e-01
7.619746087500709475e-01
-7.616054282053670299e-01
-4.599064399493155708e-01
-1.409203889456747127e-01
-4.570710685171512910e-01
-4.079742229759801830e-01
-7.414359763903870526e-01
-4.229752336286281000e-01
-8.426582083195131023e-01
6.894942801872252502e-01
-5.108306864859279983e-02
-1.978854821707898282e-01
-8.055467686305459729e-01
-7.085414502558919914e-01
-4.608232424442018083e-01
2.022574246553787702e-02
5.744355925252546680e-01
-8.328010921294233260e-01
-6.935387964870887156e-01
-2.343102606800073762e-01
-4.553372987996946453e-01
-1.109521295142958941e-01
2.865442262115704963e-01
-6.930674520146853368e-01
8.362159904244943487e-01
-7.196398078211954097e-01
-4.252158918976900459e-02
5.977155849060908910e-01
9.250476934219700187e-01
-1.752584848059077771e-01
7.386708945783404534e-01
1.374352092450377150e-01
3.820166939652365201e-01
-3.446455485025459176e-01
-1.566701856584500341e-01
2.102923533855216576e-02
7.053579527778757186e-01
3.170258625570816502e-01
1.104025538247956906e-01
7.446472045787766447e-01
9.240089306085639276e-01
9.760164593633784413e-01
3.524363033379047661e-01
9.832594783687680362e-01
-5.645498192473836774e-01
3.869101296475350171e-01
-5.688918956595410137e-01
5.886913761436356474e-01
3.350672900047333425e-01
2.988716708897711793e-01
-5.559198534121745361e-01
-1.144997136076286726e-01
-4.077385856584165857e-01
-1.528510977311932084e-01
-6.630263447202333627e-01
-2.806391334152760209e-01
-2.597944060074375283e-01
-7.567558209257920776e-01
-5.198036132245640317e-01
7.306860139986310898e-01
-2.170445371221256803e-01
7.431729415466512556e-01
3.504863749335425105e-01
1.633901297845943290e-01
-2.922185821028220332e-01
8.803379783375011591e-01
-6.214369159404358189e-01
-9.536862538495924912e-01
-5.842776587702713798e-03
9.945934066870449897e-01
-8.798831640020834399e-01
-5.877970158290048985e-01
9.102506963271947971e-01
-5.785421629762173001e-01
-1.522557351743138998e-01
-9.302790993645593254e-02
-7.176049553418772931e-03
6.730936179827200494e-01
-9.779587939433467270e-01
3.253430302904196658e-01
-5.021704593104689973e-01
-2.685194551565344145e-01
8.786538181243270795e-01
-5.701330929135051129e-02
8.606243242151356831e-01
-5.889498113889648501e-01
-1.397488447961148239e-02
9.457125711589733363e-01
3.239790209526027809e-02
7.011982387579738241e-01
4.832311338269601464e-01
8.993431022996791757e-01
4.531200737097815789e-01
7.425917093167717642e-01
-4.932338039866723811e-01
-5.780499177992757254e-01
-4.044300967486866849e-01
-8.181612214776816661e-01
8.535269121516757540e-01
-7.800431296678378423e-01
2.643800907227795705e-01
-8.940997235623420192e-01
5.410212061052963595e-01
9.967751708843402003e-01
-2.733556185387293613e-01
8.182596892329303540e-01
-6.970778601013114528e-01
9.369728716892700149e-02
-7.135234602544788807e-01
9.558357348639268114e-01
3.302152270606879547e-01
-7.135274773404352011e-01
-2.697580635119887216e-01
-4.025598943812980224e-01
-6.514458724411344992e-01
-3.985432170011289355e-01
-6.388923448494896462e-01
3.069319894281061778e-01
9.055117046726912644e-01
5.393604143985446520e-01
6.740355399349373666e-01
-2.058983209348030918e-01
9.371149444638071646e-01
1.550475014834895582e-01
-2.811787865719619361e-01
-4.748547291732894138e-01
-1.388203398419096679e-01
-9.672742596358674394e-01
-4.264679680321701305e-01
-2.291722895740133659e-02
-4.063923363557297996e-02
-6.288548295415854472e-01
7.661220645438544530e-01
-8.200393887859271924e-01
-8.028884670935765300e-03
4.102658696011769468e-01
-7.296716459259602328e-01
4.648806408454297934e-01
6.671319653526710525e-01
-2.846760562155303820e-01
-2.364331965111388101e-01
4.481431860353284335e-01
-9.887381846585763245e-01
7.659870588626751520e-01
-2.446718727964238838e-01
6.104763691946191173e-01
5.981454057068757990e-02
9.018681579122649339e-01
1.081135973552038720e-02
-1.057743995582389740e-01
-8.962229903355267702e-02
-7.805802801677881320e-01
6.157103523154674463e-01
6.966369698349117456e-02
3.201807784789889588e-02
-4.548612719729006049e-01
-9.463416108041564634e-01
9.369045550059791339e-01
-6.685677399558629386e-01
1.025688475951180845e-01
6.171960157752860443e-01
-9.863506314207448611e-01
5.897702880884019283e-01
-6.395652111098930614e-01
-9.195779522708362741e-01
3.089416832410596392e-02
-5.529876652457270669e-01
-5.798282308061835089e-01
-8.103208039972655818e-01
8.045215312564941712e-01
-5.940005794797291738e-01
-9.757671666854272896e-01
-7.565684373358896320e-01
8.228295652045560793e-01
-4.007435999901602930e-01
-3.129001873501180420e-02
9.619138842842469561e-01
5.380409560677494873e-01
-7.706124101124700587e-01
3.320979173447162758e-01
-5.007506031167090477e-01
-5.713725705045935577e-02
2.090805885100344153e-01
8.168160282849947773e-01
-5.006151863051189199e-01
-7.542988246357198445e-01
4.493189828729151625e-01
-5.006491368038554768e-01
2.623422465376377133e-01
8.694389212555431179e-01
5.436145566486483283e-01
2.308694599938911907e-01
3.675471568199089045e-01
7.637652269619150669e-01
-3.846263865966135231e-01
-1.312021978473556505e-01
-5.346985230249337029e-01
9.054830405520242209e-03
8.413108901047030574e-01
-5.951114483616306572e-01
