-6.376206564102380181e-01
3.338359134093307201e-01
-7.170464335527473310e-01
-6.004437807445905939e-02
-3.269219188559804312e-01
3.245597552548824538e-01
7.869619958091642609e-01
2.244184093395935609e-01
-1.325027129099476397e-01
-9.729974486652177568e-01
3.961760410966503887e-01
-6.467360120670959667e-01
9.543249503472659434e-01
-5.397405630059821657e-01
9.640240329646865280e-01
-2.516692862044167533e-02
7.434117832024569328e-01
2.534251978051662579e-01
4.927110715989198031e-01
3.334738684542619680e-01
-4.895188410244344368e-01
9.942190138736046734e-01
5.883709926069116136e-01
1.945434455716965605e-01
-4.044006571561835628e-01
-4.684656032617622312e-01
8.641912611721136450e-01
8.349861527745867651e-01
-4.635203135946575070e-01
4.116369540777375935e-01
9.098547360712132548e-01
3.858860088814735079e-01
-5.204575146100622884e-01
7.748423908110755320e-01
-5.716165591733608498e-01
-6.667671452829047052e-01
9.823512640027702858e-01
7.155066445342113113e-01
-8.776326733850483564e-01
4.861618788306381056e-01
1.802630433749399241e-01
-4.243376599537800331e-01
-5.517991051275372705e-02
7.136684129040882230e-01
4.792234693583730110e-01
-3.859608036553900945e-01
-3.192582732184106042e-01
-4.736625124639837203e-01
6.197635328407746780e-01
-1.700459244438508044e-01
5.473640436732045700e-01
-9.693795958308575322e-01
7.172746907278511053e-01
-3.378870121609858224e-01
6.640392223663993398e-01
1.217152319515033554e-01
-2.932536657360194088e-01
-6.965105997553644457e-02
-2.404357942491142097e-01
-1.585708153919473951e-02
8.367431213481819618e-01
-8.784078428513488745e-01
6.345868817206441470e-01
-1.878249476318301081e-01
8.921870589899825177e-01
4.697110506177770706e-01
6.859890139157156508e-01
-7.574924030759235816e-01
-4.555071118561468957e-01
-2.482019170127784946e-01
-9.611165721670069662e-01
6.698517163967376842e-01
-6.614923788420705719e-01
5.309999972067225293e-01
3.476557712397601030e-01
-6.648447523046534524e-01
7.732771055094289636e-03
-1.961391633295501702e-01
9.050267597574035427e-01
7.234096331277524161e-01
-9.846191144809923745e-01
2.472825978565218463e-01
3.905126298732053414e-01
-3.715697922466174585e-01
-5.141500696750564980e-01
-1.702874806355012538e-01
8.983240118662028095e-03
6.148483866286125199e-02
-9.374716742039668205e-02
-5.049836776497009794e-01
-1.183867672368021928e-02
-5.321043264174063481e-01
-2.988593679556430516e-01
-1.836719483564976940e-01
-1.726661449633790646e-01
4.696683606567260139e-01
-2.722773886953790967e-01
7.726252042898007488e-03
9.076635897884497428e-01
7.723501593865160775e-01
6.078103455522425591e-01
2.001107883727151204e-01
-9.467947685817756920e-01
-9.616395962094961281e-01
-1.002904519383822635e-01
-4.813360380198790089e-01
2.521699330223694524e-01
2.232426836704080042e-01
-8.727837034951424489e-01
4.815406752500248633e-01
3.477315483616059133e-01
-5.160505996604225487e-02
-9.764153983783530055e-01
2.637753523498949093e-01
-7.332168720932041861e-01
-8.527868331691395021e-01
8.530639841009910462e-01
7.362735310227752628e-01
-2.407734641497902839e-01
-7.633949967239150869e-01
7.658907134496992786e-01
7.091766705991173758e-01
-9.075210137314619896e-01
-1.415701991615683220e-01
5.825099035842273842e-02
-8.287129342668120291e-01
9.573180745048666118e-01
2.349837066313911205e-01
-5.435557247847142559e-01
-7.945804012475112810e-01
3.818868479837715935e-01
-6.160541300385253827e-01
-5.051247917030423640e-01
-7.607361466286619578e-01
6.260457175655722573e-01
-4.709972662075920802e-01
5.076556020139026959e-01
-8.065089831067222548e-01
3.629335322392259755e-01
-8.354992585844467357e-01
2.181327314560554953e-03
1.681436293230171852e-01
4.238732011905197439e-01
-8.034834115056306292e-01
-1.049163820906680034e-01
7.913272310796788389e-01
-8.643939088883836330e-01
5.338502640360447415e-01
-7.198014602529712036e-01
-7.880660276800277586e-01
5.390023574129254591e-02
6.451501268011017309e-01
6.397380805728367648e-01
-4.615922088539257118e-01
1.584141025373699829e-01
-4.487902393554925595e-01
-5.697459757852503248e-01
-5.398654615069899965e-01
-9.326536398187699195e-01
3.316378993460267210e-01
8.389553260929738521e-01
-2.097375559550911372e-01
-6.319958475702203149e-01
8.607496145151505296e-02
5.024410705020345702e-01
-7.914522952591513949e-01
-7.595641488136191111e-01
6.235478565324306111e-01
2.054184122081650354e-01
6.041557645219959305e-01
-1.766582913044956182e-01
5.230467754798409086e-01
3.322949756726214510e-01
-5.108524521824795439e-01
-4.210592802789019373e-01
-8.442375359908236288e-01
-9.605491736513371848e-03
2.097795203658434637e-01
-3.043155264198182941e-01
5.842399813858858426e-01
4.684229376409132506e-01
2.100533710055734193e-01
-8.543504110473967295e-01
2.494477390638578651e-01
-9.096020058479532544e-01
-5.706560233471935639e-01
4.273535097968172991e-02
3.464284645566229059e-01
-9.870188440563238963e-01
9.447157651371629328e-02
4.928240020963485790e-01
-9.162939566620658116e-01
-5.931385221020930576e-01
1.733015287832082585e-01
-7.645742193063200798e-01
-4.843260621244200870e-01
-4.045600941132820871e-02
-9.823636988994755015e-01
6.471331784270368814e-01
-2.988192732695917897e-01
2.049865712696532505e-01
8.163816796655221086e-01
-4.724961074667344274e-01
-7.822543728405066954e-01
-8.183375769170520009e-02
-5.311116011284604532e-01
-2.961630947315241347e-01
5.536408704701130112e-01
-6.348748363874905376e-01
-9.765390086013838733e-01
-6.365312975414041397e-01
2.929554032501835437e-03
9.984087419599680935e-01
2.224318718705959874e-01
-2.786271145049847853e-01
-4.587900839735752356e-01
-9.001003463302836849e-01
3.821931462834664561e-01
9.345521894824520004e-01
8.606914151878710673e-01
7.465957971660164283e-01
-3.488053958648194008e-01
-9.568741527344519771e-01
6.330088049449869025e-01
2.344562402567618165e-02
1.386500060483402130e-01
-6.936679678091610679e-01
-7.590451744707713555e-01
7.200839554572553425e-01
-7.343063717337980911e-01
-7.675148169929082442e-01
9.381224986343947858e-01
2.370337776127260376e-01
-8.283115984036015789e-02
1.334117939700194544e-01
-8.114090064795014268e-01
-6.861883223513409735e-01
4.614807308702499888e-01
5.910628937508777270e-01
9.309621678434876202e-02
-2.143555169018267481e-01
-9.196295248924029053e-01
-8.647682671200151994e-01
-2.686648459578289128e-01
7.810292514867100966e-01
-1.243234188523223427e-01
2.208068890144139207e-01
-5.968622536107486276e-01
9.279562761070254684e-01
3.147166210713900902e-01
-8.343853467776207733e-01
-7.080468558976860116e-01
2.090276370000689887e-01
5.621932956030510908e-01
-3.295613657842912936e-01
3.536665657766524529e-01
-2.894155507769795577e-01
3.342708430086427374e-01
4.131164552956452241e-01
3.521953781880242662e-01
5.813035908798216411e-01
7.671834516805680071e-01
-7.089642893854706251e-01
-3.867127647452928141e-01
2.778869155746008790e-01
