3.801211200442474478e+02
-2.659461496405501180e+02
7.746228274270220027e+01
-1.179166961345647024e+02
-6.663582907066547989e+01
9.782544057756210520e+01
-6.715534161001630764e+02
2.481427914564696380e+01
7.139916384347894791e+02
-7.002389194735191325e+01
4.084345148334091391e+02
-2.780941946231526458e+02
-2.781580728102215403e+02
-4.965885382553784098e+02
-4.768918522875400754e+02
5.172720416556001055e+02
-1.124884295522788307e+02
-3.941460926779963074e+02
1.910228594333840704e+02
3.839034292526901737e+01
-6.613719256649897034e+02
8.609132985766767376e+01
-3.066817709018002915e+02
-1.990030443782781049e+02
-3.451031569834171364e+02
-1.585532530579684192e+02
-3.205988439007804658e+01
6.057219058694305858e+01
1.194656923734761307e+02
-3.632561823910550061e+02
-2.487398957150316789e+02
1.224284051206596224e+00
3.016631200068670182e+02
-3.554940877274112836e+02
1.658047368793400835e+02
-6.490584161677796260e+01
-1.175718814553736706e+02
-8.945839989351367194e+01
2.146060926227055177e+02
-1.543366927580570405e+02
-3.743414557848404201e+01
1.929577137772978688e+02
-3.049643730687431997e+01
-3.998720599705544743e+01
6.663616264587194138e+00
-2.429697335597273025e+02
2.002524355365059137e+02
4.257004088067727707e+02
4.511230415464046359e+02
2.435240024527760170e+02
-2.987349281702096846e+02
-3.160590483608813201e+02
-3.836537287120768838e+02
-6.497676839141379901e+01
5.044790198455100239e+01
2.004632101089105447e+02
5.856483641134514073e+02
3.433055908582539928e+01
2.393463624341263198e+02
-2.031599652783140755e+02
1.004993314564069040e+00
-5.801873233667542991e+02
2.640224402860685018e+02
-1.374013272703987241e+02
-2.810127715269005080e+02
1.002327796601524454e+02
2.063127560602421227e+02
4.854267999513497216e+02
-9.932754554910513889e+01
4.122075255689418327e+02
-5.870910367408613411e+02
9.141789737370289970e+01
3.820765887000140424e+02
-1.824268785987556498e+02
-6.261055068488273037e+02
1.279285447589064404e+02
-8.850445954963967665e+01
1.977037518431499219e-01
-2.334810191987014605e+02
-9.368221610592895843e+01
-5.899493566034199148e+02
-5.500761831062303209e+00
1.909613552285813398e+02
-3.895040859314665340e+02
4.083981889216204877e+02
-1.325624646231984514e+02
1.822136123935301271e+02
-2.949122589324609862e+02
1.077716995173134507e+02
7.772839341954542647e+01
-1.853264229914021541e+02
-2.425679170239966993e+02
-2.234371735734386988e+01
3.797767966563718005e+02
2.406442631155535423e+02
-1.574171409609629393e+02
4.517526483979605132e+02
-2.012424926739650743e+01
2.832763957552644456e+02
1.515266946340644552e+02
8.960760729362278880e+02
-2.482414811282961011e+02
2.685143009506771250e+02
-5.266900806366234065e+02
-1.768904300883431517e+02
8.237624132884855044e+01
5.436867687782013547e+01
4.359118151690896070e+02
-1.666203966205443123e+02
1.512228755947596710e+02
3.153233217388436174e+02
4.168670427604861288e+02
3.519344837070570264e+01
-1.361845150571659815e+02
-1.875267920180010890e+02
2.684732944943110056e+02
-4.661752007724898306e+01
2.783586441293421103e+02
-2.486868858879723234e+02
3.482362913733661571e+02
-4.354714333009451934e+02
-2.312505365195029867e+02
1.190869088666744062e+02
-4.192048909029629158e+02
-4.278773224473632126e+02
5.745455450387365914e+01
-2.794891377095427742e+02
-7.323251846292635037e+01
-3.308349569231801297e+02
8.317793032932982555e+01
-4.902298367082817094e+02
1.090796974816917775e+01
6.402037017130271579e+02
-8.381869489089689296e+01
-1.828785740811305232e+02
-2.220165637368392595e+02
-3.393078382356452494e+02
-4.118974333298990587e+02
-5.050865869553312564e+02
6.386304780226110012e+01
5.147513749709077047e+02
-3.681478785046696771e+02
-4.007996703925927591e+02
1.967202881489148751e+02
5.739883181333689777e+01
-3.170378360858169913e+02
-4.166837358763220891e+02
-5.944788875410145010e+02
-5.344877535216109976e+01
-1.825593727273336810e+02
-7.022077749304446570e+01
-3.210937713990114730e+02
-3.987024026339708485e+02
-3.167751838427857365e+02
2.812139308678590055e+02
-5.614430837224649622e+02
1.726314907090995519e+02
2.517820455791041070e+02
1.239393924149935202e+02
1.896688326788121230e+02
-2.145271236945669013e+00
5.483323665351082354e+02
-1.264542645831678982e+02
7.134408601708924991e+00
4.602523332736089969e+02
1.139287385902700862e+02
4.095464426782157830e+02
-1.342842765511666698e+02
2.725142111574828050e+02
-2.726723204252183450e+02
-2.384847934393826847e+02
2.019559864524408681e+02
1.818557521854215793e+02
-2.463722661655719151e+02
4.373491490920523006e+01
5.262335003435448471e+02
5.029043984988343041e+00
3.012517551829594353e+00
2.318519059156077162e+02
-2.728253496526820641e+02
1.502821230478736254e+02
-3.941727399672398064e+02
1.538395264632173109e+02
-1.891693117549087617e+02
3.589242288150629747e+02
2.629156977588811515e+02
3.825121091346621824e+02
3.113723950639458167e+02
1.540155132784155683e+02
9.771880457962068078e+01
-7.094380041024923855e+01
1.892993897698550541e+02
1.496927806463628770e+02
-2.275410928956622740e+02
2.011493266306335101e+02
-5.063871643497717656e+01
5.079159337761886945e+02
-8.838455024228426282e+01
6.389499541563055551e+00
-6.244588057528086722e+01
-2.138302893252664916e+01
6.385148087330151867e+01
-2.273303001323396870e+02
3.049629119722538917e+02
1.855589559057860356e+02
2.734939802293160369e+02
-1.777886248671003102e+02
-2.628942408263167181e+02
7.421475626667493941e+01
-5.198044144854113568e+01
3.926472734149371604e+02
-3.038057817063899790e+01
-2.059332795042729742e+02
4.775301439694355849e+02
-2.468970549091337219e+01
1.901126531318137154e+02
-6.968421497450904667e+01
-2.356698465079403775e+02
7.747587970341726304e+01
-4.906620677889048352e+02
-1.095949294854773370e+02
-4.343279831734567438e+02
-1.780759560994894457e+02
4.658556668881185487e+02
4.454490519249342242e+02
4.840031050368775567e+01
3.346750946444959141e+02
-3.110547045696961845e+02
1.021225863285181532e+02
-8.533687228112982748e-01
3.312553045675202270e+02
-1.426809763577419687e+02
-4.573656726864718962e+02
1.874305936846165537e+02
-1.252446706285931128e+02
-1.309478137128708966e+02
1.441763926312770252e+02
-1.157630040138322585e+02
2.741715499280347217e+02
-5.333031433352779231e+02
-2.579378136631850111e+02
1.437694448462452499e+02
-3.848613251604099617e+01
1.589819361989066806e+02
7.064418847620988799e+02
-3.556657171333303502e+00
-4.376053256374645173e+01
-1.461772264424312198e+02
5.856268548716658415e+02
1.025506031980350201e+02
-5.770249935482856927e+02
-3.044344722794796780e+02
4.878210749798927282e+02
3.859093101881294956e+02
-3.680911522485026239e+02
-1.606022194116234232e+02
1.328446912283624783e+02
-1.811056251908524075e+02
1.255566618450016279e+02
-1.259703151446246494e+02
2.796554934766577389e+02
-1.391882763576207935e+02
2.474983506080937161e+02
-8.268762938200810595e+02
-3.669557350243059659e+02
