-3.103071718753990238e-01
-3.521508620109445320e-01
1.763119714815851446e-01
3.496457117591281194e-02
2.817597688137350787e+00
1.733878244294857707e+00
3.151550479970001151e-01
-4.702442793976014945e-01
-2.342187767280925037e+00
-1.907796099886674979e+00
-1.108394382308286463e+00
2.131086303557366612e+00
-5.910853488899416863e-01
2.678709139770206749e-01
-4.064427829212530763e-01
2.015978801731235670e+00
2.981484540495932256e-01
9.689894203698935504e-01
4.919481079604498541e-01
1.181164101127070598e+00
-1.883354296178528786e+00
-1.176824382620306420e+00
-1.963346251654709995e+00
-4.053657832666253125e-01
1.231277309348191018e-01
-1.310577708462624669e+00
-1.085953001103263649e+00
4.211257579144509489e-01
-7.079363430069630647e-01
1.880591818189776721e+00
1.853914293033209759e-01
1.348771921836128485e+00
-8.343363125811456005e-01
2.169047384210727181e+00
1.785357562007816590e-01
-4.212465261653287385e+00
-2.960228477025298677e+00
1.008341208308535020e+00
1.349121423181292023e+00
-6.226213827780566756e-01
-3.960809578748336612e-03
1.785622464787985919e+00
-2.328201795511462002e-01
-1.627490672752973211e+00
-2.150661186102811318e+00
1.452573088776190624e-01
3.213453926184456355e-01
6.309164848395726333e-02
-2.641886816904592122e-03
1.648170275824023534e-02
2.095706225611579043e+00
-8.186848433592526231e-01
3.951506804267587714e-01
-2.034672499940039181e+00
-3.947118723136496588e+00
-9.697390828237295590e-01
2.443805622054902926e+00
4.126486441504484404e-01
2.070314818405931234e+00
-1.141897345834183675e+00
-1.853437569573018084e+00
-4.272689073522462078e-02
-3.381996284367154715e-01
-1.089836304938098355e+00
-3.965732189398533114e-01
1.937216798278509788e+00
-1.929144237512992355e+00
7.555467976151502008e-01
-7.789444598926492658e-02
1.631806552846033709e+00
-2.312197015356397323e+00
2.630880971609401264e+00
-9.179038858443906435e-01
-2.257363002657582385e+00
-1.477213647396822260e+00
-1.215591715899031477e+00
-8.329775893010417098e-01
5.049253690919711657e-01
-3.055750094920959281e+00
-1.435980497384087506e+00
-1.995919435241200190e-02
2.434526992597379369e+00
1.246532258793563885e+00
-5.212436270268625549e-01
-1.755836023109883515e+00
1.449138363655666062e+00
-1.267166169421004351e+00
2.626681943620895687e+00
-3.366859036883008471e+00
4.009238773081602591e-02
-8.206779194831257396e-01
2.869620480146319430e+00
1.065417626526056427e+00
9.164191508367988681e-02
2.244337867920694229e+00
1.221264042349991641e+00
-3.391415007753834088e-02
1.818037008838274904e+00
2.542064967093493610e-01
-1.093210815073226261e+00
-1.013172095968395858e+00
5.526147346325698262e-01
-9.453504294860648471e-01
2.609674370753233497e+00
3.161964670738796279e+00
2.172603574094042145e+00
1.559891752497933659e+00
6.796637619300127664e-01
3.779059449233796997e-01
-5.713194769236416004e-01
1.841937383759817415e+00
-2.144620622273213373e-01
-1.778659345016979199e+00
2.382662171235700121e+00
-5.870269707439108586e-01
2.430669639408333360e+00
-2.376812680975810999e+00
-2.269023601236246357e+00
1.693150600017000684e+00
-1.551729018789747228e+00
-1.587618994419677687e+00
-1.048641952729037818e+00
-1.788596906704357448e+00
1.863880514418246648e+00
3.444723110842125013e-01
4.166404913193666459e-02
-3.292372229319416865e-01
-2.064890546248668635e+00
-2.641454478040944354e-02
-6.733234603074123026e-01
-2.950137542464419838e+00
-1.716527509861454970e+00
-6.127898739224151015e-02
-7.205488200556382505e-01
-3.254488956598844851e+00
2.047273592216733107e+00
-1.665438152801880789e-01
-3.547912713955698738e-01
-2.835344804217848402e+00
4.621016290207992094e-01
3.696718425725262769e-01
-1.220055405330895848e+00
8.856133800654636401e-01
6.547927115777425477e-01
-9.421192688618595934e-01
1.605505300954170433e+00
1.254575512411213900e+00
-1.570980841119404836e+00
-1.616734473621978641e+00
-7.540297372833709710e-01
-1.817875276066974966e+00
-9.099467822928856142e-01
-7.587803507545267667e-01
1.330614741846086080e+00
-1.322000988273104749e+00
-3.389325349946189725e+00
-2.699474644162430437e+00
1.090744640723691372e+00
-3.783752167826056390e+00
2.286708807420923417e+00
-2.984200518252452472e+00
2.519984762827076175e+00
-1.947985271653999817e+00
2.856701523641894669e-01
2.701594487870819350e+00
-1.746946503913774817e+00
2.731887179378845509e+00
-1.613899923721790586e+00
-4.257580258849132937e-01
-2.188539152174498348e+00
-4.952465246161484869e-01
1.721239584882741536e+00
4.888075637373606730e-01
-7.456490176786184643e-01
1.172021349775715038e+00
-1.270984204834164633e+00
-1.891596345498929299e+00
2.133183209878200870e+00
8.938516763465402803e-01
3.939835946361375907e+00
2.235962187271969270e+00
-5.324382614121574431e-01
-1.069970660950848806e+00
5.728431340641548797e-01
-6.262241218596790171e-01
2.622316181244552347e+00
1.917690051946133067e+00
-1.393280487191895789e-01
-2.233826643782504284e+00
-2.576781104588802940e+00
-1.890188634202150109e+00
7.412427227997482326e-01
1.084795478550941050e+00
3.388829098046151067e+00
-2.222446991176155962e+00
-1.232318891185257836e+00
3.081802761265810542e-01
3.155949105198224691e-01
-4.436558290196079279e-01
1.233479748403648379e+00
4.826452058079228058e-02
6.255003327501504895e-01
-1.893697913812204536e+00
-1.400860143225833854e+00
2.034968684966357522e+00
-1.879580667941887828e+00
1.824616574270936598e+00
3.107894204068860411e+00
1.646286836908724682e+00
-1.334949489746348306e+00
-2.032905557004912822e+00
1.447816929984715451e-01
4.308919766089913672e-02
-1.222099224759935598e+00
-1.844484567490637161e+00
-1.087162668734834026e-01
1.218189518001692839e+00
1.254363875915834869e-01
1.770984957964778506e+00
1.604239669892972842e+00
1.188552375328664201e+00
2.804536384358493173e+00
3.114312400321070484e+00
7.536430930730440014e-01
3.316344420998044829e+00
-9.653057768864754529e-01
6.113190558227885596e-01
-1.092751428003459591e+00
-6.028450573692614167e-01
2.088693653411453965e+00
3.995282388984174315e-01
-7.213345983068477629e-01
-3.115770410776907973e+00
4.011839795460440117e-01
-2.507815650090735815e+00
-3.135402190834288838e+00
-1.431644795986485086e+00
2.391174114713018106e+00
-2.661895417855020263e-02
1.045274938787025820e-01
-1.261159229982318664e+00
-1.414604811387133676e+00
1.798702376472423925e+00
-7.123311661742416367e-01
2.126732704128890816e+00
2.691251600098342411e+00
4.036037436105154308e-01
2.622863021727520838e+00
-8.246420373205337606e-01
7.853263177672357154e-01
-2.887631904006768280e-02
2.848442137475654334e+00
4.706109604613233077e-02
2.866632023380933258e+00
1.329952314527620416e+00
1.272743888410615476e+00
2.014151938132999753e+00
8.105211354907643218e-02
-2.015114088262753178e+00
-1.955839884302659204e+00
6.043286764437050262e-01
-1.472239811644553642e+00
-1.450642429990928850e+00
-2.299233959755931700e+00
-6.452536333795715340e-01
