-1.647357180751941153e+00
-2.677127024588186632e+00
1.563517895581318928e-01
1.858495744049252774e-01
-8.820241087301905480e-01
-8.885922800621244289e-01
-4.710495604904845757e-01
-3.558096101581595949e+00
-3.418785029269921782e-01
-5.264993681196712405e-01
-1.512303628500022423e+00
4.416199791095812843e-01
-1.956375178533253489e+00
-5.464566187082720017e-01
1.750871066876734661e+00
1.001951080953056961e+00
-7.326729476609969982e-01
-3.690268442671021720e+00
2.787774018694563427e+00
2.507393195393492480e-01
-2.934195485436993600e+00
1.358886798664353579e+00
-1.043447726371603324e+00
-8.402249427251717862e-01
-2.873304547365838957e+00
-1.064407509991744383e-01
-1.724555466321387787e+00
-8.304587477496717662e-01
1.160760476087731918e+00
4.709370014913621394e-01
2.020590883483803779e-01
-1.345643951599707400e+00
1.866104770653084222e+00
7.642884262480129642e-01
-1.371788505108691991e-01
7.057169162202127088e-01
1.299072184939934926e+00
1.302655909392976596e+00
-2.965234844569905048e-01
-9.388113942539464407e-01
-1.421288570524741779e+00
1.126826693515897926e+00
-3.646831395442312052e-01
1.019567089033246887e+00
1.003826124676698406e+00
1.061824480113649383e+00
-1.061524121165767109e+00
9.156333258190838542e-01
-1.249093551768937438e+00
-9.968175416639204478e-01
-1.352389752891218988e+00
1.484677286744378266e+00
-2.227695550154405457e-01
9.519458369985792645e-01
-3.991260140571321058e-01
-1.280121535783307785e+00
2.793851721459486459e+00
-1.120556516527287050e+00
-2.001365391742836453e-01
1.107518536124012076e+00
-2.741514930138710393e-01
-2.151995173049233046e+00
1.784170544101189693e+00
1.298829623326768656e+00
-2.436629200140923324e+00
2.140862144864383421e+00
1.805608978847296875e+00
-6.972298771204112899e-01
2.020935734221290525e-01
-8.342791513301675010e-01
1.065973547879286221e+00
-1.052485963473913655e+00
-7.104158091179271217e-01
-1.662180208623178501e-01
-2.636730583362449920e+00
-1.756540198092441774e+00
1.105080206827103728e-01
4.220981932093776923e-01
-3.444899015561119215e-01
-1.567463121371153179e+00
1.376832448896124550e+00
2.026571599436105320e+00
5.279258558313266736e-01
2.880838830495746627e-01
-1.240205699865604805e+00
-1.937086052648205214e+00
-5.812603866306113032e-01
-3.674536215169101894e+00
2.298074030132105372e-01
-1.087657252673462693e+00
1.220654722975285544e+00
7.146033333321533121e-03
-2.476811329194979372e+00
-4.385270767479578780e-01
4.377073713709302982e-01
2.773128523869079487e-01
-1.858139129039902138e-01
1.357995659765906638e+00
-1.431149010791515241e+00
9.013681150038748147e-01
-1.964126032746631445e+00
-2.144643209378036097e+00
-1.877525352701161943e+00
-1.831479798744014786e+00
-1.028690926437359487e-01
-3.016741990120480055e-01
-3.957549472224949905e-01
9.156661084880962642e-01
1.371110688546762213e-01
-2.340875632458594424e+00
-1.054687478296042924e+00
4.221905078541700052e-01
8.348646535695981585e-01
-1.011886917666318109e+00
-1.231391157497827793e+00
2.022082505807640818e+00
-1.179810825572769062e-01
-2.214178498042902454e+00
2.797213036805997977e+00
-1.857587376851161931e+00
7.010179325477710055e-01
7.640818677439649154e-01
1.096228858946420859e+00
9.606011789184901728e-01
2.186643848338104545e-02
-1.618739995818730071e+00
8.059916875124129021e-01
-1.035019608788922685e-01
5.372458223165641478e-01
1.290309475628199642e-01
-6.132894713992064206e-01
-1.612139902569599270e+00
1.094878318950415874e+00
-1.432663666496926780e+00
1.503727137040393291e+00
-1.368255099479637193e-02
-4.433582930047472725e-01
2.932685871894718410e+00
1.456916299889458033e+00
1.904163547749572860e+00
6.652394738552551701e-01
1.440253553493847871e+00
-1.135512537459268056e+00
3.365048430224072629e+00
-3.872015543393054759e-01
1.002443378156214315e+00
-1.857692872321339062e+00
-2.412035826870817523e+00
2.473354027746409223e+00
7.204829738019836727e-01
5.315520527493986513e-01
-9.735152194228746669e-01
1.421454551766740959e-01
-8.606549040156926678e-01
-2.704826384533243200e-01
1.922571350617080288e+00
-2.175880065609913760e+00
-1.209177826039493198e+00
-6.858404276680168943e-01
-7.119208959690253025e-01
-7.345948561437046775e-01
-1.693717045880396288e+00
-5.719934257797253396e-01
1.068225030709897272e+00
-5.960748067050793964e-01
-2.328380266716888691e+00
-1.477059092080109215e+00
1.230095341594796832e-01
5.310545713684449165e-01
-3.473768439012839271e-01
-2.694086807107588299e+00
-6.917823117831417568e-01
-8.186285615275923355e-02
3.907871682469634678e-01
1.864731550535632110e+00
1.756009799599804300e+00
-5.445259955912956640e-01
1.224249066598691815e+00
-4.524590098592594645e-01
1.391000300723127747e+00
-2.205690919589745835e+00
-9.109931797008783416e-01
1.143300349785297598e+00
-9.239885017366598063e-01
-2.699551082195653873e+00
-1.811413030963062276e+00
3.093771705606060962e-01
6.190411807357065754e-02
-1.197001887304350642e+00
1.004076084166567018e+00
1.385362231432191837e+00
5.551924935665540906e-01
2.285419351935420895e+00
-9.856473694087890536e-01
-1.592494562067599428e+00
-1.134230097735539067e+00
2.559773401638447687e+00
1.443859060066438049e+00
-2.992960866996835723e+00
-6.840955601941568487e-01
1.834891434585943060e+00
-8.837729356143796400e-01
-1.186838059416725377e+00
-2.051482465788891096e-01
-1.568701928892502817e+00
-3.661656481343202318e-01
-3.164941887149261834e-01
1.239197340825217708e+00
-1.671041088755478299e+00
5.448144623238404538e-01
-6.557482947451024335e-01
1.610063369948535161e+00
-1.880882710282709702e-01
4.222606225542846481e-02
1.690852402575352631e+00
8.038793330705766849e-01
8.312975943109601751e-02
1.992445405672635950e-01
-1.374873432813587648e+00
9.442200988805549144e-01
1.825901369157110876e+00
-2.061150747048230869e+00
1.749887066697901616e+00
-9.301564318905675144e-02
1.334366120366966779e+00
-7.834349999836294209e-01
-6.428547065026419816e-01
1.415586445891519940e+00
1.018055417167338605e+00
1.212190747452703832e+00
1.581839409936503182e+00
1.985606118215782701e+00
-9.771238994818847168e-01
-4.258102152051192468e-01
5.052047451432684078e-02
1.124873715099133920e+00
2.658179073566877548e+00
-1.873897857850215232e-02
-1.643937700071167018e+00
-1.091422344984608994e+00
-6.419042241477342925e-01
2.581744864604464951e+00
1.046844606038100478e+00
-1.197492965023257971e+00
3.434431683813721214e-02
-1.018647220566990530e+00
1.633901837372523813e+00
7.762157888584453325e-01
1.595403985433866412e-01
5.893903856214071091e-01
-1.600929595221159074e+00
-2.057132843692321966e-02
8.284890910137179265e-01
1.230345055408430532e+00
-6.510653835993307492e-01
-1.849352007310950952e-01
2.717563018964668231e+00
-8.562542749797248387e-01
1.554675538217985542e-01
1.124131628991790866e+00
5.959374679606098679e-01
-5.046971039650784974e-01
1.810144175661333010e+00
-1.262230826590290400e+00
5.155837029123622184e-01
