2.861772452988031179e-01
2.460173740538050069e+01
1.460857266410356026e+01
-2.276051138291354192e+01
-4.123755159008489102e+00
-3.192463791739300838e+00
-7.289051545494481310e+00
1.290608792478902345e+01
5.308036285099890783e+00
2.717529592513096404e+01
-2.274161594473502035e+01
-1.984749255623308883e+01
-3.007879047380444426e+00
6.366305868083276920e+00
-1.904134971109240837e+01
1.478365276438231568e+01
6.509357069734169166e+00
6.145320795199364028e+00
-1.306932626447379953e+00
3.370320924451899458e+00
-2.955539731031283424e+00
-9.425138772852438507e+00
9.350268084844817196e+00
1.636917677244274927e+01
-2.255579309104200902e+01
1.426854018615960662e+01
-2.277200519115547550e+01
1.431034086814881334e+01
-2.650317669897180650e+00
-2.483106705065913022e+00
-1.008965760020537417e+01
2.972671385375037723e+00
-2.451830872289930241e+00
5.257004153900000532e+00
-7.042373180892377960e+00
3.749790165907521455e+00
2.923086061703494565e+01
-1.167073131865675251e+01
1.923679571625524432e+01
-4.014005976483646521e+01
5.029887410246572266e+00
9.117121279256771516e+00
1.283156203919016214e+01
-8.942037625173313131e+00
9.622962156475548312e+00
-2.089430935207707662e+01
-7.045621405905515999e+00
6.057576286256833420e+00
5.955887308355835685e+00
5.248494515295369034e+00
1.108000934239705337e+01
3.449184695985550064e+01
-1.583625482942879081e+00
9.735589724008573143e+00
7.873125309800192539e+00
7.180010488178282024e+00
-1.813126461348738161e+01
3.556169102397177539e+00
3.777197130062031505e+00
-8.755978847824648525e+00
-1.094788390169141046e+01
2.638611102606926551e+00
5.685262223510223478e+00
2.328559457524020360e+01
1.795520431131339834e+01
1.061041510625033091e+01
5.507542172038049522e+00
-1.696744937640824702e+01
3.244853181780043627e+01
-8.285227640407741845e-01
1.466582904380112495e+01
-9.946641528215984351e+00
1.756374469341115185e+00
9.009640516785379916e+00
-4.144445873682339188e-01
-1.253952626471857812e+01
1.305323027877705222e+01
2.366680807480175019e+01
-1.896138657573425146e+00
-6.905065170229996774e+00
-9.164196924866905292e+00
1.210811317853557689e+01
-2.057323265033486948e+01
1.925423889935834509e+01
1.068365031712150248e+01
1.100188014043943507e+00
8.162424625099246711e+00
1.662480061881117521e+01
1.881297402585117240e+01
2.373323001972865143e+01
1.910192586495140432e+01
2.038908295641367885e-01
2.624679699859113313e+00
2.256127395913685874e+01
-2.830405674914517000e+00
-1.316246200653572274e+01
1.039835566536294564e+01
2.301982223150967677e+00
-1.048840679730737691e+01
-1.858269824930515313e+01
2.383094594999794680e+01
-7.988141449011807893e+00
1.676816384303162266e+01
4.673926457573039706e+00
-2.481416979463215267e+00
-1.656105080782561245e+01
3.288559130021461385e+01
1.549173757641143112e+01
4.129461219920807835e+00
-6.307623613344862434e+00
2.618077510636656058e+00
-2.475920620391953264e+00
-8.478083814186889722e-01
-4.512481007193875016e+00
1.988489391351762503e+00
3.372656032369236812e+01
-2.182618060040932662e+01
1.236859510037561982e+01
5.158615133996177882e+00
5.128433570043126721e+00
2.371552695442390046e+01
-1.246948077241661323e+01
-1.097886208671698727e+00
6.211881321393945221e+00
1.327123472212472777e+01
-4.724744872182345290e+00
-7.875834628647016000e-01
8.921008758148872175e+00
-6.319049462562349007e+00
3.773673484550143620e+00
1.664774877486430427e+01
4.610853777235820239e+00
3.950233085743923844e-01
2.619954547870081640e+01
6.462214776903388191e+00
-1.647273836408793546e+00
2.014353990843048692e+01
1.213533702615474663e-01
2.902899889900438346e+00
-5.599346243793655198e+00
-8.708442608860504919e-01
-7.055646948289213682e-01
-1.113221204435347644e+01
7.121826328953736684e+00
-3.453696229816664243e+00
8.386555603626197453e+00
-1.075920573996723739e+01
-6.285691890819164129e+00
4.171565799258864615e+00
1.770542167700919478e+01
1.902543913475490100e+01
-1.995488472924665047e+01
4.053201048338598511e+00
1.412365157986490161e+01
1.976745056965529912e+01
1.249278185342791758e+01
-1.608888959367401128e+01
7.608443484618964803e+00
1.349937824137975184e+01
-2.179218056675844295e+01
2.941749289897228170e+00
1.178225534963314480e+01
7.239925145433649512e+00
1.359997977377821243e+00
5.196325797981443451e+00
-1.686043630365406543e+01
6.388871612987379045e+00
1.139868850916935017e+01
-2.024402551089170998e+01
-1.877376797754134330e+01
1.204528787739773321e+01
-2.100822264923385063e+01
-3.229973634629640378e-02
1.168333188586443505e+01
8.865789418617209705e+00
1.511992483463249393e+01
1.312421947354706830e+01
1.928224784393199087e+01
-6.358986190798614491e-01
1.683189272124116087e+01
-1.880602162042751502e+01
-1.118777991916588377e+01
-1.051420762604406534e+00
-2.872406841227270746e+00
5.906939534588440566e+00
1.391742749055158868e+01
-1.896794482933902515e+01
-8.356848552336316516e+00
-1.858580059431440556e-01
-3.739301452865540654e+01
-6.306036194754851110e+00
-1.284321491964976225e+01
1.095874274392976844e+01
-5.739464499375984019e+00
2.130584388272689367e+00
2.284664918376723364e+00
1.962680174688774670e+01
6.992733934287347353e+00
7.801948981423190155e-01
1.874800239895719400e+01
-4.142204086466546897e+01
-2.881079816791821901e+00
2.474159321432497194e+01
-7.360277252062639164e+00
1.136463436680729799e+01
1.157065468609517644e+00
-9.586844162867029340e+00
2.853773989861027616e+01
-1.541862183357181060e+00
4.278549992734211216e+00
-2.784079139010982029e+00
-1.264615304363816506e+01
-2.508930372806731590e+00
-1.363869779503140123e+01
4.262456838417167049e+00
4.683960110765640117e+00
2.110377474755520844e+00
6.105405392882919280e+00
-1.151485376225690027e+00
5.812252231652851542e+00
1.151563494447674429e+01
-1.493644898064994564e+01
-1.257306727918146549e+01
-1.301147822254802122e+01
-7.487825321935372536e+00
1.014832209879689806e+01
5.009841033338577887e+00
1.058297070919636873e+01
-1.908159102023851972e-01
2.201102137196893693e+01
-1.592078028406163526e+01
5.600265008223831664e+00
1.650461384521672770e+01
4.439692478325907743e+00
4.669339554215260479e-01
4.798748358400794167e+00
9.742076970682479242e+00
2.969107801786744716e+00
2.356733100371999612e+01
-1.433029610337401394e+01
-9.754750622241251889e+00
2.591153119273960304e+00
-1.360962156004572776e+01
-1.648400211909494928e+01
1.177398790027363340e+01
-8.424119339616389368e-01
5.372934284506900582e+00
9.032346513010601541e+00
1.568045422894965668e+01
-7.210310020548390320e+00
-6.697124002427678136e+00
-3.385532111890154461e+00
-8.489080430344948525e+00
-4.740796263162469160e+00
1.548449371163503407e+01
-1.324749888011307775e+01
-1.288864986561134351e+01
1.361354269895295177e+00
1.130891673457336211e+01
-1.840938772274844482e+01
-1.156794773481184713e+01
9.663595065910765669e+00
-1.655168038783640228e+01
-2.007468340243582716e+01
6.475857624156555303e+00
