7.778086279338172204e-01
6.735069312720769474e-01
3.730931014233320742e-01
-1.672924745676440672e-02
-4.660407669059234426e-01
-5.137042633238266820e-01
-7.613935642195166498e-01
-9.996301099339610641e-01
-7.760455303541820005e-01
3.816725216093599382e-01
-1.698325696202154234e-01
-3.687513137353166659e-01
-5.243957900518678716e-01
7.081111078071515852e-01
-1.469047547380484264e-01
3.548673755948823505e-01
-7.256199957610085516e-01
-4.504827121811141311e-01
-8.230619720905740788e-01
-9.263507450665664500e-02
1.869826588690715052e-01
6.802010327488443586e-01
-6.048634740646245955e-01
-1.752200841093085604e-01
-1.228876255665078965e-01
3.240295480024197872e-01
-9.443565552577812827e-01
-8.140659639956626670e-01
9.235559137976403488e-01
-2.299696534535531356e-01
3.021897348560793617e-01
5.829372799203609290e-01
-8.006589802167947134e-01
-1.756613093419026050e-01
-3.039768120166825849e-01
5.919320562708092481e-01
-3.289353693929981670e-01
6.473076944807356625e-01
7.582860209569730614e-01
8.555892062101813078e-01
-5.963564013789084406e-01
-4.379803404199644756e-01
1.915819682625803377e-01
-2.559811024175908667e-01
-3.037107953149229544e-01
4.196928929669385688e-02
-6.705425666999251799e-01
-9.709241763414906412e-01
6.606095517553600693e-02
8.142554050763408657e-01
-2.478975048530744907e-01
-2.679337055114068278e-01
9.255469267815543688e-01
5.003086144139530234e-01
3.459510302416914929e-01
-1.719418675800632457e-01
4.107053742310513567e-01
4.321692680379645157e-01
-2.697411612093980615e-01
-6.895071052890133778e-01
-3.175330965314329124e-01
-5.252718042147375144e-01
6.402724068841842975e-01
2.349283114475950729e-01
-8.475156046973075785e-01
-8.846178706270009240e-01
-6.209772880014430285e-02
-8.553309401977471360e-02
2.508733510464269401e-01
5.498116030579491831e-01
4.115164743870241004e-01
-1.026072776699786804e-01
-5.557843659119201529e-01
-7.304320651324063274e-01
-7.142778823303408409e-02
-6.195229472975343210e-01
8.396542428347595344e-01
2.815990694763064184e-01
-4.327401471222955820e-01
-2.739372156938861824e-01
7.630920337772317819e-01
4.159412792371617318e-01
5.570893764264914783e-01
-6.358523474818356114e-02
3.172600349010412657e-02
2.028346810944126055e-01
-7.909371489829011281e-01
4.314351727439613704e-02
5.354059826786377041e-01
-7.920127630374600436e-01
-8.820053375169876198e-01
2.054476928160959837e-01
-1.109283232018478671e-01
8.599556908729615312e-01
5.219357238180029057e-01
8.610974257412271626e-01
8.188355250012568920e-01
-1.037487697370156337e-01
-8.588504552034048611e-01
2.100130198845344687e-01
-2.065911180092379063e-01
2.929086773844156166e-01
6.507226924011280111e-01
-8.773986430696201211e-02
6.963087705235586622e-01
-3.782413030000888465e-01
-4.029151843291383095e-01
9.139768353487158770e-01
-3.851275328689138799e-01
-9.985444306827102601e-01
8.880433710823085747e-01
-3.387651245274927447e-01
-1.275914842494179080e-01
4.867889897084098916e-01
3.561785790040987720e-01
-5.575745646016740942e-01
-3.774936212024919691e-01
9.720285391673815223e-01
-9.268840021489461733e-01
5.515615954006158894e-02
-8.066069247390093011e-01
5.342582630685928091e-01
7.883922087467620798e-01
2.076396887339591046e-01
-1.251466304052268885e-01
-6.679950329389283681e-02
-7.702470672241223948e-01
-6.708969090677157077e-01
-1.310218258003397196e-01
9.649719403196113099e-01
-9.719525027417956764e-01
-4.386699194805672164e-01
9.028272076987113870e-01
-9.545471677610184447e-01
-2.859617702941956718e-01
8.898964582014217140e-01
3.219954684091876906e-01
8.485951661846184990e-01
8.657834250809768317e-01
-7.210120771750481161e-01
-9.746012870655471616e-01
2.946784031068616638e-01
5.708079284708404977e-01
7.221817416219964425e-01
9.382092218508635284e-01
-2.039709060817624930e-01
4.499848404334205743e-01
-6.240783570239907263e-01
3.403085633316416114e-01
9.241215042202737262e-01
-2.211395034338690113e-01
6.461365244571064537e-01
2.045923502586795006e-01
-1.772586099689250627e-01
-4.472895499449380807e-01
6.886606811497739677e-01
1.014193959380487176e-01
-9.702768292603056732e-01
-2.690935829775003008e-01
5.467628620744424683e-01
-6.874239556084682512e-02
8.824246731801013155e-01
-5.173928968886394308e-01
-2.042216740794078333e-02
1.894661869660663189e-01
-3.300531729225955058e-01
6.633431172295620737e-01
5.467410237277303686e-01
3.894990161794462669e-01
-9.584718472545612489e-01
8.958575371358867834e-02
-4.567408063347002667e-01
5.337398640874684297e-01
-3.355765907116516900e-01
6.365072299796199484e-01
-5.121487894142022768e-01
2.359760007333036036e-01
-5.685853038438815066e-01
8.581218389224529730e-01
-6.180046031085992819e-01
-1.805429945483383314e-02
-8.059336433440946745e-01
-5.830519792905697329e-02
-3.284237030941645763e-01
-6.700330525559488049e-01
-3.608448128821124534e-01
8.016412527786183073e-01
7.021727969154565319e-01
1.479742617735870791e-01
8.337302020749570719e-01
8.100136841446508029e-01
-6.014146833155857852e-01
-5.855765743974579163e-01
-3.278964402689354962e-01
-6.978691753313399637e-01
6.682415488115878155e-01
7.679288709528619972e-01
-4.585994566881719248e-01
-5.642308786723448932e-01
-2.226681161928185659e-01
-3.213984645356426917e-01
8.491180316366757630e-01
-5.250351425570853880e-01
8.309007110751103209e-01
-1.793368371134653749e-01
-1.071280193538510783e-01
-2.369959105376084896e-01
8.084021872323037261e-01
8.239967059327486520e-01
1.824651650263806602e-01
-3.998748146122887981e-02
4.778874657859555342e-02
5.820932352759353723e-01
2.385198982835796677e-01
-9.667542240610551563e-01
-1.598815695712314522e-01
-2.269473080764370376e-01
3.237389164320254586e-01
8.754587337521040347e-01
9.491118620784977367e-02
-6.876843900267435306e-01
1.876487401191617721e-01
3.835034439634510406e-02
1.172894311722068039e-01
-6.177775187579892524e-02
-8.435705011230949513e-01
-9.773095851394710820e-01
-8.803184336974687607e-01
-2.477899731985597764e-01
4.912423492230868494e-01
-4.326656089449976150e-01
-6.460029277562635563e-01
8.271703314497007575e-01
7.369167639472349318e-01
-7.147658525134994445e-01
3.605879155706055439e-01
4.051980715243785891e-01
4.669163396573938751e-01
4.086415563377499005e-02
7.492733767875832118e-01
-6.750770032846298285e-02
-5.658841500796962798e-01
-2.769577022217795115e-01
3.192856414996880776e-01
-2.827229545460356874e-01
9.207958957410617984e-01
5.576987941369559998e-01
-5.350609716705774233e-01
-1.510046351099687545e-01
9.068013996735599935e-01
6.545955582134888040e-02
3.401490807761882174e-01
-9.982593999613273983e-01
8.012206378146389252e-01
9.326584685980878753e-01
6.124767866755851387e-01
-5.721594265751810404e-01
9.638142764789765504e-01
9.774763623232447518e-01
-1.819141536402830717e-01
-8.107861531956537249e-01
-7.776269253910756962e-01
-3.554274450058863000e-01
1.197208574867560937e-01
1.656432854490765827e-01
