-7.697766337257663238e-01
-8.082151082748012527e-02
-7.754917277119841579e-01
-4.563776811365460873e-02
6.478589010668247550e-01
7.745905082186388402e-01
-9.267731408314014985e-01
-7.834263915382007060e-01
8.491387955968865420e-02
5.238587401125740506e-01
4.348301605254061286e-01
9.190283296369796684e-01
6.268115231929929365e-01
-9.939226853570266584e-01
-6.435452280768951816e-01
7.987962873097775862e-01
4.207339630106399220e-01
9.441707436847710522e-01
-9.750463833916100942e-01
7.195647134625500208e-01
-2.160920025540911116e-01
-5.330580196227054923e-01
-4.902931334459854629e-01
-9.437496088178647380e-01
5.792703655463833368e-01
5.579771698328241936e-01
7.346485972967278233e-01
-9.808432973592209336e-01
-2.919735485876797654e-01
6.267230272299963989e-01
-1.563115705375501818e-01
5.464790134881349903e-01
1.735917827457964524e-01
-5.517887063517818991e-01
-6.203967546037048031e-01
-1.171353249089901460e-01
2.232097360294507116e-01
-7.784698970904095905e-01
-7.480609894180971775e-01
-9.107865937338299744e-02
9.322742327477719915e-01
3.063648151801134922e-02
6.677747195171030992e-01
3.517799276051114532e-03
2.976158303116789305e-01
1.031953050418998874e-01
8.855998687081818588e-01
-8.037695663476389640e-01
3.145289986741084398e-01
9.741294733924539262e-01
8.441685853673641660e-02
2.176051512718184533e-01
4.416902061086853681e-01
1.708826324920622586e-01
-5.769698608362454628e-01
6.042602871945401688e-02
-5.965445395548663043e-02
3.362988731353921956e-02
9.667338367970823576e-02
-2.489853318708590280e-01
8.986981060852488046e-01
2.279698686470110758e-01
5.510610980973249529e-01
-9.489312835165859550e-01
-2.189699206738748849e-01
-8.894920414785163487e-01
-4.718749471921312999e-01
9.970444381806546907e-01
8.640485046503731947e-01
7.029907876797347743e-01
-8.805500967000803314e-01
-5.241148586250858887e-01
9.264683508735689355e-01
2.753373320536227631e-01
-8.464918518296560279e-01
8.777938150068897993e-01
-7.933404260556797816e-02
-4.500141645214865704e-01
-9.082527739453234439e-01
4.430592939026145594e-02
-3.726952973726680440e-01
-3.378767736105665609e-01
-7.017429425595589354e-01
-3.342292318383377481e-01
7.871576525536330138e-01
9.965556127474339831e-01
5.820127958402609991e-01
9.615739990210654398e-01
-5.914415075764076768e-01
-1.344090417303012153e-01
1.076041201476649611e-01
5.152443226998213444e-01
2.559345505458689995e-01
6.653934867458206615e-01
4.557755162536782922e-01
-7.729137074879792735e-01
-3.196722796740600891e-01
1.511571619669394018e-01
-7.691325803320077092e-01
7.580923252165547854e-01
-3.397231384144070443e-01
5.311207708494509738e-01
-2.512241113600464093e-01
1.714002387813822192e-01
-3.189193290872380793e-01
4.252393527842879273e-01
8.190982525991936658e-01
7.452542437654092744e-01
5.350805532997893188e-02
-9.787617283142449054e-01
1.174326238724092697e-01
-7.496473709986184453e-02
-2.315745352167077886e-01
1.498379126665574379e-01
-5.130259338022535864e-02
1.903933130671633389e-01
-5.039943865766702835e-01
-7.581162793051170468e-01
-6.821801657543768993e-01
5.564099291010542458e-01
5.990718438946565083e-01
7.466287642943598701e-01
-4.757981059369011945e-01
-4.517323863780784432e-01
-6.645682085701714037e-01
-8.880103518418485109e-01
-8.797709392102797121e-01
-6.129566899832989968e-01
3.463777190903809533e-01
3.370935089528550588e-01
-9.643820867161225774e-01
2.077715914887967585e-02
1.278157331858154055e-01
2.418054936568743152e-01
-3.574405347047582282e-02
4.604518115135909362e-01
-7.349014136066258640e-01
-3.507147240814771916e-01
8.230482265297802691e-01
-4.780941001425527137e-01
9.870391253954293731e-01
4.039270052870451710e-01
2.882918913509666670e-01
-4.774808513658472808e-01
9.029298646212753354e-01
8.021364152521157642e-01
3.330243171078706155e-02
1.577004371457564336e-01
7.920018333830678436e-01
1.611869632254931961e-01
6.636762994056268905e-01
3.348019764128848941e-01
1.671747656673612248e-01
7.317263257203869831e-01
-2.608790140886070308e-01
-1.844513921553441183e-01
6.616076833862309936e-01
7.959450068207527540e-01
-9.641624522539016251e-01
-8.424886487915892452e-01
8.430897931027900860e-01
-6.954000861490192698e-01
9.459322127931364399e-01
-6.088438737017116686e-01
2.711327918053514363e-01
-9.451756700774851527e-01
9.322649631685628879e-01
5.243451338571905040e-01
-3.006078535101819327e-01
3.430924381510171983e-01
-3.895096022032746852e-01
4.573041649872970904e-01
-4.810953592415183611e-01
-6.272725521853275144e-01
-3.158837305575521448e-01
9.799542082732481951e-01
-1.686879642527128187e-01
2.381128660809330722e-01
3.940724890318292317e-01
-8.020318606067202705e-01
1.778947916859485723e-02
5.808098607799905277e-01
-7.625262904505314410e-01
2.176510757706033861e-01
5.662027058928689183e-01
-9.628915325004625547e-01
9.656561478396854525e-01
2.736504792488743121e-01
4.921948956539692333e-01
-1.655218229526782547e-01
-5.926236585170501225e-01
-7.874469238612582522e-01
1.299168881086574245e-01
-5.751170789282773477e-01
4.452324467533990138e-01
-6.680578523692421999e-01
7.404381800181760731e-01
5.087911564374780760e-02
-9.562055275486407435e-01
-6.297752405140546461e-01
-6.888302329141235969e-01
1.834428544547621609e-01
-5.508011526642027089e-01
2.454036672518284945e-01
6.613516155276129016e-01
-1.940889524178586178e-01
8.253886462649604461e-01
-2.599075014714102849e-02
7.221938981822995096e-01
2.892981288744784774e-01
6.208252019951343570e-02
-5.540995976488358732e-01
-8.869220343528434469e-01
2.251619027856890387e-01
-4.899665691244534660e-01
8.713425653618342981e-01
-2.201578689137624334e-01
8.753997087859219928e-01
8.103947793638703878e-01
-8.691963778988889278e-01
-3.947086206160401733e-01
3.673626248421189011e-01
3.616911778373852471e-01
2.091977920831442628e-01
5.572755197554464246e-01
-6.141292569038694360e-01
-2.362853313091561880e-02
4.433392295929403648e-01
6.539166957791617829e-01
4.118431816212382302e-01
3.181381471889466184e-02
-9.185179147002031641e-02
-5.427833893126581266e-01
2.943253580540254877e-01
-6.084758532118408336e-01
-3.053575184316681401e-02
5.271011929674789265e-01
5.103909730757798524e-01
-7.724675399119962371e-02
-2.034222559302822919e-01
-4.788244568449631089e-01
-4.094562650829272066e-01
-6.553248657723691473e-01
3.422485048448176137e-02
4.834324659019013648e-01
-2.751536734991675281e-01
-3.173665188287777550e-01
9.129009213011820556e-01
6.299211959570663044e-01
7.466255977923956788e-01
2.272077937917558188e-01
-9.520683150124589211e-01
7.522946804059134074e-01
-7.408400102043515290e-01
-1.029345941462289638e-02
5.597126340890112850e-02
-8.759171668890437523e-01
-8.238558580287458355e-01
-6.670907819855167453e-01
4.837410047007242309e-01
-8.852651935342346068e-01
-2.502765965223172628e-01
3.740976241656379653e-01
8.143009874230198175e-01
3.546131318546066336e-01
