3.599266469348338937e-02
8.025708802390716379e-01
5.742001359023707341e-01
-3.244769268016167718e-01
6.014567400746342329e-01
-8.426586711667314322e-01
-3.539685807217256563e-01
6.690808619649826205e-01
-7.309205683118100705e-01
-9.533967015120345945e-01
-5.846658045636594636e-01
-9.366662414181832208e-01
6.349780052752511672e-01
3.039918722071868196e-01
7.721099739196819467e-01
9.958533220594643076e-01
6.094738188735566720e-01
-3.173342371751277646e-01
-6.389449186661420033e-01
7.192272384623898951e-01
6.788299939402187011e-01
8.637353246538235219e-01
2.546745518960622512e-01
1.294303125910833963e-01
-7.832341449135740152e-01
-3.611162804896372869e-02
-6.725322077574558133e-01
-3.708412600023831551e-01
-9.979887658188737465e-01
8.233878560685821135e-01
-2.066217929748235260e-01
-7.518595494161692816e-01
-8.419717456619517648e-01
-8.293835714485333632e-01
-5.105970940208435227e-01
3.186877382827635330e-01
-1.773101427456940105e-01
4.774587236731582252e-01
-1.986016550184768192e-01
9.413802580623227279e-01
2.884607436099895228e-01
3.189158731951751147e-01
-4.433639192536762419e-01
9.178196180885997979e-01
7.176937734939725644e-02
6.826407165696775081e-01
4.617939250077536251e-01
3.120023201931521051e-01
4.426882922405455112e-01
-6.632078538907015819e-02
7.077719368874231254e-01
9.030128162566650740e-01
-8.587061182797490755e-01
-5.217250262038877207e-01
1.468535538534714302e-01
-9.725540781804544732e-01
4.801417266841914167e-01
-6.214902444100913748e-01
9.408381971328489968e-01
-3.992588666652285845e-02
-4.264519900546290820e-01
-5.811601754460280489e-01
9.775665516785392306e-02
8.109445192722362084e-01
6.734782587324890102e-01
8.632831243924607989e-01
3.825878509914770742e-01
-3.273229713738794455e-01
-8.418526072477272582e-01
-3.428545256974704358e-01
-4.225236383476473900e-01
-4.777195858571303688e-01
8.890051414841981803e-02
2.225074389600090186e-02
4.471858975892859522e-01
1.494420378382275150e-01
-8.120484722636964747e-01
-6.160448251703118938e-01
-2.209950691668109979e-01
7.566558500330684556e-01
-7.234874868244312029e-01
-3.091120674359371101e-02
-8.270375719902289813e-01
8.503005243032839555e-01
2.624594099457848717e-01
8.684337327910103266e-01
4.992999780819267208e-01
-8.410017414829380478e-01
-6.987893671541911544e-01
-8.386388611119970360e-01
4.761674605243553238e-01
7.624473977109211820e-01
-5.745357602656029350e-01
7.189524478070754565e-01
8.971664680790252255e-01
9.048423715669779988e-01
3.253327219140909055e-01
-4.056852741135608120e-01
6.432145628790553182e-01
-9.205513512453502578e-01
-8.827292260640757782e-01
5.027521858379571107e-01
1.974446051897502663e-01
6.709065642797673590e-02
8.508390747273473220e-01
4.351558838017295372e-01
3.104488627523884769e-01
1.606838944696578064e-01
-8.650361560103767555e-01
9.908352284021881839e-01
-9.543732828257076584e-01
-5.640319035726248931e-01
7.616712094716573400e-01
-6.673240135588105471e-01
8.587564348918363955e-02
-9.053678860598601830e-03
4.115569296563073021e-01
5.707288546366307003e-01
1.814687798365683946e-01
-9.788053089707005050e-01
-7.444626515576862058e-01
-5.556514707820885413e-01
-3.013189758614500668e-01
9.270360096806427030e-01
-2.720994775092593354e-01
7.463271425096287270e-01
-5.885258585638650786e-01
-7.526287782452611985e-01
7.291765842322301960e-01
-6.641902194082149880e-01
2.480883442316641485e-01
5.523194428753597229e-02
-1.174710804846348378e-01
9.861308325247311046e-01
-2.713377108719956521e-01
-1.358972727324421204e-01
-9.651159725278268819e-01
-7.507888251714678329e-01
7.977192618704997962e-01
-7.722384098193122437e-01
-4.792646129372637454e-01
-6.749004004186498484e-01
3.726238671572541516e-01
1.929768918391092658e-01
2.131390720025727603e-01
3.053815807490689593e-01
-9.878866798473640021e-01
-8.605831518481146247e-01
3.790308169150202744e-02
7.217858487050730076e-01
6.885179298467825060e-01
3.613529092299323509e-01
-5.897544936967837881e-01
-5.833389943343647577e-01
-6.582290337291463178e-01
-9.560866580388998059e-01
-4.262084317002123868e-02
-7.184689135394319859e-01
7.517162937268082601e-01
3.406056442834417552e-01
2.305097055874461009e-01
4.537423125025279447e-01
1.278760754293188917e-01
6.319210993630413054e-01
8.975584045376763243e-01
-3.388096638331572485e-02
4.849898780965091749e-01
6.635826181165873638e-01
6.257597968571528835e-01
-8.115186956700197740e-01
2.083045525287545718e-01
7.668205718796925474e-01
-1.910071081329476339e-01
-1.210208192013353390e-01
-7.183276870928354541e-01
-3.115831528820689478e-02
9.451328747767127059e-01
5.803946988039199173e-01
6.469454133207752644e-01
1.669131306546971505e-01
3.824388385821784198e-01
-9.570798516790541832e-01
2.473062508610366361e-01
4.009909038694510208e-01
2.344451844393395934e-01
-5.309441553369633748e-01
7.010674393968685525e-01
-5.739812593790905026e-02
-9.305811793662450704e-01
9.637155879061110042e-03
-6.428982048889240186e-01
-1.593426601099059425e-01
-4.202666447818736994e-01
1.341517989571170411e-01
-2.263770188384557347e-01
-8.777751165358060881e-02
4.379887437354295088e-01
-4.923628579697298946e-01
-5.172630451509652172e-01
7.532928604622313173e-01
9.174667460803345165e-01
3.931096461605267933e-01
9.569097343032784142e-01
-6.722993850393776949e-01
-3.614675942308542833e-01
1.377070265857340825e-01
3.422203921029003393e-01
-7.623586059217151156e-01
7.178499484279747822e-01
-3.455967143019618160e-01
-3.459255220888943771e-01
3.206976342913649969e-01
7.795609665825147250e-01
-1.196783045084499619e-01
-3.815172368697816729e-01
-1.390839930279401671e-01
-7.869533960853809518e-01
4.642327397444214743e-01
4.028672573936369350e-01
1.121534919549844744e-01
1.726741595035496957e-02
-6.060643812471080416e-01
8.142196741816811745e-01
4.052885406767947618e-01
-8.593901510750519002e-01
-3.404921743134692314e-01
4.315321801075011621e-02
4.871565337366625670e-01
1.985729439788941342e-02
-6.422161696281829535e-01
5.750211428243199308e-01
-8.279531686056671447e-01
1.986546392936971994e-01
9.603479745133505219e-01
8.356754978872926731e-01
6.307067065343185952e-01
-1.848996956343258447e-01
-1.474378861464222812e-01
6.579949335954304868e-01
1.397360259243678460e-01
-1.041919969477347330e-01
-2.564169256052752921e-01
-9.122407702948791552e-01
-1.219815175948701924e-01
-2.619377812722225585e-01
-4.922869877068938305e-01
-6.915732605174624847e-01
9.156218275294831788e-01
3.841575562364993868e-01
2.188828511328690940e-01
5.613290125145138365e-01
6.440105438536247728e-01
-6.465720650237398726e-01
-6.591437992658730760e-01
-7.847273637385776546e-02
-8.877249102531878933e-01
7.419481167496564389e-01
-1.190145521682728358e-01
-5.778208784303320300e-01
4.047363592986665815e-01
-8.691219698429486495e-01
-7.660637159179572997e-02
8.115270195985990753e-02
-9.252425772919710134e-01
2.153002080863126722e-01
