7.412789214030929275e-01
1.412692757655184206e+00
-2.202578216371591235e+00
3.839407749698935390e-01
-3.933447271156823355e+00
2.499050201834550400e+00
3.050357409475428216e+00
-3.150120023297972693e+00
-3.201389858889331030e+00
2.098397401124415307e+00
-3.108234979448460500e+00
3.504421726418277316e+00
-2.723693345824236722e+00
-1.461947642476510767e+00
-1.014356910010442814e+00
-3.320867317916431638e+00
2.963371765426306759e+00
-4.282956797336785471e+00
-3.595374341543641772e-01
1.038548206219517711e+00
-6.876648742216439736e+00
-3.156419650716236980e+00
1.006163819997097031e+00
3.644369249545214462e+00
4.086551059912944872e+00
5.273559563643664738e+00
3.610712129287698247e+00
1.052220212279546541e-01
2.854149193776977178e+00
-1.260247973114169140e+00
-4.026442020501436403e+00
7.469005969515246868e+00
-3.552572969466426756e+00
7.252101392678877545e+00
2.885783410887315936e-02
3.457030778057948339e+00
-2.794777294791422229e+00
-4.053785816188490543e+00
5.389706986345764728e-01
-3.125054937433714208e+00
7.575334104431293847e-01
8.609700514313320951e-01
-1.090534852296134005e+00
-3.810501718448106701e+00
1.441476059282142508e+00
1.427892225732989795e+00
1.847820872679014848e+00
-1.710808985427171969e+00
2.027243334543699316e+00
2.538784925101152723e+00
-2.527075651012904434e-01
-3.349000723234363264e+00
8.779480112018357429e-01
2.372637231266090385e+00
-5.174234475145830459e+00
2.105718952800243571e+00
8.235981316273256470e-01
-7.070684797782419984e-02
-2.160669305636867765e+00
1.647430334471124080e+00
2.070678638199873411e+00
-4.251881614010072363e-01
3.142034237986931267e+00
-5.648386074399792456e+00
-8.950448747712052011e-01
-3.963553194574529925e+00
-3.490353738170204778e+00
8.881382870546394859e-01
2.667426211480307341e+00
-1.572941082678077640e+00
4.902744414811996521e+00
-7.983257335078248751e-01
-4.725094269520213608e+00
1.155782138392840164e+00
-4.241981573177772802e+00
-5.887759867662071045e+00
-2.240472936318076147e-01
2.530404453837714840e+00
1.265883202201098845e+00
-2.063172150786483083e+00
-2.047825407439728185e+00
2.594317176971905337e+00
3.279094398375610453e-01
-5.287437700507685356e+00
-7.453595342151173586e-01
4.048490111305805605e+00
-9.294099057776737671e-02
-1.669213665838389815e+00
2.063609932937045421e+00
2.181347846906404708e+00
-4.874024811358632192e+00
-5.574457365526571451e+00
6.240403015156842370e-01
1.262535152105016767e+00
1.620371110515915758e+00
-1.425743569097655539e-01
5.287422201974632863e+00
-4.045643532179025392e+00
-3.921020161518117275e-01
-3.173658499215260775e+00
-3.916436720009749184e+00
7.077998040310594652e-01
3.378349876022798348e+00
-1.225271325663139788e+00
-2.472211788322114856e+00
2.254282374550747203e+00
-1.228020910540945199e+00
-2.062932433752581840e+00
-2.216435253416093598e+00
-9.437403674741368098e-01
-1.612123253653930277e+00
2.548012390762177226e+00
2.984953798002099923e+00
1.478193299658212556e+00
7.029614119513825921e-02
-3.852341465147941513e+00
-7.779357548711154369e-01
5.906870744931154604e+00
2.014999137542697660e+00
-4.837029748905184334e+00
4.522384536135923838e+00
1.324371366558708019e+00
6.147749277885509178e-01
3.698947597205204829e+00
2.552081534035108401e+00
2.337873679028225737e+00
4.596644287154846298e-01
-9.167254494742860249e-01
3.684113818340751578e+00
-1.597499781140460540e+00
-1.465040945121593996e+00
-1.632405949699708536e+00
-2.479378262228678853e+00
-4.827219174567214388e+00
-6.276450068947478478e+00
-3.492291218587921797e+00
6.295904862152144066e-01
3.837152146513726159e+00
-3.728334364030169823e+00
-4.081650096124700866e+00
-1.109152306382480191e+00
-2.274698430827645446e+00
2.417052554209458304e+00
1.275508730535101831e+00
4.777015574452716962e+00
7.329061880867891787e+00
1.090608917897390118e+00
-1.337171796444834929e-02
-3.208529332861521866e+00
-1.517506382492836092e+00
2.772757056211363924e+00
-2.130473862948841557e+00
2.523259274479697556e+00
-4.002037259497603916e-04
1.730133820281712254e+00
2.091799421692914329e+00
7.161024970631371112e+00
-2.220629924923336329e+00
1.159126367001584335e+00
3.177960332512435038e+00
-3.449068306693729991e+00
1.066194522036568726e+00
-2.630230208038085049e+00
2.296078438503166841e-01
-1.238343890748268672e+00
9.828399561734135759e-01
4.075396220704417871e+00
-7.429890532986069829e+00
4.641620258379930419e+00
3.008517676377521433e+00
-8.486846160346064871e-02
4.881081061807120314e+00
2.524578169326114452e+00
2.663662436987666471e+00
-5.125047651488047196e-01
-7.094546507752442110e+00
3.560415165238358881e+00
-1.943001858604959775e+00
-3.059915677429354552e+00
5.079411695505569035e+00
8.951860817910545220e-01
-2.018540650966205163e+00
-2.331417265984578879e+00
-5.970785964350270092e+00
-3.747016627602387739e+00
8.808007607936642058e-01
3.151079532356922286e+00
-4.100002867152508834e+00
3.566186446410616995e+00
1.353415843467579815e+00
-3.077836094806562617e+00
7.782043773520024743e+00
-3.119302423512759326e+00
-5.440381752534980686e-01
6.843681094450908553e-01
3.106995480575069912e+00
1.145114946146499557e+00
7.558028238586894654e-01
-6.169845374876484989e+00
3.859914923543783516e+00
6.219082698373864737e+00
3.121940959402020432e+00
5.541947736495979271e+00
5.138189809674806874e+00
-6.314413779966158380e+00
5.571771071063563951e+00
6.787989309578128516e-01
-3.577422476714301691e+00
-3.072670266739194744e+00
-3.363569153169916781e+00
6.930172957287817681e+00
-6.232673361726960293e-01
1.858805872373174628e+00
4.885951942735843545e+00
2.994557267865630701e-01
2.740631570037360909e+00
-2.438420542003759017e+00
3.661495042527818988e+00
-1.413027133002072500e+00
1.868115378124496129e+00
2.494432626697141497e+00
4.470638234226330887e+00
-1.205766435609652243e+00
-4.422398081354721455e+00
-5.017392842945207043e+00
-8.366757244926605885e-01
-1.067688659813877505e+00
-1.271572785599287769e+00
-3.362459898215713672e+00
1.928606764792264006e+00
-1.826671168253048760e+00
2.468349365029817832e+00
3.940252806425104809e-02
1.047563068981460566e+00
-3.305007231519199729e-01
-2.038438291200671965e-02
6.565986165498265414e+00
-3.950025843899452216e+00
-1.957493334801892804e+00
1.623585243774469944e-01
-7.146280242225670598e+00
9.437902376504044843e-01
-4.167808729402923129e-01
2.805564328499970728e+00
4.667096310301970696e+00
-2.167460654267064690e+00
-2.211227323845518011e+00
4.418437468774073729e+00
4.969039990879616120e+00
2.903389629115871728e-01
7.156367816277847460e+00
2.031005459290496695e+00
1.091788191889371040e+00
-5.616260941157250386e+00
2.756248867134330482e-01
-2.140641223768179113e+00
-4.292857102349780796e+00
4.142669957413260384e+00
-1.139234737761050775e+00
-3.655420247262308742e+00
-6.690245455158637000e+00
-8.971079703523771043e-01
5.178797567027869642e-01
3.467228331939154806e+00
3.066483130882248442e+00
