1.040417112209127559e+01
-2.734906700245836930e+00
6.626193193933170633e+00
7.519518937197282149e+00
5.768736784373148296e+00
1.004751350251182451e+00
3.774639265039601455e+00
1.925928292931802233e+00
-2.290864124652086886e+00
-3.643251188638847893e+00
-1.774972635380723807e+00
-2.807915740513195146e+00
-1.737173272629091436e-01
-2.278313909099085155e+00
-6.176810806282927224e+00
4.126556203902832287e+00
7.816422248923753369e-01
5.884890810371117276e-01
-5.665100405152576180e+00
-1.413095899819047485e+00
2.002572307524296935e+00
3.804107966736486990e+00
-5.747686778058070267e+00
-1.073461817779287308e+01
6.672767665962084926e-01
-3.740372850568725038e+00
-3.852674856178712304e+00
6.134802956907071447e+00
-1.705923767520705070e+00
-7.717956633048462578e+00
5.390797305591473076e+00
-1.409371821538780711e+00
-6.431945413332493366e+00
5.044655248079046750e+00
-2.417583597366934178e+00
-3.307153762602336400e+00
4.535074327676231754e+00
-3.167928635730231868e+00
1.726883381276312690e+00
-3.269724914953613837e+00
5.260562226884994974e-01
6.139877785868034898e+00
2.123173925986875155e+00
-2.935127867918383870e+00
1.716572585667051065e+00
-9.868038577494830932e-01
-1.889829088860267348e+00
-7.898419351018074686e+00
-8.689912223954600279e+00
-2.091891443388764316e+00
6.521253003656408254e+00
-9.527032752825745909e-01
1.284667259887276103e+01
9.875790892492197770e-02
1.006032101318167227e+00
-4.421802972047956359e+00
2.842515387168252694e+00
-3.725530005400516043e+00
2.031226840843604275e+00
4.480323628007150560e+00
6.479721054325128016e+00
4.821018028279028478e+00
-7.968677364515534656e+00
-1.001104559664400373e+00
6.856420916319127201e+00
1.441143760972492860e+00
-5.976440378507046347e+00
-2.924524642843513433e+00
-4.402406911158616154e+00
-3.613299913571822453e-01
-8.032251425610338558e+00
-1.183016124836776584e+01
1.321287455729434512e+00
-5.495115408904182708e+00
-2.041372072907675417e+00
2.061160087705933286e+00
-1.005274591735596967e+00
-5.454577350282786563e-01
9.396377190068937679e+00
-4.941363683388335204e+00
-8.555959774176888910e-01
-2.554709393431856768e+00
7.196566519918202731e-01
-1.956956368087300557e+00
8.797518008940951262e+00
8.113852740591589452e+00
-3.669198491178160104e+00
-3.782701899441579751e+00
-5.744816072127697737e+00
1.815333160635743237e+00
5.428130161699350253e+00
-2.291899559952450094e+00
-3.045646190024207112e+00
5.089712578474705928e+00
-1.234940740173571694e+00
9.298883856254432700e+00
-9.240875780057085098e-01
5.212480706619520454e+00
2.227084308973579674e+00
-7.540197491432840238e+00
-4.464625236711989298e-01
-3.271660560018603725e+00
-3.929496856425759965e+00
3.686383175960821212e+00
2.970812341400951517e+00
1.444006240261194396e+00
1.591648785799998578e+00
2.656653921198426360e+00
-2.706268482782931084e+00
-2.451392633717886849e+00
-4.904794155439335945e-01
-1.343193494675501221e+01
-6.713906518496610687e+00
5.764363936123477750e+00
-1.046043840856993867e+00
-4.616070416720372549e+00
-7.155540338953717772e+00
3.391199828310515141e+00
9.123746055026817903e-01
-5.031933922312984642e+00
1.612822972635715724e-01
1.346041314103885611e+00
6.792290687837829744e-01
6.576599322257560054e+00
6.044842613399882048e+00
4.927466707075233820e+00
7.428503568785813638e-01
3.797357215710153611e+00
6.506039521697791095e+00
-9.984829630007174828e-02
7.084182495299923055e+00
6.371887322689890887e+00
-7.719754732946758402e+00
-1.598756970229570973e+00
1.016571320521384258e+01
2.900584368725571682e+00
-7.790656427114870830e+00
-6.329648547214300258e+00
-2.153438852937716863e+00
-2.312410065472433995e+00
2.724745928848613552e+00
-8.786523378813166474e+00
-6.720853704518101601e+00
1.179582009889230898e+00
-4.206541597964626789e+00
-6.704974749955537661e+00
-2.737950124562221532e+00
-1.309024416042785521e-01
3.725217192771193897e+00
7.624354809676541223e+00
6.373831821808229048e-01
6.689953087587604763e+00
-4.079129823076890204e+00
6.007424746939856064e+00
1.458205235875172256e+00
-6.975880274361937694e+00
-1.825738951336870697e+00
6.032222024341256983e+00
2.301662586924194898e+00
-6.172012359651536384e-01
-4.840634085192617064e+00
-6.035626804429472525e-01
-4.140779716270841959e+00
1.951788945499257855e+00
3.517687040626201078e+00
-8.689067098468456152e+00
-2.345229077878391521e+00
7.907839734883415517e+00
7.632704437179016921e+00
-3.679484944261672830e+00
2.918603100954109131e-01
-1.366703988158021854e+00
9.115720697589978494e-01
7.345001800196211406e+00
2.352782578064199548e+00
9.430597794022480329e+00
7.323778347783542753e-01
4.822777674133912562e+00
-3.098793122486091178e+00
-7.312470247373338950e+00
2.529473857158696770e+00
3.690378195839858932e+00
-4.334580081045533717e+00
1.014725347844969505e+01
-1.167280209727577844e+00
2.102738113249419671e-01
-7.637298166342066708e+00
-7.669727713824228132e-01
-3.803218201513412389e+00
2.912376128277776921e+00
-2.759139071097802987e+00
-9.314287993742045302e+00
2.208948364213758175e+00
-1.115162534815364737e+01
7.359268281833049485e+00
-1.126352961462694369e+00
3.687401209390298362e+00
-3.429395398757468794e-01
2.783086156828268543e+00
-4.392302465383473020e+00
1.858344615722889781e+00
1.879587082905688877e+00
-6.660254830623372202e-01
1.520414760643406193e+00
7.430149720452194906e-02
-1.022568840829439107e+00
1.540253453404882844e-01
-4.368125649757872431e+00
-6.343333561154464562e+00
-1.960466409240463115e+00
-7.758862091391649507e-03
2.590480429023167552e+00
5.912094110928978630e+00
9.525043774145922626e+00
9.198291802270013306e-01
2.367423378681083046e-01
2.985701959156112473e+00
-4.192828815544143772e+00
3.866589907732848053e-02
4.217347127877339119e+00
3.830971875218717404e+00
-4.242911401845122832e+00
1.450516242413168566e+00
2.133235796946636675e+00
-2.678429459507146948e+00
6.561836625660252054e+00
-6.439250575865612447e+00
-5.848238063449001878e+00
1.221983746969041107e+00
3.936569956642175239e-01
2.531103399982300495e+00
-8.903369093361179765e-01
-4.535865257523657768e+00
-4.695638947806385133e+00
3.666400765675843498e+00
-2.263283079830357369e+00
1.250141945421595846e+00
2.255202857163421726e+00
4.663733630735221958e+00
3.005506782760505313e+00
-8.312867467541297239e-01
2.171478910423414455e+00
2.547225995830559864e-01
4.865456413968296090e+00
-4.330621274595384484e+00
-7.397494857145830993e-01
-3.379620068902335461e+00
-4.424993387459458027e+00
-4.836454866146711495e+00
-3.343874488799685185e+00
-3.144225000670606729e+00
-1.194303721458896406e-01
-1.057505280948991810e+01
-2.270842419641958543e+00
2.142459566984025621e+00
1.864587174974667860e+00
-3.275268200007479535e+00
1.330253129149833180e+00
7.962578854703945552e-01
6.465923985519690831e+00
2.164699938109301947e+00
2.641451609977006676e+00
5.099929312266694020e-02
-7.348110699980867189e+00
-3.459675449390221758e+00
