-5.229841825779095732e-01
7.110089608769647462e-01
-5.348094602041459922e-01
6.912179252932441065e-01
9.200721404510114887e-02
2.564312397659322951e-01
6.725264953013482261e-01
-3.111885114390395835e-01
-2.277647512447149580e-01
-9.325191903362050061e-01
-5.056924197302847812e-01
6.110853967857916569e-01
9.825732372071577236e-01
6.428840007240510523e-01
1.843907623753016090e-02
4.343193471369617420e-01
7.339172959553378339e-01
-3.574705345474451512e-01
7.134464125866785134e-01
-3.682695953892665131e-01
-7.559126636871771332e-01
-4.796673083909901436e-01
9.277902855148635330e-01
-9.318536007702742374e-01
-6.846547145587211780e-02
1.601551601575108563e-01
-2.228357664552020889e-01
-2.640768310068857261e-01
5.790665804425654262e-01
9.955750973548994631e-01
-5.233284861246423336e-01
-3.229636283310124423e-01
9.199549240285259666e-01
4.339033914233516587e-01
5.936155345907168090e-02
-6.038276194216565251e-01
-6.493725597896191637e-01
9.630216452807187355e-02
-2.032898658990789365e-01
3.835920039027058692e-01
-7.944976230031661757e-01
4.154990286992226167e-01
-5.095146694424879108e-02
4.678470513304233691e-01
8.372008040004500495e-01
5.982514102917781962e-01
5.505036350248504462e-02
-7.988769647435794985e-01
1.145096672774634783e-01
1.634672645524024581e-01
2.965044140695674013e-01
1.793146299071188832e-01
8.430852369607725327e-01
-6.945978383879318763e-01
-6.657075059818235996e-01
5.852783072516862806e-01
-3.316572477168349131e-01
1.068632632633146340e-01
9.991248314418719190e-01
9.364594980888144571e-01
9.630741782786214067e-01
5.155056531412460785e-03
-8.978087613479568407e-01
-9.969032742809543768e-01
-5.315570309068640142e-01
8.471543796797368353e-01
-9.650120565933484329e-01
2.010849133983936277e-01
-4.835334106499500351e-01
-1.525464277325967455e-01
4.230545353023291710e-01
2.608858629628401093e-01
5.843784547776789129e-01
-4.796501612967984940e-01
-5.319761373655440551e-02
-7.445619996231878090e-01
-9.379101557264976075e-01
7.801377692902717875e-01
9.943239750300293389e-01
-4.077176248524239099e-02
4.789209942094108108e-01
5.160114925374057471e-01
9.048147585083785027e-02
-7.598902408364791583e-01
-1.691944271231506924e-01
8.336633082116154947e-01
5.674717847754040534e-01
-7.581089695226546077e-01
4.487115130012697684e-02
-8.250320704480804679e-01
2.718733996190412228e-01
-8.133880643208337702e-01
-6.060052419315054006e-01
1.730343791325659186e-01
3.930562220114897087e-01
8.752670581379171644e-01
2.941879914578637845e-01
-5.950554201625108952e-01
-5.840973393680373160e-01
-8.024981690271676404e-01
7.853291689977371925e-01
7.103575879014437655e-01
5.718463510788096560e-01
-1.571449958776678368e-01
7.319312803745314788e-01
-2.406171880412766306e-01
-1.481618696059667784e-01
1.598365510834172110e-01
8.963154676664831788e-01
6.264934573757729996e-01
4.891557238138171115e-01
-5.658623349186850948e-01
-3.018426057273759788e-02
-3.697592989911668848e-01
-4.151367873264999453e-02
-8.413274036456920291e-01
7.592054052382586349e-01
1.996121806903392581e-01
-3.981646669834308927e-01
-9.330241135794595797e-01
-9.497586002422138129e-01
6.120193411081729096e-01
4.385426056072592171e-01
1.825294991341401829e-01
3.065284527513407742e-01
3.978995073896740564e-02
1.018711050718321465e+00
-6.982420571453928915e-01
5.245089494987940082e-01
2.982561343640895979e-01
1.081032950778000323e-01
-9.448048831199229447e-02
-7.108583445809824042e-02
-6.484948361032132347e-01
1.477994188248115126e-01
8.986544496267709903e-01
6.514629392445834277e-01
-5.352918277517162426e-01
7.246838031052093010e-01
1.129335665347843687e-01
-5.379845617736345176e-02
-7.860604969029164613e-01
1.113274097694372244e-01
4.897565768426457300e-01
8.155810082469768796e-01
-3.622001519648407886e-01
-8.574325252901159322e-01
1.394269257477571688e-01
7.080901815535621813e-01
9.074818463509033428e-01
-1.387689820636295313e-01
-1.726639913067933296e-01
-5.875805611343802859e-01
5.418775653087382072e-01
-1.704176524035101448e-01
3.032070400505308960e-01
-3.423948540210037805e-01
-4.875390765535907445e-01
9.195965745617100673e-01
9.054926236603723089e-01
-3.047484930872292885e-01
7.405205537475696431e-01
-7.055504299053808603e-01
-2.267712581926446536e-01
-9.237672086382090475e-01
5.320715174408165993e-01
-2.542498214772557219e-01
-3.583256665818279618e-01
1.069830259383430793e-02
-4.958375453071919292e-01
-2.181381960721711089e-01
4.926708421829295581e-01
3.334481676385330218e-01
-7.092865514634215662e-01
7.032088827314458834e-01
-7.162309406116729171e-02
-7.244714835416118381e-01
6.392028092593982080e-03
1.695298168826087082e-01
-3.892487809755884598e-01
-8.887024314962461702e-01
-1.675883647450420177e-01
-4.049753597455727494e-01
5.156999326887725665e-01
-5.243883356494223325e-01
4.548578866968355783e-01
-2.432679965331903116e-01
-4.117404875217915983e-01
6.937392398666984983e-01
-4.542058801181709793e-01
3.264188820119300338e-01
6.732094544638878020e-01
-7.540402051970218622e-01
7.508054676814510664e-01
-3.034275752416826233e-01
9.905527979911945557e-01
-9.001812061053753311e-01
-7.952722076182384692e-01
3.550411515056701717e-01
3.990286906552984458e-01
4.107957304859553016e-01
-8.546596995642538053e-01
-1.693493096095486372e-01
8.799666285330381976e-01
-5.553153085688828927e-01
-8.667553863833573624e-01
3.538835565951170548e-01
1.390600905708261337e-01
5.014405754660620218e-01
-1.307293854806930167e-01
6.871512627707909715e-01
-9.670127607403736780e-01
6.973529372278394201e-01
8.325390849862435161e-02
-5.132105595976852452e-01
-5.005311465099622215e-01
-4.433706890023616509e-01
-8.252267962535478896e-01
-5.064669839206348279e-01
-7.516175108622734635e-01
-3.281026279534342560e-01
8.254435595947082760e-01
-2.219212174026488071e-01
-6.377502884164445440e-01
6.744741397627892487e-01
3.151126478148378318e-01
-2.689060712637632022e-01
3.261996552542432148e-01
2.214385650603567512e-02
-3.706670326301937379e-01
-3.176989607264506521e-01
9.122895570895401818e-01
-6.173071490536519157e-01
3.265456200516407836e-01
1.180739963315653451e-01
5.080244545178500548e-01
-6.475628375406596859e-01
-9.927418077552033759e-01
3.029032059178005110e-01
-3.481613087539048301e-01
-7.127274807282292235e-01
-3.371921504537320757e-01
-6.125349194638980421e-01
1.745946049153694890e-01
5.697557246761177918e-01
-4.496918863433403413e-01
5.620260164409522918e-01
3.914127928061441608e-01
-8.439444852856988755e-01
3.953380872602880736e-01
-1.741273253611490546e-01
-8.888580007482094203e-01
-8.446836549890109902e-01
9.783664609134850032e-01
-6.695204433574186709e-02
2.469350739932976158e-01
2.273895288797493919e-01
4.738452058517126364e-01
9.357842648489841375e-01
4.743169522423817952e-02
-2.491059928609753449e-01
-7.436187306554766785e-01
6.391989798012696067e-01
-3.898661490235164617e-01
-2.586749584628751375e-01
