-1.093580089058377958e+01
-1.596580645262631926e+01
4.590734887580006363e-01
5.202360425446561010e+01
-1.121046230091256319e+02
-2.672564715417621528e+01
-1.961536425977239517e+01
1.006750993589515275e+02
1.310389649078684293e+01
2.969513240474054427e+01
2.911837326244514657e+01
-6.699950055933348025e+00
-8.853563921266943737e+01
-4.080436505948248538e+01
-3.042999868125309870e+00
-3.657854715694368508e+01
-8.552706794959910042e+00
-4.260848886871001184e+01
7.841853166615086579e+00
-2.204568733716230078e-01
6.723176202367181986e+01
-3.327858706423729984e+01
5.229242752178944187e+01
1.307436786237164128e+01
2.612706288352504913e+01
-2.246231426924997265e+01
-4.496975398281281144e+01
-5.623387209960239552e+00
-2.396080778074750128e+01
3.534358224893117750e+01
3.184624012089052414e+01
-2.910781162074869144e-01
5.752084501431743035e+01
-8.468062870039224777e+01
5.081515874417377177e+01
6.151678614404672629e+01
-8.368248782340348413e+00
-1.097231978360116678e+01
-3.846508819369111620e+01
5.716521927126185432e+01
-6.119761570184084398e+00
5.709586000127264072e+01
3.188611127191027350e+01
-3.810963457808832544e+01
-5.518289414205172250e+01
-9.995823582958550446e+00
-5.168578709234403767e+00
2.754343807265501987e+00
-3.760297913757140265e+01
-6.030601610356665532e+01
-2.077259786642914108e+01
3.624015134596297116e+01
4.089423073991179081e+01
-3.021797616360180427e+01
5.936062687447576991e+01
3.484575226781700508e+01
-3.296346550496683392e+01
-1.145173084017918441e+01
9.497797405309013286e+00
7.719922137813306051e+00
-1.115433226781543219e+01
-2.747737193530392830e+01
-6.540215072140908603e+01
9.976014486289576766e+00
-8.013367194674037819e+01
-1.211668589240393068e+01
-7.200104184903746152e+00
3.510167540049130253e+01
4.524158220747443337e+00
2.383374133483120971e+01
3.356994865448591270e+01
6.852303433919421138e+01
3.093077772474503817e+01
3.203354560607776591e+01
8.506396487488553149e+00
2.556395797686545901e-01
-3.818351823449986693e+00
-4.600734889562608743e+01
-1.286571483566728880e+01
-3.550643798366100867e+01
1.596179699763422377e+01
2.102530375398968587e+01
-1.680357182460151222e+01
1.208338741918268937e+02
1.025301116205657870e+01
-6.265551541981333905e+00
1.083457172835827009e+01
2.809500358941238929e+01
-3.046493278178791897e+01
-3.619089249381746498e+01
2.107865478168354567e+00
-1.065784183074539015e+02
-4.302792132140024961e+01
-1.436307543111414553e+01
4.358792497329126547e+00
-2.642585961270250650e+01
-2.492265886254192964e+01
2.765718485926329606e+01
-8.652442322382905004e+00
6.683764440467098211e+01
3.585795663580632464e+01
-3.809065053365748099e+01
4.493603693263756327e+01
-5.553196322995951562e+00
-6.220701423094524785e+00
-3.753899370693861215e+01
-3.369277438232649047e+01
1.982585337687947558e+01
-4.368590633307606552e+00
8.176500823959871767e+00
-8.357162764591983262e+00
-9.311995812699437991e+00
5.185437601284946396e+01
-7.161987922611641011e+01
-5.662244311788111162e+01
-9.956419259507841346e+00
1.475736444986473384e+00
2.910009329292258329e+01
-1.232777555243545464e+01
-3.371046358044169722e+01
-1.024664942121671096e+01
6.057691500367538850e+01
3.332970527376681957e+01
4.997469891193802027e+01
-5.635204064882965014e+01
4.017639469497645877e+01
2.402863100735403634e+01
1.820649730004044642e+01
5.090085656153848248e+01
-4.312768337299269206e+01
-8.240792295335135975e+01
-2.179753146258950025e+01
-2.081868942839928494e+01
-2.321655836854745303e+01
2.211302161556481494e+01
-2.023521866553165083e+01
-2.481799926814531876e-01
-6.831539311020605965e+01
-1.830830361832768149e+00
-5.384396915674038553e+01
3.783215879888570043e+01
-2.572756847896594934e+01
-1.342913887497263037e+00
-1.025299295314320176e+02
-8.474681274646505003e+00
-2.127725497933963084e+01
-5.275346465219491421e+01
7.056412840017856070e+01
-1.051305282483345280e+02
7.580077389627138018e+01
2.315428464978118583e+01
2.846658844328374727e+01
-1.863859977469181572e+01
1.353342616387087993e+01
-4.023126656360714648e+00
1.583790618391670435e+01
-5.785492669628001039e+01
2.975515639425346137e+01
2.621156350868756846e+01
-6.022222249930693039e+01
4.722959183963676644e+00
-1.200394975487632010e+01
-1.918673266490570484e+01
-2.956572463562172004e+01
1.749271958120297299e+01
8.838087252222449308e+01
-4.074930358027719279e+01
-2.333190159922458928e+00
5.532360338934322996e+00
1.017837231845173207e+01
-8.208242243050511533e+00
3.237440280339325227e+01
-5.507277996803346554e+01
-3.216307576552696190e+01
1.368732416475243596e+01
7.583473514735418064e+01
2.197999407988626785e+01
2.454188959552662652e+01
2.439898668235068868e+01
-2.959494096821532860e+00
-5.671808272052385291e+01
-2.813232432672146288e+01
-7.424101902973362144e+01
-2.728783573022852238e+01
6.126013794139807800e+01
9.822187889916285997e+00
2.478216565541547212e+01
-7.090141421044035042e+01
-5.945630663936880467e+01
-6.795945024557256886e+01
2.977988683604361952e+01
-6.317992908506200322e+00
-6.785125154616017618e+00
8.925283404193322667e+00
-1.863188375764460503e+01
-4.208506641927778702e+01
9.868695667619119760e+00
4.828429375813094282e+01
1.348723339165738722e+01
-3.671054420186255385e+00
-2.977395171916008110e+00
1.926754204156843997e+01
1.265467031585939672e+01
3.200609603052182450e+01
5.637956939702202241e-01
-6.478261173948150820e+00
-2.634479212334635179e+01
-7.796906654320800101e+00
-1.355505238643457400e+00
-2.270133793714458115e+00
-1.431664925993274373e+01
-1.871728376475875066e+01
1.540147799982734611e+01
-2.865566849158296137e+01
-2.353558423468589922e+01
-5.466700703733408773e+01
-2.686634773867181636e+01
3.290653121077747301e+01
-7.595806142369036706e+01
3.496306707061967245e+01
1.498036827450756725e+00
3.314667282941141480e+01
-6.029887254304632904e+01
5.217032778116783476e+01
5.958993390475347240e+01
-6.168694773996238467e+01
-2.233219277817477177e+01
6.910109030649792317e+01
1.593077091733256445e+01
-2.672773825431891126e+01
6.106894523088931237e+01
-1.296215195968634504e+01
2.673992575678597916e+01
4.209980843371123882e+01
4.163274905818426674e+01
6.675140836306573533e+01
-5.119638410717647758e+01
1.041937084304794148e+01
-2.912742114506099966e+01
1.446712028583313447e+01
-1.463452264008781185e+02
-2.204915185049690862e+01
2.248907000258297018e+01
3.811157354320304336e+01
6.204520600609112790e+01
-7.770956672746440752e+00
1.864673174196875749e+01
-1.135700210524558962e+01
-9.581757923904611118e+00
3.200091745417164901e+01
2.713377745539499841e+01
5.138943945706165550e+01
2.545697053103503293e+01
7.031366706665714617e+01
-4.948240161848764274e+01
6.962778566847904926e+01
2.432166588596804679e+00
-1.860585005827895699e+01
2.600183281407421720e+00
3.111457054751327789e+01
1.137024696541822095e+02
2.596249991419970016e+01
6.258206284432799293e+01
4.385872579764868817e+01
-8.736824353970703783e+00
