-1.749797653563216926e+00
-7.629925249934998988e-03
-1.669744148046599097e+00
-9.304664780129761059e-01
1.418908368666205178e+00
1.824880670368159485e+00
3.989550268255106502e-01
-7.491566459341316708e-01
3.107573626921814602e-01
-1.609476493264764496e+00
7.631836444091399940e-02
-9.322824805479731358e-01
8.045287341347298060e-01
6.527695327801936731e-01
-7.334282834922740690e-01
1.067024962605796379e+00
-1.718550543357150406e+00
1.028518038127805401e+00
4.658792553100724598e-01
-2.533477725624091903e+00
2.012242221259504582e+00
-2.219363438149978940e+00
-3.481082603093768046e-01
2.166274874498855141e+00
1.292008107385207438e-01
-4.125155677676621835e-01
-2.138081550168233314e+00
1.829195421551334633e+00
1.254014086389058757e+00
-1.413284132664673676e+00
-1.028437630508573175e+00
-1.677007022130110103e+00
-1.046227258110127512e+00
1.000050894736055351e+00
2.141532733844186964e+00
-1.721352560811924004e+00
3.772912690829141269e+00
9.950809920423495658e-01
-7.026845055050052746e-01
-1.983884771310299389e+00
-7.525522859669777631e-01
-8.407553350173619933e-01
2.703772085375923950e+00
2.922294786237713105e+00
1.672166230664477338e+00
-1.404259707891432285e+00
-3.951647324878017065e-01
1.323051027135802027e-01
1.370786923966257564e+00
2.156804434867729547e+00
4.680382535650905451e-01
1.322974018567260490e+00
-6.055367556246638028e-01
-7.381557647408441003e-01
2.393385269000889437e-01
1.503781441475217973e+00
9.015543703400852316e-01
-2.663898278838424893e+00
-2.082745918328152257e+00
1.418910220546748535e+00
2.536642500694358482e+00
1.271341289020474496e-01
3.138287845628896733e+00
8.899232529824869786e-01
4.474892444516291867e-01
1.316563580022922064e+00
2.121983319798314227e+00
-5.709427942604947681e-01
-2.098398429505882845e+00
-8.457622021183901495e-01
-8.869632790397925515e-01
2.025820687247654739e+00
9.740564146359729225e-01
-6.530664532023040536e-01
3.440630008125006523e+00
8.831847780354168398e-01
-5.516144460261751536e-01
-1.198255472241276931e-01
-1.561034278072966242e+00
1.612429595195449927e+00
-1.270190518014788772e+00
7.259693315444725181e-01
-6.964948325909766647e-01
2.850621156686578672e+00
-2.098979769765630721e+00
1.949379122126723374e+00
-2.077457461195524324e-01
-8.986624771544555745e-01
1.937069531274338230e+00
-1.085337440509005713e+00
-7.789325524400663170e-01
-1.036516431714242348e+00
1.361588485166516094e+00
-2.568602064084900327e+00
1.696878612827546151e+00
-8.705899814244576485e-01
-5.191497133496687511e-01
1.597202114079709467e+00
1.391148362634500479e+00
2.914053674466508426e+00
2.954806534620581182e+00
-1.890331898925758924e-01
2.331394461405335683e+00
1.966732119925745259e+00
-1.039783632622722997e+00
-4.625067588807493246e-01
1.621857776880590851e+00
1.225390722893758610e+00
-1.556472337384974480e+00
2.621897999208911978e-01
9.572929209170091269e-01
-2.184322545405922966e+00
3.264547503209397350e-02
8.061642711892391677e-01
-1.888418299947083767e+00
-1.949944892284579012e+00
1.397020832980071514e-01
-1.464024601111067803e+00
1.942614414198287065e+00
2.770554621402406603e+00
-1.472137171449879212e+00
-1.197683639996434124e-01
-1.770067816801071503e+00
7.592465425472649798e-01
-4.912780053982757633e-01
-6.073873687720643400e-01
-2.725386611161906281e-01
2.255244705749104739e+00
-2.399304414347392722e+00
1.563889742845902653e+00
-7.307903722230866261e-01
-1.741380021676264267e-01
-1.234408893538563312e+00
-2.011596234461331401e-01
8.646383489575262260e-01
8.479772526991382620e-01
7.419046556413375626e-01
1.075195989509161176e-01
7.841007361683030030e-01
-1.184166126796598828e+00
1.350461215844944718e+00
-2.095514010396933857e-01
-4.287185614647305298e-01
-8.461683988576240711e-01
1.849727535642562870e+00
1.917422502004302309e+00
-2.366175614939373339e+00
-7.478336482044782851e-01
-2.912571728008872540e-02
2.024133091846560539e+00
-6.418878606086542149e-02
-1.800252722605797384e+00
-1.978137321180053920e+00
5.101457661161605817e-01
1.771589180255093821e+00
2.515770435331556421e+00
1.960166452774926071e+00
-1.212899203753687871e+00
-1.999878523792442131e+00
-1.698626076758089631e+00
9.207904931823343020e-01
8.233892220783650684e-02
-2.432989627642544228e+00
1.727897096633634888e-01
-8.618441129971345926e-01
-2.186437383808142454e-01
-1.541406660791311722e+00
-3.474195804046882330e-01
-1.808450897321360884e-01
-1.423603677003897783e+00
-1.618605358457279264e+00
-1.199247085152147285e+00
9.341831657692130086e-01
2.288896200222720445e+00
-8.630578293111265120e-01
1.975557456104246157e+00
1.735679265254368220e+00
1.040499249172727847e+00
-1.629273171199578485e+00
1.185934359450304232e+00
4.932885333848232579e-01
1.739744770666259210e+00
9.409060107742979184e-01
1.729963090858662955e+00
-3.208470009580989268e-01
-8.627272337666198609e-01
5.628739422524864366e-02
-1.481167460511995770e+00
-1.498649517268126896e+00
-1.983074794481543890e+00
5.631993465443191349e-02
-2.197050520419765895e+00
3.804773802239918012e-01
-8.609660343331018151e-01
2.047557796825992149e+00
9.018126821625760403e-02
2.434653713781319562e-01
-1.261070264425166787e+00
-2.699550308850628966e+00
-2.312831470716957050e+00
-9.118539868669767179e-02
3.206349105283249346e-01
2.451253018528402605e-01
-3.049434388456564449e-01
-1.014023651877566046e+00
1.473356282006092588e+00
3.800269772599007556e-03
-7.141463407302586219e-01
-8.517903894779224050e-01
-9.621460250308067064e-01
-8.310401421997917204e-01
2.115281466524717935e+00
6.696234812820036630e-01
-1.663881969167085417e+00
-2.431142683065012911e-02
6.246257109828021736e-01
3.503699371261485562e-01
1.333304019405025187e+00
-5.125619251796853515e-01
-7.462728851589653933e-01
1.143932223206718835e+00
-2.025611215930237741e+00
8.166722838753281977e-01
-5.085902523875935888e-01
-3.010405133510829501e-01
1.569967604384700621e+00
-2.545914898757859035e+00
8.489516566505719286e-01
2.376680812810468169e+00
2.273705436008222058e+00
-2.679174978862255863e+00
2.395883210727238755e+00
-1.366437311872871874e+00
1.013414412783966156e+00
1.439927195310042762e+00
4.324636216353594520e-01
1.096311093976356066e+00
-1.927934561381343670e+00
-7.024891356136736542e-01
2.639364223477064009e+00
-8.587308298306585153e-01
-1.011023482346273372e+00
-2.680352669762129381e+00
1.003046706291190304e+00
-1.733865709489615714e+00
1.056992769480290306e+00
-9.445007956037718699e-01
1.235661190359446326e+00
2.337941369927048485e-01
-3.161454328988095863e-01
2.429507806349366028e+00
1.668349883381306409e+00
-4.827319766493978204e-01
-1.182230953732587242e+00
-1.957261620883279818e+00
1.588269100060830663e+00
1.450482974907862044e+00
3.814974236454647949e-01
1.387306092127375656e+00
1.252359548066816597e+00
-5.647940786654672696e-01
5.084009128757556173e-01
4.815906766884847645e-01
1.232856145107100954e+00
4.017172565660198646e-03
