3.601953912645461386e-02
9.742959707989280460e-01
5.620962335960235645e-01
-1.619641461695573437e-01
-8.447425728345168139e-01
5.116020737255912998e-01
1.244207252028615152e-01
-4.616118464940375254e-01
-4.598043622090388638e-01
5.596423519263098445e-01
4.148809910058623984e-01
6.235668177435360615e-01
-8.282901590681130966e-01
4.178341792982991354e-01
2.207958816493351684e-01
-3.412555176563378811e-01
-1.452620533247190870e-01
-7.984318853770056013e-01
3.268597817381464488e-01
-1.462518723776853324e-01
3.646856757460972265e-01
-1.828341035979532680e-01
-6.592025190781449773e-01
9.241953756655765240e-01
-8.203020420131879042e-01
4.900943895693794516e-01
-8.646936388593580158e-01
-5.312476884218058082e-01
-9.588275611478234151e-01
4.417560531326583106e-01
5.901669857493325733e-01
2.829427397601833594e-01
1.327248844955752904e-01
5.443985604448653426e-02
-4.922212830509977710e-01
6.482844092500428257e-01
8.181525936394657972e-01
-3.230128321622156573e-01
-1.075897923049522475e-01
6.563293088155051080e-01
6.122830414261626331e-01
1.567361597886052227e-01
-4.400880330522154438e-01
-2.577120598050430811e-01
2.209978731460668921e-01
8.216380510512075741e-01
5.146542894570469429e-01
-3.427397592352547928e-01
-9.664075615756526627e-01
-8.635267099179531058e-01
-5.460632722560074814e-01
-7.683487300310276602e-02
1.982333848222481709e-01
-8.546468017334789558e-01
6.783513319538747588e-01
9.189260890041195395e-02
-9.967750395269585617e-01
3.352343807264179798e-01
-7.796746054047070107e-01
-2.835434696022700596e-01
5.699656037960707522e-01
1.957701916997574010e-01
3.217848540434655735e-01
-6.002906746777778579e-01
-5.232794805527338777e-01
-2.375320910541440789e-01
-1.385148770868382950e-01
6.510025735793323332e-01
-5.536862411132528194e-01
1.675782308508988461e-01
-9.588979143554510198e-01
4.966694095957517874e-01
4.030340322256502628e-01
-4.609836646346461286e-01
2.890135672316085369e-02
-7.110533606746449742e-02
4.081329856261217692e-02
-6.196773522554352986e-01
4.796549143068302712e-01
-2.755935271729634817e-01
-4.565922749375219691e-01
-7.025687071347159751e-01
5.466881750384318117e-01
-4.827806512757275570e-01
4.628554099046522374e-01
-4.383652903254944277e-01
-1.308678061160497563e-01
7.042901327094215347e-01
-2.398751919556705303e-01
-9.047209365418293903e-01
3.578844410225334727e-01
-5.326903395162563282e-01
4.013799489099847406e-01
1.392302737626900377e-01
-1.219959564510213479e-01
-6.497335545752034314e-01
3.161721191626387650e-03
-1.638556132085036143e-01
1.067970364284143159e-01
7.963954410611078227e-01
1.999391101089800227e-01
-4.679338335535530025e-01
-9.385838531613719393e-01
8.047468102187322891e-01
-1.142416714531750976e-01
3.186507616918006214e-01
1.322691287964472551e-03
-6.209031088422460876e-01
8.488657688019594083e-01
8.512227366626681224e-01
2.078369195789495638e-01
2.181152813972719873e-01
-5.761078290582235528e-01
-9.611927945515565952e-01
-6.483020398266372553e-01
8.410555317391279484e-01
7.327009514608360252e-01
-8.952318493876605388e-01
8.141034629393040234e-01
-4.675263989994455915e-01
-7.150974147827890981e-01
-7.745385605151222652e-01
8.089348403749494487e-01
4.937516411948215111e-01
-6.985799529707148459e-01
5.803450925790163417e-01
1.422598796232719121e-01
5.716502858653154107e-01
-6.488175742755208919e-01
9.332632694161409059e-01
-8.468549768197526362e-01
-6.231584970495938069e-01
-3.542186277295997776e-01
6.198372049774316661e-01
6.159618187211899354e-01
-7.149306771606549482e-01
9.082733002997935845e-01
8.179212993511790764e-01
3.174921764074745134e-01
8.584711910789373235e-01
-1.229808904799500890e-01
2.871705048595880605e-01
8.551635600302742723e-02
1.774725662131009241e-01
-4.503105959595037344e-01
-7.937656320259609544e-01
3.635394056357392767e-01
2.837369143873567090e-01
-2.401046642055799651e-01
-1.084393367993872204e-01
1.770381755214025521e-01
4.298844098494813970e-01
-4.992259762538511225e-01
1.560078174854668820e-01
1.104248304756467736e-01
-2.354808528859646533e-01
6.921672729770289578e-03
1.901212572543919954e-01
-4.654025507458008359e-01
-9.066143606551726464e-01
-4.770697913426094061e-01
-8.862434418510156675e-01
-9.631174960051014367e-02
-3.219656405111637199e-01
-5.280410757521085685e-01
7.382908071448746057e-02
9.075079617731880433e-01
4.863588376523972912e-01
-2.120080384741305224e-01
-7.059817851018759249e-01
-1.322377004926387212e-01
-9.884513672053594213e-01
-2.376238313103669064e-01
7.656864704469272809e-01
-6.395079796393938754e-01
2.940303983329874971e-01
-4.085261577795942234e-01
-1.182540235131712691e-02
-3.778213712036133654e-01
7.888445223330733391e-01
-6.261396567017309955e-01
2.361101738448851961e-01
5.907017279415760491e-01
-8.739639770411442576e-01
3.844861824647582971e-02
2.978208989932336070e-01
-2.296832806843571717e-01
-9.305189962006195081e-01
-4.635751786818094189e-01
7.101377872694683013e-01
-5.095204608393417711e-01
6.321809539535228062e-02
-4.484871975141941913e-01
4.876976112362851890e-01
7.792504270902569363e-01
7.800308118004088964e-01
5.000276606666609336e-01
3.373392187614698834e-02
9.606908742740303264e-01
4.735729230564245107e-02
4.709700944626649122e-01
5.645162378774661871e-01
9.757071501092875465e-01
2.278731036610255334e-01
6.917833588771475917e-01
-2.726516557676306185e-01
-6.724962209547276082e-01
4.379584814165908835e-01
9.734246435751057192e-01
-4.466677573412514146e-01
-5.226286573248499767e-01
8.046152387822966823e-01
-7.420582282477519165e-01
3.056739480274672793e-02
-8.381869590196515674e-01
1.295967226086749413e-01
-3.534763297648990665e-01
1.412488952870980530e-01
-6.882982311262393349e-01
6.317813188760794674e-01
5.691698029472653797e-01
8.947575603011592715e-01
-1.401581588191358474e-01
2.806656215902036955e-01
9.719923880819878459e-01
-3.467286925555255195e-01
8.502185743412007390e-01
-2.484213047831764776e-01
5.412227597915379995e-01
5.659813951487062678e-01
7.633238442091649922e-02
6.257085938019957272e-01
-6.666120996457260972e-01
5.464800018533297887e-01
-6.102850916105739820e-02
-2.071893322514390956e-01
5.378381213495326829e-01
-4.760227945293471485e-01
2.435875647552272483e-01
-8.790330853848067338e-01
5.487585990646517420e-01
-9.812534806004635790e-02
-2.582869688872384550e-01
-6.578936139232003377e-01
9.998148430132465236e-01
6.494498105276669264e-02
8.068664004168955017e-01
-9.980162249783621764e-01
-5.564609981112220716e-01
1.663023277343700368e-01
-7.990489908456490653e-01
-5.339687208882515357e-01
-9.210375531559982232e-01
3.629384983978514168e-01
2.688230866748215764e-01
1.982957015253177246e-01
-9.045584021094918992e-01
-2.220791766214333940e-01
7.805423630568650850e-01
-3.115813963873770298e-02
1.620158108823488430e-01
-8.759142085200672945e-01
-1.184342982732289329e-01
6.543926845974081807e-01
-9.817727617753879699e-01
