-2.628604129158607527e+00
-1.593543818478835750e+00
7.452785961702758089e-01
-1.291587265356740843e+00
-1.588497340696978233e+00
2.330776541219192310e+00
7.998225326794596857e-01
2.319756840779172435e+00
1.834245028618786799e+00
2.082781468439243611e+00
-2.536870960689351362e-01
8.324858260041438918e-01
-2.044535321424693908e-02
-2.312795162673335181e+00
-1.535020126417776076e+00
-1.427299874186974682e-01
7.612725795884887070e-01
-1.444855071505633859e+00
8.900137385792288303e-01
-3.754337298152882196e-01
-1.601612617487407908e+00
1.559953448274577603e+00
-1.515397840099803606e+00
8.299442714164446677e-01
9.254608503434337274e-01
1.398118148204572364e+00
-1.831215330928173568e+00
1.870331186576661198e+00
-6.861512530187920955e-01
-2.284837124941450082e-01
-5.651837450220508208e-01
-1.426192975619008596e+00
-1.080128296668106946e+00
-1.839017685052053430e+00
1.170711403925087435e+00
1.316803974814565237e+00
1.351471200516668469e+00
-5.121103372138469112e-01
3.904810972988486673e-01
2.072078799161347629e+00
-5.980388160090356342e-01
8.392252679176688268e-01
1.763485815955088354e+00
-3.502777776683682065e-01
-9.670635787267212180e-01
2.711912861422277610e-02
-3.119866891291009026e+00
-2.026878456647204008e+00
-9.753581990784647715e-01
-7.903031128354952584e-01
1.550432616442907197e+00
9.897846581163667334e-01
2.419698435983876905e+00
1.676051782491455588e-01
1.523645253501266339e+00
-1.628548652114624851e+00
-2.773348824298232262e+00
-2.310310877316648082e+00
7.732062178712210132e-01
-1.255931912756141688e+00
-1.288803438703088222e+00
9.627572015508392145e-01
-1.439929846272434144e+00
1.277301736480988659e+00
1.836057100762475081e+00
-1.860019126999116201e-01
-2.234777955874941213e+00
-1.148551118766460100e+00
-2.004877927604489241e+00
1.018421006455937139e+00
-9.445214598969663422e-01
-1.483129645277339481e+00
1.301895242045451706e+00
9.386185507090623048e-01
7.027050073210393544e-01
2.051072601380560467e+00
1.680297931049523075e-01
3.964074896299882855e-01
1.730916309832895461e+00
7.669774001094797899e-01
-1.489674005044154370e+00
4.590581096815176121e-01
2.476036067388726059e-01
5.588826493977594456e-02
-8.080230569297187637e-01
9.615138176410169546e-01
9.631288584064126024e-01
-1.641002184980600909e+00
-7.960096466894852618e-01
1.198877406180500316e+00
-1.474862294167689769e-01
-1.936397094055880008e-01
-2.111614801182535750e+00
3.455204803058810614e-01
-9.791199031104672601e-01
-7.954927243981577689e-01
6.412550169352762008e-01
-7.398232394809416412e-01
-1.723659185407067085e+00
-2.164995999695358719e+00
-6.842767006549818065e-01
1.164218206970302649e+00
1.500995550406932999e+00
-6.481484824298248126e-01
-8.748391906500863069e-01
-8.079960894041391395e-01
8.094433787714629958e-01
1.146181648026328492e+00
6.628518276319108615e-01
-1.001459142774524746e+00
-1.298417368116286275e+00
-6.944285115132693420e-01
2.045000009974359489e+00
-9.882064736912027358e-01
1.561523207378346711e+00
1.716119446072972288e+00
-4.422001161700170324e-01
-2.246122576625137146e+00
-1.217991500611677935e+00
-6.575777437253018665e-01
-9.161830083416746540e-01
-9.261499347479739130e-01
1.617357917371042397e+00
-1.212556976793928598e+00
-1.222250269407774703e-01
-1.876073337559118315e+00
2.803769191517255788e+00
1.201642430127468408e+00
9.563518069013939860e-01
-6.852598493642222399e-01
-3.009904442785740653e+00
1.534452089933281194e+00
7.936056278892290594e-01
-1.871060118624837010e+00
-4.691614714511125328e-01
-2.042373876456042403e+00
-1.640715118035248832e+00
-3.161783341980818896e-01
-4.886441420821211468e-01
-1.361316463173691371e+00
-1.496379580127685571e+00
2.479708950981517113e+00
-6.365214526854384713e-02
-4.888015184301767180e-01
-6.010260757062046988e-01
1.682060527033011788e+00
9.796002229196913991e-01
-1.058039676280303265e+00
3.230667170806200694e-01
-1.554190038081835201e+00
1.009363874052938037e+00
1.559071527873196583e+00
1.425711820338562585e+00
-1.704719814205572836e+00
1.933075378894851593e+00
-1.048830272007482023e+00
-2.474079371006442596e+00
9.755427175190223288e-01
-3.254126702024082163e-01
-3.950714146605898147e-01
1.337467536139670399e+00
4.089315630724382755e-01
-8.862645225603886789e-01
-1.732534182202498441e+00
3.988159309131141250e-01
-3.086704973419092113e-01
-2.938879398938356591e+00
7.029672020623796147e-01
6.210813679832198897e-01
-1.910090118569542028e+00
-2.978108329783010211e-01
6.308465609071626234e-01
-5.627994519638781501e-01
9.220440744820318502e-01
1.236806148094071967e+00
8.613673366468151960e-01
1.725676506458339254e+00
-1.972902394910743262e-01
-2.756244297922278985e-01
9.127077277326030025e-01
-1.127500655436581845e+00
-7.730175827293702673e-01
-1.185482223415273317e+00
-6.296240410301701118e-01
-8.061969085843611049e-01
-4.122157887111879693e-01
-2.499125123189216424e-02
-5.538355545248785372e-01
1.061665654918352297e+00
-2.206951621795394836e+00
-2.483698219992235501e+00
1.347561097046127143e+00
-1.966628862940293487e+00
1.656802958033857909e+00
2.778364067802074899e-01
-2.430452597284417093e-01
-1.471149533410498700e+00
-1.601766722725376013e+00
-8.932396130115073385e-01
1.747854147406471270e+00
4.026740805913634480e-01
1.702793654459120676e+00
2.939606428801599947e-01
1.985914746727247104e+00
-1.971074720282166015e-01
-1.160458674661647649e+00
-6.280492987566361762e-01
2.576722279743987709e+00
-1.774853446923916778e+00
-7.038927655305995401e-01
-8.287224557511634337e-01
-1.281492516486260946e+00
-1.174357566796875307e+00
-6.223364636986044029e-01
2.449917090870007641e+00
2.051690618576909486e+00
-1.881918385234074398e+00
5.339937403583856490e-01
2.782036202472196962e+00
-2.684031372143451222e+00
-1.847062876293811273e+00
2.096099237120173875e+00
-7.778000144512146052e-01
1.543931471000092870e+00
2.438011369627375302e-01
-1.614932154526265373e+00
-1.997184512931166056e-02
2.403570648491199169e+00
3.529464234758943331e-01
-9.394743365042567129e-01
8.625654797558446329e-02
1.565134233008738107e+00
-7.924591643028067178e-01
1.413668753729599992e+00
-2.667598892837777402e+00
5.012518781183525896e-01
-3.548037159911153204e-01
-2.437869111184423621e-01
2.786359922070567041e+00
1.810831706893686111e+00
1.094325801088959382e+00
-1.537794397787378142e-01
7.290601800786651321e-01
-1.584450428636402286e+00
1.701864092251478944e+00
-2.510579342084252596e-01
-2.729707122119836793e+00
2.154171185183460846e+00
-1.492423448842070677e+00
6.319603238082516228e-01
2.828585722731871588e+00
8.509520468130966631e-01
-1.536453543083283080e+00
-2.032217766612125498e+00
7.005718926315702699e-01
-1.645042350960506106e+00
-5.330384977782337552e-01
-1.175764184253929034e+00
-1.570235868524306522e+00
2.135921818677563255e+00
-3.046034609643581970e-01
-2.076621648749057414e+00
-1.243580373541930628e+00
-1.604344319772138761e+00
-8.495635312558901253e-01
