-6.220217824036322618e-02
7.553449232022706461e-01
3.461547183575512943e-01
-1.275602268753983637e-02
7.689113969083745115e-01
6.905774243026567838e-01
-9.183168359173081718e-01
6.395780779859054910e-01
-4.890016022198897527e-01
1.839513143408981755e-01
-5.409704176488787652e-01
-2.499144566322724081e-01
1.737730748909733780e-01
-4.787938919294769669e-01
5.823145421244224629e-01
-7.036061031757467887e-02
3.164146248975407971e-02
6.622897291447340518e-01
-9.079903227394061638e-01
2.168650652163901515e-01
-3.241779733720631107e-01
3.685235677163987145e-01
6.155375991558340587e-01
-3.632330356504172020e-01
7.404103572560578606e-01
-8.772720473055246604e-01
1.691306826595313506e-01
6.710869531483067973e-01
-3.712306446743371957e-01
1.289491171086647459e-01
5.868240377758096038e-01
-8.187469955310815450e-01
5.275887153850515876e-01
7.728426121109821523e-01
7.658658187686235852e-01
2.899648055056567308e-01
-2.590606568782358732e-01
4.950105275365717095e-01
9.253191183740594461e-02
7.732399107387450954e-01
-4.330163234504980085e-01
-4.594684511455182641e-01
-6.848685468913198182e-01
6.493731642237619006e-01
-6.734306551635893534e-02
8.302860467724606508e-01
1.239754779225297199e-01
-3.926272975752134187e-01
-3.681756182214321882e-01
6.240777761476403729e-01
1.427029214490105335e-01
-5.684822447487407615e-01
-7.804048164337249460e-01
-9.841263639039903310e-01
-6.626540057923304694e-01
-6.280589089538872738e-01
1.542221311771672099e-01
-9.518175359917506739e-01
7.104271538316369039e-01
7.559019172447429824e-01
7.758626025394463888e-01
8.259693456254486588e-01
-3.367782690091665199e-01
8.264460813687979357e-01
-6.553621383518102306e-01
-4.737269726338910747e-01
-4.178404346797595093e-01
-4.708834057763799930e-01
-2.904283883533858024e-01
-8.232793451015483210e-01
8.310639217493818176e-01
8.943452053283551528e-01
-3.161268265790406762e-01
-9.827075527724160597e-01
-8.361081403572971915e-01
1.435016725867368503e-01
-8.554518257441374729e-01
-2.773208797308921447e-01
2.320706957230926903e-01
-1.057263391943161768e-01
5.112635522318087489e-02
-5.359087621814979663e-01
8.478113713288217834e-01
2.536990633570406217e-01
2.502603928042601567e-01
2.415800419875813176e-01
2.440599445330764450e-01
3.168379287833333890e-01
-3.071202076639278911e-01
-3.194615208845015264e-01
9.970292811250021092e-01
-1.533170178411267237e-01
-2.566840788226161241e-01
-3.035580503229600158e-01
-7.239665039517726441e-01
2.200354849727697015e-01
7.337975238799356870e-01
-5.283556214377826965e-01
-7.280489462171211290e-01
-3.013215783246778745e-01
-7.003606456705913086e-01
-5.532229376897443984e-01
-8.424290982000814942e-02
1.947728435642293032e-01
-1.888238048422397064e-02
2.833363433348101701e-01
5.636704006464685612e-01
-6.354295275844883406e-01
2.198542494118178592e-01
-2.746307594094687943e-01
-7.497898804312621568e-01
2.074797473684684146e-01
2.413677129442881597e-01
4.080787937578889135e-02
-9.009701529292117872e-01
4.179375988267686193e-01
3.708093821849489657e-02
4.699096005411842469e-01
-4.925092112330795580e-01
2.242229957462882339e-01
4.180108528557973102e-01
-9.209961067737602036e-01
-1.695945323629519663e-01
-2.376955527981809979e-01
9.875709989345911044e-01
5.259566150695949016e-01
3.162395634807388944e-01
-6.406990078954784007e-01
8.990436084725033083e-01
8.601540407394043797e-01
-8.122643319705684650e-01
1.721986804216664169e-01
2.132587480002889890e-03
-7.546995109414644798e-01
-3.507383807023143341e-01
-7.103438418345999761e-01
-5.285771307112214767e-01
4.721838251516703444e-01
9.421096881112127619e-01
1.914515245307522040e-01
6.136910255888279320e-01
8.176139177974217631e-03
-4.051320697937039750e-01
5.885030911159550016e-03
-8.947276245454922616e-01
9.408080626512134170e-01
3.950658573409757679e-01
-8.587484667800608928e-01
-9.885291434532441635e-01
-4.191242023076870993e-01
1.191062809365404096e-01
4.689620021894160828e-01
-6.593061104364914549e-01
2.539043054280643030e-01
-7.779464260863568903e-01
-6.605480327093318227e-01
-1.531104093170676528e-02
-5.512247975862276661e-01
-8.460289332384456351e-01
2.512867921010741856e-01
6.599809561100979938e-01
-5.553611471876829242e-01
9.816138883747915767e-01
-8.472078214179017408e-01
-7.863873840193305043e-01
-9.342948231184431407e-01
-1.669482702270748131e-01
1.076763530170317118e-01
8.516316278455249300e-01
6.120548026999543811e-01
7.346396311382037414e-01
9.394740870272217936e-01
-6.183722724877926957e-02
-4.560783598123070437e-01
-8.472550095176432094e-01
-9.201199224457827786e-01
2.009537829125336295e-01
8.081590589595515350e-01
-3.771612300014282049e-01
-5.008390001765057331e-01
-5.943554112341382645e-01
-3.390086604282469551e-01
5.031212947758538778e-01
-2.503831055744123457e-01
2.355152970931859713e-01
-4.676230725694252577e-02
-4.218759491273140760e-01
-3.058614331346360959e-01
8.231792169759004629e-01
2.590166619447880070e-01
5.489482222653985222e-01
3.298248991587349188e-01
7.372869981101040082e-01
2.931142976779697040e-01
-7.454473373408332382e-01
-5.126842590076763351e-02
1.247704208770568091e-01
3.546681472428792059e-01
1.284895003249588719e-01
3.680442108834502957e-01
9.682659654154537332e-01
-9.108753174273700459e-01
-6.049514806236540032e-01
6.666647253009343466e-01
1.142812022702883734e-01
-4.872166421731032315e-01
3.629930909978449360e-01
-4.017477717211281885e-03
-4.538636840589151955e-01
-7.686384646889150574e-01
-5.800853626006035046e-01
-6.975489613876233452e-01
-8.807434858315834614e-01
-4.706682244419280181e-02
1.143858056264424050e-01
-9.219255208383245748e-01
8.625904848151608739e-01
9.420507236060426948e-02
6.380268162417264133e-01
-9.344708332783224769e-01
-3.198632285002833697e-02
-3.325621388105104437e-01
-4.958870840727980234e-01
-7.054884159764318596e-01
-3.592429612553764695e-01
-4.056856289179986419e-01
-3.940572833342503856e-02
-3.483680731489617877e-01
-3.764518115768649142e-01
2.110798614751763225e-01
7.027598092100326710e-01
-1.844705250364140348e-01
3.224116454449272862e-01
2.350134630257327828e-01
-8.976627342665359777e-01
9.846012071405276789e-01
-2.159357087144428977e-01
1.619781302379030841e-01
4.932330037524297328e-01
3.573325182955342516e-01
8.649658073957753324e-01
-8.292350234296999023e-01
-7.051998485512123160e-02
-9.213640438353449813e-01
-2.290175037498642929e-01
-5.980686550300120530e-01
3.590189964482648488e-01
7.229125304359838022e-01
1.995331796043908756e-01
-3.092034567889270225e-01
8.058363683113134446e-01
3.336663385818783301e-01
-1.505127583242444889e-01
-6.024486114176221818e-01
-9.958029304471720522e-01
-1.464541742797367263e-01
2.989513157374736885e-01
8.714030600520401570e-01
5.977593343639060475e-01
8.392888454970799383e-01
-5.759070793197236249e-01
3.653871958553600585e-02
-9.992563166362313787e-01
4.175203023007245662e-02
-6.872083998286233619e-01
