-8.718355480329329499e-01
-2.345118405714621268e-01
1.141406285283639299e-01
-9.644672637609219557e-02
-5.778627264176294798e-01
3.399167059627157261e-01
-9.362255844704558960e-02
-4.382372246919898906e-01
1.123641664669139395e-02
-9.751018337544674619e-01
2.093885828578061492e-01
-5.554631018573850110e-01
-4.518009881782689696e-01
2.020707664754339827e-01
9.785798439860486919e-01
5.132295947938407821e-01
9.879111941619103110e-01
-6.671360032013988750e-01
-2.105188859899118636e-01
-3.338263011741930963e-01
3.727274001726261776e-01
1.468492060513004738e-02
3.647962073897057511e-01
2.608016029252220314e-01
-6.173324132401045716e-01
-6.711108271187837815e-02
7.091916772458055629e-01
-3.340431374920209695e-01
5.842252516864749889e-01
-7.833759464055394250e-01
-7.377597833530986637e-01
8.883958040026032066e-01
2.860022257322403227e-01
-7.480319369233552340e-01
2.098842879364481995e-02
7.175455194854132301e-01
-9.464091527300619866e-01
1.747026553532098347e-01
-1.602674978827638430e-01
7.133882837934384380e-01
9.383843506966933479e-01
5.183288127558367542e-01
-2.865484528833250888e-01
-4.137616969688657775e-01
6.451342632765211249e-01
4.781117876511096210e-01
8.122550727908082191e-01
-3.002547661365617682e-01
7.139540446322398815e-01
2.903173868475872332e-01
6.864412329326263773e-02
-6.323715157553446709e-01
-4.694905846813322015e-01
3.014335767027438440e-01
-4.973243055681946245e-01
-5.421529578937578364e-02
2.432420622737907490e-01
6.118513037220687512e-01
8.056706710974927965e-01
7.773737826211066793e-01
-8.122853245514694009e-01
-3.907723757647267870e-01
7.590477630730276815e-01
-3.219329220919924239e-01
3.082895587608338595e-01
7.743923507108008142e-01
6.114665630640621075e-01
-9.443874933006988215e-01
-8.951528473430778732e-01
3.452847229942201945e-01
-9.877250582202867779e-01
9.875366650325609896e-01
-4.489918178353722311e-01
9.308636074331115839e-01
-7.664137360034224411e-01
4.153329409659032301e-01
4.512041458217317391e-01
4.264292493924426442e-01
2.480528915041135818e-02
-1.673438410398595533e-01
2.981063788508298007e-01
-2.227826033862636557e-01
8.965666239237888302e-01
6.561753673477763726e-01
-9.895967311528448551e-01
1.185178911607907004e-01
-1.956384455306174885e-01
8.470064569788373632e-01
-2.304618094884183233e-01
2.580046354856133650e-01
-3.552819673935538880e-01
4.982511231082271674e-01
5.753245441355419043e-01
-5.247954176279545635e-01
-1.301875027388852413e-01
9.471661558329658170e-01
-5.051776458198715680e-01
-3.894902743703612114e-01
3.884238729029259041e-01
5.557081142847368760e-01
-6.013875959197918508e-01
-1.592115250225021317e-01
-1.778217325671112015e-01
-5.688320898812657678e-01
-5.753456421986993252e-01
-4.696507213753553511e-01
6.040911158672732650e-01
-4.327229276624835475e-01
-2.616236602842063608e-01
-4.762525793237670779e-01
9.021154097635610825e-01
4.800005287783779551e-01
-2.644101820432391836e-01
3.104443799747453880e-01
2.433250386058432024e-01
6.593172644125846471e-01
-5.011619513286873495e-01
-2.839762945040893438e-01
7.300799232400689842e-01
3.279338154304662911e-01
-3.593488736059304856e-01
4.807859267755325572e-01
8.390693210508004540e-03
2.676862498320848882e-01
-9.906743852109418658e-01
-8.594059103233053776e-01
5.660846516421003116e-01
-2.454002977750711079e-01
6.110981588604542658e-01
-9.187471187838762710e-01
-7.213542339436291861e-01
-5.561407972890026752e-01
4.462173075112441101e-01
4.423336482408526393e-01
-7.254809548616880654e-02
-3.344689124120305834e-01
-9.626550528976518528e-02
-1.649083207404866691e-01
7.481833702960372090e-01
-3.128569591408918438e-01
2.733034333717800912e-01
-7.035440195355535664e-02
-3.537413899113370785e-01
1.731762280056368120e-01
-3.970587157446483495e-01
-1.902270767353246850e-01
4.311856185211471182e-01
-3.166746739563419677e-01
-1.089709615911138574e-01
2.666049909886278879e-01
6.154831947644905377e-01
1.274569210930767138e-01
-6.531880475912894557e-01
7.341065557250010531e-01
9.672037654703977694e-01
-9.579962309518883501e-01
-6.376528982760945041e-01
-1.937026032751278937e-01
5.986461139794903019e-01
5.782159340961825489e-01
2.476551083869491521e-01
-5.915232733842425983e-01
-7.180284012207449607e-01
8.366959152626591845e-01
-5.634294956084346939e-01
3.492090465334267702e-01
4.597062102124933602e-01
1.231110277149563004e-01
1.960510467694100978e-01
-8.292705027162599052e-01
-5.763633644237577958e-01
-8.864729450918977793e-01
-4.130227462761624224e-01
8.693969455386623135e-01
-4.523879095546794460e-01
-6.511478836987678598e-01
-2.213153019414355605e-01
-4.072509555836199002e-01
9.233764548721568044e-01
7.039874586029515324e-01
2.954957939250157928e-01
-9.290003393664933995e-01
-1.160716346188128689e-01
-8.751278590226159171e-01
2.972359232373475990e-01
-4.127841686683815237e-01
9.240173530954776115e-01
-2.836517662995330369e-01
-1.277019081742314377e-01
-6.756378454929490296e-01
4.636854148564790723e-01
6.754822284409411903e-01
1.614838011806198903e-01
-9.650754387238689169e-01
-6.212533855995756582e-01
-5.358705698844941079e-01
3.764454188740369300e-01
-7.908138766350902849e-02
6.261959329431467935e-01
4.904433214819259312e-01
-9.495173573171289405e-01
7.662169301565726620e-01
-4.944867549372840010e-01
2.650171668443048745e-01
7.202999652846202583e-01
-4.491855239934292587e-01
4.216175995439863655e-01
2.201383058312067487e-01
-8.244036685200404335e-01
-3.039216117712215670e-01
-4.878980559376677739e-01
-8.397380479473806059e-01
3.430079860777648371e-01
9.036936700507705034e-01
-2.537740850482732569e-01
9.987592685280626270e-01
4.443993743635330507e-01
3.352724840027785369e-01
2.583294013320180937e-01
-8.924719690418687623e-01
-3.523631680760601625e-01
-5.195005847126801246e-01
-2.491638557913691265e-01
1.936210700629812376e-01
9.088560132192986529e-01
-9.475268862412373760e-01
-1.773462696043863751e-01
7.272170187791229257e-01
-1.168442990939841941e-01
-5.641010489586077981e-01
6.085691560852897197e-01
-8.296502295933045890e-01
9.898467881279067182e-01
7.553783720543463254e-01
-3.521040305271772031e-01
1.046661151977008597e-01
-1.337638257015829613e-01
-4.301617145891682981e-01
3.809572662652562780e-01
-1.171224271782735915e-01
-6.377046324349129325e-01
4.765185378648384429e-02
-7.373812168715747628e-01
9.278201821496285806e-01
2.072307954352365922e-01
-2.469717118073089246e-02
2.805584226420831939e-02
7.553146509872403769e-01
-5.027700878560881215e-02
-2.600955505921829225e-01
7.047916916236329765e-01
4.269290492493920119e-01
8.393105471260740025e-01
5.533754263186452249e-01
-6.625444295850171361e-01
-5.528107515980975606e-01
-9.511303152802705885e-01
5.143293747393482551e-01
-1.487341451057644370e-02
2.030564443983844392e-01
-9.153852298817040101e-01
-7.210189601842824647e-01
4.993718995447915532e-01
-8.244259989570337233e-01
5.150404890143014391e-01
