-7.462497335318732938e-01
-1.672006124842271291e+00
-2.957273259682508648e+00
2.156298342674439095e+00
-1.390993892618099581e+00
4.457430275965365007e-01
1.283355010492334802e+00
1.945568876896440091e+00
2.626546378356866107e+00
-1.382511370131608075e+00
8.713136403049936973e-01
2.497591821275898294e+00
-1.498759814529059486e+00
-3.029421536925384073e-01
6.913504228729393519e-01
-4.507374628260482075e-01
2.163323349086287095e+00
1.325992370387859332e+00
-1.269796120967565223e+00
-2.717867063081986223e-01
-1.531636492242719250e+00
2.423985713496051631e+00
6.612747835366977744e-01
-3.590436532658894286e+00
-4.075464725885115103e-01
1.392602828643387802e+00
7.275702012100593308e-01
2.498444588359827190e-02
-1.496545440049698472e+00
4.597839404535591923e-01
-1.098260909325834422e+00
1.181088388304138093e+00
4.678730761556247897e-01
-1.307864597642044213e+00
3.713783457962677836e+00
-1.226149589844257592e-01
-9.778096566918118571e-01
-2.680519234318611832e-01
-2.072910985822640217e-02
2.017455642703588570e+00
8.624225105053017204e-01
1.655071751607647634e+00
-3.432598080434178023e+00
-1.661181060371278662e+00
1.228014622971301595e+00
2.160515359391061097e+00
4.294630452680286981e-01
1.621964031120416205e+00
6.098219634941435263e-01
1.211832014666540225e+00
-1.798984163238487755e+00
4.131813198015845678e-01
-2.489263743282877694e+00
2.947835506317814103e-02
5.764435164679241330e-01
-1.593643557261545385e-01
-1.422129709349533089e+00
-2.377740934232408065e+00
8.233780537418141643e-01
2.882147159601663677e+00
-2.609091391007392957e+00
-5.966943266565285509e-01
1.474763917727567097e+00
3.029868456210435212e+00
4.107105910465448373e-01
-1.271781989538919966e+00
-9.661099690393334383e-01
-1.116587440512672336e+00
-2.980278851780101768e+00
1.029538359734964992e+00
9.003261451737971655e-01
-1.507744615631623653e+00
-2.624935913955749989e+00
4.385179062726823895e-02
1.213957535590366010e+00
3.248243019055347958e-01
-1.030537832655916031e+00
2.784982265551858127e+00
3.060651139695858003e-02
6.178217103196910198e-01
-6.787680294680793480e-01
1.377976691721419344e+00
-2.076276321098888378e+00
1.143336945126532278e+00
-3.282797647883545222e-01
9.176817271409939969e-02
-9.574963866445079796e-01
6.999411408587462580e-01
1.313360472990118488e+00
-8.210279324052465189e-01
2.532238350463549725e+00
4.636663907981972144e-02
-6.989692110413995296e-01
-2.277557038470462203e+00
2.558114863471182776e+00
8.952047231164574903e-01
-1.899154915991978720e+00
5.472048017948450971e-01
-1.143039879941274872e+00
-1.095974363677065799e+00
3.643585222894852871e-01
-1.472904055662950684e+00
-2.818880942306048354e+00
3.074265162947342755e-02
-1.483090074610114328e+00
5.405451834176683290e-01
5.977687666946075451e-01
-1.377701155407776934e+00
-9.420034499059590782e-01
1.757644628407657450e+00
1.074100601635346042e+00
-2.816871642134166187e+00
2.936348662074056204e+00
2.889599647824485640e-01
4.772733088517822075e-02
3.189533427479208094e-01
-2.378800670575843768e+00
3.015062508752075487e-02
1.044283674820222441e+00
1.300715622475372868e+00
-1.145436479422169640e+00
-2.953707522912431216e+00
-1.487741370262916085e+00
2.934515974531481497e+00
-8.780150763653393753e-02
6.995232184254120966e-01
-1.472443604246971960e+00
1.497922012006243531e+00
-3.123578953166301631e-01
-3.945733147271073271e-01
-1.389589304666960290e+00
2.208011904705793782e+00
1.581133460688065817e+00
2.217703222619706871e-01
-7.785412359676714411e-01
5.929908070524116948e-01
1.460807494196797673e+00
7.241510765308627473e-01
2.191545584438784555e+00
1.812470753333872420e+00
2.009792582862211408e+00
1.415779437401377461e+00
2.178529493013716956e-01
1.416718753582673740e+00
3.092556447821718235e-01
-2.066206725790043386e+00
2.306005943808598690e+00
2.487558122450907572e+00
5.968824708396869294e-01
3.222186293004271285e+00
7.961189628561409215e-01
2.435766044984990497e-01
-7.531238309910892603e-02
-1.053331590770406390e+00
1.404099975819741442e+00
2.042475049922606978e+00
-2.071889127575712752e+00
-2.451405907118427319e+00
-2.079846183036895724e+00
2.845701573528043316e+00
-2.142819298241769754e+00
-1.703642073977072791e+00
-2.020416033954248736e+00
1.729671128936412394e+00
3.714294343201605120e-01
2.596141681132748680e+00
2.463083441451477285e+00
2.751814085219083772e+00
-1.562424561020157032e+00
2.370997175625121078e-01
-1.115663522819849707e+00
3.085922229440061781e-01
-2.368780250822686284e+00
-2.815882295602683438e+00
2.667613173907023238e+00
-6.319950484489409437e-01
1.820307287781611993e+00
-1.273000152560192166e+00
9.225927667109850017e-01
1.040838264583294759e+00
-2.109503097809177330e+00
-1.822981542694549706e+00
-4.510060776052378095e-01
-2.268000491796879459e+00
7.522729708187501085e-01
1.698335298253718761e+00
4.112197293749734750e-01
-1.110938237346900115e+00
-1.358037026402735492e+00
1.018999798797273204e+00
2.271117873550109856e+00
-2.311769500246949161e+00
-4.592506630892042585e-01
-1.168492007134566801e+00
1.887804338434117213e+00
-2.733925393967369111e+00
-3.130213279588619502e-01
5.461213044137472328e-02
9.780655474868399368e-01
-5.429668281071092784e-01
7.068990557996929214e-01
1.007560179923272958e+00
-3.217133592633513173e-01
1.158764810464008921e+00
2.382995558510753842e+00
2.154525045887433876e+00
-5.966289834278930559e-01
6.394207587139574267e-01
-2.108690086897234028e+00
2.545415236322632335e+00
-2.248435071972457955e+00
-9.607226597961209258e-01
1.401561835923382127e+00
9.171764309815683136e-02
1.025728571891579177e+00
2.690775700092433276e+00
-1.670978080014034362e+00
-3.090831365867438008e-01
1.690723406908527293e+00
5.035360192704202431e-01
-2.531628821434004362e+00
1.072501434705266377e+00
1.606654231830281443e+00
-3.310767048687011105e+00
-3.645368198356176315e+00
-1.218456129955474587e+00
2.297809663404864811e+00
4.042480098853908910e-01
-1.149671309942523534e+00
-5.341134932474462804e-01
1.671352111685759922e+00
-1.310067438083408753e-01
3.056706885598989842e+00
6.340268357967477897e-01
6.297045609522573528e-01
4.038156848154499934e-01
-1.734187706661036277e+00
1.583838582254055494e+00
7.538682568620310720e-01
-1.754006463156088547e+00
-2.058901645399000557e+00
1.529836372296907498e+00
1.534610123756551259e+00
-1.796091749591430808e+00
-1.535421206032743235e-01
1.320561555574391033e+00
3.171302042211407102e+00
1.180496131709120045e+00
1.834996341795612107e+00
1.829603847624146074e+00
-1.081178627885149623e+00
7.889744655321386801e-01
3.467053337992785700e+00
1.949084862781051530e+00
-1.353617445040971923e+00
-1.307725155515077731e+00
-8.624857580972740134e-01
2.838976304853041199e+00
-1.173369833619261615e-01
2.597877303723747033e+00
-7.042470992009224329e-01
1.870249609382189870e+00
-6.354619266943489775e-01
1.600592143196621464e+00
7.977603902679724079e-01
