-2.286148319500856674e-02
2.825691246112960187e-01
4.514541821705646552e-01
-6.426831208262041573e-01
3.235603672100808570e-01
-2.053486748598583600e-01
-1.622955822434937190e-01
9.537438601966845564e-01
2.423730164408380849e-01
7.835136837101406293e-01
-9.680511579397345079e-01
1.179141974312649110e-01
-7.979305288555622599e-01
3.922037652140037967e-01
3.097940577904518822e-01
-4.104169493812227509e-01
2.601784702353342471e-01
-3.778426189879131591e-01
3.511357506405726747e-01
1.110002556081080699e-02
7.222996030682911073e-01
3.087732981453663594e-01
6.375024746436551704e-01
7.870805790918484757e-01
8.770739398634590511e-01
2.286054639725725313e-01
-2.222266702887198964e-01
-5.321614279671964542e-01
-6.793754821560082924e-01
-6.530749463174914116e-01
-3.105936036805989620e-01
8.272541634535601762e-01
6.314224229454696857e-01
-9.210651743824003201e-01
-8.241750851031168779e-01
-1.488009848976240557e-01
-9.651567044466836665e-01
-4.981496530436917425e-01
-6.493373035871184973e-01
-1.985556425312033912e-01
-3.627649223022823971e-02
-8.204690522005193554e-01
5.352919571299104007e-01
6.616719128492547508e-01
7.684465895991963169e-01
3.491310244803131901e-01
8.315173887016826804e-01
-6.379978040065692468e-01
-5.179920148693932802e-01
4.445456603298241216e-01
3.898875901502130148e-01
-6.099747144336520321e-01
3.893697859022118291e-01
-5.537603532649542082e-01
2.798174821312093830e-01
-3.847978111192676964e-01
-8.807964777965964220e-01
1.440682237292947587e-01
-2.952174548256411013e-01
-7.231837884305769570e-01
7.804558995614696570e-02
3.045425306973519319e-01
-6.319801829091742373e-01
-5.879718495432326719e-01
8.169864768390775467e-01
9.151095750998385903e-01
3.201877636624591017e-01
-4.039936334078856328e-01
6.749946539241884480e-01
-6.664719219082160251e-01
-1.926550349915208127e-01
-4.072318473485611046e-01
8.557432366698920490e-01
5.865532823669645790e-01
6.671750493442084318e-02
2.632973417249058201e-01
4.994540434579675114e-02
6.518928890667169407e-01
6.896858713307643107e-01
2.462983428970277888e-01
7.589715571518440562e-01
9.849680219381402591e-01
-5.457931125362391889e-01
-6.255691432472112457e-01
5.958355526257865797e-01
2.091540103753790625e-01
4.132894768261994312e-01
-5.103603709099162611e-01
-8.587205347330502114e-01
8.602178750548793440e-01
3.694137494704425873e-01
-8.249737361168432148e-01
-5.316565241677857490e-01
1.419536258291193009e-01
8.119075479797612793e-01
2.113578946020017446e-01
-1.456469083383321039e-01
7.060066164287646107e-01
-2.100397457651945743e-01
-4.919272524811782454e-02
6.688375201965360839e-01
2.858050088392014576e-01
4.685117748490765788e-01
-3.028541048371429234e-01
-5.853047384688829791e-01
-1.327623948113831887e-02
-1.650598389831947621e-02
9.864759998957195464e-02
3.545679512626653818e-01
-8.006378260210178510e-02
3.423218540206725002e-01
-4.183980125688571139e-01
1.844640597062880971e-01
-4.143584562323883169e-01
-8.922239796844020354e-01
8.951965748272297518e-02
3.094535398302147300e-01
4.842439004410683534e-01
4.736540355327978347e-01
-1.506685989995257824e-01
6.425654368319426712e-01
-3.562017040166780557e-01
-8.703354083672345531e-01
1.506646753443756925e-01
-9.132490126358372429e-01
-5.573215157014226318e-01
3.807900410492911503e-01
9.926756354513988079e-02
7.659156566700933144e-01
-3.775152708862816731e-02
-1.356960917026412972e-01
-2.134768402172314006e-01
-1.907840657844506183e-02
-4.482280830009123807e-01
3.754077998184168763e-02
1.568807275734553641e-01
-2.466895775324495776e-01
2.588937901961340660e-01
9.012462218704551109e-01
-8.070957624902899141e-01
-4.399452007592179470e-01
5.944059942296355814e-01
-5.769265771169036494e-01
-6.485056962974438122e-01
-2.058027810103342237e-01
4.571247571856176251e-01
-8.820533284449270095e-01
6.450866861918933548e-01
-3.619575561444972611e-01
-9.825293575765796650e-01
-7.064900917006615710e-01
-8.156907941168767273e-01
5.937262830200373820e-01
-6.614258723260073580e-01
-4.761154275157760130e-01
6.538153470944274570e-01
-3.347631958738899183e-01
-3.370976914332912688e-01
-1.444471986108375461e-01
5.483611070165446133e-01
2.636450853743880218e-01
-4.383940176807010758e-01
8.537553843185718971e-01
-2.996512232654542918e-01
2.924272283466037847e-01
-6.784096431319734943e-01
-2.465220425944836258e-02
-7.580366306355561523e-01
4.230834145776565247e-01
9.070536191390440317e-01
-4.916067217589621396e-01
-1.596901865320901059e-01
7.245103714722079813e-01
-2.667544737195624016e-01
9.464848620341959062e-02
7.186019078448659947e-01
9.321793072142506298e-02
-7.749011276151336336e-01
9.198173546227592645e-01
-2.257067370907961390e-01
-8.299729596886142868e-01
4.697633577387199666e-01
5.011608788052477337e-01
6.447480968856329486e-01
9.449646998376723950e-01
1.760532667844483257e-01
-6.744851987564937090e-01
-3.504332537342469411e-01
7.194349571182534486e-01
3.058035260822196122e-01
9.599167920272222432e-01
3.942473164072828329e-01
3.914866739456202005e-01
6.947759011940495277e-01
-1.430385144780570439e-01
4.756715044962223082e-02
-9.613386306334981146e-01
7.363494870781160939e-01
2.806459998836710046e-01
6.354385090472769448e-01
7.405498502250302817e-01
-4.579386664132880647e-01
2.423659072225681221e-01
-3.162396979265337249e-01
-7.662921363249937112e-01
-1.465234951748550785e-02
9.292075307083520475e-01
8.417643904107126041e-01
-8.041121123115104741e-01
3.826289563357512247e-01
-5.795626775782163342e-01
5.773830697807289525e-01
9.247584708135063725e-01
-4.645611469265237270e-01
7.660400132331233181e-01
7.402042754056796792e-01
-3.736318723271646047e-01
-7.871190702939594441e-01
9.112610897332675819e-01
-6.129447120002096128e-01
9.259964913687985799e-01
-1.958703115477240519e-01
-1.477008386185283406e-01
-3.561638321835901566e-01
-5.142483085399784937e-01
1.000281448521011113e-01
4.694168331661010551e-01
2.799156135300763237e-01
-7.650459579686332834e-01
-2.161456707690017076e-01
-5.543813849558747453e-01
-9.078442713982330936e-01
3.331122130792085745e-01
7.234507564348542363e-01
-5.434847807240699158e-01
-4.110166216764289948e-01
3.247335434295669510e-01
-1.908530357998479698e-01
8.353131825143118583e-01
6.431008984462547318e-01
-9.895313764486248775e-01
3.219314895206120131e-01
7.475404091322741529e-01
9.400687193752859105e-01
-4.509077554818536893e-01
-9.357139494737145569e-01
-9.617038179504374673e-01
-1.856870316159728862e-01
9.712852166474901239e-01
2.876065989169604986e-01
6.300776731975427092e-01
-9.756125361125398410e-01
4.078647316621253349e-01
4.810019841551824715e-01
-7.892752034886039159e-01
-5.579822954130739809e-01
-4.488826085989539028e-01
-5.390566022885914244e-01
8.899961402963423307e-01
-1.492100318314746321e-01
8.489104471067570046e-01
-1.057310607988548590e-02
7.985442868268979311e-01
-4.169934907801042812e-02
4.464778762622454988e-01
