-2.695902198627995183e-01
-1.071289655138911723e-01
7.499866262176313469e-02
1.814211401904310961e-01
-3.030424853529964935e-01
8.147036707866923688e-01
-2.939639879627264918e-01
4.177052565012251417e-01
-3.900074113159812672e-01
1.051579265463069568e-01
8.874845378803541962e-02
8.646488713089401923e-01
6.598370353958347145e-01
3.108229825211974440e-01
2.334790580250007963e-01
3.358058128576688617e-01
-6.448237719748983743e-02
-6.248426843960377397e-01
5.025598128007759957e-01
3.698354140261688183e-01
2.788882644334245153e-01
2.166039274134003989e-01
-3.814572177944632880e-01
9.433369595662077778e-02
1.610361853005359833e-01
3.099611646268760623e-01
2.171840906164048679e-01
-6.886714915075109467e-01
6.552167123702448137e-01
-5.811575769510088918e-01
-4.904045530362481919e-01
-1.379854646318023903e-01
-3.560166943936335926e-01
-6.950577303354126268e-01
-7.103354288416801054e-01
4.767994937813091472e-01
7.807702090449124555e-01
-3.246985404618687454e-01
8.415515757935059238e-01
6.134285076833001504e-02
-3.366736623670258943e-01
-7.433720406824837479e-01
8.694476555165662202e-01
2.160889388798836741e-02
3.051111709045792875e-01
-9.240663692436001941e-01
-7.162140951952720158e-01
1.263295587004287235e-02
-3.116208766969161825e-01
-4.891460212219871373e-01
-6.798345653953141721e-01
-2.165084333045126375e-01
-5.416704688482476548e-02
3.366875392160244562e-01
3.984781128783299042e-01
9.116596966831609361e-01
-8.340916696486286863e-01
-3.370295593701262415e-01
2.719543142836089444e-02
5.079756810027300507e-01
-8.983273750525226919e-01
5.493942698873435226e-01
3.879478059209164886e-01
9.587527646780027446e-01
-6.323881406820961448e-01
-2.331296726683831366e-01
1.980484317117450210e-01
-1.375017208852908901e-01
6.205976225467033647e-01
2.310341891817722093e-01
8.526457073570072875e-01
-3.181939931754846906e-01
-7.782377245848850489e-01
1.867277768774848745e-01
-7.944124024346073121e-01
3.633760936015650866e-01
-2.619946882518844333e-01
-6.966812620221680685e-01
-9.657400838306173796e-02
3.673276632180257906e-01
2.763707524905463231e-01
6.533453070108383720e-01
-2.266503242922994765e-01
2.187597361270658958e-01
6.357287679778791389e-01
-9.668133115186630100e-01
-5.030459157219793198e-01
6.902089265974062915e-01
7.535595044690093225e-01
-4.422869002695180018e-01
-1.561140686078215101e-01
-8.838358933444667720e-01
6.107291323060803911e-02
-7.671416505102339745e-01
1.126992609664723144e-01
7.750716711343510479e-01
6.917775332340247996e-01
-7.164629942461888668e-01
-9.635790706818614382e-02
-1.975613117506380689e-04
-3.186864351722222821e-01
-4.491801133753796638e-01
-1.304563775413165594e-01
5.457612486576868260e-01
1.386583754196824003e-02
-2.790861020587394048e-01
-9.312965472944492173e-01
-2.499280547915638806e-01
-5.265040184127174339e-01
-2.635279354874735525e-01
-2.713193686281925032e-01
1.295490501413107953e-01
3.398234814414382576e-01
-2.551577690990645131e-01
-5.433504824417283441e-01
-9.020078333614012234e-01
-5.021704126261419265e-01
3.418297530945426654e-01
-5.070666551613154382e-01
1.156024949695355630e-02
3.640156636431424175e-02
-7.863447321542791357e-01
-5.628322024612824048e-01
-6.139967658113991700e-01
3.520681903645379585e-01
8.397080586398402158e-01
7.581037162611994340e-01
-4.937992914508080311e-01
6.652351668092411074e-01
-6.518353417900730751e-01
-8.667896297998527455e-01
9.044829616422271901e-01
3.865091855003122134e-02
-4.611815242905232815e-01
-8.394178142009705024e-01
-5.090694041454351115e-01
7.699022690549650605e-01
7.590264412425267171e-01
2.368791560114469341e-02
-4.870430355480726003e-01
-6.118765660843465959e-01
-5.871770934248450313e-01
7.485962673286263858e-01
-6.706275659482936469e-01
7.954976941930234080e-01
-7.280820030998569337e-02
3.674470229016169043e-01
-2.925807466276812985e-01
4.732570710480343834e-02
-8.830623223964582102e-01
-3.126590908273936265e-01
2.456288843046992021e-01
-5.416020403021695184e-01
5.998796192582234177e-02
-5.268017717619413176e-01
-8.853547852639800375e-01
-5.578448208381328044e-01
-9.403693695461285973e-01
8.959047706452631932e-01
2.175156848507007190e-01
4.022925583528649263e-01
2.173444685717307312e-01
5.062815440826284874e-01
-9.540244520608573975e-01
4.800277279738773828e-01
-2.723125524813048148e-01
3.189354778375204091e-01
-4.105464093776318713e-01
-2.885221519299152604e-01
-3.381725654873357634e-01
-9.279942534949212618e-01
3.738006790186028105e-01
-1.547914148251368083e-01
-5.827167406194626587e-01
-5.207913932398831047e-01
8.239254672742211127e-01
6.219163443555226767e-01
-6.205478393440200247e-01
-4.776430061281891071e-01
-3.666799709279258135e-01
2.228391886369940345e-02
8.522967504345069223e-01
3.898511395826429471e-01
4.532552777050933290e-01
1.334685692462729278e-01
-5.497991310650849339e-01
1.062891986682945600e-02
1.247443445743134927e-01
-4.781674157984716622e-02
4.573616654734791176e-01
9.559375010413515561e-01
2.177019290135637775e-01
6.541642164052621222e-01
-9.002660776833928402e-01
-5.003248215622979611e-01
4.266828902278883007e-01
-7.204944591855655389e-02
2.999074164958472899e-01
-9.720138908321116489e-01
-6.472167702870426087e-01
7.604030490647062379e-03
-8.061518849458004787e-01
-5.742276441578009205e-01
1.253773740823744820e-01
-6.288026465588296698e-01
7.394402137244391326e-01
7.498171698407096741e-02
3.861251029188277339e-01
-8.336685875400087209e-01
4.916593506176210049e-01
1.875841143387524390e-02
3.947392300065144521e-01
-6.150420119724380186e-01
2.259131947699641874e-01
-4.239633683305976675e-02
4.829240082174219850e-01
-6.208922057650527737e-01
-2.056223058864261599e-01
7.545667915062101994e-01
8.254615207326250204e-01
-9.287336065486484493e-01
-8.299873016216703370e-01
-5.965785579825639839e-01
3.894337246504009364e-01
-9.698552175149068866e-01
-3.917525554036318525e-01
-8.250771303934310019e-01
9.667287858940465384e-01
-3.009093258478228172e-01
-2.370006192742042384e-01
-2.050905933598115016e-01
-7.955697699308967863e-01
8.868307661070484738e-01
5.767285805308133284e-01
3.804122714931170712e-01
2.548638813228398803e-02
6.874337713126590366e-01
3.034259148960627428e-01
9.566311765589157190e-01
3.234688552977209586e-01
5.772287198724044277e-01
3.178415802640424115e-01
6.538071708951116445e-01
4.072491733730296826e-01
8.221068120193120166e-02
-3.016082110497464441e-02
8.471126715582517619e-01
9.182581072633835273e-01
6.470096815084420694e-01
-6.746444424202531209e-01
-8.002941806280234882e-01
-4.641846627943813086e-01
-5.976658340640816913e-01
1.090992636398151472e-01
-5.155717195394626806e-02
-1.631330877747463326e-01
-5.709658089600184727e-01
4.544662590071901764e-01
4.494104314357052488e-01
-2.837635234005932983e-01
4.591447583363790219e-01
-2.254045956253432070e-01
3.494799907853727294e-01
3.472186244537156519e-02
-4.655227317565404643e-01
