-6.671702613581314001e-01
-1.923091751325551879e-01
3.701435993952788550e-01
8.101178928200736262e-01
-7.282955254186340710e-01
9.738380455631423516e-01
-9.506461427736472292e-01
5.304149142050516019e-01
3.094801660857300352e-01
-6.006683546495337200e-01
5.284743148704569293e-01
7.589979989982036379e-01
-4.437611409910369176e-01
1.238504947357490504e-01
-5.350819658087964115e-01
9.007464186477778245e-01
-6.197362809425714936e-01
6.279533922122870759e-01
-7.014235026696757913e-01
-7.310244082334478311e-01
6.617259643388089252e-01
-8.050122493543299118e-01
4.079602802617474655e-01
9.821312492098783764e-01
7.598694144231574743e-01
9.304221883903740498e-02
9.912765189743841798e-01
-9.532819437565964726e-01
6.281006544187819340e-01
-3.502785274151827277e-01
3.901640820494667317e-01
-1.715568605460513485e-01
-2.701780769336232790e-01
-6.750698434682171900e-01
-5.343909402347613025e-02
4.617346227242480339e-01
-1.680850356870373652e-01
6.718956634534265504e-01
2.908754265189561483e-01
-6.353038326298874328e-01
-5.297465700349905937e-01
-8.466988175726219978e-02
5.775054052243335789e-01
3.964530559249022090e-01
6.295295971922214573e-01
3.428320166989464735e-01
8.237873287077177586e-01
-1.653402929881844230e-01
9.999660106418428729e-01
-6.892996670942321824e-01
-4.337477964741351943e-01
6.554798224333202583e-02
-7.704848583705758980e-01
-4.376692446779049117e-01
-3.405249628870843370e-01
6.866375246949376621e-01
-9.178162999023995461e-01
1.861605345193957373e-01
8.825916850717905326e-01
-3.446426172799910148e-01
9.340994254666750152e-01
7.332391959743229659e-01
9.164055859372870483e-01
-6.401170027865641377e-01
7.594089922075237808e-01
-5.671949166620440241e-01
2.290480768372507026e-01
-7.203566288925284944e-01
-7.461840582302550207e-01
-4.328406320968114507e-02
-5.815020106627737384e-01
8.654955779343564970e-02
3.404710855013646231e-01
-1.460162043398380849e-01
6.705499905117799919e-01
6.829610280401827715e-01
2.991831162207359007e-01
7.429833576917814764e-01
1.620953565560634413e-01
-8.434163829222474096e-01
-7.832637072559429647e-01
-5.041046193831566491e-01
-8.160565866334013041e-01
8.427261654634843335e-01
9.481899782562495105e-01
-7.511844603270545484e-02
5.922001078495990889e-01
5.459386752441006685e-01
-1.498622353035592436e-01
-4.313623585298351770e-01
5.633205896987709682e-01
-1.020179143664967647e-01
8.916927548958830663e-02
3.500089238714902962e-01
-6.976731867438086265e-01
4.601984728862025253e-01
3.229784364024819165e-01
-8.263074942209482909e-01
-6.569083237887596294e-01
-6.400882807510697159e-01
-9.517927958320302473e-01
-8.190498058580601981e-01
5.711197397669844911e-01
9.842418367981773386e-01
1.574712091680361414e-01
5.341332609439066736e-01
8.448444288178347250e-01
-6.574812819909623407e-01
2.293552515800927338e-01
9.281221019669179118e-01
5.926490682649150354e-01
-3.986829047562294726e-01
9.554424165223114329e-01
9.751042068603199553e-01
1.469207153471783212e-01
-5.149709667202619912e-01
-4.243530419705450196e-01
6.167233593357008825e-01
-1.005688241898838875e-02
7.156274811443283923e-01
7.703363268836243005e-01
5.301759299870352216e-01
3.908123823045797085e-01
4.300853723418731622e-01
2.307830883958807977e-01
7.526341930482500775e-01
8.249136593055763633e-01
4.765049220130055385e-01
7.606733487897598955e-01
7.575476467304247397e-01
-7.179504259362234908e-01
-7.975115527072940136e-01
-4.028437169343574986e-01
-9.905787599388689024e-01
2.397269102313375200e-01
9.166098709710475134e-01
-4.869993552498494971e-01
3.129949029271412719e-01
-2.339731574425107929e-02
-9.306653320932960494e-01
-9.354358641151481191e-01
-1.513371554673283992e-01
-4.366603463250817718e-01
-5.907653563602834890e-01
-1.446967794441857968e-01
-8.282085598930646331e-01
-4.938016182513598196e-01
7.644759715125326593e-02
-2.379289639446753313e-01
5.065270000031882880e-01
-3.774600986522445023e-01
-5.517262929498356616e-01
-1.316210316991068829e-01
1.597772248272517626e-01
5.436419700840160463e-01
1.374172029813245377e-01
-3.858083068652289338e-01
1.902135492247580828e-01
-3.545169161973471539e-01
-4.811071924030418945e-01
-7.986763102641210033e-01
-7.038999646971915158e-01
-5.340876703882282417e-01
-5.122464768212584563e-01
-5.028037042174362536e-01
-8.259565130100101626e-01
-8.622255628741488653e-01
-8.292115320243822474e-01
8.029152945004414121e-02
-9.543727845769116591e-01
-8.596487281105538170e-01
-6.157564151768233351e-01
-7.633871400000535878e-02
6.531366880068545377e-02
3.055346498282673906e-01
2.905002507089271546e-01
1.274095702820932097e-02
5.124484830458508888e-02
-2.976024047817693585e-02
-2.276193541272442111e-01
-8.010110810480872701e-01
2.740967041588591169e-01
6.596244142448859371e-02
-7.356414702935019090e-01
8.528271720843922932e-01
8.015040474374679480e-01
-2.730446262776136113e-01
4.594902460442102932e-01
-3.389263517850702456e-01
7.477504328628854502e-01
1.936390541760304451e-01
-9.001216761112544873e-01
8.493354010551636968e-01
3.586420965614844913e-01
1.222163633164028429e-01
-1.097781843315013273e-01
-6.280121995642387045e-01
-5.956631613715082096e-01
-2.539662579352304217e-01
2.392321463102908830e-01
-5.103893142314455122e-01
-8.633445030197945957e-01
-4.174955865812921552e-01
-9.940880278137940174e-01
1.803850593714193540e-01
9.111352037258499958e-01
-8.676207791480159415e-01
-7.625469017043311482e-01
-3.794306107799640948e-01
6.593024456891125595e-01
-9.560590584033945571e-01
-6.718125615478600654e-01
-3.786394041180360936e-01
6.411586814930363420e-01
-2.847079435431081329e-01
-5.556933168346613883e-01
8.531252192453224747e-01
7.717161843724944514e-01
7.146340751043012141e-02
-1.198637166444480595e-01
6.617695579623963376e-01
9.917858546695512700e-02
-1.790837204332151877e-02
6.286652974385407155e-01
-1.721811740589485051e-01
-7.326607695149771615e-01
-7.489808805572688577e-01
3.807865717825826835e-01
9.711593473138726562e-01
-1.226686724588585964e-01
-1.893733988023456050e-01
6.467953003307984616e-01
-3.349583865939920191e-01
2.769298238357871256e-01
9.520475301841746507e-02
-9.958870787807698743e-01
7.460467225076472531e-02
-7.892034050620913010e-01
4.353524898783760477e-01
8.853849734486001211e-01
-1.463685367534324211e-01
7.247643674366166522e-01
9.767475726667729230e-01
-4.496497837187920510e-01
-8.691629477663160852e-01
-6.518741666021892200e-01
6.963405084859670691e-01
9.362838700111835166e-01
3.276836889510805761e-01
-5.577594271422621208e-01
-1.813217891527241221e-01
-3.046564411026468910e-01
3.301558843370753227e-01
3.640179011772886053e-01
-8.408323805045254673e-01
8.822086537486975022e-01
-5.095598670837719890e-01
-3.680910759193318782e-01
5.458793877491803226e-01
-1.552020326244198944e-01
6.994401693030676270e-01
3.259538579505163458e-01
9.149404389921671488e-01
-1.757186752463220092e-01
-4.737893212984611857e-01
