5.248605051196306714e-01
7.282041167825044070e-01
-2.432769769679385963e-01
4.783534047149309298e-01
9.631866869181360258e-01
-7.743838522444261852e-01
-1.716373092952805379e-02
-3.707346880237010200e-01
-4.698048504993308505e-01
4.963144310713094587e-01
-8.484588177345111504e-01
4.585335250507172056e-02
7.865050735338028343e-01
7.741048673653176948e-01
3.990617394762203674e-01
-6.720982118584313270e-01
6.834398900893052797e-01
5.893566216986043660e-01
-7.890567865413431470e-01
1.769073063381514377e-01
-1.613820810499677627e-01
-8.520617728372918975e-01
-6.660325096901320574e-01
9.895977480375361957e-02
-5.583887382754744166e-01
-6.408670242621519186e-01
7.476897984237997896e-01
3.942217676357038236e-01
-8.493665468499578264e-01
6.308110465011516066e-01
4.854605306141082099e-01
1.222546324351911906e-01
7.504752777161827204e-02
2.160461277427212501e-01
-4.778563229546040070e-02
3.205055050482163992e-01
5.260960118804329788e-01
-6.030377716683863465e-01
-5.170377128231022912e-01
5.782376818787893225e-01
-6.638645427397464882e-01
2.807429476104255084e-01
-4.578355711949417817e-01
-4.461728445911867791e-01
-2.587825334284143963e-03
-3.704621542881603169e-02
-2.800756008999987223e-01
1.515956628021557506e-01
5.341966568714640040e-02
-2.964944283481421028e-01
8.011215406861837973e-01
-3.954906785637124500e-02
-7.770177653738552515e-01
2.922122135948403976e-01
-6.162749331246719642e-01
1.974019927063987989e-01
1.184498537752365355e-01
1.331830409036323104e-01
-7.435625852660765478e-01
-1.374677978861562622e-01
-8.256580323080335848e-01
3.423454068506837089e-01
-7.407180108563788945e-01
7.784906406843619120e-01
-4.051977523456176122e-01
-2.907689241191968588e-01
-8.375868053900836774e-01
6.250746590038243067e-01
-3.705197156904045386e-01
2.319904424399972243e-01
-3.325356177048699458e-02
2.694608547815853239e-01
5.375562498877357598e-01
7.347738757456905301e-01
-2.895291511592623657e-02
-8.095595417627690082e-01
-7.983007400881509952e-01
3.870441704801945715e-01
9.791157792446376629e-01
-5.483418706411289367e-01
-1.140319666841056456e-01
8.658162583745070418e-01
3.647064129896522289e-01
1.595402631934808024e-01
-8.293307657753545836e-01
-6.521946774575937411e-01
-3.890171627014618050e-01
5.839745318834712595e-01
8.848116310139197971e-01
-6.182386383831639520e-01
8.758740801547859611e-01
-3.508601233233874517e-01
-5.107039123481367238e-01
-6.626187709756605759e-01
-7.577816746054633068e-01
-6.671293156273776503e-01
1.258355500260484039e-01
6.897162379165699964e-01
-5.573447232039097088e-01
-6.367976932704320081e-01
7.643332980958044143e-01
6.108464092137122492e-01
1.646672815422676184e-01
-4.333719025201034913e-01
-5.414530817037934707e-01
-6.132003239285621632e-01
4.619220663709289187e-01
-1.040006466351186543e-01
-5.982952831999919230e-01
4.958663039011002027e-01
7.957959786866524166e-01
-5.793573376374534512e-01
-8.027996010751423661e-01
-1.838435774043571946e-01
8.010874714332336666e-01
1.251816810249943845e-01
-8.841479973644619239e-01
7.730324306029232595e-01
-6.155952789038623418e-01
8.176465129477008542e-01
9.038525748574672836e-01
1.219820068299926064e-01
2.125607027512834701e-01
6.361213886265071338e-02
-5.412609369371108592e-01
8.409416381331547008e-02
3.089726538581250015e-01
-8.406700776050444190e-01
-1.373986623936904738e-01
-7.461938266636174433e-01
-1.306832488874658527e-01
7.120442516510712139e-01
-2.998928147254189547e-01
-4.679840079461861091e-01
4.272623836467006608e-01
3.210674095338357237e-01
-6.896792154034905309e-01
-2.542670027108915320e-01
-7.077340347080567362e-01
7.461621073088677836e-01
-2.867804679430441261e-01
7.777559152915725083e-01
-5.058051957309328550e-01
8.579061060152113338e-01
5.839416674397539531e-01
-9.858548042684651680e-01
-3.430263544956009270e-01
4.406027387411617369e-01
1.824451633559440733e-01
-9.930318121408010512e-01
5.362003279541482925e-02
-7.784195105910869383e-01
1.864250337457875606e-01
9.082973629503530155e-01
1.154911889104743850e-01
5.727429176460843152e-01
7.075058127601050462e-01
4.424776835659338659e-03
-9.674100778818481849e-01
-2.542924220500080157e-01
-5.874617243331825556e-02
-8.176452260896736046e-01
6.716678217267617601e-01
-8.815919484795702310e-01
2.790108617988098505e-01
7.480907224266317712e-01
7.239631838878792802e-01
-5.742305596934955680e-01
-7.789706185987883558e-01
5.178668540878790250e-01
-2.265882369238672034e-01
-2.649426548831717021e-01
-9.326163370365541105e-01
-6.419175670768897390e-01
9.377610279306998198e-01
6.563748957673727347e-01
-7.996237247789166336e-01
6.080524012807342338e-01
1.046447006612611919e-01
5.376365033167072038e-01
-4.075668665272966784e-01
5.525135371475609070e-02
-2.299012315997472911e-01
-9.358276575728292634e-01
5.736831686829970689e-01
4.772012634458364655e-01
6.313574962770471810e-01
-6.541995326431200297e-01
6.998935739676193091e-01
4.265420872326837198e-01
-7.911546850808952591e-01
9.584907523119543526e-01
4.281842440529139981e-01
-2.234801270241224547e-01
-3.141752912657893582e-01
-1.830179256663133636e-01
1.408952345413534424e-01
4.750327674618626261e-01
-6.932304667245845486e-01
4.370732767841747357e-01
6.018448012697934502e-01
-4.107995279964338220e-01
5.875446827367967195e-01
-6.621149318259744732e-01
8.013979741116994404e-02
-3.431373669119528458e-01
7.724630285252631623e-02
-2.691856161188275198e-01
9.400535542745951378e-01
4.041259659808134064e-01
-2.271049979818091646e-01
-8.820967387038216589e-01
-2.591701071223537767e-01
3.237504602181500157e-01
6.715425918446995546e-01
-3.745366225550219585e-01
-3.959632856336201545e-01
2.135447103382486223e-01
1.758058330128129398e-01
1.913375086499227162e-01
-2.781386378908774493e-01
-7.159334977057936200e-01
5.643866700786805968e-01
1.252289959232664174e-01
1.168353340224588255e-01
4.902499732603926574e-02
-8.215231120263855047e-01
-8.577938428715885522e-01
5.910901558238634834e-01
-3.490545170939067798e-01
-8.125240077077857670e-01
7.279675706004025137e-01
7.172021288243144443e-01
-5.503529535026656649e-01
1.511476426016062913e-01
-3.091601210821925960e-01
-4.265906887947639170e-01
-4.581409594269061358e-01
4.698403741520189580e-01
-2.261475969948238962e-01
5.730432334265891381e-01
-5.353131459310263018e-01
2.393614398136796328e-01
1.365481071155598691e-01
-9.843306139389715881e-01
-1.424463662152504195e-01
-8.573810302362849800e-01
8.721733582982047484e-01
-2.170846783891104970e-01
-3.798456330607622444e-01
-8.193458302739826671e-01
3.699583378191404481e-01
6.304648558244867473e-01
1.158157288404735308e-01
-7.738315921090046512e-01
9.170871478257403009e-01
4.537686035240151572e-01
-2.859242626486342420e-01
1.697998776065492432e-01
2.784486565707799954e-01
-8.280411969960053131e-01
-4.948139658087238324e-01
1.549058507434373233e-01
-8.148887193838807441e-01
-3.840821109482139839e-01
