-1.389049015380428020e-01
-1.151136255461469027e-01
-5.668208637532419214e-01
2.479389673346839018e-01
6.454183084339901733e-01
8.152499957042846912e-01
3.071502013017977095e-01
-1.617560582952624060e-01
-1.669522582793077081e-01
8.548538438296966468e-01
9.044694529497452340e-01
6.863644788703016086e-01
4.721088930817378682e-01
9.384935400018667995e-01
4.984513293681418489e-01
-1.131067212624319307e-01
2.749530260110593094e-01
-7.008819751768795570e-01
-1.415440963528458163e-01
-3.225428510860819387e-01
4.733157541500467858e-01
4.265457523975220155e-01
9.062134634625129692e-02
9.003518958407430439e-01
4.899765482734104172e-01
1.845680985045563549e-01
4.095515724843294958e-01
-1.064845276293366894e-01
2.665814205970551409e-01
-1.553764350208801659e-01
-1.249811121303021633e-01
5.601268422364291677e-01
-8.730908192735109541e-01
-5.251175416751090452e-01
-9.564726908036826902e-01
-1.515179183421766496e-02
5.494331075792151520e-01
-3.996795029858215553e-01
-6.987647667633054560e-01
4.292017873087770052e-01
8.713883213943012240e-01
-4.917801799790828543e-01
-3.647875089142860183e-02
-5.463485677208907987e-01
-6.039526097609597688e-01
-8.570385708356242915e-01
9.963541387924590431e-02
3.748278474985955455e-01
-6.114016142703260215e-01
9.834816335076634886e-01
9.502307595027725817e-01
5.753913890106874263e-01
-9.498610123373387726e-01
-1.000747853601304804e-01
1.422591017945211700e-01
-3.347256182520799150e-01
-1.939703149700919838e-01
-1.022006036923950312e-01
-2.775298847799796409e-01
6.423100821155960372e-01
1.504146890630579936e-01
1.964851712900537173e-01
5.944046606842865454e-01
-2.091985059998124896e-01
-1.436166140678918346e-01
-4.164981206380640177e-01
6.572815299595746730e-02
-9.402347793240786178e-01
-2.169765292079248731e-01
3.231733005254808777e-01
-3.453988022250038536e-01
-4.328841755669241564e-01
-5.296331488522836306e-01
6.569959989986695614e-01
-5.966689946744208051e-01
4.545409191435527685e-01
-6.995500014389635091e-01
-9.212745141898928125e-01
3.667121801651203050e-01
6.341182106742500046e-01
-1.942559744156053814e-01
-3.384955116713386225e-01
-1.441296004419843069e-01
4.833926528447411997e-01
-6.664741918817413957e-01
6.932657118101646088e-01
7.389443743848880253e-01
1.597362921798566315e-01
6.515943116327846951e-01
6.832724913400811673e-01
-2.996065887066379219e-02
-1.230968918229549125e-01
-5.314162605160956954e-01
3.541085154548326841e-01
-1.045599338457110505e-01
-9.417944628127232765e-01
-9.109720016516664742e-03
-5.505704496195922282e-01
2.938442637976097505e-01
-8.544104729208739091e-01
-5.109696488814234883e-01
5.603513129471116017e-02
5.871183527055270357e-01
-6.962782638812143876e-01
5.119174413785640976e-01
-3.210934999230863340e-03
-4.376367887295093961e-01
-4.296396691736918960e-01
-7.114547461899878300e-01
-4.745555418709417328e-01
5.994469794697703247e-01
-5.965156998840599467e-01
8.763508078713464489e-01
-9.461128341337394776e-01
-4.588734380121333167e-01
-6.690759896922471306e-02
9.864597915279647022e-01
-4.869943089371298051e-02
6.309954800031223332e-01
8.581466113481321933e-01
4.068543245523592589e-01
3.525906531617772899e-01
-8.055815604429823473e-01
-5.602515771098448560e-01
5.347391858330501346e-01
7.481304501598611267e-01
6.560104878113151017e-01
7.280427982386479258e-01
-4.598110434126450041e-01
-1.039676491598553465e-01
-1.413459253511106795e-03
-4.203508268630695710e-03
-5.535172908277956605e-01
-8.529019712371990192e-01
3.502713099204779468e-01
-6.386420903197207455e-01
-4.390376173412513516e-02
-4.420129850044882680e-01
-6.478077426113186821e-01
2.038754301112932765e-02
5.289606033194740320e-01
1.067027164315164089e-01
5.913043242052435922e-01
-4.901063490110038057e-01
7.325692625489752530e-01
8.630900951546951472e-01
-6.838882200508302756e-01
-2.031623447361816659e-01
9.070782523479821169e-01
-4.104804671026947016e-01
4.360335119636322698e-01
1.600279751461572975e-01
4.236938583247686907e-01
4.834891761900335094e-01
2.553795321867271539e-01
5.737274227444744135e-02
-1.284077937740730757e-01
-5.196326192491049767e-01
8.419718838655789739e-01
1.388643904194957202e-01
-3.932365698267470400e-01
2.591030564625453891e-01
-4.015358071084589309e-01
-1.448942701096238572e-01
9.433422525263628344e-01
-4.753424694310739440e-01
2.325540393528919836e-01
-1.513694775606899690e-02
-6.159647842572810728e-01
-3.358590153317875249e-01
5.393784282143663233e-01
-6.891931579814158937e-02
-6.375427476258030968e-01
1.611983473437270664e-01
-9.207504371653292274e-01
-8.167683891689205833e-01
-9.647872681050961852e-01
7.215839817068103734e-02
3.222781344523315550e-01
4.437016684664010224e-01
8.736399507786043461e-01
-9.316470585560323592e-01
-7.922513302625300291e-01
7.412615629753962487e-01
7.800497990833552553e-01
-2.404708495255516443e-01
-3.444688926910519644e-01
4.477987245180081732e-01
-6.403262261113606968e-02
6.755239603446985264e-01
-3.845875416283317527e-02
-2.127952974783389184e-01
2.126410308700552587e-01
2.890208749202418659e-01
1.974056560294263907e-01
-8.563966406937191245e-01
7.775744907328916433e-01
5.568352668414584539e-01
-9.871751257190963802e-01
5.545177248224180122e-01
6.918071373575982452e-01
6.307233846397826138e-01
-9.827697574886617993e-01
-4.824557326147105307e-02
9.610615585129833605e-01
9.105595095346383783e-01
-7.247272173477543600e-01
-3.610906778370024384e-01
2.618715252598637910e-01
-1.871569013532261572e-01
-5.595409630710417304e-01
-9.788209867408366183e-01
5.685974621553762098e-01
6.293912058463351222e-01
8.627532732042975105e-02
-2.828785403609979099e-02
-4.954948291241914049e-01
7.412399855669578042e-01
7.472304750167069187e-01
9.207233657264357607e-01
-8.053272936996611620e-01
-8.509564904564221877e-01
5.493243021296767559e-02
-5.673495418666045786e-01
6.966216620787224478e-02
1.795349504367882432e-02
-7.402288246286716777e-01
-6.118113889789416060e-01
6.040318584531876311e-01
-5.606455699980301688e-01
4.530184299439974360e-01
-9.034325675891796692e-02
5.460747323558465816e-01
3.188917526015995207e-01
1.701086758995027370e-01
3.974124848546323197e-01
7.941345926983318648e-01
-3.052563071122604832e-02
-6.809295298120179307e-01
3.475274166371336015e-01
6.429879329514731623e-01
3.947017745932397403e-01
9.265605948763206978e-01
2.184682012523964101e-01
-5.384848104454382778e-01
6.995492984656768165e-01
-3.225954079863528889e-01
-5.941378052054455683e-01
-7.726572157644917560e-02
-3.243432204168437138e-01
-7.955857175560774319e-01
3.706014114458502373e-01
-4.074939521946103760e-01
9.397137318486386004e-01
-6.660634747637730335e-01
1.749453434305119348e-01
9.396928911841591070e-01
5.999067525038948023e-01
6.211845062504632864e-01
-7.681438887367424417e-01
-9.595928477644062315e-01
-4.741899541425067532e-01
-7.304719703695639055e-01
9.034249400280891518e-01
-7.624419140626788050e-01
