-2.061130542212057382e-01
8.960418234446725805e+00
7.491739547479259187e+00
-6.989849585313426594e+00
8.890571268125174953e+00
-1.789710321807147064e+00
3.441303398880023678e+00
1.554113746023664033e+00
7.960282253807962505e+00
2.756367651332670921e+00
6.370793257189093506e-01
5.782632218355559850e+00
5.278466368977008827e+00
1.230646037387353786e+01
4.715810818725271858e+00
-7.868271072905640651e+00
-7.286099572892526410e+00
-2.086821795249531419e+01
2.266428322136357476e+00
4.080660236030809074e+00
-5.764136073479624756e+00
1.268648441664488935e+01
8.170508889348493398e+00
-6.782118871187037268e-01
1.755493752858538592e+00
-1.313967395157147422e+01
-4.677533585789392490e+00
-1.045592733564579824e-01
-6.848568728947977968e-01
-1.401791066150217091e+01
-8.787449992515627528e+00
1.563269275446006112e+01
1.371125116008028400e+01
-1.666508741808447880e-02
3.323562370163621438e+00
-9.737689861745222331e-01
1.556503107589717416e+01
5.573401001207216154e+00
2.668504992993253833e+00
-5.937705228518636247e+00
1.463476594917721307e+01
-3.413198460987423744e+00
7.011860805665944163e+00
8.397589585876257701e+00
-7.906606583237799413e+00
8.578830408005963193e+00
-1.161698536041171348e+00
-9.306956063637713328e+00
-2.310249932606869727e+00
1.766071454782014438e+00
1.086090917523864086e+01
1.783093477140093697e+01
-1.458407702248271098e-01
-9.239023571329481044e+00
-8.390533069807238675e+00
8.038939199321381679e+00
-1.551497640576269488e+00
3.023624278386465303e+00
-1.014857260871806943e+00
5.155241570286531960e+00
-2.314987154306453299e+00
1.148299137376375612e+01
-1.485953834350596559e+01
-5.154165221068556235e+00
2.015103786177868450e+00
-7.159251579994345249e+00
3.687659897421397215e+00
-1.541498664083375436e+00
1.571910198924928714e+01
-1.068829993973812087e+01
1.293181690885364077e+01
-2.218764045896841619e-01
1.837774667707533993e+01
-4.558074551470206792e+00
1.102906065727555251e+01
-1.153900420802027327e+01
6.311383209605743172e-01
-5.822490498021698713e+00
-1.533996406913579946e+01
-1.254056392869011560e+01
1.020620364232067878e+01
7.412519392396981210e+00
1.034765105893916548e+01
3.863759849974462757e+00
4.047734636279909370e-01
-8.220435943497506059e+00
9.987659321203320673e+00
-4.195409471886486052e+00
5.725046481547424015e+00
-8.121318496847896640e+00
4.102743745714141355e+00
8.853605069451317533e+00
1.863055978284510061e+01
1.215768968163818009e+01
1.174795987927966134e+00
-1.560702309180727632e+01
-9.556487879864350887e+00
1.776444211271074636e+01
-2.532446231069941600e+00
2.224966590744114736e+00
-9.265881570318942551e+00
5.683653165144624708e+00
3.455470192091382398e+00
-8.217563250528636232e+00
-1.899831638303999704e+00
-1.364272819464724762e+01
-2.315116763085669049e+00
1.022071658599796962e+01
-1.275622434741690903e+01
5.117373904501347326e+00
8.938612924168122476e+00
-1.500480221203689801e+01
-1.166544203856567208e+01
4.113991338748475002e+00
-1.220738685698697346e+01
7.098738962690977594e+00
-4.432904620576596955e+00
1.334056912558402352e+01
-9.976481903380932437e+00
-7.655335811368901844e+00
-6.441543348747841291e-01
5.627961771351057685e+00
9.036704378169401863e+00
-9.846350267064566397e-01
1.650603721290790027e+00
1.340889427116569088e+01
-1.852226325563930942e+01
-4.253768618414244251e-01
-1.138513455844358546e+01
-6.397961965531532513e+00
-2.148101189031180525e+01
-4.459930582626717710e-01
-7.242485088833162443e+00
1.276032537822372959e+01
-2.607088561770559476e+00
-8.522457379732243155e+00
-1.465265892864066366e+01
-2.183163579785936292e+01
1.885498190372925720e+01
1.399836188244761281e+01
8.764615133848617790e-01
1.064834325904147505e+01
1.282388341251023967e+01
2.986133406720774985e+00
-5.884995266110772505e+00
-1.863384192656159399e+00
-7.189333176203658304e-01
-4.358567244499231386e+00
8.126533527841584004e+00
5.017062234312525959e-01
-1.093294677610432331e+01
-2.455259745269691596e+00
7.125166911407536219e+00
6.533339934341345634e-01
2.744226519695254662e+00
-4.106547996882335405e-01
1.021887750517771565e+01
1.947255923751710327e+01
6.823875887288439301e+00
-1.209180570697590618e+01
6.972987921206698303e+00
1.388513394493600117e+00
4.739195727412749193e+00
-6.935329033776522323e+00
-7.880834766855560503e+00
7.107117138839489812e+00
5.245915824593516241e+00
-8.724968094364433213e+00
-1.117706417172564315e+01
-6.926521068494508881e-01
2.614244156699930599e+01
1.621763878546623516e+01
-1.558185362514862682e+01
6.174725000421559251e+00
2.117810641968762564e-01
-1.696725452291083514e+01
8.969725258134385371e+00
1.302291932341773339e+01
8.274194487876656012e+00
1.189755935959015787e+01
8.368292817521622240e+00
1.083226283869065121e+01
6.010311655152061228e+00
4.762837540021415350e+00
8.301996626753386010e+00
-1.373638423452792079e+00
-2.898575814943129547e+00
-4.537756631736336033e+00
1.228207211223956818e+01
-8.192937475153057036e-01
-9.208619342497335936e+00
1.162755805437376644e+01
2.014827703552288796e+01
-7.382804635010421279e+00
-6.879727383514447681e+00
-2.773532774134869427e+00
5.021142657519731323e+00
-4.749405724116416927e+00
-1.092856516184041560e+01
8.109668015719682099e-01
-4.217300919023847960e+00
-1.291991557114099187e+01
4.518468212250098759e+00
2.342806751711272639e+01
1.972483821944710058e+01
3.296290787054908300e+00
2.678895478164914579e+00
2.390733376916867314e+01
4.210496882697518095e-01
1.472368441423975227e+01
6.526379628682118517e-01
-2.173621776930088068e+00
3.854910978618129924e+00
1.387492475109306067e+00
-7.404647609727740054e+00
-1.610224284976483844e+01
1.433942779839134207e+00
3.928880135512212490e+00
5.713064189139294591e+00
3.736428758590371046e+00
-1.418714080960425505e+01
1.707219563753525193e+01
5.305189683929432576e+00
-1.053970185093174550e+01
9.833032849321064361e+00
1.207285196260465909e+01
-1.437608669705362985e+01
5.048639838708497862e+00
-2.552163569892564432e+00
1.486282067811383811e+01
4.359688800908009476e+00
-4.345523143135014976e+00
2.063198589434673380e+01
4.609522342689708729e+00
4.600515379347717371e+00
-8.363331992170014217e+00
-1.177651750846965761e+01
6.548844858451671413e+00
7.421242008093623888e+00
-8.351255809576807465e+00
-5.878455942656208855e+00
-1.336690614694548529e+00
-3.564528938706537531e+00
-6.077103406651708895e+00
-1.185586721192026616e+01
-7.805633513178658056e+00
1.329504092730241105e+01
6.669070649564906361e+00
5.686223885963665126e+00
-7.165600199197982079e+00
-9.028196759820929174e+00
-1.789065257621765270e-01
-5.967574595177210561e+00
1.368982257229996335e+01
-9.026838668880425853e-01
1.632925161348633480e+01
3.335708266693211854e+00
-6.995833186814075511e+00
5.926885896972153844e+00
-3.434108951587041325e+00
1.719272799976538479e+01
1.204253195989505310e+00
4.336051363349220367e+00
1.259572205654939125e+01
-5.226298638057128798e+00
