-9.299261220644988724e-01
-2.855437387224557533e-01
1.517609208521350617e+00
1.173662934650894218e+00
-2.942931837611278967e-01
-5.315080853042180031e-01
-1.597155182219009095e+00
1.280331892137268612e+00
-1.223485227523520624e+00
8.050244691235900474e-01
3.948299619027529905e-01
1.530571563638721599e+00
1.076711719619970253e+00
-3.550530221732260960e-01
-9.322666987772327829e-01
7.745775899856381930e-01
-8.390182857548676987e-01
1.000646760042887440e+00
9.113156052820134967e-01
-2.495433351561752167e-01
-8.881232472489419827e-01
6.436737618325352184e-01
-1.272104870685123235e+00
-7.164148269318508788e-01
5.682752393867998020e-01
-3.149035228691621224e-02
-7.900533994830715168e-01
-4.919206778105706945e-01
-4.874027408869293643e-01
6.181923355632945594e-03
8.760930190211181356e-01
-1.065681870197365821e+00
1.129582145075456179e+00
1.156123573218343914e+00
4.213013251913489965e-01
-4.051273380318454187e-01
8.047453608506461853e-01
-5.066934935592688483e-01
9.531031083703939144e-01
-1.417582436535659518e+00
-1.484324761352471267e-01
-2.279389216619210345e-01
-2.380624074433312365e-01
-1.221578632605422321e+00
-6.393434373917704638e-01
4.341316741947600644e-01
-3.627015925366522398e-01
-1.387887516399051169e+00
3.469775636969320565e-01
4.755679433838530534e-02
6.656322556525592349e-01
4.208200162811426281e-02
-1.738611608064304093e-01
2.479153739354256203e-01
-9.448494369664979242e-01
2.879249123799714205e-01
1.634620874506298893e+00
9.185438414961362152e-01
-2.960678088888591963e-01
1.191436610034536381e+00
4.525045115262549267e-02
-1.733688212687178598e-01
-1.514605595681282058e-01
-2.065989251343644251e-01
4.882689343763496614e-01
-1.545425707549840100e-01
5.827630339112134239e-01
-1.033946881733073919e+00
1.106191936406299092e+00
-7.644584413294771563e-01
-2.336414350067254342e-01
-5.247473682888823543e-01
1.680040521243895801e+00
-1.040780151894682870e+00
-1.103225644191940580e+00
5.741915912776336395e-01
4.232974658923446265e-01
1.189286815386785046e+00
9.822215845013155811e-01
-1.397093070466851827e+00
-1.265789209154805084e-01
1.206772446753053174e+00
1.427446087771530869e-01
-7.526281897445493696e-01
7.456359964698415776e-01
-5.216210672476697674e-01
-1.367674273787111705e+00
-7.092672026777886440e-01
1.908193103832223958e+00
-1.105080171687397916e+00
7.124095224880796495e-01
-4.530318216501842410e-01
1.709317369763072580e+00
-1.157450775771664553e-01
1.784222791163929678e-01
8.761102880027852313e-01
5.778892640978130490e-01
9.487093459832565134e-01
1.491431140619627005e+00
-9.040853828674232373e-01
-7.904061278949727765e-01
6.628402836896101213e-01
-5.034778525884536782e-01
8.042879673368963367e-02
4.110894732250535144e-01
-8.160895274580680647e-01
-1.162892702294219482e+00
-6.821622115564248690e-01
-3.379995929741991256e-01
-2.268484995455401498e-01
-3.786650140812440890e-01
-4.516286381991244658e-01
-1.123127372496031562e+00
-6.475359393162685162e-01
9.224104237478708557e-01
1.390835695694387031e+00
9.303237214770413432e-01
-6.602467308220271169e-01
1.058491250988308208e-01
4.091520380684108282e-01
-4.927181301610747965e-01
-7.890689572264328877e-01
5.794800610649885053e-01
-9.857740684913627316e-01
-3.607374560164133825e-03
-9.936876892850232679e-01
3.097722075126119190e-02
7.901446201571243888e-01
-3.492851928372331383e-02
-1.323418019912038002e+00
1.338842156719672438e+00
-1.149045979994333999e+00
-8.720452520195546287e-01
-8.909183120094361641e-01
-8.130617287043281349e-01
1.349999379217344586e+00
8.651506737132184099e-01
1.432191051232641898e+00
-1.545744556102945921e+00
-1.799872942967288392e+00
1.533159405248262219e-01
7.429406542032269689e-01
9.970395653250785362e-01
-6.016274001575201424e-01
2.234710816575818937e-01
-1.782104099388837071e-02
9.407153147242993674e-01
4.260839572981639511e-01
5.743886876847523748e-01
-7.516486011244403187e-01
3.167122409561387020e-01
1.227265782249558068e+00
-1.062909379980270685e+00
-1.217370751944555129e+00
2.554984001514628011e-01
-6.042397890051096621e-01
-7.551697380954940364e-01
-5.277577115359111115e-02
-6.332175505469942456e-01
-1.884995082873864858e-01
9.205850907284119922e-01
5.064192244370729901e-01
3.808676438897041772e-01
-1.257972460227195111e+00
-8.858505003661804045e-01
5.378137366080969484e-01
-1.023031979359381838e+00
-1.184338542201930800e+00
1.323629871333867891e-01
8.465364928824906654e-01
-5.024604506867748066e-01
-1.459036356777787979e+00
-1.100100570724086735e+00
-1.128807898284682310e+00
8.515454052049908906e-01
-9.976788076686797790e-01
1.526432537677575807e+00
-1.634799316992535001e+00
-8.533636080732148743e-01
1.405731748193702835e+00
-4.441889189406199590e-01
1.948498489516552468e-01
6.745957552905244015e-01
-9.008438514051868573e-01
6.332886542103032257e-01
3.395490243432897071e-01
-5.443994470245057116e-01
1.000578357459843248e+00
3.659440100793637241e-01
-4.874261018003606116e-01
-5.067693816779481608e-01
7.827822898383381967e-01
-1.439477989320418372e+00
9.961789682660442402e-01
9.613890544761533041e-01
-2.462876135149588974e-01
-1.620271407572099864e+00
1.054509661055680336e+00
-2.601640868339107349e-01
-2.447062267464248375e-01
3.431405993708299684e-01
-1.118589758335622353e+00
-3.332827276140131190e-01
1.547844016496785713e+00
-9.544004653913873426e-02
1.328782543316254339e+00
1.110759923105777425e+00
-1.058729085221243871e+00
-8.134520159653600979e-01
3.695503285322304654e-01
9.695151045908794174e-01
-6.774629000361058750e-01
1.218145543567652478e+00
1.858260949929724459e+00
1.214709955480999692e+00
-5.993123600736059986e-01
6.884350518687227805e-01
-6.856925687169355133e-01
-1.660755414905406013e-01
-1.798626038770478219e+00
6.325038563816133275e-01
1.333747023040282143e+00
-1.820511825941974138e+00
-1.497818717200278815e-01
6.127472299272211653e-02
1.583899154569745615e-02
1.744713455986849349e-01
8.718360094093828838e-01
-7.505715034675001229e-01
-4.593665695545662286e-01
8.486506714368368121e-01
-1.756827519991430719e-01
2.444717830786803381e-01
-9.748265545520748976e-01
-8.570709339854721831e-01
7.004887928176930512e-01
-6.924113887212524077e-02
-1.899118666390894328e-01
3.065438824759691983e-01
-8.525256091742079434e-01
-1.095827754355123140e+00
1.500235668019847646e+00
-1.655898519119146428e+00
-6.838838843673225032e-01
8.578214073473313661e-01
-1.693106707371264452e+00
-1.083345322625623552e+00
9.696304148004636358e-01
1.020233315645214578e+00
-5.484869245924628434e-01
-1.068016591595690734e+00
-4.869193640665760991e-01
-1.632269228381046711e+00
3.393097202256645240e-01
-1.166834208414760932e+00
8.520912867567164151e-01
4.370147015235466004e-01
1.415500487791582884e+00
-1.125547477875571412e-01
-1.643820866014161775e-01
6.262112758311372263e-01
4.026989525290225469e-02
1.139060628067261938e+00
-5.449197905334363101e-01
-1.209583005870638939e+00
