-9.183269830996174221e+00
2.859060308145980400e+01
3.108345570287083248e+00
1.293504740931307406e+00
7.656267481356643145e+00
-7.870300108571832709e-01
2.486378585994898316e+01
-3.346546412777912849e+01
-1.491159779594989665e+01
-9.358324272863171700e+00
-3.763785200417328269e+01
-9.306178124954236353e+00
-2.372414555413490778e+00
-3.959678715910749958e+01
3.952540181672290487e+01
-2.205629937190325762e+01
7.575625257366871423e+00
1.316442481880062587e+01
2.239341982895653871e+01
-1.906114257145107160e+01
2.675172598866145002e+00
2.190890356726151733e+00
-3.487186117648872141e+01
3.694818098280071794e+00
-6.425039671592958967e+00
-1.776922626333656652e+01
-3.766538139683270447e+00
-4.664929260844006365e+01
-6.412111775524002688e+00
-4.244175546494920681e+00
1.682009451829508606e+01
-5.402815758007690761e+00
-5.184365050832777655e+00
4.926712204825590469e+00
1.294878365236622741e+01
2.301395456222196145e+01
-2.202316929179913885e+01
3.601194343879568827e+00
-1.837310733449753819e+00
-3.388055604308908730e+00
5.385416281945046180e+00
1.567896550673101963e+01
-1.170265861560467968e+01
5.256896398930833492e+00
-1.598959557099627737e+01
-1.037867168620559255e+01
1.033298436157082634e+01
-1.425847824197507663e+01
9.444168490754019984e+00
-1.143975132419794072e+01
-1.551073644087082215e+01
2.129884763298767325e+01
-1.308025327617916567e+01
-1.864206391879792146e-01
1.338287679953142373e+01
-8.690098140101811808e+00
-4.896376414735848392e+00
2.083179586340444089e+00
9.171317170147570863e+00
-3.103191736165547887e+00
-2.727352119668325692e+00
8.353347263432802094e+00
-8.937892040169687746e+00
1.051433090279825500e+01
6.167063115510840632e+00
6.384371747126621699e+00
5.794410971165424229e+01
1.282604542630622113e+01
-1.028387072341533326e+01
2.299719892233424190e+01
5.592880397830008121e+00
-1.658417476714403316e+00
1.181501611869310153e+01
2.177476502092051192e+01
1.306531233743606535e+01
1.618401738582982929e+01
3.030041783889384632e+01
2.223940731032931239e+01
1.876101130932679695e+01
1.791429270946660424e+01
-2.638798330517385082e+01
-1.008178812291007453e+01
1.457433670900507217e+01
2.889296840308536396e+00
-7.167461052891300533e+00
2.120482127683031237e+01
4.659758384203563963e+01
8.272422327862689606e-01
-3.107596484061008724e+01
-1.209832179362257065e+01
-1.317427750950647791e+01
2.158685224892371579e+01
1.027230054252668445e+01
-1.130150697820866590e+01
-2.331875347775925889e+01
2.488163727992403818e+00
9.809689598570287217e+00
1.054019868456752107e+01
-9.542590251321660944e+00
3.326197589387683173e+00
2.913501329581531962e+00
1.604159810020933463e+01
-1.871336450586179367e+01
3.370767824347576180e+01
1.251915873626944453e+01
1.640081647401889953e+01
-1.431041229987376262e+01
-7.453507729632453049e+01
1.319398166114085669e+01
4.511996254299732811e+01
5.404385435770196366e+00
-1.264050619202518533e+01
-1.497665915393744562e+01
3.160287827342363798e+01
1.199255186731851097e+01
6.877516582454562766e+00
1.703473535569696296e+01
-1.728368537810938221e+01
-1.390479776197832606e+01
-1.172269653782400312e+01
3.414493629692564092e+00
-3.822289277426107024e+00
-1.571461857178567634e+01
-2.104355339522880008e+00
-6.777040317735671060e+00
-6.976438411930343975e+00
-1.868721854933194537e+00
3.281512889434952740e+01
-1.167834614459071219e+00
-6.876354733284956389e+00
1.763137980399751781e+00
-1.619427538150392420e+00
1.707544300794093672e+01
-8.669720628159673481e+00
3.150090544074557464e+00
3.785422637884549601e+01
5.725807887520744544e+00
6.631582628192512097e+00
1.530667849454662388e+01
-5.212630734915713937e+00
1.006878585636311030e+01
4.121104759925135141e+00
-2.991369428754232729e+01
-3.187182528210653132e+01
-4.685107472395240791e+01
6.900744112530333041e+00
-2.335179855297819884e+01
1.298487030576478851e+01
-1.561025537374392513e+01
-2.511456497048470382e+01
5.231067662350112002e+00
-4.195914906670166289e+01
-1.370972277429415165e+01
-7.663435018896356254e+00
-5.617608117075485019e+00
-1.043124561434447628e+01
-1.267226649014301287e+01
-1.400252233342615149e+01
1.063824197076640488e+01
-1.773238448074031304e+00
2.991091668978891782e+00
3.976386196200192558e+01
-3.788361764672150578e+00
-4.230409846986215250e+00
6.065178631976818835e+00
1.606420439479661155e+01
5.316451642364080854e+00
2.004843802136189623e+00
2.570647737578969938e+01
-9.552343399888085784e+00
4.631899915060999184e+00
-5.889418027865276350e+00
1.147277390147342757e+01
-4.192607347538570117e+00
-1.349107468797608966e+01
-1.233569321878943725e+01
-3.112925979836487045e+01
1.044265573019960058e+01
6.704194025436056137e+00
-2.496960958880242742e+01
2.693848349029045863e+01
-1.178390621541660188e+01
1.824609669747174223e+01
-1.870035610246047586e+00
-1.143249324985743520e+01
-6.187920877752116411e+00
-2.917667417666629071e+00
-9.722141713154794473e+00
5.850623574773795355e+00
-6.951511799218817345e+00
1.302496184943929514e+01
8.498234801052452880e+00
8.189392780440039488e+00
3.350979123056897180e+01
-2.667861365535138418e+00
1.234036232298051239e+01
-1.745592557232863484e+01
-1.834731076221103052e+01
2.603147934667939811e+00
6.402195122643653313e+00
1.873842610117830887e+01
-1.965983619671663263e+01
9.203809258415200034e+00
1.604855105668386983e+01
3.702086214834176658e+00
-1.528134431532219928e+01
3.716867421520537729e-01
-1.844940096503672855e+00
1.441096493303789750e+01
-4.066420164331430165e+00
3.034258254530012966e+00
2.451703478990835805e+01
-1.240362692190590588e+00
1.468715726464387039e+01
1.980150817635134786e+01
-4.430925294727537533e+01
1.962432957541950795e-01
-7.476222271134902897e+00
2.409325737063041828e+01
1.947812564297910853e+01
-5.414934878454633171e+00
5.244386472222995366e+00
2.202270569237377273e+01
-3.941144448853440174e+00
4.337099292609669643e-02
2.357307979724436819e+01
-5.209128158239061612e+00
-7.968297112392468406e+00
9.731452840767648160e-01
2.113150430247975109e+01
-3.110120542562480050e+00
-3.924511564697167643e+01
9.173130224493016627e+00
2.827143699809509059e+01
8.327138287483798251e+00
-6.030774412066409518e+00
-1.877408110031342758e+01
-1.788866313092306726e+01
2.521252244429588885e+01
5.499324797009036203e+00
-1.582021122656140832e+01
2.841390259663085338e+00
1.139309613839704127e+01
3.228434677685300125e-01
-1.342213723423189187e+01
6.200197429415003292e+00
-1.024866802020697465e+00
1.144493304705105707e+01
-1.488681242381273861e+01
5.029887461980447894e-01
2.832450456759314861e+01
2.079346410513121413e+00
-1.098917349970267310e+01
1.359842296194823419e+01
-8.003658505951245061e+00
1.644600411462111111e+01
1.076867296128626705e+01
-1.506146256762654723e+01
-2.758569395423762671e+01
-7.397589201811112680e+00
1.450567704398524960e+01
-2.575864889976212879e+01
1.828767539406442211e+01
2.779989977128760614e+01
8.371307440409552214e+00
