5.812929171871903833e+00
3.468832926978582698e+00
6.844784977223278277e-01
2.513286510251405925e+00
-6.642481087232699366e+00
1.915573130871753627e+00
-2.363392958802432275e+00
3.095245430551186727e-01
4.507973624664355583e+00
9.852644015979823422e+00
7.243312411712245158e+00
5.104078697069992510e-01
4.596129225902708448e+00
5.248714904304914164e+00
-1.257538517878082018e+00
-2.150759747355868723e-01
1.472532727616659987e+00
4.028052510221814764e+00
1.861400560591802034e+01
5.321603766846434880e+00
-2.579171956232876095e+00
6.426031192395997849e+00
1.572619206456478125e-01
2.874207020133247026e-01
6.835666592145348552e+00
8.585414206551332583e+00
-3.199837816147772518e+00
4.195491789446340825e+00
5.900299022928260584e+00
-2.705004282104148672e-01
-5.962132615171240602e+00
8.746320311966561789e+00
2.765635469814435421e+00
-2.187037695648519353e-01
-1.391902392162646773e+00
5.923332125712691187e+00
-5.104091907375996051e+00
1.298785826657593123e+00
8.162301157903682380e+00
2.135079748041095904e+00
2.282619821412944283e+00
-4.749567683352829306e+00
-2.822535061826727798e+01
-3.761927117888860028e+00
-1.441158188751217928e+01
4.654097258643434820e+00
7.315886566679119518e+00
8.389832684282905184e-02
4.177771344546665766e+00
-6.114333716833924903e+00
5.706108761250852979e+00
-4.582548576751625191e+00
-6.321524144691709424e+00
2.365132663075342201e+00
1.140980936887511987e+01
2.622582914692594969e-02
-1.253918401711678499e+01
9.104621690362694864e+00
8.296016899555835877e+00
6.631007056758837059e+00
1.452703891519702317e+01
6.135659240473014808e-01
1.371808539940222005e+00
1.259131946375845246e+01
-4.809205899111340443e+00
-3.229458868295930429e+00
8.414537333958171939e-02
-1.588494663961398601e+01
-1.179842018006038096e+01
-8.724803947980954710e-01
-9.889167575562899160e+00
3.762399864619565104e+00
-2.910920424532912887e-01
4.555573181696345841e+00
5.970371062018607233e+00
-8.232423524202712173e+00
-4.161847611971765559e+00
1.402654351794299092e+00
-5.745714094078238077e+00
-6.666840425782192270e+00
-4.632448114965797892e+00
-4.828857594355531191e+00
-2.105370685840942002e+00
-1.620553748122104842e+00
-1.751529720280506464e+00
-7.804887216093811197e+00
-8.139435231314168462e+00
2.359442054446159176e+00
8.103118696740200022e+00
-8.473045688862383074e+00
1.692424563839493956e+01
-4.549025768793381275e+00
-8.587172709934606019e+00
4.479710921253713174e+00
4.979906455248190866e-01
-3.929273481059254447e+00
-1.113341561656051137e+00
-4.765959091057552222e-01
6.642594453714537828e+00
-1.662512349276061396e+00
4.579452618854504831e-01
6.889122396614171251e+00
-7.315363811150895623e-01
-5.596394044124804346e+00
-1.259697597518454160e+01
2.824106443116352061e+00
-4.031360570143681876e+00
3.322988604479985231e+00
1.318221101074559698e+00
2.028951769588570375e+00
-4.248692660949848765e-02
-1.729830656864188754e+01
1.039827031301465077e+01
1.535375737431567877e+01
-6.538916316783710547e-01
-1.309026653865934797e+01
9.053571865678021524e+00
3.965291662210262746e+00
-4.685819914687546550e+00
-4.159574944683903652e+00
-3.222925460056302427e+00
-1.240892817007619087e+01
-5.322335230834074338e-02
8.786734407918642020e+00
5.782168955591945325e-01
1.762413421802862601e+01
5.193219149242803923e+00
-2.472957161576295970e+00
-1.188400216976903145e+01
1.346257533200473588e+00
-8.924624852445219858e+00
1.111774890701925322e+01
-1.888014488099373267e+01
8.489483844940011181e+00
-1.270712895310760926e+00
-4.466216205580078480e+00
3.587172895884718660e+00
1.987026277418404163e+01
6.212641702888603845e-01
2.916559972032262138e-01
5.628442481262834196e-01
-3.339915495071415830e+00
-2.625186210344975901e+00
-1.255890255614470874e+00
-3.731986295876075665e+00
-6.757673711326421362e+00
-1.313567347255672679e+01
-1.875084538311879268e+00
1.214857787274694090e+01
-3.569142364650002008e-02
1.119608946173900499e+01
4.375432552303284428e-01
4.457787419217043912e+00
8.459782495972280714e+00
-4.147052099269717296e+00
-5.483726766383845153e+00
-1.396150516909636929e-01
-7.723053812292266507e+00
1.973012136671281169e+00
-7.864178812154364095e+00
-7.785818806667429426e-01
3.312129777392303520e+00
-3.377553828033957650e+00
5.244878599592647461e+00
-1.839776090320153878e+00
4.416800221429562079e+00
-5.680136879339286793e+00
6.306686351618720821e+00
-6.883346663445161440e+00
-8.328870176415604121e+00
4.847186619370209115e+00
3.443411880288533844e+00
-1.112997108436288585e+01
-1.583219068171584087e-01
8.626247817379470106e+00
-1.082710137433156561e+01
-1.309241783604430864e+01
8.948328949465587101e+00
-3.973373870729657309e+00
-9.163417321254870851e-01
-2.267776890677443813e+00
5.780330619604330700e+00
-5.886013509457046489e+00
-8.764927296547611490e+00
4.791996898054728504e+00
1.968929520039927494e+00
2.595837517201168954e+00
-1.463447619486770934e+00
-3.819578642082212649e+00
2.251551729602315532e+00
5.369897387309921832e+00
-6.065909830684129034e+00
-1.086938856414701959e+01
-7.355784214149865718e+00
1.874319823948547015e+00
-1.517611020873815164e+01
5.936030946821838628e-01
7.139886233699025198e+00
-3.670883616082956102e-01
-7.575795735429010413e+00
1.563406008534705904e+00
-8.041449571650868933e+00
-6.107035511455161547e+00
-5.162071832488060785e+00
-9.252973117658548574e+00
-5.315051749156713967e+00
1.081941162216525143e+00
-1.512204809450924170e+00
-7.407250790491290982e-01
-4.739552818678189894e+00
2.104836766326425579e+00
5.654926270504263108e+00
-6.713070586605677903e+00
6.202868321976585664e-01
7.263183803822733431e+00
-1.320626211738523015e+00
-9.356734413300622499e-01
-2.405719560773915244e+00
-1.126715238354053072e+00
-2.828840342469642444e+00
-8.889789370134941748e+00
-6.549775118376344629e+00
-1.102450045268076728e+01
-2.793455122239906441e+00
1.121498738116314176e+00
2.190512861558653768e+01
5.550410664289350038e+00
7.337194147384447973e+00
1.825857157298135025e+00
-2.233138130102199637e-01
-1.840051431868658938e-01
2.142285530724091558e+00
-6.031911939225067520e+00
1.121591240515199139e+01
-5.511771644828500349e+00
1.195471668122649511e+01
5.943924369082602688e+00
-3.469955564239868284e+00
1.052707029541976169e+01
-3.036797794779892978e+00
-6.525086338610095460e-01
2.551001203729986067e+00
-6.007782905280532937e+00
2.286726683600045273e+00
-6.024197842308685935e+00
-2.130410409963822360e+01
-7.687586290635292308e+00
-2.087185037671035914e+00
-2.195128349853973315e+00
-7.026936545721891747e+00
-1.290355803596046513e+00
-3.242744702865561379e+00
1.263212804552910029e+01
-2.316190725937998796e+00
-2.154545789104429954e+00
-8.071197666259993797e-02
-1.029175479657435055e+00
3.695752432002485932e-02
-6.066009270743090376e+00
-3.490090841037567948e+00
2.947897882942894565e+00
1.321667966757399704e+01
-1.180064418155688877e+01
1.062495637921882086e+01
-6.172946475487475215e-01
