2.621105355659207881e-01
2.891371981579415884e-01
-3.457093957379746563e-01
-8.184875058490739264e-01
-1.486154602509173195e-01
-6.759494759862638702e-01
1.024824094514966699e-01
-4.742665020843075396e-01
-1.107807707367296501e-01
-5.109489194577214732e-01
-5.708035590907380996e-01
1.636583892117560168e-01
9.410847170432929953e-01
1.759645655687511745e-01
-4.222888099788058014e-02
-1.335345890881356468e-03
3.065091352404070157e-01
4.995324713146016560e-01
-5.952739263790030044e-01
7.319395754050821434e-01
5.781962637942641425e-01
3.384205759422507231e-01
-1.635770053490888110e-01
8.709044244221635367e-01
-6.765638374055915616e-01
-2.351037441601186995e-01
2.388069514758885958e-01
3.287236902511319059e-01
-1.588581190772766494e-01
-5.390575878691612477e-01
-8.050857908823958464e-01
1.103284358890455064e-01
-4.774462430583326089e-01
1.288016753941139125e-01
3.127578365255765380e-01
7.218928686390426730e-01
1.811401133954162468e-01
3.478707417320412443e-01
2.588661901677298260e-01
2.596405295023245241e-01
2.652193062965175763e-01
-4.136321015100088427e-01
4.997011213580626610e-02
7.777384969439407048e-01
6.438134551301752939e-01
-9.717225865983663002e-01
-5.920846552916376737e-01
8.837954063764923429e-01
-4.136225484168880584e-01
-6.055640181626922303e-01
-1.460585499233424400e-01
-5.745647976869823204e-01
-9.920804980531459094e-01
-4.135149718385622286e-01
-4.762774308521700029e-01
-9.464559895983830629e-01
-8.424642990614430449e-01
2.487514395478034324e-01
6.880917133284754073e-01
2.218663448266624538e-01
-4.121309071682801584e-01
-4.976472746109139589e-01
5.414520523580363953e-01
1.787719132057143945e-01
-9.240253830212796782e-01
3.598736832723319345e-01
-7.271334900170793869e-01
-4.976233126142932672e-01
9.216851310348197490e-01
5.390698618531852837e-02
-5.909690205265072382e-01
2.727080917620849920e-01
8.692132489933050987e-01
9.671367411685640736e-01
8.973571437914755755e-01
9.924884465118795074e-01
7.438876110245837836e-01
5.361678068202047065e-02
1.894685503922222125e-02
5.578763562591930736e-01
7.541423628941654744e-01
-2.113697816375670335e-02
7.829060898046553696e-01
5.550737171684549942e-01
7.634373270715475446e-01
-2.660896698957324613e-01
-2.201189083665999746e-01
-2.891189389609607474e-01
-1.630593691632520326e-01
-6.234126662712706768e-01
8.949281895047471735e-01
7.127102867649255380e-01
4.431311830313449107e-01
5.798684212222091627e-01
8.233842238891815324e-01
-4.446214712175315942e-01
-2.908328068921495202e-01
-5.580727347976648378e-01
-2.249566991556810613e-01
-8.525981480228548293e-01
-8.150597086084319098e-01
-1.461748852537390064e-01
2.312421416892407322e-01
9.716360300499906621e-01
-1.421793299977807123e-01
-3.768581857801038826e-01
-5.010689627168218863e-03
-6.299184497931418214e-01
5.384306490261336897e-02
-8.616072545744939415e-01
9.355039672101983506e-02
7.356438636167241807e-01
8.074313169153768399e-02
5.899861685779423937e-01
3.183236742871695668e-01
-5.876610797948553788e-01
-2.985592857471839334e-01
5.773988306819608507e-01
-7.116233462234817786e-01
-2.844253780001140264e-01
8.499594917650121761e-01
-3.701232290776697020e-01
7.588017899323931115e-01
-8.168246413270041639e-01
5.156663066751416835e-01
-4.122028376720077159e-01
-3.314705491922780300e-01
-8.085097159168874725e-01
6.406915511198578717e-01
-2.408185671910239023e-01
-9.162721879321527041e-01
5.270419583207175407e-03
5.263920465780338453e-01
-6.014853792343624050e-01
-8.365017888347268116e-01
5.595692101721738698e-01
3.636258590667751367e-01
-1.211644308246462298e-01
1.303917999215549184e-01
-1.254809983582036992e-01
6.847075965676527876e-01
-9.583884037931265087e-01
4.054075039889779575e-01
2.321316363217618139e-01
-8.539922508240800347e-01
-7.549100005696403048e-01
6.195501364071003270e-01
1.481304966182985794e-01
1.047497691328562741e-01
-7.415021294855443923e-01
-3.220715178072348639e-01
-9.024255877570785955e-02
-9.085372048720001814e-01
2.911798366084366041e-01
-2.600675630687916406e-01
-1.649178961877912908e-01
7.117334344858472495e-01
1.027128332899966967e-01
3.817644571860825398e-01
-8.732488407954577259e-01
1.220653785890686294e-01
-2.097113322831387627e-01
-4.574297248996521681e-01
-4.267770121097034242e-01
-3.063064888951698705e-01
-6.253009842980179478e-01
3.459032436929847520e-01
9.429675278242073411e-01
3.111909024950334501e-01
-2.305492279712129111e-01
9.018039390620575801e-01
-3.843227812734066884e-01
3.490205746219456895e-01
-2.133663030843850894e-01
-4.609915674074189784e-01
-8.116270405774277386e-01
4.725523870957211159e-01
-9.377269055546135768e-01
2.247103190482448998e-01
3.574296581202198730e-01
-1.426569167688120920e-01
1.994582587344506663e-01
6.898112686169750596e-01
8.589399582982326642e-02
-5.081403558430550582e-01
-5.625787185718551520e-01
-2.824102721292454099e-01
-2.924676429740258321e-02
1.604356439237037968e-01
-9.738739468020198853e-01
9.602353945761881171e-01
-7.088092647771788712e-01
-2.889011600600874807e-01
-5.201041490955387037e-01
8.976644731197389593e-01
-7.106865817804468577e-01
-8.494480899809542240e-01
-4.716300770783823371e-01
-1.765892741025825163e-01
2.059436160845244945e-01
-5.241356159857184505e-01
1.842747689132595568e-01
1.404065041029782801e-01
6.151775623181161556e-01
9.459878873699096857e-01
4.720259130558586147e-01
-1.908243083869307632e-01
6.879045467737254782e-01
9.544135265800686163e-01
-1.310366293977804908e-02
-5.198499664463325232e-01
-1.619450224130571936e-01
7.223150432633904661e-01
7.548734893006370239e-01
4.774010763640423871e-01
-9.996437914445790440e-01
1.987616560947751410e-01
9.601014994802106184e-01
-5.140920881953037203e-02
9.405586105932828289e-01
-9.549920451658289178e-01
3.862324678359201346e-01
-5.077604986514883123e-03
6.735705506220712735e-02
-1.281733967956428799e-01
-5.440032063687483266e-01
2.464295615526819194e-01
-2.329518859512200724e-01
-7.006863227963557872e-01
-5.208305232128778162e-01
5.900019948503989475e-01
-2.367593075829614868e-01
-2.959964456752584017e-01
2.694393837604005526e-01
-2.529950793395838726e-01
-3.542173503017178593e-01
-4.134259323643478812e-01
-4.579372894178457276e-01
8.465048793943477090e-01
-8.010292557368652311e-01
1.787716187605783436e-01
1.918828316967349235e-01
-3.705539415901137890e-01
1.812723382801895156e-01
9.261792482244637359e-01
4.867063112559983917e-01
-5.331004518322166597e-01
-6.595886533416186470e-01
-4.307835584670764995e-01
4.188492967523633759e-01
-5.107737598040225091e-01
-7.019810290478976089e-01
6.328713258178870760e-01
9.755174701487678846e-02
-3.219922238854573404e-01
5.467168062522897998e-04
6.730713490181428060e-01
3.494079499735118777e-01
2.074383378580795245e-01
6.278761131680452579e-01
5.568625402753120124e-01
7.083940417487937236e-01
-1.332122503701238525e-01
-8.850669635581029926e-01
7.995182202439463648e-01
