6.622360507535224770e+02
-3.471789047644422794e+02
7.388570723494048025e+02
4.056110712730830983e+02
7.906748991761348577e+01
-9.130769551571744103e+01
4.473890836066304928e+02
-2.406319831993288005e+02
4.199655103206260947e+02
-1.286814600105628415e+03
2.673658000167213800e+02
-1.133207963889894643e+02
-1.012068392054015135e+03
2.450033405872586059e+02
8.357330130928079370e+02
-1.677935498026495793e+02
-1.311005522602865483e+02
1.143707853112842713e+03
3.370158324653368140e+02
-1.908584793112612488e+02
1.389315919395056937e+02
3.090842962485725707e+02
-1.266180380510399601e+02
1.408824431794587611e+02
-8.934763613146455441e+01
-4.552490343273867097e+02
-1.712640899644478054e+02
-8.514645288448910776e+01
-4.885207983953639399e+01
-3.012350680136238452e+02
-2.974054843528410856e+02
-2.382969673782276629e+02
-3.597163047270933021e+02
4.525752423007756988e+02
2.116046210293316108e+02
4.317503380850876482e+01
-1.638477370822882335e+02
1.552649699304536668e+01
4.337588508961700882e+02
-3.843770685939743714e+01
6.301303115774617254e+02
6.184088970239230321e+02
-4.849776649210837718e+02
1.189576024592348773e+02
1.089053614233195731e+03
7.720196490813957553e+02
-2.146040598293912751e+02
5.603007553548183068e+02
-3.076854988779829796e+02
-3.250953381489489971e+02
4.115616168302811957e+02
-6.182960446857019861e+02
-6.766479329543590211e+02
-1.775959870214648788e+02
-1.296596320525640635e+02
-1.567607086862417702e+02
1.771394225928642925e+02
-3.688336229388152105e+02
-3.137012812138016216e+01
6.893260173160362001e+02
-7.004348197785292314e+02
1.852424145639503479e+02
4.250886245123270442e+02
-2.284238325573777502e+02
6.517719990523194156e+02
-3.497707796239554057e+01
5.500793583841785050e+01
-2.646297805119962732e+02
-5.648894031602591213e+02
7.535309691873338807e+02
1.773386940762308086e+02
2.960449946607722609e+02
7.168109311238124519e+02
-7.653867799004905770e+00
3.491015147702622130e+02
7.323366757947219412e+02
1.055358493684965708e+02
9.303088229280416499e+02
-1.341636491674138938e+02
-2.323453488857411386e+01
-1.759399597690820087e+02
1.146263615304494579e+02
-4.974551854513780995e+02
6.806404469910026123e+00
-4.549786239659288185e+02
-2.478446534491163220e+02
-3.746686296483447336e+02
3.244637026927288730e+02
3.601227451828064545e+02
2.036793372832753732e+02
-3.894271194737393671e+01
-9.752392762689522954e+01
-5.174916457542639137e+02
1.127405405333875876e+02
4.744558249217706134e+02
-2.631964803197244578e+02
3.491098546422343674e+01
-1.930079281597166698e+02
2.019431499262985881e+02
6.032658890906719762e+02
1.752391189104337457e+02
-2.738857265904638894e+02
-3.664752655831857169e+02
-3.749435995134453492e+01
3.876771321327986897e+01
5.754503234481430809e+02
-3.395553306150811750e+02
-4.649700043716688924e+02
7.678193482368961895e+02
8.532304037196905711e+02
-6.337577209839193415e+01
4.267311269061031567e+02
-4.377558749052947746e+02
-6.952566526308939956e+02
-3.959134006034116737e+02
3.761566881508118172e+02
-3.446159826495218681e+02
-2.614161193840911324e+02
-2.866503621129785984e+01
-5.374592974776933261e+02
-8.607362504304570905e+01
4.564433736043015983e+02
-5.323630698716664256e+02
2.193609455632820584e+02
8.637548526944203786e+01
-2.553442653465340300e+02
-1.373266350127285591e+02
-3.288101092523893385e+02
-8.585340633797449073e+02
5.396387853520686804e+02
1.043104205982545949e+02
-5.361961435975990753e+01
1.540079911224301270e+02
-4.156047747847886740e+02
-2.659131529688045248e+02
1.191448315149808934e+02
5.072810560807416778e+02
1.182019418155987864e+02
6.031256871909263282e+02
2.004899044700412389e+02
-2.145085669432153281e+02
-1.113121482812096303e+02
-7.463996448347711521e+02
2.165652240856111916e+02
-1.297622523101697993e+02
3.064920789991525751e+01
1.128826111300723625e+02
-2.468949062004467976e+02
2.567283962186128861e+02
-5.135706938519557951e+01
-4.273011321118494976e+01
5.030553487840623461e+02
6.837493946658540267e+01
1.691900539782628528e+02
-7.289460643678316387e+01
4.574542540629236100e+02
-5.109451525999593713e+01
-1.023865964709914351e+02
3.294900183077110682e+02
4.596677722036948239e+02
2.580697504067758246e+02
-3.388298556331990596e+01
-5.821381773134221476e+02
2.921852224219070422e+02
-3.710043810494000240e+02
4.426907489364965187e+01
2.061632721381741931e+02
-4.176281956986706518e+02
-1.820319948175283855e+02
-2.371068947967742417e+02
1.408112760585445642e+02
1.413324568244109791e+01
-1.802507271539772375e+02
-2.197300186368861148e+02
2.359184852697897554e+02
-1.339862186946629379e+02
-5.010421131486606896e+02
-2.260002964949711384e+02
1.043899540218711195e+02
4.680914150741270419e+02
-4.428300884629169900e+02
1.443589085296192138e+02
2.819315182974590357e+02
-1.405492650110022339e+02
9.419103695131617542e+02
-1.256174519117646753e+02
-6.012300296633176231e+02
-4.890010572226809415e+01
-5.083877827748653431e+02
3.593094544634182057e+02
-5.994525588377909031e+01
6.144200081014270864e+01
-1.464033661391863195e+00
-1.133230778297206172e+02
1.031492128382892304e+02
-6.645771709784092991e+02
-3.823997519614335516e+01
4.654508174508950447e+01
-3.620698647514490176e+02
7.678494713696487395e+01
-3.620451141302712017e+02
-6.079543793740508306e+01
-1.148741721273886469e+03
6.979663497389698250e+02
-1.347937100010618678e+02
2.620851102696177577e+02
-2.103714581590361661e+02
-6.742987111317572726e+02
1.986021824855415119e+01
-5.004836666011455577e+02
9.636806620104593435e+01
2.162885095201972661e+02
-3.324197632523221273e+02
-3.330012106311651792e+02
-2.812248760008191653e+02
2.900605511894304414e+02
-1.233856878442026783e+02
1.363015162506705792e+03
1.889802136045761074e+02
-4.519614111996378369e+02
-4.265490866966790122e+02
7.145538393135528850e+02
-1.092338590161204337e+02
2.609716068918002634e+02
-3.472310357916116885e+01
2.852539624900223316e+02
1.457412693708324980e+02
1.558176345840251997e+02
-2.221834649669199848e+02
-6.673315930182028524e+02
-3.038553435587972373e+01
2.633180573779883957e+02
-2.811315529564286635e+02
4.529863558460336890e+02
2.120214831877805750e+02
-9.188430570011311715e+01
-5.284057040339288278e+02
-2.948297715400059928e+02
4.343882749102075991e+01
1.016304853405817141e+02
2.086110226434516051e+02
-1.752083518674397453e+02
2.974382131713830901e+01
1.240807602424827394e+02
6.882640022263424271e+02
2.676364981506353047e+02
-3.025401845644254877e+02
-5.601638440517724575e+02
-6.407329858825745532e+02
3.812925388944727842e+02
6.199628550635450210e+02
-1.874473051156749932e+02
-1.362836300749309828e+02
-2.369040039269608542e+02
-6.727737250232983115e+02
-1.310639600339451647e+02
1.950710294222941172e+02
-7.957892397936125235e+02
-2.659446445528350864e+02
2.103934517165333773e+02
-5.493160027465994517e+02
-9.544558820105790176e+01
-5.243713357506775310e+02
3.434608392657286231e+02
1.974656499440510231e+02
