-2.924257610900662385e-01
8.498458539408770829e-01
-6.211449613611341736e-01
8.035408083779245203e-01
-7.357585375626474189e-02
-1.785684712994826118e-01
-9.609009143982341072e-01
1.288290060148893357e-01
-9.695003222172624557e-01
5.999679835713636056e-01
3.680313486368635978e-02
9.626427248484255017e-01
-1.130899874324946541e-01
-8.972174652805438022e-01
-9.716323665770854046e-01
4.170189017623648908e-01
-7.846442202096570728e-01
-8.228930703684051995e-01
-5.402751678046171513e-01
5.564694919473134327e-01
-1.929566627860057615e-01
-7.301493149994200405e-01
8.558926374602084941e-01
1.337232813870148362e-01
-9.400531324409551193e-01
3.086919304635478145e-01
-7.497607250275617474e-02
-4.488167603990513843e-01
7.613540519445960442e-03
6.772875221536969192e-01
5.669131677021865823e-01
-2.582336259357385089e-01
-8.361918228658087315e-01
-3.250275147874068793e-01
1.420885234956121845e-01
4.196986172115046987e-01
-1.582594512836272838e-01
-9.925253300350973529e-01
5.057234137928485751e-01
7.912947254869349134e-01
-3.372383140724610762e-01
-3.167660238619178781e-01
-2.231673468445269926e-01
2.282723928217689213e-01
5.860112251647107140e-01
8.826138468877644527e-01
5.557561890193960519e-01
-1.406066644719088377e-01
6.145557589385111097e-01
-7.384837259112988495e-01
8.345716912208316351e-01
-8.578602709280991334e-02
-3.055135351096325280e-01
6.527123287705982602e-01
-7.949279150167996022e-01
9.374135089020796396e-01
4.763527143301919953e-01
9.092069280152996757e-01
4.857678552098569913e-01
9.101247152325546708e-01
-9.322943870473401340e-01
-8.077086635563097694e-01
7.520396800223150269e-01
2.135105525463718568e-01
5.326707742962979442e-01
-1.967160385832431579e-01
-3.288670748915500930e-01
-3.173163922467869824e-01
1.274050537353441648e-01
6.359033315082418536e-01
9.503348990588214029e-01
-4.231399835431119971e-01
4.747132717704762861e-01
7.615511306994937613e-02
-1.032871794678793531e-01
-5.214942354601870278e-02
-8.153942814121353244e-01
8.566886591995943601e-01
8.809486752240642815e-01
2.690863157611511625e-01
7.126525952672460029e-01
1.602174973635397404e-01
5.493433897575927816e-02
-2.242899155848372406e-01
-6.032220655666928888e-01
9.553164639101139333e-01
-3.742794941510234619e-01
-1.229831628808755184e-01
5.656923099103730035e-01
5.513842814039349172e-02
-5.877867242742431664e-01
-6.759004649576156876e-01
-2.721983620957295624e-01
-5.274165167085129724e-01
-6.088002236838474523e-01
4.249169592470380952e-01
9.003471345716878016e-01
-5.643277192817290899e-01
4.754575826084115331e-01
1.300919398418594053e-01
-6.301273735131613929e-01
-7.700893715545438223e-01
5.980518874660549766e-01
3.005519629519071145e-02
3.184362808065532846e-02
-8.819496347889645982e-01
-5.511890656496769569e-01
2.926092813740373000e-01
-4.688356450566248945e-01
8.090574220707891229e-02
6.582315769665822991e-01
1.367189965114212757e-01
-6.605650578397370687e-02
-9.102978351709758442e-01
7.601201250563556222e-01
2.691480789705145149e-01
7.053538981437901256e-03
1.054022669816074842e-01
8.989317555236022717e-01
-4.658167788535956255e-01
-2.482223414284814300e-01
-5.649713939029510357e-01
-9.454464838162146556e-01
-7.368833766491904580e-01
-7.562751555252054114e-01
7.230659221254249758e-01
-5.142652456826208862e-01
5.353141549264961441e-01
-5.588660637771531992e-01
6.890761112302135061e-01
-9.531263156378606549e-01
5.866693080091600621e-01
7.994096592732766737e-01
-6.587793397054477751e-01
4.855420556929290754e-02
9.384036461657427886e-01
5.807974991635636020e-01
4.221885171495671774e-01
8.098191919371633407e-01
5.760976498240846233e-01
-6.520623353927534893e-01
7.748453684236884520e-01
1.544059357920342102e-01
7.173970021315565493e-01
-2.345754631446155258e-01
-6.434422684946257132e-01
9.582395104232594996e-01
8.971109555944469793e-01
-9.347581173833985346e-01
-2.776336584664234053e-01
-9.512141244080678515e-01
5.141699242399546677e-01
-4.703902444480463352e-01
-6.456532967686954283e-01
3.640702376555862152e-01
4.643911401938023431e-01
4.663405418062036567e-01
9.095214798349000596e-01
-1.982879633163048272e-01
-5.386082173532746875e-01
-5.663355495133310935e-01
2.104377850675067663e-01
7.399925463651542135e-01
1.289266276091205476e-01
-1.907440551754686631e-01
4.831232081054888106e-01
-9.849152323548913124e-01
-9.883250330267046024e-05
6.051877071312738998e-02
8.867554588262342996e-01
-4.756295960445859894e-01
3.510797443322721811e-01
-6.361661557900710751e-01
7.592040012707315100e-01
-5.709019541064432879e-01
-7.226629288618457991e-01
-7.296057950616618992e-01
-2.725966637690331318e-01
-6.809635836460212754e-01
-5.519456427506452822e-01
-5.236011484434985874e-01
-8.158545619505950253e-01
-9.995752405031044230e-01
4.112588271857082756e-01
4.451441935483169132e-01
1.856894633980907816e-01
8.769766957508646765e-01
-6.396850887545293407e-01
-1.656246973610864259e-02
7.557068827672974720e-01
-9.532909469015782289e-01
6.092516777169012521e-01
-3.361597670962568341e-01
-3.713528781766961551e-02
8.639463589401341626e-01
7.061682418069916700e-01
-8.806117259824945975e-01
6.904062031820894507e-01
-3.420282948725761329e-03
-3.299708386703208429e-01
5.465425458106081269e-01
9.638636726763007978e-01
-1.715047037509125349e-01
-3.343789908162497770e-01
-1.514979233827542515e-01
8.879270560751311159e-01
-1.414379994743659719e-01
5.615305611180017031e-01
9.505419533704204671e-01
-8.985381680757442702e-01
-3.338001112090900335e-01
-9.955834516082653352e-01
-1.720480781982292040e-01
-1.128438378658840335e-01
-1.074959237885950714e-01
-7.594424663929550956e-01
-9.293270760317280388e-01
-8.912213541998261768e-01
-2.780656934393666013e-02
7.065991548586758597e-01
-5.037656799944900676e-01
6.822103822407634688e-01
1.552136221067506039e-01
1.793067297019292905e-01
5.941343655132147461e-01
-9.692164791297723792e-01
-7.314866518371812010e-01
4.091777999854535608e-01
-4.147701069537761409e-01
1.606914497246789697e-01
6.365036391931546689e-01
5.369867050343464232e-01
-2.056965920812101611e-01
3.831430924402263738e-01
-2.802686512428875787e-03
-9.658570970327917671e-02
1.464168837110293442e-01
2.722329149893549793e-01
-7.601019154565646918e-01
-1.275455362668005410e-01
4.847746693425802889e-03
7.634875242993262034e-01
-5.771594914494913020e-01
2.976907355652047560e-01
6.190899716388165164e-01
9.812610786447302225e-01
-6.625713983825427533e-01
-4.322035922245337503e-02
3.672007108637764805e-01
9.175553530996496399e-01
-5.432703522598412160e-01
-2.987802322454971016e-01
2.659386985667555603e-01
6.505617764019226978e-01
-7.101550236102665004e-01
-1.402067440126140152e-01
-7.150922027730914898e-01
8.399797317039192635e-02
4.429496098411527250e-01
-7.943097649063295407e-01
-3.983543591491540692e-01
5.580150615524954727e-01
7.013383412489473390e-01
5.932800721837669933e-01
-7.841878511225921500e-01
