-7.434441189467566602e-01
-7.983770016265092639e-01
2.086176157857273505e-01
9.932399381606458189e-01
9.345864704993847027e-01
-6.825502298333607776e-01
-2.476049060310454575e-01
9.536387373930388378e-01
5.767731730265346357e-03
-8.366124941699475404e-01
-7.685689406029205806e-01
7.556993538501499685e-02
-2.333208722108832678e-01
-7.769629469359939922e-01
3.909789475675662374e-04
3.014103645084591498e-01
5.026844002487051988e-01
6.423686731018316554e-01
8.201128786470401888e-01
-3.361524398035609096e-02
2.309220205718680585e-01
9.373523001998291804e-01
-7.134988396680062017e-01
7.611875221285466786e-01
-4.799669038909848418e-02
-8.809479297212683413e-01
-4.902884074207700671e-01
-7.880332491601467204e-01
7.466289778983195013e-01
-4.691822368472327032e-01
3.866377435904233550e-01
2.932951518334063756e-01
-3.364685985355606590e-01
-9.991407419198674589e-01
-3.259756067568013727e-01
-4.066052003005631299e-01
-8.494902340572485500e-01
6.894482110972461886e-01
1.206430043417399123e-01
6.089392330936775899e-01
-7.795195609380833890e-01
8.364138475755420465e-01
-7.979646903537191971e-01
-4.393424143046953390e-01
-7.908116683434069927e-01
1.138309084281905470e-01
-5.759889083013183253e-01
3.989787333280436776e-02
2.911028812660718668e-01
-6.149906476557227553e-01
-9.791970946005854604e-01
4.819092919021605859e-02
3.782831407728757256e-01
-2.103513749036447500e-01
-9.758009956499247295e-02
6.794072730200499954e-01
3.681722009388050942e-01
-3.034029982404735648e-01
4.100269134658396375e-02
6.393769714152657269e-01
9.425948666532775189e-01
2.523873664983999898e-01
4.220493164469900638e-01
-1.658541469414325231e-01
4.106120137479809529e-01
2.671472426155854230e-01
4.903695980204840765e-01
-9.100383779417535735e-01
9.651270541901244560e-01
-9.499744328087142975e-01
-7.699328072269473466e-03
-8.289228435786295535e-01
6.591473639533382833e-01
-9.601118924792289011e-01
-7.155052641218775378e-01
8.557083385732922043e-01
-9.192522391735007403e-01
-5.280722501576449179e-01
-7.011880596286128586e-01
1.218039791856704301e-01
8.538560149711509339e-01
1.779025535611016284e-01
-3.373010710016310920e-01
4.565354350049433130e-02
-2.245814620785222537e-01
-2.205924747680687581e-01
7.930743412781613433e-01
-3.074628528718068576e-01
-3.716802596679804616e-01
-7.631562314527409185e-01
5.017684262707842180e-01
-5.182577720085381756e-01
-8.913233597052374613e-01
-4.912350261328457535e-01
-4.088758404638463961e-01
6.226493282742497914e-01
-2.649385550084943919e-01
-4.056789792850092891e-01
4.162161873601142315e-01
-5.827437384267930565e-01
-3.158458967645727533e-01
1.912443688693712396e-01
-2.280864505347859339e-01
4.166228140276324599e-01
2.461060067752922631e-01
4.202410428228797734e-02
-5.011418223333368172e-01
-8.036044063825036332e-01
4.133588450328664621e-01
-2.208920954831670169e-01
8.495372578835063138e-01
5.316541888250883030e-01
6.719652967979887759e-01
-9.546007006868939548e-02
-2.969989865186040134e-03
-6.288583093383053324e-01
-3.259469434996522530e-01
3.956047050394184694e-01
2.030102990918591921e-01
8.899797923535692767e-01
-3.441686546984801254e-02
-7.695566743667314746e-01
1.132911051020351056e-01
-6.601526918196247706e-01
-5.641972861515736071e-01
-2.151016124353102299e-01
9.144086490277369972e-01
-1.091906064748819905e-01
4.220208593032772626e-01
-6.879571286181132006e-01
2.669996132646952347e-01
5.962613126783842254e-01
8.877271172796488141e-01
9.330909005300020986e-01
9.832726009423038427e-01
-5.830196902305879725e-01
-5.627685624113134555e-01
1.729250469210539265e-01
9.757575451814410883e-01
3.031611146273873736e-01
-4.993737009226035806e-01
-3.089812765047379450e-01
8.722615479732092059e-01
2.501908476139975690e-01
2.528491810375159687e-01
1.770686557618128543e-01
-3.711717950457007476e-01
-9.770435174618243845e-01
-6.959799559305930305e-01
-6.273285375995345525e-01
-8.892166618656203170e-01
-8.297293528401139540e-03
-9.308034000539349151e-01
-6.868178801350486307e-01
6.146749058723557368e-01
-5.114488451783647527e-01
2.340499052766304988e-01
-6.246487829861482322e-01
1.550380201331147401e-01
-4.803174795119280471e-01
8.224883722316749246e-01
1.956044594460446540e-01
8.679922390269378951e-03
2.609740790391295029e-01
-4.153140769181071779e-01
-8.959985474318308274e-01
-1.722675527601078560e-01
7.891349741260258455e-01
5.648664546667780950e-01
5.186086434651411281e-01
1.196582156505017203e-01
-3.714293618161323973e-01
-3.529195963116715795e-01
4.551819470537250556e-01
-2.409184392958485521e-01
-2.480984571794684346e-01
-7.584457382569873563e-01
7.406954484038987818e-01
6.063023491531016607e-01
-7.808312870409239714e-01
-8.651410089100288747e-01
6.764564950956530875e-01
6.601803371604677562e-01
7.745926434649352821e-01
-8.363459430654618387e-02
1.449864022291984522e-01
9.779084130195281332e-02
5.375938502785635453e-01
8.849977861474371821e-01
-1.027059058119432766e-01
7.493029990160040565e-01
9.849687679968814891e-01
8.078000284216526605e-01
-3.056532452484637119e-01
-4.149860504214859525e-01
-6.398952505707899974e-02
-6.665995180010773069e-01
3.271166889218728446e-01
2.499807374922808911e-01
-9.614593319822632989e-01
-7.514048703322084855e-02
-1.977245277270278656e-01
-7.188806797644180513e-01
-6.817095287651178115e-01
1.723450641612189749e-02
-6.797800365699473435e-01
-1.563551712485549139e-01
-5.326898596013114329e-01
9.302533216291599683e-01
-9.983454317776903064e-01
5.702734499595094597e-01
4.208633690549978823e-01
-7.921943839544052235e-01
1.790556129968741139e-01
-2.517009696793990337e-01
-2.638009738348154887e-01
7.576717936299459666e-01
-1.718703251718096681e-01
9.012753244583058265e-01
3.205475657917715715e-01
-6.370232930119217318e-01
6.786139157907167263e-01
2.836135835013580131e-01
3.055591502803738368e-01
-2.716419507890277529e-01
2.607874372830742971e-02
5.451536766269322598e-01
-1.426674826996912060e-01
-5.523715272100910845e-01
4.235370312200323895e-01
7.234959151458368876e-01
-8.637849813638465157e-01
3.377466242214717251e-01
3.298665796361441860e-01
-1.779228248292976655e-01
-4.277675675138961076e-01
-4.342161106305555407e-01
9.799452930492702496e-01
2.225744771427056179e-01
9.122389768980549984e-01
-1.209436826133098997e-01
-4.570800565664252524e-01
6.270558494349975920e-01
-8.968515187655647924e-01
2.315861368761189532e-01
9.180954873005726657e-01
6.315013494202388333e-01
-2.487164972843340927e-01
9.260006639502469383e-01
-2.252460763487613704e-01
-9.167247256611110728e-03
5.954910934508255149e-01
-5.029246981384085657e-01
-3.990945966779324561e-01
-4.453009808035837125e-01
-5.139512058594006838e-01
5.665997786498686573e-01
-4.875971102278597868e-02
6.591687937162826749e-01
-4.648097757226610227e-02
4.456367782494892182e-01
-9.148223622072728656e-01
4.970858265086064431e-01
-7.341470851755824700e-01
-6.230729441565847626e-01
