4.126924097775821476e-01
-8.118884788742082304e-01
-1.103239052490851968e-01
1.927850820958572076e-01
-8.628648618465921682e-01
-7.066187693777141732e-01
-1.748760605303687488e-01
-5.293272200045591180e-01
2.132387645463462711e-02
-7.733712097297398280e-01
6.821762795204175944e-01
-4.058896248974170895e-01
-8.003510437945036138e-01
-1.371108337202562311e-01
9.979330413628069163e-01
3.518595963900783552e-01
7.379078011165554063e-01
9.336474557799960827e-01
-5.121894928516390610e-01
-9.636526495757169464e-01
4.967836997474042171e-01
3.010428297756422289e-01
-1.968800307530196303e-01
6.183486805304621026e-01
3.370761070049854702e-02
-8.093950864525700784e-01
-7.350817138708967136e-01
4.739996842809897082e-01
6.005335673275584707e-01
4.943631568297461865e-01
4.474541172152490809e-02
-2.267022576872015360e-01
-8.277228769532685160e-01
5.492854892935805644e-02
-3.823759600811993398e-01
4.718014326154624793e-01
-5.324902806589246751e-01
-2.221393638265756199e-01
5.071936377099586224e-01
8.547251765983010507e-01
8.437134033458413285e-01
2.330001326711759191e-01
-5.005073350317785774e-01
-7.060091998874653552e-01
8.444072278634684459e-01
4.035892639923264191e-01
6.960335503150187897e-01
5.871028035212042528e-01
-4.447382468397140798e-01
2.636357687236241532e-01
9.682101896744685909e-01
-1.043466108100854495e-01
3.438676864771326169e-01
2.272199181768383980e-01
2.567404240616633082e-02
-3.322004200760884096e-01
7.472355479131826961e-01
-6.146734978196639609e-01
7.140956548040537921e-01
1.201416237820014388e-01
1.784166268865983174e-01
5.075894417541628734e-01
-1.555605904171897258e-01
-4.105022615761901861e-01
7.133294654482087438e-01
-9.567603545347369565e-01
-6.823480244422766017e-01
-6.155239247819386250e-01
1.620641506648237140e-01
6.821202122389753431e-01
1.493651800781721217e-01
6.399729189337186597e-01
-2.407677339567613206e-01
6.146912205939871754e-01
-2.862518333544814553e-01
1.829247987480875359e-01
3.312460681840652121e-01
-6.171898175969667832e-01
2.261963619524072211e-01
-7.131567634627538066e-01
-5.928663279771893002e-01
5.144018410022666021e-01
8.126262473388239371e-01
-1.080444108022329264e-01
7.114171943206246684e-01
-6.164641481109245369e-02
2.566429956546454338e-01
-2.440608402073807248e-01
3.737415646487818321e-01
4.803851371140850368e-01
-4.295000974617848577e-01
-1.187566771916319652e-01
-2.887186429012089661e-01
6.975212201787426292e-01
-7.770044698083795609e-01
-6.840115045017616247e-01
-4.232102450521550985e-01
5.607435775255644739e-01
-5.656164512395798205e-01
4.547123766337850537e-01
-3.762491260675477900e-01
8.964753146571786679e-01
5.537114285687609883e-01
9.489891065473001763e-01
-5.330577107237146617e-01
-7.154108689830038781e-01
-2.885903281176596114e-01
4.127336776874530599e-01
-2.673024937263512868e-02
-5.219494780047375659e-01
9.199583432796798466e-01
-8.330103834320712330e-02
7.466279236894370896e-01
-3.920197079168590282e-01
-6.282431414906322065e-01
5.304079451725385308e-01
-1.190032791603732321e-01
3.814749101136851728e-01
-6.306672686063983235e-01
8.771951203188292912e-01
-9.499935589670536196e-01
1.976082735215567432e-01
-5.136505049034123527e-01
7.828884228985606430e-01
1.515928686607470599e-01
-2.193792014798567891e-01
-4.344337640560393954e-01
-9.359333190623428944e-01
-9.890970841378154965e-01
6.257625302663822886e-01
1.802874370438738438e-01
-2.626480205179910765e-01
-4.437797612575911099e-01
-6.526608138311638108e-01
1.149578559337196548e-01
-3.740413040555303770e-01
-4.965566691840614943e-01
6.850974893393377840e-01
-8.808980986198324814e-01
-4.523709513913392044e-01
-7.796393632357412340e-01
6.739411860645283525e-01
-3.906567252044159666e-01
5.434772660867948080e-01
-7.755170430327416042e-01
3.304062595850272288e-01
8.315910875776153510e-01
6.322012159905656681e-01
2.342596394259766068e-01
5.206739487367357810e-01
9.566402151814101806e-01
-8.293985524494509320e-01
5.763544675689395991e-01
-8.538653814577317203e-01
-6.299693512129245221e-02
-6.177539269354515028e-01
2.476778425886883017e-01
6.729805929674956833e-01
3.598202429172305816e-01
-1.821725633171118464e-01
1.740752566516061695e-01
4.973051978386973104e-01
1.227058206125979378e-01
9.664662581674325903e-01
-1.280775426888203228e-01
2.392615620373546026e-01
-1.141019000725813637e-01
5.314712947734976378e-01
-2.599523502011815701e-01
6.656149342452148954e-01
3.393175972402300289e-01
-1.849644578170062115e-01
-6.246368684347005651e-01
3.293343140369462407e-01
1.941453727449857780e-01
2.873081043865748363e-01
4.840782312660827369e-01
-5.317306695223231738e-01
6.938569159911500694e-01
-9.328780850170417249e-01
2.455608282383843211e-01
-5.308951510595978363e-01
3.862854668706532379e-01
1.151922690596742793e-01
-6.115849287063772621e-01
3.640312679642858651e-01
-5.799847086137388530e-02
-2.675887156053480265e-01
5.702493236228522999e-01
4.208362885511018892e-01
7.497442660003272863e-01
-2.752609736027089582e-03
-4.885177704610697003e-01
-1.722341852907662840e-01
-9.016462308146488969e-01
-7.061926139955738702e-01
-3.251574574554074726e-01
-4.933870155498503163e-01
4.772578160982705597e-01
6.937887020716997366e-01
3.158720633296556723e-01
7.682297144430905167e-01
-9.013853039298829195e-01
-6.817248959867487912e-01
9.978224399068353900e-01
3.500005946452016126e-01
2.484151742754978631e-01
-7.904576033459620454e-02
7.518849752354774818e-01
-9.429481205912690900e-01
-4.565072137367192084e-01
2.869464785635698068e-01
-7.437822662559563369e-01
-3.518030021975999677e-01
-9.308388490136798588e-01
6.780227512905117049e-01
-8.588072532112740465e-01
-3.311731005455409438e-01
1.256436231601121278e-01
7.125954090506207983e-01
-5.094072072864563872e-02
3.955856947483478159e-01
-7.481068027259607511e-02
2.721713576825643965e-01
9.997917340024755628e-01
-5.486298102755378103e-01
7.293832798491421965e-01
-3.566400064765882227e-01
-3.331168706990350614e-01
-8.050320391334793158e-01
-2.164556262532268960e-01
-2.132412038677151678e-01
8.089860869983185321e-01
5.735957999808038998e-01
-4.159649301991179549e-01
2.226005706239297943e-02
-3.734937284580601702e-01
-5.856427314020191677e-01
-6.971719893900627518e-01
6.664933545159963391e-01
-3.850772908498447666e-01
-7.807519843761572265e-01
4.975062898964250913e-01
6.113276247839742883e-01
-4.654150680024486952e-01
-3.972946660733074342e-01
2.967242704749333271e-01
-1.542152312005871106e-01
-1.460661168859285208e-01
-9.847229722196733093e-01
1.675677688844472435e-01
9.493608162284821184e-01
6.424654949866301923e-01
1.612270996174818283e-01
2.795445679711461295e-01
-5.139549507460374755e-01
7.901978232150692616e-01
5.759152284080040207e-01
2.317104927383646373e-01
3.189707332921947192e-01
-1.363501408462575171e-01
-3.287246812263877604e-01
-1.148513889350211148e-01
2.742646850645100720e-01
8.224470243274470960e-01
