1.035113991489991836e+00
1.280977968741999984e+00
1.972842778703963740e+00
-5.059320394848429991e-01
5.620872937559739935e-02
-2.130219841715780271e-01
1.320019745619057217e+00
1.392776661279319983e+00
3.401966014749200906e-01
1.522652545125344536e+00
8.423460886843481266e-01
-1.443665643580341218e+00
-6.232293427108399619e-01
5.298647570847705435e-01
-2.773226275042803834e-01
-6.555682641672941902e-01
1.283681505576698578e+00
1.701323247545042605e+00
9.065208592978979407e-01
2.487405173554343429e-01
2.361409075162882454e-01
-4.979732248245316573e-01
1.139231534307965532e+00
8.232584341929554128e-01
5.941987606358263285e-01
1.428973830094505182e+00
-1.675179692465913472e-01
-8.036736375160424828e-01
2.763136400204979637e-01
-9.582277595808141868e-02
-9.957236197652814536e-01
1.406118584249406389e+00
7.225857706578741046e-01
-3.821571444698373954e-01
1.792598229201174176e+00
1.621385562401382874e+00
7.790143798414979059e-01
8.679589047564226778e-01
-1.072673298431709110e+00
4.265759007143679060e-01
-1.249665312098457104e+00
6.739656978799879461e-01
1.849151328955540574e+00
-6.473208677403308187e-04
-4.823561315216124967e-01
-1.106190371546662998e+00
-3.415608205324999203e-01
-1.250242034443000971e-01
8.663568843113663709e-01
1.309576738246275962e+00
-6.348982399377373076e-01
1.924714078474015544e+00
-1.144468248787726905e+00
1.178910685494182209e-01
6.265316006484576983e-01
-3.901491057193323675e-02
2.567611956629045622e-01
1.201495175753475975e+00
-4.941676566987139863e-01
-1.072588557362737172e+00
9.148305924943977985e-02
-2.053236165373069966e+00
3.996718386858124639e-01
-1.505104283056748482e+00
-8.362107726708520872e-01
-6.415857954613017888e-01
8.386107577313385297e-01
1.150604413614320087e+00
-4.278297335655478761e-02
-2.762585180547139085e-02
7.951384333393275439e-01
4.864742341561468231e-01
5.444113031586894635e-01
-8.742500213581444468e-01
6.484796683557203512e-01
-1.651142006404926033e+00
3.386203344724181274e-02
4.440178872751041617e-01
3.721918373717308937e-01
-8.085961304363638025e-01
1.497086233250051190e-01
1.935467934101056997e+00
-7.130078609117022070e-01
-7.716882759600235397e-01
8.814638887461495598e-02
-1.948662551113156116e+00
8.292879464603875039e-02
1.346392420302177539e+00
1.056132549706238155e+00
7.207667960359669390e-01
3.667964529419004416e-02
3.052862544701879788e-01
1.060385110119186347e+00
-2.277807662603369421e-01
-1.500981387575585524e+00
-6.536641851072522158e-02
6.174489805607623616e-01
-8.752327483063284674e-01
8.461692797387649900e-01
1.180152874091236814e+00
6.650981568270424305e-01
-2.160379101572672544e-01
9.760977953588187983e-01
3.289922017243944730e-01
1.391934859085747878e+00
1.193525471412754113e+00
1.759998018709795886e+00
-1.711393855415114684e+00
1.132374473561167827e+00
-5.522997484445670846e-01
-4.525214143755544871e-01
-1.165689347267031106e+00
-9.315113518302013951e-01
3.923090232634171004e-01
3.389409806806412684e-01
6.376852878012355674e-01
2.597279096293413359e-01
-8.569485438314015102e-01
6.546504163023162404e-01
-1.051987598448036465e+00
-1.171906920653167150e+00
7.271065669524612307e-01
1.011451593270229043e+00
-1.121953488636934004e+00
1.072166651766210732e+00
-9.850127028253030659e-02
-1.323059587350293720e+00
3.285937265047942368e-01
-1.346111072962066224e+00
-1.280988909165078349e-01
-3.176760535439673294e-01
-1.335324354861992524e-01
-2.540973739285730115e-01
5.627626011040324228e-01
1.960644999502869190e+00
1.826127271123195506e+00
-9.259510801630150834e-01
-1.799855011873189081e+00
-1.804504202161719695e+00
1.334867442396430404e+00
-7.516563585509734580e-01
3.029563292581657352e-01
-8.144327170065562838e-02
-1.622797543693612399e+00
4.841465545846629359e-01
-1.021856297208298958e+00
-3.261173151402932957e-01
7.474192940905365345e-01
-3.635591409624205905e-02
9.220629286980246420e-01
5.464953124739428958e-01
-1.002025979131688338e+00
-8.253321929142628521e-01
1.165566854241353534e+00
1.347400923339649115e+00
-2.891333911742613449e-02
1.157104937177691806e+00
1.164703184023885285e+00
7.889910819182432977e-02
-3.828569797723138657e-02
8.194512945449090591e-01
4.509244341054595706e-01
-3.786470620305919521e-01
1.895730111865186585e+00
1.653187618925513247e+00
-7.128900298492010235e-01
9.557276050138392431e-01
-8.767547816417557982e-01
1.115438704801517966e+00
-1.115619323476507052e+00
9.059812834543237159e-01
1.141525287762370944e+00
-8.838673076435994425e-01
6.523888000116992991e-01
-2.506132393342466735e-01
-1.110220120147404010e+00
-3.244172558404409545e-03
-1.025963329219010123e-01
-1.140223227325146471e+00
2.303589122871578354e+00
-6.575507860424697482e-01
-2.168990579444235456e-01
-1.208926016854325436e+00
1.744736929438912343e+00
-9.199463575809299076e-01
3.662556497215625484e-01
-7.012891926928402908e-01
-4.562533637191784619e-01
1.259381652187407663e-01
1.626302847529679019e+00
-4.482414722264641549e-01
1.170329470699264185e+00
8.304033037327105404e-01
-1.212256781064441347e-01
-1.863876719889716815e+00
1.571279623147913362e+00
-8.897154965947334793e-01
-7.056081276164196669e-01
1.383277392378912118e+00
7.365452503172232879e-01
3.326233558236239007e-01
-1.147160600118588114e+00
2.034702652207012630e+00
1.406798729562223071e+00
1.869680989093811807e-01
-7.236651025775320267e-01
-3.643615011642307167e-01
1.611198418173103719e-01
4.135821281625473578e-02
5.674660018583905785e-01
3.457150190005420232e-01
-1.569051168203325242e+00
-8.894672336522411182e-01
-1.109030224668597464e+00
-8.291174461675719920e-01
3.463666975480071963e-01
-8.122549760396491347e-01
1.678473231463796789e-01
-2.624484215512095098e-01
-1.043432126815344585e-01
1.161403266853427763e+00
-8.435991920806918953e-01
6.343076852629847551e-01
-1.744276849362733917e-01
7.921718431283379935e-01
7.376274930233706062e-01
1.791536665635423464e+00
1.150808059642727255e-02
8.511391558869662033e-01
3.028278044330606766e-02
-1.487378056400769477e+00
1.397657028440966620e+00
8.895261583440033926e-02
8.458812740563272925e-01
4.733416156088756099e-01
6.878710256487289287e-01
2.097732127977035343e+00
-7.051539971635668591e-01
5.014671067088314338e-01
-7.300141344119404074e-01
-8.971637287690693574e-01
1.416947960161181186e+00
-1.422803948074511826e+00
-4.786638939934870773e-01
5.598855892887498742e-01
-1.596035479783893596e+00
-1.181302354312726788e+00
1.085333262254723374e+00
-4.995225245932116698e-02
2.161703354091999985e-01
-6.512501135635343497e-01
1.873408377460253627e-01
-1.322352951183627390e+00
1.098672588510779757e+00
1.091088948873000009e+00
9.041598181277291646e-01
1.435760814088657966e+00
-3.614156794623396562e-01
1.499852834102624932e+00
-1.453071485028041732e+00
-1.449473425176578623e+00
9.702438324798791092e-01
-1.624894527206011574e+00
-8.846653094446199628e-01
1.116466573761105696e+00
