-3.223755687679498161e-01
-5.298755154778140852e-01
4.302211689064565636e-01
6.551421870445447437e-01
4.109674177034922105e-01
2.350506339237669051e-01
-6.979538796934353639e-02
-1.745677653782303329e+00
-1.678162283485264528e+00
1.136836994419012425e+00
1.640303322697389099e+00
-9.897066233349297582e-01
2.095740944709613807e+00
-6.084273904508589181e-01
7.612692210754568034e-02
1.607479782916642064e-01
7.155649601795508463e-01
-7.938733692577342183e-01
-1.335790268750010945e+00
-4.685314776497505607e-01
-1.330220128036484706e+00
-6.917913279595055975e-01
6.843802767164732792e-01
6.373120862374339612e-01
-4.227627380512687938e-01
-8.268555114472571077e-01
9.811774453630731641e-01
1.084850927283721900e+00
1.217331728462276441e-01
1.050821668007805743e+00
-1.426138455060949717e+00
4.545479726650264451e-01
-5.797920440034254330e-01
1.207356788176779938e+00
1.145735170212537124e+00
-1.074926831507432956e+00
-4.392044183487898712e-01
-9.633223902760987833e-01
-5.809904263629783738e-01
-5.322169459035329675e-01
-9.388129485490698256e-01
4.472784640953363366e-01
2.079078578102492969e+00
-6.534048269539128873e-01
3.383354817917505475e-01
1.518033533329126161e-01
5.169088141148396875e-01
-1.940365253684815938e-01
1.294642883936850675e+00
8.356343870668759832e-01
-1.916517534588401794e+00
1.155952354765120704e+00
2.095474358398800696e+00
-5.080215302964492530e-01
-8.251390825098716686e-01
-1.057391200183466218e+00
-6.043687130786725703e-01
-1.564426110270629167e+00
2.078776399672478625e+00
6.123394388037413094e-01
-1.299689116893583130e-01
-1.807866395296108819e-01
3.908419636405574549e-01
1.603810091033042395e+00
-1.044975441883846834e+00
-5.834314049424706994e-01
7.399934603175029046e-01
-8.267622837913664036e-01
-2.361397947749224180e+00
-2.258049066889178835e+00
9.576909538372588848e-01
4.577622482113645752e-01
2.111749223744807669e-01
2.033104186590798668e-01
-6.004953910592467636e-01
1.857629474884031351e-01
-5.982425256402176261e-01
-1.647274099823116789e+00
-1.461766930322068614e+00
-2.310367544649194471e-01
-1.777422077357771801e+00
1.397800374280582236e+00
6.701109888877401222e-01
-9.179024105182607141e-01
1.282634452812420722e+00
-9.374257355358930344e-01
2.467192706145285852e-01
-8.765751676604455200e-01
1.604228614696621702e-01
-3.560262711909256694e-01
-1.530124126030215082e-01
9.812486785781251442e-01
-1.210566857103744232e-01
2.508758040140284251e-01
-1.906805547202113260e+00
4.669628582399104610e-01
1.491006650536211176e+00
-2.431330368259976282e-02
-5.572288773317369825e-01
-4.582671787792103046e-02
-1.279125346185770784e+00
-1.546003813903659152e+00
8.006498796921209804e-01
1.232376309619241495e+00
9.144032003560677024e-01
1.501422237078162969e-01
1.787412990762772047e+00
-1.430665928871177162e+00
1.671457802641638235e+00
-5.167289410220060608e-01
8.478154510062494431e-01
5.980191845770528314e-01
-1.747854075319952294e-01
-9.883020933949890896e-01
-1.643483962059517411e+00
-4.568859037027833692e-01
8.619847033615755105e-01
-2.257764555347917534e-01
3.703273957976245256e-01
1.004913767532468416e+00
1.279328117851326052e+00
2.407094322924542062e+00
-9.463879330132984879e-01
-1.512169061759477184e+00
1.415809177121566842e+00
4.848055925227636731e-01
1.308518916277348065e+00
-8.199785199029945293e-01
1.124959508454538071e+00
-2.955132981301976658e-01
8.981943725613785734e-01
9.908498392231213092e-02
-1.964163289376074317e+00
-1.996689127199575142e-01
1.673565624956259823e+00
-1.072356095917036400e+00
-1.020276436412328014e+00
7.409111132818495538e-01
1.853256840215033785e+00
8.827689157890989957e-01
1.011115959423160460e+00
-7.721477790641151362e-01
-7.388238157311897147e-01
-7.839326273243213405e-01
-2.917584119180304802e-01
1.909557498120242780e+00
5.419607689666459116e-01
1.516637013189642502e+00
4.094998289155452609e-01
-1.111201386776756728e-01
-2.184026797351090288e+00
-1.374795103331688306e+00
5.187704078888033532e-01
2.029837940210281744e+00
1.857041423164568439e+00
-1.273202437063048809e+00
-1.838244933671870696e+00
1.740752247107059780e+00
1.154259047668416915e+00
-1.014324052690764644e+00
-1.152857888014440085e-01
-3.494908373975842419e-01
8.925661997703411288e-01
1.549916961434940843e+00
-1.791816407297840197e+00
-6.053340918548483218e-01
-7.575898568418418799e-01
8.455927389996167332e-01
-5.945988362453409337e-01
-1.203812186000784878e+00
-8.518681743590957867e-01
-1.335822146275732702e+00
1.221325559946213835e+00
8.615933992979429856e-02
-4.783879781193653979e-01
-1.569429408343961052e+00
1.653206473548582522e+00
-3.046479859409206292e-01
1.094925151938118901e+00
-4.270041193517515876e-01
-5.903397017200967545e-01
-1.437072096732702420e+00
4.614460869558805189e-01
-2.207771874901204967e+00
1.702632542286618977e-01
1.264699769950690778e+00
1.572257454571236668e+00
-9.044677808099934602e-01
-1.268709643484701166e+00
-2.722621126266496216e-01
7.396849018592717151e-01
-2.226193118893438960e+00
7.937324321511429748e-01
-1.277690598513364861e+00
-9.121658932335059422e-01
-7.623509178010384746e-02
6.567567167332866163e-01
2.617892868586632282e+00
-1.846053278542741927e-02
2.352193205243649832e+00
1.165844763634211967e+00
1.032642565929438927e+00
5.766421524837626045e-01
9.943681862328340726e-02
-1.510369794559592638e+00
6.412891024209099733e-01
-3.651625125908868341e-01
-8.928170460596932534e-01
-1.498304892802619026e+00
-2.309864541505532165e-01
-1.711415524427456702e+00
3.462787812678639332e-01
-4.982540371549223357e-01
-2.127656084940172110e-01
-6.811348160644835614e-01
1.202894889378950172e+00
-2.817452089433398754e-01
1.335081728378623822e+00
-1.087371084854321657e-02
-5.843525827080970902e-01
2.065175679336750392e-02
-1.821626984934704208e+00
-1.265397224810023591e+00
-7.634722575559785840e-01
8.822090459070265622e-02
-6.491709856362171127e-02
-3.419291496724441437e-01
7.530790368488869957e-01
3.413796195361284980e-01
3.423878460410736957e-01
2.138104442673806282e+00
-1.611740068527092618e+00
-1.329408031735087814e+00
-1.965772920438956517e-01
2.819612676776776627e+00
-4.495423818319324027e-01
2.640827371135281876e+00
1.234337635093010199e+00
5.134681594186167874e-01
1.695827525925569290e+00
2.425135417958462547e+00
-4.884608142837327804e-01
4.439343578357712872e-01
4.687907659476038269e-01
2.491838262978679497e-01
1.600480034037814248e+00
1.863394338704240205e+00
-2.834951502253757472e-02
3.392721357416947914e-01
-1.521712058785642530e+00
2.018691185531887866e-01
4.106574553373562031e-01
-2.039522172532183042e+00
-1.254086177811065905e+00
-9.634063929047964603e-01
-4.667098157676710102e-01
-1.086322401617444644e+00
2.322724065243042979e+00
6.519320218338429118e-01
-7.165133932262175431e-01
-1.790415070742792825e+00
-4.790240506318171887e-01
6.289005885429058695e-01
8.735668825345627164e-01
-7.312847225852983080e-01
