5.345303504989262766e-01
2.187760791348465350e-01
7.705557861821847876e-01
-8.848346922649148460e-01
-9.837885569079334314e-01
-1.193670952278020891e-01
-6.180917879444260965e-01
9.404883844441958018e-01
-6.314891628677059554e-01
7.813352910283994923e-01
-1.900792591808886378e-01
-8.896032845570056580e-01
2.878049729209077867e-01
-6.339165305262830508e-01
-6.769484202376967463e-01
8.971625221684467189e-01
1.433251931411092528e-01
2.267125169371229099e-01
-9.648219624928022764e-01
-3.660756253318053766e-02
-7.638479678523388827e-01
-7.311750461572552595e-02
9.634358831785634347e-01
-5.038256726149730191e-01
3.356620170485702381e-01
-7.203549763181993359e-01
-5.945929128083851101e-01
9.649353297449299038e-01
-5.253431962303347635e-01
7.338503743393451906e-01
1.187641898064637491e-01
5.020531151977956075e-01
9.013528550131366668e-01
8.852653893226207771e-01
9.449283441119296079e-01
2.280550598492185888e-01
-6.057100010057452355e-01
6.663625756231925656e-01
-5.216343223330384138e-01
3.147829914979469734e-01
-1.353531977233843886e-01
2.347652672088815784e-01
2.342400321720219392e-01
6.897209234235750497e-01
-1.962012550187353099e-04
-8.390903421987512267e-01
7.731812082481195336e-01
4.788795190022376858e-02
-3.859614244099818237e-01
-8.479642081359035632e-01
-7.323215715372470846e-01
-5.049150571069231930e-01
-2.457686098217211068e-01
-6.184539738746872573e-01
-1.692232720276032332e-01
-4.797262677854934321e-01
9.685136411545796076e-01
-6.877816452963172456e-01
2.835024870060172120e-01
-6.530829071074255587e-01
8.237091202811650525e-01
9.258978346738062637e-01
-9.148135722878960596e-01
7.588392863274016076e-01
7.495151455514217353e-01
-9.004422857444212003e-01
-3.264365215013973476e-01
-2.566166892722339110e-01
-6.116122977239808467e-01
-3.947528779765210327e-01
-7.690214096860517046e-01
-2.803726881948036542e-01
-2.501709673938625755e-01
1.240341413336782939e-01
-8.348765679617249358e-01
7.179807315135133816e-01
7.506718817168200886e-01
5.378544466029879789e-01
-9.372320626862644666e-01
8.419388757941401735e-01
6.087560379670486910e-01
-5.380303100926822069e-01
6.807601156805931364e-01
9.272115935558853383e-01
-3.705476626543624530e-01
2.668295277934329413e-02
8.398016895213480382e-01
-9.401243422485727752e-01
7.939472495515169648e-01
2.394163134902405066e-01
1.938348377246736920e-01
-2.460078266871024155e-01
2.297361128299999500e-01
-2.551004382059398612e-01
-1.304559324247334118e-01
5.176456306472767555e-01
5.961913701257797182e-01
-1.279897638708260565e-01
-7.344669129062590951e-01
-6.499148878288605324e-01
6.893466298412518345e-01
-7.042868421494574704e-01
-5.465021925612263409e-01
8.442948802669043573e-01
-8.470882150512688558e-01
-6.314415227316267920e-01
9.265452227507113836e-01
4.611852135893552695e-01
6.834750915480498623e-01
5.723504801246741547e-01
-3.244908901319174532e-01
1.661629399719033451e-01
-3.484959067363682106e-01
1.453578816711342814e-01
-4.214414293630199815e-01
4.813818469081985185e-01
4.812326797253860811e-01
7.228942256080892470e-01
8.225859469606642271e-01
-4.584141328696489381e-01
-4.552396780352920835e-01
8.024098826795000861e-02
-2.867769657051568721e-01
4.943999047996605611e-02
-7.281109481396261796e-01
1.688815322937597951e-01
-7.470006539833986547e-01
8.538908657060844121e-01
-7.045953123976980148e-01
8.704895644227597096e-01
-1.513952790249777358e-01
-3.133041114221641887e-01
-2.560689648532832319e-01
1.215510705405642433e-02
7.296924264073252342e-01
-3.433157769289041372e-01
-8.683581150795531833e-01
8.339448103572288939e-01
4.664171745845810957e-01
4.498185840668280644e-01
-8.763724647049822014e-01
2.241499285174457512e-01
4.366667870064548929e-01
-1.756050161988211844e-01
4.532486090634850751e-01
-5.993721936904172765e-01
5.584658892308747014e-01
-6.320574279598720757e-01
-9.358926794823958506e-01
-8.502341354577789279e-01
-6.246843654181866157e-02
7.428013922144605097e-02
6.823940904574559152e-01
-8.858984014428470388e-01
2.428817639806526429e-01
-5.862126100519571281e-01
-7.267985597041348722e-01
7.442753107601702833e-01
-5.769873973624670693e-01
4.829578674997803134e-01
-9.996564399884653174e-01
1.205763797190881892e-01
4.958980384953928233e-01
1.924532413504658201e-01
-9.534728630450690634e-01
1.250851332453013498e-01
-6.364979030636921387e-01
-6.190620741152113027e-01
8.056539362530752424e-01
1.047357734852170097e-01
3.702549421029770471e-01
6.001528640098041656e-02
-6.612122865986354014e-01
9.815019492348711072e-01
1.975480032853749179e-01
3.900683350186127107e-01
-7.626447672083538354e-01
5.786457035396126436e-01
-9.515929832082268280e-01
-9.793160533595428596e-01
8.457881511064317959e-01
-1.515678706918555108e-02
9.917662645615685779e-01
-8.245222695168792360e-01
-1.227893236184438575e-01
7.954176665543035707e-01
-7.250279636207472844e-01
-3.719163349662586437e-01
-3.161595884848380500e-01
-1.054722105738958859e-02
5.562404809256420446e-01
-1.824235412499783937e-01
-4.650960956826641901e-01
6.700477698132090154e-03
9.518907982219175778e-01
3.831846732032939684e-02
-5.316640466900144357e-01
-4.461769332831688750e-02
-1.065002396848435673e-02
6.797757608788741468e-01
-4.943922300676450998e-01
-7.637337425345063213e-01
-5.868906331959531375e-01
4.630949375776465260e-01
-4.213222406611143445e-01
4.518560253263570470e-01
1.894676507814223587e-01
-8.075226781338353810e-01
2.327844610075191500e-01
-9.931139877912500413e-01
8.883876032373125842e-01
6.672062904621802737e-01
6.564499807077697202e-01
7.631613612144214631e-01
8.044498461565081637e-01
-7.953229579741829536e-01
-6.079496126944539114e-02
-4.356909951133540737e-01
-5.645283290215039607e-01
-7.527406313092344092e-01
5.674694988166861798e-02
-6.310967166636927139e-02
4.149680231068328951e-01
-1.397043888460136607e-01
3.481975140919297829e-01
-8.407992175881886521e-01
1.425560558204175265e-01
-2.453291744009111763e-01
5.994902748989643371e-01
-5.277379236411461338e-01
-5.418866123392616085e-01
8.634996798949983177e-01
-6.209097560852305797e-02
9.790722692786726356e-01
1.704143725731375181e-01
-3.924979806322987930e-01
2.147846496309582243e-01
-4.545708817878233443e-01
-1.642885697003118040e-01
-7.931023760929134525e-02
-2.760261836559052551e-01
-8.090672925170236951e-01
-8.256636853480958660e-01
-9.262794056750223159e-01
8.359991264382200526e-01
2.536427584605056573e-01
-2.011704848877275964e-01
2.360810202291789839e-01
-5.754789118213443633e-01
8.809242650108606298e-01
-9.273182021162873490e-01
-8.123610375918339788e-01
-3.184900581658085539e-01
1.529840990198385597e-01
5.512387884763609858e-01
3.319360579207948359e-01
-8.668972726459662770e-01
2.104272198832506380e-01
-3.472644874113530733e-01
1.137625532227402037e-01
9.335434932276158726e-01
5.177695247809912527e-01
-3.974486324801409509e-01
4.403180678263871606e-01
-2.962918127965052939e-01
