-3.983689885070247350e-01
-6.183133787391581482e-01
8.392174201629698516e-02
-1.924539827699554007e-01
5.411514866409152802e-01
5.859775047808852833e-01
3.959926584076911560e-01
-9.366762194556854659e-02
1.144689894566810473e-01
9.882594496389063288e-01
-5.744831315124661053e-01
5.661099854098752271e-01
3.755842693031683499e-01
4.854260883538519256e-01
2.175271584942972680e-01
-5.144215378561451946e-01
-5.848403495227343374e-01
2.025659372858146234e-02
5.150984291025402229e-01
3.444048946896718366e-01
3.241363282964311310e-01
8.169459267314791440e-01
-6.844161112611863995e-01
9.461679764661492520e-01
6.404908080515745450e-01
4.204887566858661607e-02
-4.691255912649452409e-01
7.157483546872385194e-01
4.576843406361954525e-01
-2.532165129758663369e-01
9.457778829719465374e-01
-1.854902782156320207e-01
3.509696473875343337e-01
7.849029627825838684e-01
2.738312488121523725e-01
1.147701693054572480e-01
2.271094707851954997e-01
7.701352100034732917e-01
-8.307185000016259480e-01
-9.118696453676149449e-01
6.884022406447045661e-01
-5.454982488890260939e-01
-6.336765369769659095e-02
3.558864898916851427e-01
-7.314624529620270543e-01
-2.546607613290792216e-01
-9.707685390529681158e-01
-8.072679954502177679e-01
5.212661445115052139e-01
-6.666128606236372267e-01
4.802618822340558591e-01
3.056536327340548809e-01
-1.161939961846121250e-01
6.232709036157011440e-01
-9.564375647715805950e-01
9.611945682683180614e-01
2.987106128614760436e-01
1.825341686628618731e-01
-5.305398643814547288e-01
-4.780049814014044607e-01
4.287278296995129523e-01
8.414362497258864870e-01
8.334938418405544169e-01
-9.310718303688081399e-01
-8.273720799102612933e-01
4.106464619589553777e-01
-8.837617405558628736e-01
8.430197562872672190e-01
-1.846330348926463749e-01
1.120706236598856265e-02
-2.264544730143507323e-01
6.619583361638305963e-01
-1.732491292736879629e-01
-5.561803775974889508e-01
-9.868605978432303250e-01
-5.609080364030840649e-01
6.411268247310575319e-02
-2.919060982925201220e-01
-7.754665426522733274e-01
-3.603443755997615128e-02
-4.439575949807488264e-01
8.662313637861960292e-01
4.959975727990912908e-01
3.441791551206758726e-01
2.024727242222637003e-01
-6.092500154565847481e-01
-9.672316218776282337e-01
3.733370701875615705e-01
6.500360977544965557e-01
-8.948902929746191948e-01
6.220185258135046968e-01
-8.805627959275641459e-02
-2.030591575016753580e-01
-7.835215255291405612e-03
9.050809365099397041e-01
4.350144141109357765e-01
3.850180482212528510e-02
3.263207583814233814e-01
9.641173295265994536e-01
3.997214452792730022e-01
-6.168556013807449112e-01
1.094158329511467631e-01
-2.018766512498850751e-01
-9.695345680870737226e-01
6.379746713951086612e-01
-6.201642736397496858e-01
-7.659487754395035708e-01
6.726622669529125353e-01
7.109353568548737456e-02
2.654264068425229439e-01
3.213069764520097849e-01
6.840782291661213765e-01
-5.571843154269497944e-01
8.932295169527335599e-01
8.230089790452883580e-01
-4.102713753724953616e-01
7.798694128526837410e-01
1.879897261493743699e-01
-2.509287064933025668e-01
-1.162776589805678551e-01
-5.349288274722550085e-01
-4.541938543841730347e-01
1.569281239088551327e-01
2.697228765973360698e-01
-3.548134315407818207e-01
-9.647599809494855627e-02
-6.788754040437023907e-01
4.504471182631641923e-01
-5.940189533510420450e-01
-8.294298831465320987e-01
5.200096023460354377e-01
-1.336986082829028089e-01
-7.758990855940552933e-01
8.107996453108448076e-01
3.744842838703190679e-01
2.465682640059416730e-01
-8.610860415730527961e-01
1.260002955203587405e-01
-9.490947153153410643e-01
-4.470605970045042898e-01
8.255007563600744724e-01
-5.963143768162146863e-01
-6.879309340931676342e-01
-3.342771231404377819e-01
-2.860055120724711575e-01
1.119478363330301818e-01
-5.835952676446287679e-01
6.605401765246927681e-01
-5.863738183603333098e-01
-3.642901440471870700e-01
-6.435953701806469418e-01
-3.845982604367839119e-01
-1.810446472563203013e-01
4.121775256643522845e-01
5.832498083698165470e-01
1.636791357021107896e-01
6.262452627124801552e-01
8.688094395141909843e-02
3.694160447875420861e-01
-3.593984553565596762e-01
9.379585804239334301e-01
5.377800271277455302e-02
7.266820657753969570e-03
6.695484755303209301e-01
2.717737234048611672e-01
6.609287695916392646e-01
1.350846408689116984e-01
-6.380244654915534497e-01
-1.975499531320135116e-01
-1.929042485258285478e-01
-1.591955231334629683e-01
-8.627270166631209047e-01
9.312801257112446329e-02
-9.002077634845608856e-01
2.601706636310003873e-01
-5.172372162286498209e-02
-4.413669751569073707e-01
7.368629556957302373e-01
-8.701448651835195225e-01
4.790548329052424226e-01
3.242948391589270951e-01
-4.836162218285742220e-01
3.469179048099133578e-01
1.244144225917640512e-01
1.296369463044668713e-01
4.881281366855980686e-01
3.473144685788320807e-02
6.501786556598951883e-01
2.628634510226257603e-01
8.779511902185079819e-01
5.878699963543041473e-01
5.714279745071222383e-01
4.242075878886630846e-01
7.831919238240703240e-01
5.891356097606053055e-01
-9.928511405861106809e-02
-8.939858724675477930e-01
-5.044822993139355116e-01
-3.385143403973487342e-01
-2.924673845033562980e-01
-5.171004946586272855e-01
-6.532270679382288225e-01
-1.036828807128666874e-01
1.778407825651269203e-01
9.530769260527700570e-01
8.779339086919479840e-01
-8.208660012439528142e-01
7.694063913472837246e-01
-9.216200591780188134e-02
5.335013991980388504e-01
4.736055206017899533e-01
-7.659526826849198944e-01
1.262518480433458823e-01
-6.078187219508699446e-01
6.239444091621306754e-01
-7.591627459358796237e-02
-5.669144485259609567e-01
2.837500363355169863e-01
4.479477725823488576e-02
1.354111201705936463e-01
-9.898972425045000634e-01
8.047202565875379854e-01
-9.717739979677202378e-01
2.839290482373897362e-01
-8.692631174041907105e-01
-7.520751374565692871e-01
-3.994384763370029123e-01
8.311634735250916783e-01
-4.255942708406807995e-01
-9.139822069795979775e-01
6.276183145394969021e-01
-5.440488658968631874e-01
3.945255680087862427e-01
3.993698920227406468e-01
-3.264637105244627691e-02
-4.519267804543389833e-01
4.900482459212480713e-01
-9.106671165816162539e-01
-3.787225668178462179e-02
-6.530045480771200506e-01
2.007783864343706259e-01
4.910279801985850678e-01
-5.873400040352401152e-01
-2.114787456118405462e-01
5.983203148663016613e-01
1.974177496380002950e-02
7.137658132538282629e-02
2.443290163148517102e-01
-8.015012197274888894e-01
9.132743725051630790e-01
-9.555103419117800811e-01
-2.145509745457465645e-01
8.313336314500874291e-01
8.043331931227342135e-01
8.145880108545526799e-01
-5.997552144373305971e-01
5.438112880569494489e-01
-2.461523527570099734e-01
-8.772281075232224445e-02
5.520503545886497054e-01
-9.958159694417976215e-01
-8.500916349287801488e-02
2.256940338369057830e-01
9.868272839289136122e-01
2.886242249567725349e-01
