-2.448975315807985220e-01
-1.689306458892007923e+00
1.256927678800670467e+00
1.228215007966315220e+00
-1.464706377914801294e+00
-1.393963240675218929e+00
6.644673517739301261e-01
1.386011607885304198e+00
2.513266916164798026e-01
-1.057699983744588845e+00
-9.780681996994383676e-01
-6.532403659869304713e-01
-1.132718337354947646e+00
1.263022036413043558e+00
1.832400729974323905e+00
-1.411412184707705020e+00
1.048475892037850965e+00
-6.604698454709778677e-02
-2.428574026481388204e-01
-6.565496734582860761e-01
-5.875571669818890896e-04
9.621542189354949093e-01
-4.343717200997524452e-01
5.353840753580192402e-01
-1.765171941113660437e-01
-1.161171001451959950e-01
-7.543857577089878585e-01
2.370856805260290745e-02
1.158583199644913631e+00
1.563393519999012771e+00
-9.952283476733455592e-01
1.659694958519573493e+00
9.576168705157185324e-01
5.949296042241918325e-01
-7.015894890280319762e-01
-6.365737045021802043e-03
-3.612400713250429884e-01
6.465802224518586439e-01
-7.669853938975330632e-01
-1.001351577894461276e+00
7.782502628995904281e-01
-2.800118006097179757e-01
4.930579216800673459e-01
-9.538523783307526482e-01
-4.033563496358905098e-02
-9.113556804854120452e-01
-4.119800027487964256e-01
-6.660913580312057825e-01
-4.618685395375733416e-01
1.235198192348426760e-01
1.226343123936774138e+00
-9.173106114447038273e-01
6.957958973816582571e-01
7.324248331621682206e-01
4.504058555555202625e-01
2.940068087295534260e-01
4.177237030355602787e-01
4.799055557353029133e-01
5.790449360312817095e-01
-1.082511327271026058e+00
-8.299577658684592629e-01
1.043603459564319547e+00
9.302799971168412840e-02
1.250783119385199704e+00
-4.502713633076529387e-01
-1.149862971772527498e+00
-9.365994611629769873e-01
2.561771541262813923e-02
-1.787091980494273979e+00
4.845981231449318916e-01
-9.050088471991768468e-01
-1.067291948363205289e+00
-1.053207022033501250e+00
5.581476141075729647e-01
-4.363730105208855070e-01
-1.525429740890003050e+00
-1.173654665188280433e+00
1.135963078247203689e-01
1.657880254289222144e+00
8.240464460494395516e-01
-5.030834733395159741e-01
-9.115800181000244251e-01
1.555164656027176129e+00
6.807309611628283852e-01
-1.237319642824763033e+00
1.449790743357050271e+00
1.275109168560762729e+00
1.457831250313870841e+00
-3.271152657547565790e-01
-1.167143248032129765e-01
-1.021496258187377215e+00
-1.543943359165421914e+00
1.088011008123066947e+00
-3.046752485894144158e-02
1.209767373579324179e+00
-6.690179105787693592e-01
-3.283022516900770960e-01
-1.215284468006875285e-01
7.259706092532901556e-01
-1.509043368537312801e+00
7.492447248283959915e-01
1.044015690308655042e+00
1.169872585951058808e+00
-4.371646766050748534e-01
5.911866922105430966e-01
2.068386058204008671e-01
-6.696655620557627753e-01
-6.665913841866470957e-01
-9.211747977215640759e-01
4.486950617660778740e-02
1.225243690255691575e+00
-2.151832014906288615e-01
1.492393348253912011e+00
6.532620850466914764e-01
-1.072983933382038568e+00
-2.820723736913093305e-01
1.465233609660432812e+00
-2.870203959699351159e-01
1.028537481330080716e+00
-1.127756227704379111e+00
-1.999359420159370071e-01
1.021629411306232971e+00
-2.218810278532625802e-01
-1.545653886716260139e+00
1.223852184422359990e+00
3.934744067699480485e-02
7.244552384195133143e-01
1.164101506253037766e+00
-1.209799324323082015e-01
-2.511308723347016603e-01
-2.820282664030884234e-01
-4.469798189447184988e-01
-1.314016334119464169e+00
4.536009321234261149e-01
5.911578048661217943e-01
-1.322011133333861110e+00
-1.571990442184205694e-01
1.297735752265338327e+00
-9.990350755132606508e-01
1.156640624717168553e+00
1.657262217358846046e+00
6.595074847923352301e-01
-1.871912563880237190e+00
-1.138577817842131967e+00
8.083103009020153884e-02
-7.791640105603806488e-01
9.075147676924398832e-01
-1.334269410431700109e+00
1.088208867294820692e+00
-8.860565925519828800e-01
-1.683121073508261345e-01
3.864695338544618108e-01
-4.000806811049029132e-01
-4.729009774615900996e-01
-1.423085853789310518e+00
1.045461455599816514e-01
7.332012295875051100e-01
1.353228081263061267e+00
-6.825281930549687015e-02
-2.776964297445467800e-01
1.462084855897634483e+00
-1.036362703823079823e+00
1.819366604326801973e-01
1.122855098226776427e+00
-4.678077268150035994e-01
4.806601846880188544e-01
-1.177206353164657937e+00
-7.784660334772363077e-01
-3.392230816258111625e-01
-1.125423796740845805e+00
-1.085487123311460689e+00
-6.938266698171352553e-01
6.767226347051723545e-01
-1.157033976967279276e+00
1.188034929849177690e+00
-1.683879388532036891e-01
5.638540183620250890e-01
4.561217482424660963e-01
6.974926211355281236e-01
1.501976850304171052e+00
6.521113462564616103e-01
1.651450102291429634e-02
4.203724142369653638e-01
-1.670481759879727690e+00
2.114841553146602493e-01
5.931365967995725352e-01
5.571932362815767981e-02
1.416399505887807830e+00
-9.761830603544355833e-01
9.738076899936144448e-01
7.519592259726678440e-01
-7.440336130226889999e-01
1.092839084083186751e+00
-4.488918549777389799e-01
-9.186855867701793077e-02
-9.845894279616885791e-01
1.426865175839984734e-01
6.427208306162957019e-02
-8.927312933576229126e-01
-1.544555989301865218e+00
3.929906001947519600e-01
1.269065720991424950e-01
7.077992385268959685e-01
-1.048614647230740715e+00
4.533108775689135284e-01
6.142205421914006536e-01
-2.289657927191998121e-01
6.197892771567268255e-01
1.371382264294350062e+00
1.598917494008468498e+00
-1.361064907324205375e+00
-6.281319495234394257e-01
9.633184403654049266e-01
-1.197362146554326490e+00
-1.014694953443137315e+00
-9.298867701517906648e-01
-1.900554750625278733e-02
2.136006001043641023e-01
1.011735433308873500e+00
5.607500771622517810e-01
-1.376174347001955400e+00
1.085575969357476245e-01
6.924214492324558545e-01
-7.226010487010118277e-01
4.666866371144168246e-01
1.205464338402944424e+00
-1.165407094847871861e+00
-1.577689039150670380e-01
7.127591968304601844e-01
1.281009847944915681e+00
-1.380978738303143327e+00
-1.226209050212544227e+00
5.215040022126145036e-01
4.409649799525290348e-01
-1.484288528731848800e+00
-1.041936487087428365e+00
7.964569763533700941e-01
3.616362226373408539e-01
4.190025765376449440e-01
1.807487715165231990e+00
1.048605147070428956e+00
3.687639153929193059e-01
-6.091405932760716180e-01
5.808785931870872332e-01
-3.599075980281510878e-01
4.726785245773771349e-01
-3.080170164817325196e-01
-3.038381437506703087e-01
-5.173417301737190943e-01
-7.577348295834894776e-01
-1.252476510835882628e+00
-1.216720540125020289e+00
1.984936283584975980e-01
5.269163846312754362e-01
-8.690394837289577845e-01
-4.257300625474855771e-01
5.282741008345375189e-01
3.932018469428885110e-01
7.970320465935151200e-01
8.493457559297749038e-01
-7.808824568908674379e-01
1.099939119328996018e+00
-9.528856942398671315e-01
-4.706113124728502628e-01
-8.198627989099843694e-01
