-5.374706507215660789e-01
-3.387977529105312691e-02
-8.711777655306900403e-01
-2.995580855168538115e-01
-5.055105538042132807e-01
2.370117638563271623e-01
-4.418365033039575174e-01
-1.672017428047101184e-01
2.036671372498330967e-01
-1.833370202892297129e-01
-2.412901600505297228e-01
1.283451080752784357e-01
-9.654887349404659425e-01
-6.703794999637864294e-01
-1.709759600764224619e-01
1.003110619238878343e-02
2.173226151093201608e-01
9.021765848492913076e-01
6.892679310344200783e-01
-1.608247429347970936e-01
2.680294328676107174e-01
-5.895366068216161270e-01
4.292552439958268184e-01
-9.194357867430187348e-01
-9.413667900557198820e-01
-9.244539178520365663e-01
9.018200572004935189e-01
-3.862080199787474299e-01
-9.016377627405649520e-01
8.231571370237675822e-01
1.575632964770903310e-01
-3.443476646213361470e-02
6.782662374111760872e-01
2.606495580147836222e-01
-2.236731539502874178e-01
4.955552619878245135e-01
3.419443902095054000e-01
8.141390200069664740e-01
7.684588116288120219e-01
-2.858889767929997383e-01
-1.816336769988180500e-02
3.589459247240882611e-01
3.490590193814164799e-01
3.988100673975936150e-01
-2.071697381500885449e-01
-8.218314262640367129e-01
-3.671945683044604003e-01
-8.936752325017964793e-01
-9.028787811083021086e-01
3.729339655244681140e-01
-8.430749053026840301e-01
-8.317396246936921145e-01
6.024101373775103685e-01
7.911432258095021375e-01
9.771655626087882851e-02
-2.488536289516305455e-01
3.615857251807601536e-01
2.355723337729602740e-01
-3.135749091650530396e-02
-3.430324358769345494e-01
-3.226482692643248829e-01
-9.325460848076083664e-01
-8.299241411101727639e-01
-9.330654598733068017e-01
6.134462054147027388e-02
-1.643859963479850084e-01
7.705689145596841261e-01
6.335554549168593841e-01
-9.053966221481934973e-01
2.451644613608525702e-01
-4.180666137453004083e-01
-5.716717172207765874e-01
3.622395572361880589e-02
-7.336700392592945263e-01
-5.476304461862173678e-01
-8.033389272936823922e-01
-9.892804115435183121e-02
-2.573948140717885469e-01
-5.277322694743060705e-01
-6.644500981262970729e-01
-4.408482419876935676e-01
-6.530767406887434401e-01
-2.839139727480395337e-01
1.740456411203004095e-01
9.232447758851782815e-01
-1.754182578601137799e-02
7.274787369978625851e-01
-3.943630045585013733e-01
4.393322536572861203e-01
-3.992423016323147777e-01
3.242306707227025075e-01
7.308694679289591267e-01
-3.602201750695366300e-01
2.521650681875751143e-01
7.819324332529609123e-02
5.564654021916135562e-01
-7.509950118962467336e-01
7.288941745088093338e-01
9.375219106733312380e-02
-1.641062676224664951e-01
-3.980944229993172989e-01
9.603546418556960784e-01
-3.428025366367373206e-01
8.208260520359744739e-01
4.018934881034139650e-01
2.821566991328521290e-01
-9.050381023992954965e-01
3.696465193978517583e-01
3.911816015541846880e-02
4.358784477884132258e-01
-9.453487630772690054e-01
6.062115616665255668e-01
8.106031282189383180e-01
-8.024775257988496779e-01
3.299942836610239016e-01
4.336857074764814968e-01
-7.414687842713882926e-01
-4.812253128101762201e-01
9.559090874302684782e-01
9.692430433890684149e-01
-4.081379279616350608e-01
-6.738626112052745754e-01
1.870111291678044907e-02
-7.895070216212982661e-01
7.223520723436283042e-01
-6.417755594647707174e-01
-4.139801355152721296e-01
-7.703883855546456161e-01
-2.335613619184306877e-02
-6.297507237407395930e-01
-5.464397922881838454e-01
-7.269889431285065928e-01
-7.002440323940803957e-01
9.973505955000345757e-01
-5.614490825158189313e-01
-5.078475887593150162e-01
-3.202252508549754406e-01
-2.218902284894579413e-01
-5.891308439800302388e-02
1.757061318975905451e-03
4.534440286621026495e-01
5.359964565821120352e-01
-7.365175222522157839e-01
-9.261665578635041030e-01
6.001784760538668717e-01
-7.018760978365357062e-01
-7.087258513216077027e-02
-3.158790066016678999e-01
8.439694316016799203e-01
5.487210195800593659e-01
-9.873560112117703014e-01
4.504272435479446113e-01
2.638954325089573061e-01
-6.366069592089094176e-01
-9.756157380688033065e-01
-9.020651887838972982e-01
-4.111767204741809678e-01
-8.689650785217173379e-01
4.496570549191218902e-01
-6.343861433818560602e-01
-3.855728284192740940e-01
-1.865743303296709676e-01
8.825881154195669431e-02
1.464588125267582974e-01
-6.829656716627108271e-01
-3.447741132441850542e-01
2.389884682660108339e-01
2.289322144453942443e-02
-4.269043695801812976e-01
-6.760616045700493792e-01
5.006460334528100020e-01
-1.908347755368828835e-01
6.556124531464073701e-01
1.399916546173454179e-01
-6.305553732081139451e-01
9.630337461400413357e-01
9.812026354467624500e-01
-4.725727604090803613e-01
-9.896491428646347899e-02
3.699814930123015433e-01
1.646053510682068399e-01
1.436942369838591915e-01
-1.041021370932466716e-01
5.552736197034651155e-01
-6.806092828190937194e-01
6.768156884819369612e-01
1.323271487460204732e-01
1.853621537020244681e-02
2.067499766003371153e-01
5.472390871207499785e-01
8.737900081653908746e-01
-5.667256176398089984e-01
-2.293019836204377437e-01
-5.490372247106518611e-01
-5.369721231219211077e-01
5.351193627405088638e-01
1.934095843074379317e-01
6.768402635908286058e-01
2.676717725954025351e-01
-1.431974270775191460e-01
-7.051031359925810094e-01
8.462795123350912441e-01
-5.444286289761171016e-01
-2.880008041767767590e-01
-5.301305201769157538e-01
4.621791370802652565e-02
-8.343985211979962902e-01
-6.525992402107405610e-02
2.057070473792228515e-01
-7.321213091362974712e-01
-4.009479651622527285e-01
-2.442094824444531742e-01
8.240637318130077382e-01
6.137257059426015626e-01
6.971280803447399421e-01
8.396321220637192884e-01
-9.392201939422584189e-01
7.974050277704631817e-01
6.175814515008180017e-01
3.395589289738389915e-01
9.900492961115361368e-01
4.297744770412772475e-01
-7.659904210989152418e-01
-4.150989028244638224e-01
-7.315628869850769878e-01
2.515315135967071125e-01
-7.624218339806141387e-01
-2.718604528121526531e-01
-3.484497420130787670e-01
6.038769512109858351e-01
-5.827229301793210858e-01
5.846003976433509219e-01
-9.616505874338121540e-01
4.457925688143780096e-01
6.987621505851260295e-02
-5.741504584053427340e-01
6.984292440912722721e-01
-3.461965457275864022e-01
-6.622914770501675541e-01
1.641812564278599673e-02
-5.354077043923892720e-01
-3.597469355375000344e-01
-2.667016391251093577e-01
9.934592856246056147e-01
5.435924684835622411e-01
3.539694173691638746e-01
6.221520716254969052e-02
4.557897569453024378e-01
-6.586476807411356660e-02
-7.399517675599360800e-01
-6.551060032873115002e-01
6.312264255272381774e-01
6.678784036180007710e-02
-8.613846100932516237e-01
8.147528357961590917e-01
-9.005989310754998201e-01
5.648466372120870549e-01
-1.880916083846242426e-01
1.467188214560823933e-01
-4.689294602905593745e-01
1.172762203324220209e-01
-5.824787569333267356e-01
-7.009374609763099340e-01
-5.403666737163039802e-01
-9.413681474032653540e-01
