3.091281853189735696e-01
8.125263484584168694e-01
6.385611071399095451e-01
9.657828125872021108e-01
-8.927538324901194144e-01
8.604498907152420273e-01
-3.220305547706980853e-01
6.490379221971243062e-02
5.922288390328400709e-01
-3.077866023153452701e-01
-3.672386062695502940e-01
-3.928343590316885070e-01
8.628583886510963197e-01
-2.363823575290389112e-01
4.377210816774461666e-01
2.206471034739323489e-01
-3.061915976233264836e-02
3.108356455179621669e-01
-4.971972938072897197e-01
2.491927758599898901e-02
-3.478952356675124591e-01
-8.041896497972478297e-01
3.412162097545416994e-01
6.243858235137145218e-01
-1.842725174373343044e-01
5.254322226650665062e-01
-7.673236228957480698e-01
-3.376936709352384991e-01
-3.781182887596616915e-01
3.502007179696957628e-01
6.011713350999088323e-01
4.263793421257637828e-01
-1.848838153322707178e-02
1.062173664976355791e-01
3.271684205132263656e-02
-5.263511741169715208e-01
4.215153641252276095e-01
6.058462757924361064e-01
5.062384925409613157e-01
-7.204867813626878448e-01
5.493083973139225584e-01
2.512248924280877649e-01
5.717224450971924998e-01
-5.696761081292178730e-02
3.489238556723390783e-01
4.100568221169746952e-01
2.484686184204809578e-02
3.230376542605672974e-01
9.529996070987343249e-01
-2.602973909807371200e-02
-4.056165254600641035e-01
-8.399538630949139328e-01
5.932966610419661002e-01
9.242801493985270955e-01
-6.977955761412033553e-01
-5.634810604719695526e-01
8.695077553772239121e-01
8.466179274035146030e-02
8.198086096066627970e-01
9.517314001849035421e-01
3.964199186139261144e-02
3.965617138675097131e-01
-9.722198086329414402e-02
1.714740239270475808e-01
-4.064107965118950450e-01
1.483824811295486601e-01
4.867239796013929087e-01
-1.111549995806058178e-01
6.351170990486598722e-01
-8.969476469444748190e-02
4.377290413267218572e-01
-1.650133451064683676e-01
-2.535552768190572070e-01
2.712421497884907051e-01
5.347935135262578132e-01
-6.787278705923600608e-01
-6.563774956508208192e-01
1.861216704420713963e-01
3.303333759405666648e-01
9.155825061829858669e-02
-6.789257009815532484e-01
-2.488098023282314664e-01
4.308643750037799425e-01
-8.032578262670833080e-01
5.020825679679405962e-01
2.037002471147177918e-01
4.049258370480834923e-01
-7.446743331253129483e-01
6.137106247544610316e-01
-7.043637009637782054e-01
1.721029596277137141e-01
6.310149485476093112e-01
-4.853594398684586420e-01
-9.217388863269402322e-01
-2.559980354704023409e-01
-6.528407350007656706e-01
-2.679613581642903419e-02
-8.217527665152455363e-01
-4.210630729315130161e-01
-5.404802954646201751e-01
3.376109859540563640e-01
8.756319100212810458e-01
8.325532393579313517e-01
7.954558375484561683e-01
6.993862529332264266e-01
1.904476135437018769e-01
-5.419724984423113234e-01
6.781457535137465076e-01
-8.331885791928974605e-01
7.852026689028002160e-01
-7.999686882060295101e-01
3.833823481716163162e-01
2.029507611629446373e-01
-2.671124637449242556e-01
4.985280178366442438e-01
-7.091411009333419280e-01
-4.538394405092596173e-01
-8.447778101655283312e-01
3.538026550653599056e-01
-5.175808235854870709e-01
-3.024669992816186870e-01
8.636609281478311306e-01
7.135890891123235491e-01
-8.079387857860520494e-01
7.011284089618305959e-01
-8.419929922100046760e-01
-8.104288357512841046e-01
2.276303280413611851e-01
6.805094991891511569e-01
2.748046308825613515e-02
5.826876870676367393e-01
5.014265054035904612e-02
-6.888758819051175042e-01
-4.634402970992372861e-01
5.951048474164915003e-01
-5.103662992302919754e-01
-5.675779901881310430e-01
-2.212576598185538312e-01
3.085133906734303100e-01
6.025095656425638602e-01
5.360209192072238338e-01
3.455975577638297214e-01
-2.307146892635816293e-01
2.754003032666660911e-01
7.517254551698107079e-01
-1.125250663652777039e-01
4.322950985650451106e-01
3.449380692135262105e-01
-4.669174857190696581e-01
6.871159844213936552e-01
-5.389218243814999365e-01
9.808140039659569709e-01
9.286141229849536050e-01
6.557064555865794730e-01
-6.174156573925817515e-01
-4.379797238035858520e-01
-8.123031496383661398e-01
-8.259905574069525969e-01
-4.680377350888609289e-01
-5.780718964652185043e-01
8.812476006435641107e-01
3.976057913880319816e-01
9.756251661211858828e-01
6.837016121627881304e-01
-4.071599905314446932e-01
-2.723943495877567678e-02
-5.725502369624295707e-01
3.392985753279222916e-01
7.026591568622815309e-01
-2.881509185117610006e-01
9.518655550019849976e-02
3.062683952683609157e-01
-2.836787516019814159e-01
-6.955342237445261144e-01
2.153363190465629184e-01
2.074760188919833048e-02
3.917844039397722078e-01
6.223997389206548103e-01
4.096888001445149197e-01
-5.209769039348082220e-01
-3.743635948281991421e-01
-2.627434345166572704e-01
-5.152764391641460051e-01
-3.445743140257684356e-01
3.853272235385984956e-02
1.180535125412625064e-01
1.261760059616308105e-01
-2.146386890677132175e-01
7.553198865005008589e-01
5.210376590388621221e-01
-3.117176574765059271e-01
2.785006500971840548e-01
6.650004867686400978e-01
5.165921628948133559e-02
-1.389594302879659793e-03
4.306117113602982993e-01
1.154688696019363636e-01
3.477200344257680431e-01
9.876459087427194028e-01
8.755103203351974894e-01
-6.166426079250608705e-01
4.173162313469291895e-01
6.740797931748492289e-01
-7.063031626765279292e-01
-7.173834568661161537e-01
4.726495286691370090e-01
3.825478553491448164e-01
1.773006852793981292e-01
-9.711872916768671260e-02
2.444263982278349623e-01
-4.193073004853318242e-01
-6.679764581138125656e-01
-7.453345463656366743e-01
6.420191348437671586e-01
7.991781376029083450e-01
5.485608318950470075e-01
2.489269822453499259e-02
6.151965900164979573e-02
1.350619612672372405e-01
-7.731146309937941830e-01
-9.300928648023165657e-01
-6.812434886000384715e-01
3.815403998968496246e-01
2.053646953151704313e-01
3.384275556653209005e-01
2.855270201091122395e-01
2.362509487478154924e-01
3.551417411221491349e-01
7.694863950326442659e-01
8.997112059928724648e-02
-5.884975316105700571e-02
-2.329886273138948027e-01
-5.408686236110735734e-01
-2.184873403992937391e-02
4.438780257210239721e-01
6.208775752192221553e-01
4.838778828370429164e-01
8.242873679087623362e-01
-3.029110102814918104e-01
-7.516912645562576767e-01
9.102550548242538397e-01
2.849936701204427436e-01
3.243644380052885801e-01
-5.418008611725300128e-02
-9.046278445301185744e-01
9.595277214100623731e-01
-5.645231066340110626e-01
6.998447417344839661e-01
4.277926128193569877e-01
6.330412253247912346e-01
-4.549996560846225613e-02
7.993216332226453780e-01
-3.057747089637841142e-01
-1.632720357169572534e-01
7.112462537354049541e-01
-9.929029627334287067e-01
-1.741327835533030832e-01
9.507028381525262084e-02
8.543845147396162965e-01
8.157116041869272305e-01
5.581678738654312077e-01
6.924254121289363795e-01
-4.535691110076149890e-01
-5.193309855739187686e-01
8.774852676950297692e-01
