-1.586699937419466799e-01
-5.724212703564828253e-01
-7.254608775164084200e-01
6.477318811973153956e-02
5.244248530060655611e-01
9.892026430114819746e-02
-4.810243744967173107e-01
-3.148174082416148600e-01
5.875935883917049463e-01
-5.446690462944294708e-01
1.391866803232064687e-01
-8.426947552786994144e-01
4.330936448817588325e-01
9.157670812825813300e-03
-1.822304808821453292e-01
-8.731330045169916065e-01
2.496599367957113014e-01
-1.712706978941822555e-01
-3.636619909918716864e-01
5.398740483014510261e-01
9.082470023142443782e-01
4.708078530864749922e-01
9.019179080429180484e-01
-7.263316597977960143e-01
-7.340411799344352950e-01
-2.287425733732522115e-01
-4.027566374546887040e-02
-2.621775811462374595e-01
9.038250347888920899e-01
-5.831399791611366901e-01
2.444129200235209964e-01
2.843257897422306613e-01
-7.852902120181841639e-01
-7.304813768463298551e-01
-6.727961967879383387e-01
7.502109304574737791e-01
-1.094748618764440629e-02
-9.712775588573663299e-02
-6.046782506999681672e-01
3.656479148937754609e-01
7.702288749269576851e-01
-6.714161085266212581e-01
7.361300237177403893e-02
-8.702033286019932312e-01
-3.381859460544942575e-01
-1.605810111548393593e-01
4.267553976584941289e-01
7.447062300997431272e-02
-6.464332147807994033e-01
9.294122199136618523e-01
-8.966260856734782347e-01
-9.420282602701754993e-01
-1.755596150405860367e-01
8.062341475346501696e-01
1.276654808304154010e-01
-7.635711707253627356e-01
-5.197056414787915024e-01
2.237808702695318619e-01
5.482961819939946579e-01
-7.303384877068472836e-01
-8.896771172254067661e-01
4.470251919764278714e-01
-4.988591698124262841e-01
1.096506834928190344e-02
1.130873899335496091e-01
7.087508177051373703e-01
6.290100759530525831e-01
-2.628596650792112133e-01
1.394853200016152872e-01
4.039837257949610017e-01
-6.277917551641205574e-01
3.918687826786804163e-01
-7.764888940833936104e-02
-7.155514149865065399e-01
-6.831883060088437265e-01
4.432587596688344345e-01
-7.996238448281447475e-01
5.225826302053404593e-01
6.724849045877097087e-01
-2.867328152995500812e-01
-6.387748547056191217e-01
-9.654510518081518278e-01
-4.899159409174698165e-01
-5.857386035449103634e-01
9.052295817405575651e-01
-1.687840645724782984e-01
8.755163470691496030e-02
7.787606220213134645e-01
6.200463673036946677e-01
2.062379249761228106e-01
2.305449568780642000e-01
2.305321383591609763e-01
-2.285831270381133429e-01
-5.272343676988655581e-01
9.623902843360212511e-01
8.191946950387971604e-01
-4.665004537543906427e-01
9.371532866374163717e-01
-7.003790170005668170e-01
-7.609421646252567673e-01
4.271797927220277735e-01
8.682259987322498151e-01
6.906142653911293561e-01
3.174523929255086419e-01
-8.074288503960380670e-01
-8.351376050138259455e-01
3.119921232259661448e-01
3.274621683181666576e-01
-7.030162349900157537e-01
-1.947444920251859557e-01
-1.183607263784931529e-01
3.149813572045223609e-02
3.880635665542628843e-01
-9.977550335234435241e-01
6.816723346781687898e-01
6.655394295213119538e-01
-8.854603870875104032e-01
-5.109219907641939784e-01
-8.646897122278989212e-01
8.805448286004302627e-01
-1.912353725096882506e-02
-8.992939297479425331e-01
9.770892297618565259e-01
6.512228960643591247e-01
1.901086589588600884e-01
-3.038997718594680375e-01
-2.839332232582583160e-01
6.924804725230264690e-01
1.222450831852350817e-03
-7.098918810236753973e-01
6.990249043516638672e-01
3.079180454626682106e-01
-3.887699043425811851e-01
7.392034539474567900e-01
2.102126424208712319e-01
-6.948106724363189990e-01
-9.611770423717846956e-01
8.615160711991816100e-01
-4.726600519668309186e-01
8.333311676893218056e-01
9.550336423331327040e-01
7.702148249383045098e-02
-2.235567936389462051e-01
9.291925283680930736e-01
7.170282091991466711e-01
-5.305839853513727444e-01
-1.895702665366607587e-01
-7.447295813309180446e-01
-6.283724770450715980e-02
6.484676314369866024e-01
7.513322365546204473e-02
7.151460322440885697e-01
5.930890890989162223e-01
7.460043513039622542e-01
-8.396634598199372856e-01
-6.237668571675143436e-01
6.404685974158457196e-01
2.447569194830889749e-02
-9.683839470281676576e-01
-2.027455917549172426e-01
-7.561433500296093069e-01
-4.392178464077109989e-01
9.678577574255757821e-01
-3.525504053501009594e-01
6.728552097806574928e-01
-2.709715978076814302e-01
9.855433443546646188e-02
1.376959730934932402e-01
7.207438709147551137e-01
9.233022600418021586e-01
-3.506545034232260161e-01
6.273060196981825598e-01
-5.860056360960776978e-01
-7.121275510859772506e-01
-9.715713802499501561e-01
6.712216321667499042e-01
3.346554990653232142e-01
-7.217508913358594569e-02
6.903298141399520915e-01
5.220429924097294005e-01
9.195236949366767387e-01
9.659293447908263719e-01
9.759422626492828545e-01
-9.171938548830176341e-01
-6.712771009419562507e-01
-9.430155079687367881e-01
6.729040710831128980e-01
2.585208620662913237e-01
-6.977876756292022975e-02
3.297535971662168830e-01
5.841284925075878043e-01
-4.079285122822244869e-01
-9.368231637507340448e-01
4.179320159742982987e-01
-7.980680973228198027e-01
-5.786263370024309349e-01
-8.492281068324056825e-01
8.899040413870018540e-04
-1.699190044669165456e-01
-7.867017463164380775e-01
2.096550588397574355e-01
-4.226306459086841549e-01
-1.609208972267481830e-01
-7.407427193330531345e-01
-5.284597157296810899e-01
-3.396434821451368435e-01
9.740567310062187012e-02
6.295704757745701485e-02
5.594878569335295371e-01
-8.283979843838882307e-01
-6.464281115482928275e-01
-5.102716397114670510e-01
-8.256243112219499025e-01
4.074852043856602712e-02
-8.111424903319819357e-01
4.592222350442718426e-01
6.077507388690173151e-01
5.182490489904267861e-03
2.541637757117733987e-01
5.761827861612123236e-02
-4.685848076205392232e-01
2.975591682239042690e-02
6.661698044417052600e-02
4.073178320212818004e-01
4.854644268738210755e-01
-9.532233040249655787e-01
-1.238713592495803706e-01
1.742866132232407939e-01
-3.726393814338362365e-01
-9.966418518625579370e-01
-1.157302288213315489e-01
2.724906566875540115e-01
-3.274220156090454914e-01
7.078658176802534729e-01
9.183655044822101043e-01
9.585663690352665967e-01
-1.102636160425705114e-01
-3.705335483705036737e-01
-9.142401211003170491e-01
7.865539113182127284e-01
8.688810464030967129e-01
-8.919012169396256517e-01
7.927985690175358702e-01
1.740178427107057502e-01
2.052493419492495974e-02
-8.227247527758820844e-01
-8.416844702187216143e-01
-5.546084703177551756e-01
5.481704925949071328e-01
-1.876448139370205936e-01
-3.761649976342560375e-01
-7.162433744479543840e-01
8.657536276668849062e-01
-4.713521817854118279e-01
9.194943325064877104e-01
6.891332048810059341e-01
-7.605089166778349341e-01
-4.512784556502724698e-03
3.738745473802955743e-01
1.617172740162662326e-01
5.968803047530324424e-01
4.989361789038744277e-01
2.235128791942373461e-01
7.833350337638655958e-03
-5.149093169531004932e-01
