-5.377405340863172114e+02
7.433291340783719079e+02
-9.188854850977089654e+02
-5.429701305338143129e+02
2.048883187418608429e+02
-2.503047756227361731e+02
-6.928587625629170361e+02
-9.262000010732899682e+02
8.931028501639906381e+02
-9.446190788127308906e+02
-4.626371700949383694e+02
1.268093345539352725e+02
-2.158920357328824480e+02
-1.854958189427167383e+02
-1.245504362298984006e+03
-8.341647535013248671e+01
6.821482760149093565e+02
-1.515100354122909607e+02
-5.364834320341755074e+02
-5.189114884088453437e+02
-1.013058339996045675e+03
1.214203146020185841e+03
-9.220816334411941284e+01
1.336979040522330934e+03
9.016402801302846228e+02
6.363807916012269743e+02
-7.502975679126766408e+02
3.368045967273911856e+01
7.618947187252017557e+02
-1.035291210302027309e+02
8.858780186970910790e+02
1.113989324059900355e+03
-6.574779401781402157e+02
-5.601709005129242769e+02
-2.435798604445052362e+00
7.915248485818212885e+02
-6.266386938959399231e+02
1.542147589197925583e+02
5.445937260217923495e+02
-2.677579687339120369e+02
-1.050709080758438859e+03
-7.793739198155662962e+02
1.237240237449115284e+03
2.680083560881031985e+02
-1.908767321071179310e+02
-1.730000279850409925e+03
-5.291670816143065394e+02
-2.330774690076241313e+02
5.307963356367835104e+02
5.454541516053791383e+02
-2.545604027169471237e+02
1.917777986639574550e+01
4.158493855890037025e+02
-4.472667986408521870e+02
9.209570387482087028e+01
-3.607129223357289902e+02
-6.875115985156882061e+02
1.418288991148373498e+03
7.348069367732917954e+02
-4.984373827074763312e+02
-1.572537671162993547e+03
4.997631870502132756e+02
-4.699261464517012996e+02
-6.665478313369471834e+02
-4.734345355850910408e+01
-3.429195937237506655e+02
1.282045361521651898e+02
-4.217266490967173809e+02
-7.376477382275879791e+02
1.677671108107680539e+03
-3.215929978680486556e+02
-1.216966727597270079e+02
9.133198521792805877e+02
1.089660955653424935e+03
1.022380293977210783e+02
-2.346312680082700410e+02
-3.375682278068873075e+02
2.075510130562967390e+02
2.933130180093298289e+00
-1.024869309336360175e+03
-4.943273961673882013e+02
1.066055063016948878e+02
1.018249813627067056e+03
-2.823020383518245922e+02
8.344266492813864033e+02
-8.934401315309439724e+02
1.906248515645946213e+02
1.194243496078941718e+02
4.920548444574911287e+02
8.993680225687768370e+02
-2.246705686003330413e+02
-1.805895807761593687e+03
-1.738081574801405623e+03
3.552823702197115949e+02
1.499311732274497444e+03
-1.244421935209032881e+02
-4.559135266963942854e+02
-6.835029443689523987e+02
4.664900189595973643e+02
3.262340960523275868e+01
-6.284071056294552591e+02
-1.237142223059994421e+03
-1.975931377852582500e+03
1.731971010999015732e+02
2.188757223976063671e+01
-1.645432998084955898e+02
-2.106478476800059809e+02
-2.456501038661554048e+02
7.210414924111778419e+02
2.997544851582704268e+02
-1.335992926236268659e+03
-1.613898401269466092e+02
9.160730863182802750e+02
-2.651109844265354241e+02
-2.154968685068209311e+02
2.967352354678040456e+02
-4.203228200759918991e+02
3.813752243036524305e+02
-5.315378533093124815e+02
-3.226873991761114553e+02
2.118240683991595290e+02
6.410837908732980850e+02
1.141578320027222617e+03
4.692744894768836872e+01
4.574639933587639575e+02
-1.210913479251136550e+03
-6.554427165803122080e+01
1.802630156831579313e+02
-2.370203952978442885e+02
2.253142409769936094e+01
2.719027606369034515e+02
-1.916596520841958977e+02
5.459028592681489727e+02
8.261741859856268775e+02
-4.681540394860235210e+02
-4.212468827536989124e+02
4.080895363862228464e+01
4.191374481245922539e+02
-8.009102336215788398e+01
1.021040913863387459e+03
-6.713570096359046602e+02
-3.510894086700263728e+01
-1.156322089989282176e+03
-4.092052929086109998e+02
3.678966572205610532e+02
2.421675613121993536e+02
-8.681874669576534416e+02
5.820146254601098690e+02
-1.757681247853209925e+02
4.706023664314816983e+02
-2.626370535994520594e+01
-8.716044567484195795e+02
1.143362622534112688e+03
4.161639004847330625e+02
1.475145306927180116e+02
-1.830282942140590592e+02
-6.235805073993496705e+01
4.105953868837452774e+02
-2.323951056676919507e+02
-2.324124706092777046e+02
-2.892152981848560103e+02
8.812906797220688304e+02
-1.225005295551423842e+03
-1.796945625054034963e+02
-1.176132744789875630e+02
-2.108440362656949318e+01
5.737608360358474329e+02
1.569536045251511496e+02
1.190635120789069106e+03
-5.296996155510848325e+01
-1.698792912574887850e+03
5.406492951559332596e+02
-1.664237043052408467e+02
-2.438058452662809117e+01
9.707471589220918986e+02
-1.770365232437333134e+03
-3.500433679970764160e+02
1.872649979368586912e+02
2.228985438318594845e+02
-1.164785935605314307e+03
-8.240916348400526203e+02
-1.131095452519421542e+03
-1.188208472804696839e+03
-9.263487932357539023e+01
-2.866562402721779108e+02
-9.000183083522069865e+02
-1.233130454886279779e+02
-1.364481239922940006e+02
2.007869412531345290e+02
-1.190425945697447560e+03
3.328786168650084392e+02
6.419934166671350795e+02
4.419509880003731155e+02
-2.404539757727410745e+02
-1.376381728554369147e+03
-4.534855628272242143e+02
1.107723919353868425e+01
2.252112848718314524e+02
1.412434320719238940e+03
-8.351823898839104459e+02
1.463450992525985839e+03
4.218905393311318619e+01
5.331585387829761657e+02
1.141513859428685237e+03
-8.894001103695142518e+00
1.599361427142190450e+02
6.105454410927686695e+02
8.041984534535381499e+02
-3.619716848441534740e+00
6.725216727660712195e+02
-4.221622632769357324e+02
-1.601880484744235446e+03
4.886285861035427729e+02
7.788740723326152420e+02
-3.461564242042283013e+02
3.915946819377268753e+02
-1.755345802905654296e+02
-7.952449683068219883e+02
-5.770909853550129753e+01
-1.703933795290018907e+03
3.364226292198817987e+02
-1.786640741072259573e+02
-4.831770950433099188e+02
-1.462315660068011027e+02
3.418037321344701809e+02
-2.328253289860566042e+02
3.388918849680597987e+02
1.717726090333944171e+02
4.212277357789545249e+02
3.800114264636310963e+02
2.212572077264988479e+02
3.575170862694406537e+02
-9.857720786926668666e+01
4.522346282710475975e+02
2.288405286753169889e+02
-1.139556060277107463e+03
3.614349704146952149e+02
3.843595972923118325e+02
4.478168883217883263e+02
-9.487269773055692212e+02
1.288888154907626813e+03
7.736538342848308503e+01
-5.258096665473973417e+02
-4.149310473433171751e+02
5.382304126139687241e+02
1.280971676425767498e+02
-6.533437939428858954e+02
-1.328353709706619270e+02
-1.456016644350782144e+03
2.711548383626457053e+02
-6.366491351635086176e+02
-8.307710912803660221e+02
3.782428018852797891e+02
-1.043675643954670477e+03
8.395451674443680758e+02
6.370219038768439077e+02
3.402586332379278247e+02
-4.689379523880289113e+00
-1.199359122555200230e+01
-1.957654605022781169e+01
-2.330028366854396893e+02
4.300356191518988567e+02
6.091652498181713327e+02
-3.489913191261757106e+02
-1.103711235621399283e+03
