4.577583381763126180e-01
5.875028122163847843e-01
7.680197364434402374e-01
2.909670475628223230e-01
-6.916745757445024179e-01
8.532644741636163932e-01
1.380841950642364147e-01
2.603771884193726294e-01
-2.211915687025360899e-01
6.631966047626156602e-01
-9.704982758529732134e-01
1.630902979054997815e-01
8.725120822418011013e-01
7.931884045332937561e-02
7.718646145999585872e-01
-8.280595702225381771e-01
-3.887605577342818641e-01
-3.968790730132691902e-01
-1.667224440243102457e-01
-3.780327349242349477e-01
9.306341076987050265e-01
6.874624291022897182e-01
-1.077267317111447742e-01
1.455935936899577232e-01
9.558236547180585241e-01
-4.814326716546022400e-01
-4.514516353612556543e-01
-4.967638395586249089e-01
9.428905641863949416e-01
4.384767788051511239e-01
2.254072364241288540e-01
3.894974531417760844e-01
-2.781240271437457334e-01
3.784948204645259828e-01
-4.175138602122931974e-01
8.384138284913329464e-01
6.127777427020444367e-01
4.761923049197225311e-02
3.693843605631856875e-01
-9.117609099926176075e-01
8.946016288014695395e-01
1.460320607344074428e-01
1.175034425381138448e-01
-9.296418653737450466e-01
-5.256905982932853494e-01
-8.337222304881961588e-01
-6.710896776466366287e-01
6.703042729384556253e-02
4.130301239734417429e-01
9.846157512605202555e-02
7.518025316179459683e-01
6.276805639154132699e-01
3.455992138343466635e-02
8.491080705059734779e-01
-4.130544917440026609e-03
-2.576575075468814369e-01
8.008221322067508030e-01
-3.253844007321522458e-01
9.507179212754648390e-01
-3.871334605159049147e-01
-2.117833799128678862e-01
-5.897713663408321594e-01
-1.135769101730890185e-01
5.462763050739025683e-01
-4.052914565652065981e-02
1.320795904348806005e-01
-6.389100331673631672e-01
-4.566660004546247986e-01
-2.556604272325666560e-01
3.488381406263187934e-01
-3.934622408277246297e-01
-4.738796952632995385e-01
-1.633650612007082614e-01
9.566769151847118735e-01
8.470539005567083723e-01
5.298260359416042675e-01
-7.244177393592754477e-02
-2.736186106394333795e-01
-6.961509489403061579e-01
5.605820907818217513e-01
-5.092710794033221688e-01
1.562247857556291475e-01
-3.283717661682827860e-01
4.026944459196735160e-02
6.326589359019765268e-01
-9.332326270813859903e-01
6.926701593264241730e-01
-4.008789784115640575e-01
9.490950058252562993e-01
-4.768857270826116768e-01
-1.341352814399860982e-01
-4.604239642351601880e-01
3.854075970650649996e-01
-5.363352757933452786e-01
3.610511043983870572e-01
-1.574689854973807535e-01
9.482284643514984346e-01
3.441041565633495836e-02
4.678639789167475804e-01
-5.650003371276723918e-02
6.514568170554648763e-01
3.063901193700009351e-01
-9.069179029632239430e-01
-4.543841167587192587e-01
7.763980140275668074e-01
-5.371746742053480350e-01
3.456602675871041086e-01
6.896676259516767438e-01
-4.062462357552305559e-01
-6.143494386507850624e-01
-1.419422664600760164e-01
-7.211674735101116784e-01
-2.746083888928674277e-02
-3.369611527288287611e-01
1.331578506576169829e-01
6.791165292614338433e-01
6.731558967394506432e-01
-9.336145338820007744e-01
6.250933134641127875e-01
9.395721905113432193e-01
-7.192163466600864918e-01
2.950566295131793471e-01
8.098178652286871504e-01
-3.283753479664144326e-01
3.543473830342609432e-01
-8.639275727514188485e-01
-1.328855413287184373e-01
-4.782511401721183386e-01
-8.893480979983712231e-01
5.264590192580351768e-01
-2.999592832873383408e-01
4.994919191069135955e-02
-6.634416678911181364e-02
-8.895899810030551969e-01
5.932229721406621081e-01
9.879258502427383792e-01
-5.642707970955880281e-01
2.732354727918662185e-01
-4.728498017256310693e-01
-9.120422307472630941e-02
-4.608547024963769445e-01
-1.795867927995873359e-01
-5.987996737444853945e-01
-1.828513565974136945e-01
7.148948786087605534e-02
-6.690559206749879806e-02
-2.426799485953570201e-01
-5.489786828949334563e-01
1.054250230593409832e-01
-5.388379994476342194e-01
-9.289826048679210579e-01
-9.536699112989279747e-01
-3.385132100712162639e-01
1.491858514596460239e-01
-6.084069628238248928e-01
-4.351802610319930320e-01
-6.997366966691522805e-01
8.608849748898803611e-01
-9.437255908934472082e-01
-1.596225380760452062e-02
1.817875716890453575e-01
-7.713379853161062005e-01
9.556774034265438367e-01
-2.391078356060589716e-01
-8.881576847320937773e-02
-1.869269314016019923e-01
-8.771699143166036272e-01
2.345481224863921188e-01
-5.485070149628137326e-01
6.964588423238500248e-01
6.427990429664047767e-01
7.158475348289587981e-01
-8.293924388482467602e-01
1.696525848256376090e-01
2.485966237525609746e-01
3.473899880246564820e-01
-4.224327693386518146e-01
2.120025355173793535e-02
-8.811697140223633262e-01
-4.735963063869257361e-01
-3.850092279728445366e-01
7.037274881711708119e-01
-6.471416106148168979e-01
7.116329822664724247e-02
-8.894812281853015090e-01
-1.302312376666061589e-01
-1.557918222965128940e-01
-7.382519310530333279e-02
-9.232087737105212355e-01
-4.775385106746523611e-01
9.119241962700990189e-01
-4.698594854380935271e-01
9.978652408311037281e-01
-6.889838226991782388e-01
3.290359169929555350e-01
5.492087368000670988e-01
-7.500224268517377002e-01
7.571187347876608964e-01
2.981879543420027368e-01
-3.343575681055261928e-01
-1.975013020545364206e-01
6.682457319110279848e-01
-7.684110728885020780e-01
-1.537660965358282894e-01
-4.602764380579533743e-01
9.658562645661896706e-01
6.558592274932815158e-01
5.064770415226482747e-01
7.763422917702851311e-01
2.872129760982611302e-03
-4.446183898087685549e-01
3.313739203492900298e-01
4.266643362015747343e-01
4.364133847934157373e-01
-6.667025743938521654e-01
-8.793691655080035918e-01
-9.805895263769797143e-01
-6.710710631678695748e-01
2.615557038869049666e-01
6.308875815233003781e-01
1.367669802037863036e-01
4.167919694193420455e-01
-1.480745340024891554e-01
-1.928913223893231610e-01
4.064392995562660094e-01
1.345802874081638567e-01
-5.505568673197172025e-01
-7.574837275114321145e-02
-2.464084217189628223e-01
-5.624903098546172320e-01
-2.165836842512762761e-01
-9.301772194439335006e-01
8.961648887894604343e-01
-8.933283782731433753e-01
-8.416864867532278804e-01
-5.875754596703122168e-01
-4.932776379400851674e-01
7.306144783528303321e-01
9.922104914192826364e-01
8.249310340511750717e-02
-3.492569337302571242e-01
-9.965247641719281457e-01
-9.075840804695518571e-01
-5.801942156429100717e-01
6.089635486810971443e-01
9.340003994618184535e-02
-4.632047061874631222e-01
-7.163414506315761709e-01
2.863764442443814673e-01
3.034510798972029910e-01
-4.548809288101234305e-01
-2.451301134812111648e-02
3.960488291510939618e-01
-5.878425703942928848e-01
3.114387583097761869e-01
-3.316527248990426280e-01
7.774420513713578007e-01
-8.858862968110337022e-03
8.279113507243622827e-01
-9.764185276816303993e-01
-3.875560177264922856e-01
-9.219230252439489792e-01
2.640225850885500325e-01
6.417475986913365738e-01
-5.486080823704388987e-01
