-4.782436908482334559e+01
2.611003990077907844e+01
-3.090248802074782830e+01
1.452428521030234378e+02
-8.812535020303390354e+01
2.791992824740380641e+01
5.389802591655467268e+00
3.165117620978866952e+01
2.816680186991537127e+01
2.396076638182681151e+01
-6.238992519678339477e+01
3.940303171542755223e+00
-1.385951973779229895e+01
1.110527117601593545e+02
2.916944294807122873e+01
-4.375907063898485916e+01
9.963386717329994369e+00
-6.254977149483611498e+01
4.880511341221820487e+01
-5.942577848792294759e+01
-3.305874578886333381e+01
-5.031652816786868954e+01
-6.030933046298872569e+01
-2.133296301286819485e+01
8.724725895810538923e-01
-1.991189417127024797e+01
-1.145288170567176245e+01
-3.550040362284935469e+01
-1.771983889589973771e+01
2.934667368540706534e+01
-9.861370205333498973e+01
3.621285207602307210e+00
2.540798219593331098e+01
1.331066316086762846e+01
-5.679348114076982057e+01
-5.793586276583920780e-01
9.569823006017453793e+01
4.516976089055035004e+01
-4.254370719135302892e+01
-6.877523419027648188e+00
-9.121405649711257979e+01
-8.331968411010238640e+01
-1.941830275844816001e+01
2.993286622141592801e+01
-3.051523148884981396e+01
2.932466045883965577e+01
3.306407200778992461e+01
-7.402124325723104903e+01
-1.732079952120627908e+01
-4.430223018511284039e+01
-1.281570929944422055e+01
-7.976107511421646734e+01
8.068349705355144863e+01
-1.536179843096885378e+01
1.805411759801561322e+00
1.132179317552810716e+01
-2.967003625210958973e+01
-4.848399492089212259e+01
1.971524396815371460e+01
-3.749687883084740037e+01
-9.878899825131829004e+01
-4.544685858695495284e+01
3.692687050210829369e+01
-1.308533293784275209e+01
-4.103299110550887718e+01
1.518985888272928975e+01
-6.687479216407371752e+00
1.403846394526242669e+01
-5.768942685298087625e+00
7.064318068192960709e+01
5.706271471992479860e+01
-3.005610852608054628e+01
2.654087860189008197e+01
-5.640801257367927946e+01
-3.369112957044593060e+01
-8.557241064319320856e-02
-4.946097757604680822e+01
1.456503112638405817e+01
-3.078815403568876263e+01
-6.199047884358288485e+01
-9.115131194906712153e+01
-3.140454176744852077e+01
4.770080373768685433e+01
4.655259482631309709e+01
-3.507296435660106226e+01
-8.699375037465202354e+01
-5.600815904191629357e+01
1.116841196000789793e+01
4.891830755927495744e+01
-7.292817134530187673e+01
4.827155919647427851e+01
3.614146908424362437e+01
-5.511935777745480181e+01
2.883160539172465064e+01
1.268575067040548632e+01
2.390858480738501157e+01
5.335621994555931735e+01
-1.006512376030647147e+02
1.244083528866013388e+01
-4.503684427617571373e+01
-7.300972164434654132e+01
-5.313834871856754916e+01
1.677038079298415951e+01
4.638975199381170000e+01
1.544730542399340933e+01
-3.771067544695112517e+00
2.502468114976602465e+01
7.111943370116715357e+01
-2.729182737367771594e+01
4.213167351869047650e+01
-7.115303780200521544e+01
3.145961084793868068e+01
5.172123332445767829e+01
-2.730610989907107111e+01
2.575555419593336381e+01
5.476885803382351092e+00
2.866830858245722524e+01
-8.897643032201404623e+00
-2.462089615036077106e+01
-7.589306497915477223e+01
-9.984341987593333556e+01
2.519832186467503377e+01
-8.795835607771037346e+00
7.732531536861030474e+01
5.581471702890290487e+01
1.698431813891595965e+01
3.660311972749252618e+01
-2.776295596223887685e+01
-3.895925911699065836e+01
-4.016493387757034839e+01
-4.797569367613590430e+01
2.007304078082457810e+00
1.514832870137638032e+01
1.140252984283193527e+01
8.073691626021440015e+01
2.694232034001022313e+01
2.875636745462854904e+01
-8.374147725913483953e+01
-5.156646963583221321e+01
9.396736514643278326e+01
3.629169150168587521e+01
-9.290242315441577858e+00
-3.627550624209948182e+01
-5.801200707962065195e+01
3.953430718787193854e+01
9.371726163092480988e+01
7.098862495099766079e+01
-8.614807699507386118e+00
-6.649420171132678092e+01
1.787164782393508489e+01
-1.312189730173435898e+01
-4.377126016376405460e+01
-1.499115366968443830e+01
-6.662453357003200516e+00
6.364285144289755003e+00
9.832970054169770435e+00
-4.122987538240911931e+01
6.278805082078721966e+01
1.162045021120295445e+02
-1.647700733812872542e+01
1.151613419745070530e+02
1.001170537443116046e+02
5.120307818704353764e+01
4.143504530614448811e+01
2.374222638280627962e+00
5.943671217227353765e+01
2.176458545272164713e+01
-4.214566919063398842e+01
-2.916010679168842046e+00
3.220321773286625699e+01
-8.007463607504014647e+01
2.596311228347720856e+01
4.890585997315467504e-01
-3.432975713597927836e+01
8.588207902866397347e+00
-3.784284268702785425e+01
3.708855780657241041e+01
4.417787599532633180e+01
3.823700738304666658e+01
4.640754028735616288e+01
8.224555617372320171e+01
-6.093017939846840392e+01
-1.839876916662288053e+01
1.185357534533654267e+01
3.806002603038516341e+00
2.655281835001723323e+01
5.742124359839794323e+01
4.582969596911843269e+01
1.004366061345417336e+02
7.708710509312866055e-01
-2.669951538151275372e+01
-3.661859008689950201e+01
2.176508347968248103e+01
8.724724852705774580e+00
2.185672936563958402e+01
1.844814173253168832e+01
1.147229859442331801e+01
4.582417063058087336e+01
5.789780284850206016e+01
-3.347666159808889041e+00
3.678702467112133689e+01
1.093668493949964926e+01
1.373510904253997644e+01
6.313204042090083590e+01
-1.183534250872013160e+01
3.343308144953059724e+01
3.497283018556995415e+01
5.418440337995298961e+01
-1.161389659561129832e+02
-4.583129316297748801e+01
2.049405227578922606e+01
4.460205466432884691e+01
-7.254042608012889559e+01
-1.616355837747261859e+01
-3.411173971987607700e+01
-4.547562723824489694e+01
-1.300711899113865755e+01
5.384870422588132044e+01
-2.733790911389311162e+01
3.262396518314228189e+01
2.801331131021696663e+01
-6.103678995967981358e+00
5.661821085454302960e+00
5.263509113025128272e+01
3.571146167262474336e+01
-4.467581486422475479e+01
3.410265834674130758e+01
4.383340621688780914e+01
-1.386377499340670560e+00
2.844974478933888662e+00
-4.051416960062235972e+01
3.596754900219490403e-01
1.567777825225772688e+02
5.736170821532237341e+01
-1.758834146159058065e+01
-6.227662149930773161e+00
-2.152496929058517949e+01
1.329254910011586333e+01
-5.686959866169800648e+01
2.255894450587957323e+01
-3.096409016357176824e+01
-2.524228205414659421e+00
-4.422427045674999135e+01
-2.393380293113780510e+01
-1.566397140795019460e+01
-3.436147749920893801e+01
-3.909991080137392316e+01
1.046922135147859834e+01
-2.612465620808954725e+01
1.231404962110859280e+01
3.071828932947857993e+01
-6.958428082225267985e+01
-1.660343012394455897e+01
2.620523936239097296e+01
-6.683246477639842453e+01
6.478642513959398741e+01
2.717249851640189462e+01
-3.772245055456728835e+01
-5.600599702387198953e+00
-4.898908602063261952e+01
5.031066607886616993e+01
4.638791899463626800e-01
2.572398481610808929e+01
9.382038841181737920e-01
5.249198218812489714e+00
