-2.907244828176613893e+00
-8.171091660681589763e-01
-1.662294026925937418e+00
3.025921767689231379e-01
-3.787933694408087693e-01
4.110556082330162064e-02
9.122978890912230021e-01
2.418234936180247097e+00
1.376214463817813094e+00
5.327051254355004151e-01
-2.732892664666328741e+00
-1.493095476227462193e+00
1.205770099961860797e+00
-2.481920165181218607e+00
9.590682173419310397e-01
3.254847503039440815e-01
-2.424900091312676587e+00
3.499675407494058810e+00
2.950741799925645559e+00
-3.526147902443624638e+00
1.851341988381111303e+00
1.692287531974165260e+00
-1.165183620231200923e+00
1.856967149703829589e+00
-2.325285634461882189e+00
1.628750892398833638e+00
-4.661466027252707534e-01
2.970325750294797729e+00
2.631713277888413138e+00
1.609566516209528952e+00
-3.094378436998979964e+00
-1.001075632031384721e+00
-3.145872240154407695e+00
2.190922611010120979e-02
2.103730923690100951e+00
1.290618594332759717e+00
2.422738147607971904e+00
-3.692482563965513886e+00
-1.399266434970408035e+00
1.360644458395237066e-01
-1.856254610386035342e+00
-1.946062434951750797e-02
7.175434028408536058e-01
1.910420540163091374e-01
-4.564487927931523137e-01
5.370981146475559687e-01
-4.723304505944293297e+00
-1.781061410973815651e+00
1.793268330367872920e+00
-1.815657877020690592e+00
1.387273982361502123e+00
-3.210044745866409421e+00
1.802141681716425969e-01
-1.948385708120618176e+00
4.310625401849723093e-01
-1.811250791894435164e+00
3.355835836274142281e+00
4.776463857545282465e+00
-2.174015035818119834e+00
-2.343061675343790784e-01
-3.967084688300666073e+00
-2.915475544566646704e+00
-2.687941476758803905e+00
2.378385911470222602e+00
2.698832473193542469e+00
8.814140887051887807e-01
2.192286746287443577e+00
-1.961676962564535387e+00
-1.162752466114465033e+00
-2.247827125255899894e+00
2.086149996730801703e+00
1.904622229079657059e+00
2.716465043107156419e+00
1.053706352403157354e+00
3.944389392706472708e-01
6.953423514284147178e-01
2.920423876752894721e+00
-3.978784717588262909e-02
-4.035405880381771837e+00
-2.371058729104521312e+00
2.853632927482111281e+00
-2.309907586022488246e+00
-4.329743849615838580e-02
2.802131639504541027e+00
4.927154935935628144e-01
-3.605076267982060045e+00
1.658786080287532716e+00
-2.603806056678317660e+00
-1.443432465755491334e+00
1.333944261267680842e+00
-2.056617736427738485e+00
3.688876015326864044e-01
3.832878967245963442e-01
-2.716917037646083832e-01
3.146306767882832922e+00
2.586185582140523742e+00
-1.647824329315023650e+00
3.115796056516704660e+00
-3.259896606672575192e+00
1.661734180886750956e+00
-1.365154981713869731e+00
2.304005714249288239e+00
1.366016524565858425e+00
1.509560289758520302e+00
-1.659446751385498242e+00
-8.838125806754495439e-01
-3.356603756544282557e+00
-4.379531328397934242e-02
5.281617765878522164e+00
1.318575400357823835e+00
2.669143169137543126e+00
1.032439315088702347e+00
-7.615593019967027422e-01
5.533403833606722610e-01
-1.218233141551360976e+00
1.253014284597960604e+00
4.737529715029736299e-01
-2.298673221847317372e+00
6.913096441730155473e-01
5.136319586010944516e-01
3.800660728030111901e-01
3.332798001921324360e-01
1.329044382128673263e+00
1.577225347352306128e+00
2.125670667637033162e+00
9.503157148684532318e-02
-6.164838293310400674e-01
1.849572374456936785e+00
2.161106479701283334e+00
-3.033074783760795201e-01
1.656023571783625359e+00
-3.676554086155330303e+00
-3.911158402227646214e+00
2.442732207870080607e+00
-3.511352057921020897e+00
-2.039394102200445147e+00
-2.012816528174083963e+00
-2.859598142288250155e+00
-6.535432003418744085e-01
2.200953631611842987e+00
1.973219423368404835e+00
-2.779303049073314824e+00
-4.005941676663697382e-01
-9.989583101723171765e-01
1.675418572642000115e+00
-6.181841998243048364e-01
4.105950292024862502e-01
-3.282308606281398866e+00
-3.236561297986977337e+00
2.662101522797302167e-01
1.049871815654490614e+00
-1.965386569727448351e-01
-6.689266718514389476e-01
-2.544745343935463922e+00
-3.151154232960765800e+00
-2.229328212398989928e-01
1.447592181182811188e+00
1.944498653068546856e+00
2.485306326709049995e-01
9.718769542717553556e-01
2.585883809226921848e+00
-3.609260979157903892e-01
-2.929395516863380955e+00
-1.207868158585579277e+00
-3.141905515232144452e+00
-6.428622355718260906e-01
-1.732318458988377996e+00
3.456823203478157414e+00
8.189199542019057754e-01
-1.124314234519601552e+00
3.391993745557931206e+00
-9.559592846013476031e-01
2.951345390632097665e+00
1.981246036696594492e+00
1.482512796255859855e-01
-5.782480082444778624e-01
1.703606933136180279e-01
-6.072982677356684178e-01
2.681429349339707890e+00
-3.380219203575204112e+00
2.061369236037297048e-01
-2.574120440949076993e+00
2.304258577147289877e+00
8.136941672644670831e-02
8.168416045024340377e-01
2.086512812185811860e+00
2.620863185315040589e+00
5.020853547885495427e-01
1.403658906651988225e+00
-1.621379864869335163e+00
-5.308882763360494028e-01
-2.897918056347870142e-01
-4.898835278776529911e-01
1.626346286753208137e+00
3.047601104428141472e-01
-3.789297689990524631e+00
1.195490632343905624e+00
-1.284418758793452131e+00
-2.382635712855832644e+00
-8.308595465642645284e-01
2.725061959051516824e-01
9.043244498374592988e-01
2.861496771998393029e+00
-5.203151574343656272e-02
-3.399001549313571680e-01
1.213598349923009412e+00
9.009178691463513022e-01
4.417980218905972478e+00
-3.729706036501705846e+00
6.886383967530500527e-01
-2.682495844379100269e+00
2.754888703480790291e+00
-3.450269658214212054e+00
1.505541370925082667e+00
1.297994014551620889e+00
-1.677155222509227217e+00
2.070679414420919962e+00
3.123602017504923944e-01
2.208443195947118909e+00
-2.942660415373312244e+00
2.293302376456916924e+00
1.986665538809588849e+00
-1.640465777328565578e+00
9.745190832579467832e-01
-1.255411953025990179e+00
-5.393332144099789449e-01
-3.223765882590342580e-01
2.478340986465860318e+00
9.360726680750779405e-01
-1.611043982748000536e+00
-1.944398286965431044e+00
-2.745478552889122348e-01
2.495006916412394027e+00
-1.818255349747651906e+00
-7.291534290446591848e-01
1.490261366892970951e+00
2.300874631691412375e+00
6.715907578339733730e-01
3.231822893817317244e+00
5.150285177417484039e-01
-5.234848368519620099e-01
-2.038445388125194491e+00
2.726814695214559769e+00
6.711628091484922454e-01
1.541612306376608732e+00
9.481201053996854977e-01
-2.880009206799484467e+00
-3.659191002907233869e+00
3.630255607795761508e-01
-1.307194267472055138e+00
-3.120831553494446631e+00
1.603732341157999119e+00
3.298824019655144379e+00
-9.936396265915319326e-01
-7.465254499370153063e-01
3.308396860876797740e-01
-3.934626840878426624e+00
-3.468325492039840974e+00
6.437432051053117998e-01
-8.639254903916487871e-01
1.929544436258763485e+00
-3.639115053423395363e+00
8.536198504287307864e-01
3.122013554175036010e+00
-1.750703255181591977e+00
