5.469842925715899806e-01
2.620148390519250192e-02
8.095187733847890588e-01
-6.737244394002246395e-01
5.094148206155491021e-01
-9.566714212877514001e-02
-2.145609623518105469e-01
9.377512615815510877e-01
-3.853399958382637269e-01
-3.198521648414418550e-01
9.873546939465875916e-01
7.630545090962548294e-02
-6.840704291777677248e-02
1.551619104380590475e-01
7.616685709229464862e-02
3.875871161793549291e-01
3.238068999286594085e-01
6.533153965600717594e-01
3.518558032576546424e-02
-5.900846535583272878e-01
9.701133855794781269e-01
4.743218286473096512e-01
-6.149865263999063636e-01
-3.480126137603332115e-01
-9.626995461716578717e-01
-4.600094177605247303e-01
-9.709321285420302594e-02
6.447746451989380123e-01
-3.681408653538014164e-01
2.970504380554879198e-01
3.017935160431033381e-01
-3.412815688040504725e-02
4.076874796363449960e-01
9.487156020704734516e-01
9.585268921635998751e-01
1.430568182737768090e-02
-9.854957850258099228e-01
9.286383319106334966e-01
6.530559870394518907e-01
-8.180174101834125633e-01
-6.616226173482213646e-01
4.407485471465388827e-01
-9.372549124252504971e-01
-3.993890471395662445e-01
-5.331610709252943003e-01
3.690661452612917781e-01
-9.348534649477269198e-01
6.272754854204738439e-01
-7.059408858525815234e-01
3.209540026229382725e-01
3.128423756514833176e-01
-7.239930642152734297e-01
1.714755274767252313e-01
-5.183232991513280208e-01
-3.846780087709014140e-01
6.496147545718584659e-01
-9.286164328307160432e-01
7.311729050873829738e-01
1.331801816737179234e-01
4.323455708959895727e-01
9.207177304620626224e-01
4.506442820926219728e-01
6.957976730901513918e-01
4.635421631959837363e-01
-7.030919465446805461e-01
-8.145212246767470354e-01
-2.352930550393621534e-01
-8.892581099750831441e-01
7.318879719919306748e-01
-5.445056495619762238e-01
-2.724293460978757242e-01
5.075680165863298843e-01
2.216382388932685021e-01
8.099377713521140887e-01
7.002120924078418795e-01
2.079491588225794718e-01
2.942427103229827701e-01
-8.373530167550324865e-01
5.060596793815943517e-01
-5.037210369642783903e-01
-3.191110293670640363e-01
7.734450807508479464e-01
1.711358398038325124e-01
-9.973927880148905079e-01
-3.232576125234221109e-01
-8.778936747258188067e-01
-1.562289573484876293e-01
-5.784595549466708952e-01
-6.615417254151116921e-01
-8.142152935129745028e-01
-8.955743369737105830e-01
-3.946027628730253145e-01
-5.170072821987095057e-01
7.623389778937859074e-01
-7.797107055802090514e-01
6.016251359610613747e-01
-6.500285919868771245e-01
9.150539140620974621e-01
4.037611198564132753e-01
5.243956100771860473e-01
4.357152120134590856e-01
-2.394743430742602985e-01
-3.387938028122186029e-01
-2.350454475660561648e-01
-9.333575252958841162e-01
2.256864942399323670e-01
-6.016179289156600163e-01
9.607348477811035181e-01
-9.148327213787839085e-01
2.784031984252690606e-01
-5.615061341709002285e-01
5.139552725167861880e-03
-7.407411780227100007e-01
1.170890010904397371e-01
8.453061956434191337e-01
-1.532845114026060163e-01
-2.518310419031772884e-01
-5.468573093381046135e-01
1.531343189574678743e-01
-6.063937193323822861e-01
-8.384940500397037866e-01
2.026120632917109976e-01
7.011200821148528828e-01
8.315684470950115426e-01
-7.314212030145132992e-01
3.587423913488962945e-02
6.182843090712826228e-01
-1.424364787338960880e-02
-2.776202091860084931e-01
-8.943804606877643337e-01
-4.197180545206804503e-01
-3.784603559002985840e-02
-9.221046593408293024e-01
-6.232043872511525695e-01
-5.625529855175146476e-01
4.907382197312186722e-01
-3.643315281444141629e-01
8.827528006704616903e-01
9.722808894542849245e-01
-5.299326164411606310e-01
-2.453095190244263257e-01
-5.205534301568379707e-01
-5.650322305340009787e-01
-7.280224503401599989e-01
2.170860246351156153e-01
-8.406477676814256839e-01
-5.839756774203426204e-01
-3.466393329683477020e-01
7.929689007625468911e-01
-9.898071855982786271e-01
5.806334774812638155e-01
-8.076861574485807438e-01
5.976192048474597840e-01
3.083811993464198320e-01
-4.608038526528202006e-01
6.582465072846632737e-02
5.109323952240623079e-01
-6.874883757224172776e-01
6.732710326862849648e-01
-4.299160677259898922e-01
-5.505641941910057735e-01
9.081884915531719393e-01
8.105813578689171628e-01
6.229940825618800471e-01
-4.003010425169915010e-01
-9.888780221703579176e-01
-7.601085444425421667e-01
6.786341861663405250e-01
4.734484005195742640e-01
3.659566907730036345e-01
-1.686273193972944728e-01
3.335215133447451130e-01
3.102004111925733554e-01
-1.707832191477285377e-01
-2.484240518733580316e-01
9.366828915704998870e-01
5.154546962220398765e-01
-6.518575426315744714e-01
-2.008740474691010913e-01
-1.474728716412074814e-01
-7.749501936736913343e-02
6.617864150370773579e-01
-2.590892260338160114e-01
2.538072147181624771e-01
9.425955390927116540e-01
2.004622233209123472e-01
6.694294701142624593e-01
4.161466209120785464e-01
2.005341956999322495e-01
-2.713880716105165902e-01
-1.024891076703837722e-01
2.797551257962427318e-01
-1.333917718452060086e-02
9.368334986761128746e-01
-3.145371134997203555e-01
2.859759976502378453e-01
3.429447062429125115e-01
-5.792112023896276440e-01
-6.013473411889269649e-02
6.619112456572140424e-02
3.694864251769209851e-01
2.684452703702167042e-01
-3.734614984344524213e-01
-5.266608165481585502e-01
-2.770871122602873715e-01
-1.115409500841295642e-01
-3.998434468319396196e-01
-3.298474204634787021e-01
-8.224406559707666542e-01
-2.603929971174798741e-01
-9.722819387657475332e-01
5.851564000703626256e-01
8.902320747230125786e-01
9.617803693235380535e-01
6.861098390682749404e-01
-9.591441751810370064e-01
-8.712121250363318303e-01
-5.019023399755153658e-01
9.684441682285107600e-01
8.552281072270195850e-01
6.155077179052903524e-02
-5.002043368382484978e-01
3.976946873473479194e-01
8.988228713861943220e-01
-6.344904721689985649e-01
8.867038796350554808e-01
-3.325745094709471328e-01
-8.234642364921962443e-01
-1.376554143116790474e-01
8.504008907332667455e-01
3.356879205573115588e-01
2.229869161219324436e-01
5.479888440195803678e-01
1.068583368090370023e-01
-9.485678161042658818e-01
2.537159475336883130e-01
3.617753815875219825e-01
-3.629792350406562118e-01
4.281849913040878253e-01
4.152971118275305962e-01
8.085969969847428551e-02
-9.855727787282106966e-01
-7.042810117110733792e-01
5.993559349491133226e-01
-9.393870672416950729e-01
-3.238054437762103444e-01
3.692047724925844321e-01
-5.407094394707285812e-01
-4.605892344909210401e-01
-5.446257569096788487e-01
-1.397598131017072642e-01
-6.304262362936301489e-01
-5.060729180879963707e-01
6.267318943486790417e-01
-4.209679585239807231e-01
5.213128356767950944e-01
-9.180226625022609444e-01
1.655188212288449812e-02
-6.115376948666326751e-01
6.652830246095826627e-01
3.536293419434171081e-01
5.666792272624459059e-01
-1.799249205418902431e-01
-3.409490389167788571e-01
-9.924018239554985854e-01
