-1.005945961283375212e+00
7.233158883897735647e-01
1.063439000793579226e+00
1.541799630668291732e+00
-1.418625769281718796e+00
-4.726180550907567168e-01
-2.944066309616000243e-01
1.476458654693371120e+00
-2.587744570960273549e+00
-1.755726092866471522e+00
3.555000710155405752e+00
-1.619723812504736404e+00
1.973907990200635787e+00
-4.931076821696277257e+00
-4.744974399513727237e-01
1.029391506318878324e+00
1.657652739254428020e+00
-3.244546681634228769e+00
-1.080806389438120352e+00
-8.121482809829400074e-01
1.743621384974453292e+00
1.090873659161844866e+00
-1.507994623951399493e+00
1.473322847099755029e-01
-1.883307762247379724e+00
1.869946403594039630e+00
2.339146895806883397e-01
2.777072235447969994e+00
1.984263599247058307e+00
-3.781438214474208248e+00
-4.170409293706895948e-01
5.386952267661190286e-01
9.888834315673453723e-01
8.238586796882552132e-01
1.526614176680475055e+00
-3.192472666914786927e+00
2.662743218967642544e-01
-7.577453737051944582e-01
1.908090039984635444e+00
2.871269835302826756e+00
-1.430927711534214719e+00
-2.202815767256517399e-01
3.972695637318564454e+00
1.960533105401722320e+00
1.259247205955765336e+00
-2.247871002233241988e+00
5.465598514554470544e-01
-9.116130800717322513e-01
-8.947183665479896408e-01
-1.592764137730219076e+00
-3.032350232250579758e+00
-3.679454974865535855e-01
-6.314568101440986014e-01
-1.707839300563094076e+00
-2.575823924326012371e+00
-5.289045265431271403e-01
-5.885877071646082870e-01
2.240354546801908597e+00
-3.037118012222475016e+00
-3.469874748990860791e+00
-2.720836295890163292e+00
-8.182635929848117162e-02
-1.211589211418777623e-01
2.598484578704148840e-01
1.723484538846849379e+00
-3.452463299585587730e+00
2.393645782807294786e+00
7.153695162643242123e-01
-7.525779901795255356e-01
-2.605405634043294949e+00
-8.797987557384927548e-01
7.450258986241193870e-01
-2.607677771067884898e+00
7.342217121942595792e-01
-9.099465194100396781e-01
3.918143197798059418e+00
-1.659871330112553944e-01
1.484974074432798830e+00
-1.865931909733900218e+00
-1.050795405710811536e+00
-1.247487506770447840e+00
2.045063150868866142e+00
1.465424798145362306e+00
-4.420740255959985099e-01
4.188974127497903099e-01
3.172608157761196424e+00
3.273884337697811731e+00
2.944728395480280980e+00
-1.910302381330150068e+00
1.653522000528845570e+00
-1.612717908115409049e+00
3.847001216677271573e-01
1.661915650981275583e+00
1.580685509269701416e-01
-2.220084868680903600e+00
-4.287176689185208112e-01
5.732681692569817633e-01
-2.677385292803807992e+00
6.362801035426665086e-01
-2.480544328032558088e+00
1.642272382627924188e+00
-3.520669641341778178e+00
1.059679883058107119e+00
-2.651641336136863369e+00
-1.310270766864553682e+00
-1.159129092924776394e+00
-1.872977071108769653e+00
-3.654598797564895030e+00
-1.573312613079193012e+00
1.044547131563286158e+00
-5.043351608873194447e-01
4.931333421148539342e-01
3.402177026813181016e+00
2.410029129525534941e+00
-2.989801684801688175e+00
1.685227894248807035e+00
2.133161510748819545e+00
3.520459997032831190e+00
-2.261883872998125877e+00
-2.102141398097063352e+00
-1.685619203744630035e+00
3.454726644198180985e+00
4.547593686464729279e-01
2.722105285646247541e+00
1.330212361778217334e+00
-2.089307959727026542e+00
-2.681012443028240266e+00
3.924171040983343683e+00
-9.658090982555848081e-01
3.310308611157075642e+00
1.373717265786791319e+00
-5.557846327338346049e-01
3.799824268236237090e-01
7.168892637055317429e-01
6.435218913692283271e-01
1.338345311338188903e+00
4.679139617666226769e+00
-2.206194347892575625e+00
1.737844032594132893e+00
-6.681278505878884832e-01
3.567685809226052385e+00
-2.933101470103737896e+00
3.574662543591853314e+00
-1.876580168780638047e+00
2.742146131574320300e+00
-2.598848239660560999e+00
2.652345844395778585e+00
3.039586635195421938e+00
-1.283824264289024075e+00
1.736566729500410577e+00
1.286370098005948703e+00
2.494899861878102421e+00
-1.112645263074163005e+00
-1.200804025436272848e+00
-6.200527934390496210e-01
-1.817868472573653360e+00
1.227580123085196817e+00
5.909289789046000552e-01
3.091967844227716977e+00
8.278499321294676694e-01
1.294944404615095745e+00
1.248966488493783888e+00
-3.058644845620424935e+00
-2.314883791543417502e+00
1.595186665945800275e+00
3.173339136023870743e+00
6.739646305994199116e-01
2.029538644271346115e+00
-2.377023049624557571e-01
3.206758436559229875e+00
-1.353254267095248320e+00
4.299190707210542861e-01
-2.410446732377122814e+00
4.434717496659226765e-01
-4.878077342429787966e-01
-1.024622101384629946e+00
-4.096363228728431949e+00
7.300268959320450612e-01
-2.237270610639194413e+00
-2.342357936315673239e+00
-1.907360874820066776e+00
1.173167017888377739e+00
-1.625163216055569126e+00
3.174978813826368373e+00
-1.636907050508970674e+00
-3.024175093449228413e+00
1.845134439298557805e+00
-4.232886610910321368e-01
-2.840831444875658196e+00
1.870604776812901715e+00
5.409360764204313998e-01
1.461396585455855490e+00
2.420507368898312084e+00
-9.457450449040383234e-02
-1.212168457870375526e+00
-1.019873233490385056e+00
2.768166216305513405e+00
-3.207983632958782305e+00
5.427809840056460056e-01
-1.592153547877857900e+00
7.935903975185476522e-02
-1.909897349937697442e+00
1.832013598683745137e+00
-1.681909890245457118e-01
-1.333787745011608683e+00
3.243991897021975657e+00
2.377089849537839250e-01
-1.478502196658190382e+00
-1.839814191380119812e+00
-1.111790803835132735e+00
-1.611391840922875129e+00
-6.676489401078794517e-01
-7.654462874613410239e-01
1.597053929663363459e+00
2.023051245581135138e+00
2.766296606203638930e+00
-1.280162601527814248e+00
-1.825312557893040255e+00
1.453566742652101063e+00
5.612537627035265597e-01
2.730193843779086915e+00
3.137807663453311857e+00
-1.374516566057375266e+00
2.029614670197699144e+00
-3.500297142182190235e+00
-7.608187392384935244e-01
-4.319952450018786916e-01
-2.310804947750263239e+00
-1.293241231265654267e+00
1.410770621453582896e+00
-1.855579832356151204e-01
3.901203042379082220e+00
1.329386990679309211e+00
1.739545348379742395e-02
1.570389483290120181e+00
6.480114722673813166e-02
1.829872005084554498e+00
-8.044319519210432201e-01
-1.388635693940910854e-01
-2.343309235330310880e+00
1.008031325159369107e+00
1.397688123051337161e+00
1.603649405423324126e+00
8.232141389914151564e-01
-9.383381572701988693e-01
-8.890680046849570584e-01
2.023138540749162662e+00
5.632269404948830882e-02
2.638445382195111488e+00
1.405107500617674310e+00
-2.400432241456196270e-02
2.440431264127830069e+00
-2.068428012118450177e+00
3.844117609163360427e+00
2.480200724132662238e+00
-2.295744940132441680e+00
-7.037858747650220792e-01
-1.625918354425527124e+00
-2.662748525246639186e+00
2.587573023870819000e+00
-1.264713018386276477e+00
-2.763676426658915330e-01
3.607359536088649232e+00
1.368767292551096526e+00
3.675914745391105853e+00
