4.631909224602668296e+00
2.899695088132539311e+01
-5.102739856372838290e+01
-9.084418966920706850e+01
-1.131732379764297391e+01
-2.521055911596189958e+01
3.596393779767192456e+01
1.757818891626234858e+01
-4.148199440215738321e+01
-1.729689137381516773e+01
5.182419118763410637e+01
1.344223080806743269e+02
-5.778173757323441606e+01
3.282709285245473296e+01
1.323030476194301173e+02
1.954053282359144550e+00
1.834940137442166774e+00
9.009626348882514435e+01
1.306860961415799238e+01
4.356738006455832135e+01
6.279149298893774045e+01
-6.623824266354932888e+01
-8.557278801369407972e+01
-2.134777571163817456e+01
-4.176748944650432094e+01
6.699639288510189772e+01
7.293369247256064725e+00
2.687404123285270430e+01
1.197217098074975183e+01
4.335402165772308791e+01
-7.146445970597692110e+01
-4.005137765248753112e+01
6.607614707948390276e+01
-3.765940527637528135e+01
-1.370870903751351300e+01
1.266962765421249344e+02
-2.008926318810929246e+01
1.845572659790362735e+01
-1.506005280373685551e+01
3.946308279953335774e+00
-2.041392830522369906e+01
2.466108843241755721e+01
-1.262567961918041703e+01
4.537435302873331011e+01
6.057751503539732596e+01
-2.656007887786904575e+01
-1.023508098838373854e+02
-8.864166509710078401e+01
1.698064639148484289e+01
1.050240944152116462e+01
-1.285267236934656410e+01
-1.183208532491842959e+02
-2.496378006187836007e+01
-1.604116943575012755e+01
9.639937902445282703e+01
-3.760674097285397011e+01
-1.447914764809902621e+01
-1.117557558441459662e+02
3.711767038664329732e+01
-7.757507687634955573e+01
-1.229867609590467765e+02
5.803691480139465853e+01
-5.528618134614607982e+01
-2.726305287322238158e+01
6.919268305260112939e+00
2.576313590731148651e+01
-1.526963769317891639e+01
-2.025917048788509689e+01
8.406459277992816226e+00
3.996890549051283159e+01
5.784614638370877060e+01
-9.870081985832207749e+01
-6.437504802106623458e+01
6.264688977838520856e+01
-1.094466789614842526e+02
8.593250054745640298e+00
4.867580785782421771e+01
-3.506204912327820011e+01
-2.097004241715909600e+00
-3.001352463610753318e+01
-1.979371609962889522e+01
-7.239373465264752383e+01
-1.394851410138802095e+01
-3.762365436374862782e+01
-7.619119680483844803e+00
1.200027787028552417e+01
3.489844353908309671e+01
-1.952833509906052711e+01
8.661455987358662867e+01
-5.041075901947358773e+01
-3.720351604866006312e+01
4.458668806894844749e+01
3.655797458705670522e+01
-5.989927746568302069e+01
-6.981639174115167989e+00
-1.349444294190979754e+01
-4.335606089881258640e+01
-5.651257860396930965e+01
9.054080377477900754e+01
2.250533825606034810e+01
2.466745575678376667e+01
-9.434878320405624663e+01
-6.304462721529048963e+01
-1.492270651114947384e+02
-5.561548145742094995e+00
-4.398220056676314726e+01
3.679486078961458873e+01
1.367992039278672145e+01
3.822994272664467985e+01
2.362647303492222406e+00
1.092605671603049089e+01
4.081700825536589861e+00
-2.541348530837032982e+01
3.612375671542065447e+01
5.911096715165794535e+01
2.964475468959733462e+01
1.363149253564346850e+02
-5.699978502452933782e+01
-4.342375349606919599e+01
9.852638193750792084e+01
1.286776013851223421e+00
7.089748773301257856e+00
-1.262011234702289464e+01
1.544516024165230661e+01
-4.287278055409151278e+01
6.235797513281431037e+01
1.820012280665551785e+01
-4.528982580266099944e+01
-1.129224312839661479e+02
4.463887222506692609e+01
-9.662242234656785556e+00
5.965163592520231539e+00
-6.364311798942740950e+01
-1.029195868989129110e+02
-1.282715500690033039e+01
-4.242595642121059996e+00
1.078046343992633105e+01
-6.033995493058247916e+01
1.691245040132185551e+01
1.782336201599454029e+01
-3.453572653561939632e+01
9.398210995772313225e+00
-1.747066953210786622e+01
-4.212703145186885711e-02
-1.050606869241562435e+02
2.246302583902435401e+01
-1.255862510237387397e+01
6.537820974240824512e+01
6.546550194762588148e+01
6.720086069600374401e+01
-2.220302268951829561e+01
-4.945503833235972735e+01
-8.384342948204499990e+00
-2.645304870463754199e+01
2.432564461283871537e+01
-1.346037487529756227e+01
-3.002659837874960758e+01
-2.578921464351541903e+00
1.153541284477306164e+02
1.705975039608107480e+01
-2.125849489090174060e+01
-5.901811220220385223e+01
-2.015634279388366323e+01
6.252340449713634740e+01
6.212372646841321711e+01
1.246224398460221705e-02
-8.894915263654414161e+01
8.444205648699868050e+01
1.337751917403057433e+01
1.057650431967270066e+02
9.261046693675778840e+01
4.231975008509576952e+01
4.797904965457733795e+01
-2.749442718068128499e+01
1.090714100126951394e+02
-7.655021187865088450e+01
-3.337423178121444067e+01
-1.209231025152930350e+01
6.226752469667555090e+01
3.335665664882326098e+01
1.376039072897377196e+02
-4.452774435506406547e+01
-3.665886031118703414e+01
-1.764853170513735847e+01
-5.362613143770490609e+01
-8.894838573222500600e+00
4.666862334724959283e+01
-2.539947694584612847e+01
4.250541561676160995e+01
1.122863063788010010e+02
-2.608546713801923289e+01
1.331088371606003875e+02
-9.303473514352387497e+01
4.639950902847857606e+01
4.774896976279474359e+01
1.328222455191828821e+01
-1.671678222493425992e+01
-6.091078977472415090e+01
1.713329947000014641e+01
9.155638499548872744e+01
-8.240835207167572207e+01
2.756074960060352907e+01
3.542092831180573143e+01
-3.248609227359606422e+01
-1.269778109392439802e+02
-5.990858094446189597e+01
2.764776667059142667e+01
2.402676805232231061e+01
-7.015080058962131204e+01
-2.642112625943421733e+01
1.963819569858793912e+01
1.923192629783068597e+01
-2.906182665213640703e+01
3.603442244160613939e+01
4.869556557263218366e+01
9.408819102825538039e+01
-5.012959422631509199e+01
2.567583130462036678e+01
-1.969909733046186329e+00
8.480072028468002543e+01
1.506210069957930209e+01
-5.457495074921440903e+01
2.771193117626459257e-01
-5.362977109060138758e+01
1.099056261597689002e+02
-5.794941888732019919e+01
-1.410076351960188674e+02
-1.592856417444953010e+01
1.428502255364669082e+01
-2.215439734461976684e+01
6.097316763497748759e+00
-5.249040294572728271e+01
1.872762092272980894e+01
-6.856691176418607370e+01
-5.942008847484648015e+01
3.127560219729673818e+01
2.633800771377244132e+01
1.143222393384508706e+01
5.770722389799885832e+01
-7.531367587395209284e+01
-4.750406368242392574e+01
-5.975632419644983173e+01
1.190193693019660159e+01
-3.976644822409447499e+01
5.569027129235575302e+01
6.180438741431673932e+00
6.702730726930445826e+01
-6.096488762958440333e+00
7.122985069223292953e+01
-6.670674312689995666e+00
1.088197635639383662e+02
2.788297800241761881e-01
2.670086958675310740e+01
-1.070731557137128931e+02
3.483292886201878957e+01
-9.842359048928472021e+01
5.970069395522875633e-01
9.440505912303523317e+00
9.125889591376434851e+01
4.814674598880012013e+01
-3.175936606589035094e+00
1.094142553129319566e+02
-3.144249106093209178e+00
1.236751948977123163e+02
3.134107914203063672e+01
