3.471168778642000241e+00
-9.538874490503021164e+00
2.692602729736379708e+00
1.310269597885456827e+00
4.068831877914051098e+00
-6.145218403385865891e+00
-8.765932071493930167e+00
3.074418522010565269e+01
1.291266775884666274e+01
-2.147174995417588050e+00
8.249708040739296422e+00
1.188417714512944912e+01
-9.321516220230893879e+00
-1.167414178012511705e+01
-7.361220821893086352e+00
-1.096770921685352640e+01
-2.605003946254126568e+00
8.896172749619596587e+00
1.779704698556661313e+01
2.145093555925921436e+01
1.193185797076279542e+01
-1.027946001005943621e+01
-2.204550835036098633e+01
-7.222455076786889805e+00
-2.802890407589132771e+00
4.585603962002171130e+00
5.230212954288005811e+00
-5.549267138427544488e+00
-6.708354211498221531e+00
-6.423240486304744756e+00
1.926876505674083262e+01
1.130176996023447122e+00
-8.118380191179983996e+00
1.503084595902317844e+01
-7.288694748719261263e+00
-1.291032016090015944e+01
-3.016346834528897958e+01
-1.759314415584563207e+01
4.124023746379796407e+00
-3.168533609268328277e+00
-7.221079455773626421e+00
-6.410409869063513177e+00
1.341453525546512360e+01
4.178702652063394751e+00
-5.096292595025985861e+00
1.002803875957085999e+01
-1.451680426287078873e+01
1.900940552268364669e+01
-4.210308937424995790e+00
-5.127537789577374383e+00
-1.059032129064017624e+01
-1.020068451285395916e+01
-7.467058695470666585e+00
-6.201735708448414819e+00
-1.698292263611886233e+00
-7.764391497897189964e+00
3.393369209213758619e+00
2.836717339938449989e+00
2.622839852824038331e+01
2.297979269204137154e+01
4.481369300135972011e+00
-1.954961540172499213e+01
1.128199834768383525e+01
7.457346893195548887e-03
-2.361897352814287476e+00
7.977257084996863812e-01
-1.917328514112367799e+01
-8.146674846926948987e+00
4.736037867531667445e+00
2.565183383152674246e+00
1.672346776919476241e+01
1.084302489086841792e+00
-3.608562087050157796e+00
-9.912165985859154205e+00
2.541724185687827209e+00
4.939337008608631230e+00
1.031791955791779358e+01
-2.196023771879712783e+01
2.060483195559620739e+01
3.327323524374771324e+01
-3.996942733013190363e+00
-3.734966229088652057e+00
5.436592135706502127e+00
2.321363405839008109e+01
-1.507792275792880154e+01
-3.597757637068533576e+00
-2.118115747080269617e+00
1.127858565722130990e+01
4.227210346326722323e+00
1.214931130175296659e+01
-1.297086720932467507e+01
-2.004746461750459563e+00
-2.114561989058126645e+00
-6.624986846408993379e+00
1.113073640550512611e+00
-6.018972369077292939e+00
-2.156372793791187625e+00
1.193885158695801429e+01
1.046260974144086298e+01
-5.783579924893000879e+00
1.455903848380580889e+01
-9.845735032112907348e+00
4.083663525758752577e+00
7.788374837517732630e+00
-5.976611387742135628e-01
1.105776154775773890e+01
4.434902240047831512e+00
-8.346539261838825663e-01
-7.446108188612009293e+00
3.708079051290018580e+00
1.659731197056119356e+01
5.608491340761472266e+00
1.531233352818803617e+01
-4.453702081661997880e+00
-8.818546146839409516e+00
3.136452076721415239e+00
3.709282336734231578e+00
1.100040378829297172e+00
-1.022069362615850707e+01
5.160055108411620850e+00
2.880291508512646814e+00
1.282597813050419155e+01
-3.835621766693115831e+00
-1.491822109519861606e+01
4.603445769666461018e+00
-3.844396386658592402e+00
7.047206043203905423e+00
-1.013087214107557799e+01
3.311178423327515663e+00
-7.674165991810057985e-01
4.651436384977288618e+00
-3.487286893181559044e+00
9.785024753044179846e+00
1.195786053764492252e+01
-3.113770199400062832e+00
1.502067882123927278e+00
7.099489283021567232e+00
4.367576651933479326e+00
1.207437306845380931e+01
6.507678838386456555e+00
-2.463119178369934659e+00
-3.871221061815051989e+00
1.550672392222466200e+01
4.999338011808061921e+00
-1.541679915595233119e+01
6.175388573198893560e+00
3.390025229981477040e-01
-1.187155856682272059e+01
7.203975300499120493e+00
2.180372143279472041e-01
-1.224123359622339180e+01
2.108529698571551592e+00
1.116845615246379886e+01
1.037255504588302912e+01
-7.670197008558869101e+00
3.005744894408670209e+00
-5.731755017939706320e+00
7.501255170724149934e+00
6.829327275679274223e+00
2.361102683856302953e+00
9.234736151112425961e-01
-2.115003379835705388e+01
1.812343761076587567e+00
1.453332399147630838e+01
6.122582174495940777e+00
8.118649429944431617e+00
1.047656104188560988e+01
-1.338118347452273937e+01
9.322448717110720651e+00
5.668040886164645187e+00
-1.276162156188303776e+01
-2.483733788643173401e+00
1.414801686358199007e+01
-6.344790030839466688e+00
-7.203878461527420285e+00
1.058153430753876378e+01
1.176353819652110921e+01
-7.327397803758316286e+00
-1.576500101290050004e+01
-1.687109817012366975e+01
1.986164867231269948e+00
1.146660760473437790e+01
-3.310226081241929297e-01
-1.348333784450073125e+00
1.852368327699682737e+00
1.719713585169313275e+00
-9.114954887945665440e-01
-1.859751194095111870e+01
-8.958767507300887445e+00
-3.004951672976645227e+00
-3.376296182044425365e+01
1.695327466722425314e+01
-8.022399988507297408e+00
8.003570973234989339e+00
1.464348575213053927e+01
7.711507303568321259e-01
9.735699763277329666e+00
4.320160866162094493e+00
-2.445105444010449958e+01
-7.924384747867763146e-01
-4.305724243009246166e+00
3.407085564101731912e+00
-1.403090929189806602e+00
-8.281745009174581895e+00
-1.724576705980876090e+00
8.775519761777639260e+00
-6.697287126859485795e+00
-1.607539476088375219e+00
8.278039423089404991e+00
1.776122304404551855e+01
-2.431283633464656546e+01
-6.875195817202617299e+00
1.472515322472502275e+00
2.416921004092217107e+00
-1.931178975758128358e+00
-9.129750948436072377e+00
-9.870647323171020560e+00
-5.856223676162150227e+00
-1.667184515941841028e+01
7.334635435656673863e+00
-7.729237346137849407e+00
-1.228895651682997148e+01
3.245756490192944543e+00
1.969146968438064604e+01
1.303955647686426023e+00
1.271719997210098541e+01
-4.778816492889966794e-01
-1.329032127778815742e+01
1.336337270639271546e+00
-4.012872682478535680e+00
1.127666392503068060e+01
1.044634809594606040e+01
-8.885986235861007998e+00
2.129960647319690281e+01
-2.350519702668836430e+01
3.559987351764154262e+00
1.109447434711879055e+01
2.548003053145822872e+00
-1.867885768254460288e+01
-3.622492464220290920e+00
-1.308519839000201301e+01
1.779141701505583706e+00
-3.948029952339417292e+01
-1.575247305635194550e+01
-4.584623396475359769e+00
1.955633793224593120e+01
1.054323917281828926e+01
1.527691092100190140e+01
3.298236913667453418e+00
-1.500495752466367849e-01
9.901823843305018968e+00
-7.084782854934040586e+00
4.510306242414964473e+00
5.623203390891800879e+00
1.787591487057190065e+01
-2.166063596716734097e-01
2.826560189154567748e-01
4.795666342098592771e+00
2.116446527922454468e+00
2.259988421000773240e+00
-1.411402032300181686e+00
4.804073206583553635e+00
8.084277855332370422e+00
1.007610722353925858e+01
2.826564187290465657e-01
