-3.879153958705836569e-01
8.862331826087617159e-01
-9.331132068319796247e-01
-9.504327443034754630e-01
-2.303805081572583013e-01
-2.075241220759076466e-01
-5.372239859506311443e-01
-1.463663768360381479e-01
-8.958623587503403707e-01
6.934500724716934350e-01
5.723772954272341451e-01
9.982779121543009504e-01
-4.378295328307020284e-01
5.258481446370311119e-03
8.766692192797886918e-01
4.930660927437273688e-01
-1.538012792329561673e-01
-6.778653501535586434e-01
-9.739806707435976207e-01
7.333437049127642382e-01
-6.756069779063254011e-01
9.127243187102038746e-01
8.044458399637073320e-01
9.618335673725487700e-01
-8.041551388270091749e-01
5.282880062468313653e-01
1.666488063085138638e-01
-2.731792611164414186e-01
4.048869173897202689e-01
-8.751151582416468733e-01
9.058110482329104762e-01
-1.601736803527102904e-01
7.906795532486543543e-01
-5.683782632256686451e-01
-6.931187027071278317e-01
9.198561922980044159e-01
5.631398428795661992e-01
4.364034637760199065e-01
3.833747634376769575e-01
-3.933821959464229856e-01
9.690083432511803485e-01
8.580041269938037951e-01
-8.229346000892445723e-02
-8.314989219673791787e-01
2.405195140687970135e-01
8.534360479451089665e-01
-1.470405905385065992e-01
-1.150197380399395897e-01
3.889495445513506677e-01
4.341842494904455396e-01
3.584538329517514832e-01
-8.242091413811328815e-01
3.798683806727738699e-02
6.448671357424562434e-01
-5.350880115935952031e-01
-5.765302009628414659e-01
-8.355802711308513153e-02
2.321112075977178613e-01
-5.834398168120793482e-01
-5.148877266134423980e-01
5.954409189660094803e-01
-1.803948884291515231e-01
8.533369933329325585e-01
-2.902207296957914906e-01
-6.837833296310051878e-01
-5.384456464950804211e-02
-9.387213885437502014e-01
6.783420662207145790e-01
2.911239365374258536e-01
-6.246105400113124428e-01
-4.347639742774500604e-01
1.402093361887273293e-01
-5.586683356853148208e-01
8.263002672404887727e-01
5.990677492852316544e-01
-6.736700148291272505e-01
6.053638506740477432e-01
4.039076466896025508e-01
2.712794414662393905e-01
9.418758367319579605e-02
3.763159456539999503e-02
-8.541897250596992563e-01
-5.868849888804534842e-01
-6.298282546014994931e-01
4.131986293176848068e-01
9.604750004471682701e-01
3.144718394239089942e-01
8.980893460742999101e-01
-5.123490951723563835e-01
-7.680263657656309917e-01
4.541514907368511267e-01
-6.524521186084293323e-01
-5.000157910033253827e-02
-8.760674909905872276e-01
9.189080712381652027e-01
5.024907863618295334e-01
8.874185528453217842e-01
-4.789421674684024577e-01
8.004837829930883109e-01
8.338144838936495384e-01
3.659980178187642874e-01
-3.789268379509280749e-01
5.400174142456461990e-01
7.398906668500546679e-01
-6.439239849092337487e-02
-8.331776009171306674e-01
7.777632004919312614e-01
5.025147082387626529e-01
-4.417873496457302984e-01
3.310922219567462577e-01
-4.219729053932576024e-01
1.946958564263501223e-01
6.448590798484641340e-01
7.410738715023675871e-01
-1.270055582467550792e-01
7.966397828963861505e-01
7.608339845218550224e-01
5.121006398131879855e-01
5.316887709869666523e-02
-3.666458041728573036e-01
2.298687555053535725e-01
-6.725756631875978719e-01
-4.614065840676546681e-01
-5.055983814058058190e-01
9.419120527449198477e-02
3.212339382911737484e-01
2.362655666452639913e-02
-7.237964964513254884e-02
2.673575391326266093e-02
-7.494723880432490049e-01
8.372788825366483945e-01
7.950447997210300377e-01
-1.062085525166283073e-01
9.582685843522242841e-01
1.008841482514584165e-01
-7.638691682898782753e-01
9.397677312759298296e-01
-3.539090803899156423e-01
7.453734100621126624e-01
4.149156000817610934e-01
-5.117491090751817850e-01
7.106155811298172642e-01
7.047748689770968467e-01
-6.446972481859702953e-01
4.901765050835427129e-01
9.315646769709576835e-01
-3.861718776047426416e-01
9.503217318565143623e-01
-7.061823586384954332e-01
-1.245353348598756682e-01
-6.896546581831992651e-01
2.572680518946395267e-01
3.191020809017137694e-01
1.941629385013516895e-01
3.996501313056228799e-01
2.553021051580590672e-01
2.584672740316047435e-01
-7.651373216163670499e-01
-9.571365578172881250e-01
-5.152132139205642947e-01
-5.629237475307029559e-01
-6.330828201285942924e-01
5.068567426274614984e-01
-3.108019525276755068e-01
-6.177046514976214375e-01
-1.121883926603106651e-02
-8.006204560773738654e-01
6.594515188306577791e-01
5.568472984264354331e-01
5.140976890335833271e-01
-9.937367813813282602e-01
-5.058783293985984475e-01
-9.230996262068194014e-01
-3.020007763606231688e-01
8.563219026507352671e-01
-9.927761204058946909e-01
-7.039878772965261211e-01
-4.936295373458480795e-01
4.056369561333519336e-01
-7.608762672559072904e-01
2.504180875013146679e-01
-2.807971245238252145e-01
-3.440733426030084807e-01
-6.385667389228584234e-01
5.180828083575814702e-01
-7.345206049618004940e-01
1.074896822682349651e-01
9.579003990765221355e-01
-4.681329223049290889e-02
-6.321885685738388716e-01
3.854392367748160630e-01
-1.996186509601806658e-01
4.523541205225998230e-01
-9.647787839131026777e-01
2.474415101826026309e-01
-6.513084379934832580e-01
-1.904974550573870218e-01
-5.945533134312579460e-01
-6.637110828593233425e-01
-5.207362099293408875e-01
6.163975705286266482e-01
-9.444936072481056044e-01
-9.849646355469738879e-01
-1.624498249228261137e-01
-6.901839597517445135e-02
4.941284367447746906e-01
7.701912654431213312e-01
-6.810899345753629319e-03
-4.319530935605502275e-01
-9.693613229143918097e-01
-1.450772828888936272e-01
-1.199882312675992768e-01
9.403448223758124058e-01
-3.315331462547030927e-01
-5.685748400892296495e-01
-6.103803323537888570e-01
-4.135394290126825911e-01
-1.815547555560368398e-01
-3.262700387234356292e-01
-3.820968035329004309e-01
1.696993732864675586e-01
-6.680524464604703505e-01
7.454393663108547230e-01
-1.494605325194953149e-01
1.602223690033022230e-01
-3.124395846859699954e-01
2.056963350851335193e-01
-7.269218322329966675e-01
6.802852554235641058e-01
-1.337136890095376174e-01
8.804974005359667011e-01
9.716284048059605771e-01
-3.659483339513469602e-01
-8.123829668042903407e-02
-5.760210028555743378e-01
-7.616316397490936474e-01
-5.583698233477347728e-01
7.854283956681648027e-01
-9.984501871263488093e-01
9.917165917475653236e-01
-5.820902122790558852e-01
-8.866063793115829261e-01
-4.251116884305399246e-01
-5.121708506528408478e-01
5.405305993252211838e-01
-6.882549029036200139e-01
-8.138314711830494375e-01
-9.956250714532624002e-01
7.282021783506701373e-01
1.771863091833678627e-01
9.963410327168430447e-01
2.426487956288370107e-02
4.922278687259955543e-01
4.814542948299649350e-01
-3.430034114777293919e-01
-8.784642230414019259e-01
9.373759842641057327e-01
-9.222676599183179391e-01
9.484392313106329020e-01
8.609088322188629405e-02
-6.694330971781138340e-01
-1.323395961048734470e-02
3.328951090252361134e-01
6.249720817774420123e-01
-7.883448209166715737e-01
