-3.407818706485055138e-01
5.684211365854507925e-01
-9.731612504502828997e-01
-5.908997154275481556e-01
-3.544221616826743748e-01
3.878544404045878302e-01
3.223837663487316707e-01
-2.269245935218040522e-01
-3.217809597075502737e-01
-1.014214925797254363e-01
2.000453163310504934e-01
8.665350972919909633e-01
6.917895593032978852e-01
3.114180715949101952e-01
7.218122878611494819e-01
-9.597920101803747439e-01
6.736290231804946682e-01
6.786207139464772720e-01
7.849968987679243337e-01
8.758213360239059941e-01
3.707622478882128814e-01
1.561993624219157883e-01
-2.418428360912763253e-01
3.087091647968349672e-01
-1.740382784784464398e-01
-1.617763450192490904e-01
-1.654100159212179566e-01
5.962144844212735606e-02
-7.015471387078304755e-01
-4.832422459189216202e-01
1.051474437216428637e-01
-6.259097332128320534e-01
-6.275898537898279006e-01
-8.798883635833338879e-01
7.354955833120078168e-01
7.022806259717944144e-01
-5.756003673147658262e-01
-5.655715402013468118e-01
-1.402727724582275570e-01
1.566400798603171385e-01
-2.389182931849049840e-01
-4.827297794472908965e-01
-8.069326703522041733e-01
5.902530830778640603e-01
-1.079170605363208857e-01
-2.475751510951316181e-01
-4.701545939921849548e-01
5.792322361846238277e-01
8.636597299619921397e-01
7.509793910288993235e-01
-4.022540830544307777e-01
6.954684778789366195e-01
4.119861095149954799e-01
-2.324658583819652069e-01
-5.098360205186083238e-01
1.254841731456179943e-02
3.917997077752699564e-01
9.196624477525296992e-01
3.174785758457534524e-01
-6.899236281827783035e-01
-5.605444853737751032e-02
6.694472811069704932e-01
-3.384424262899818903e-01
-2.069319745348341399e-01
5.388212533956977524e-01
-7.573586014472706296e-01
-4.097520248802688503e-01
6.202118280884194590e-01
4.885343141115212617e-01
-6.710706136279898093e-01
3.131190613328296291e-01
7.616152771635031904e-02
5.498765502579852082e-01
5.882328074757705583e-01
8.172175801218781732e-01
5.264956244805216734e-01
-1.506585990780207052e-01
-1.322834664726590947e-01
5.803046088883474507e-01
-1.693747527931588337e-01
-6.530981106664224267e-01
5.516790526711206066e-01
4.745889997424181939e-01
7.890592878371220920e-01
5.142127687998663266e-01
-8.809321618236010121e-01
-4.264685725083638967e-01
8.585212466892111483e-01
9.325596147452897000e-02
4.376792650723770883e-02
-4.253919496087785745e-01
-2.277607181520173718e-01
-8.489284743109632991e-01
2.878311124155283895e-01
-7.273475551343153711e-01
-2.723890750088315826e-01
-6.369087208061265937e-01
-1.758134078234434572e-01
-1.291543748118402224e-01
-7.507821804197987170e-01
9.802529041608936122e-01
-2.471520707392229621e-01
5.298826181528584200e-01
-6.605389987515193351e-01
4.041280728890384033e-02
4.376425542004458435e-02
-4.336150947409385115e-01
6.833849530373401482e-01
2.637994505937752976e-01
5.929609194183751431e-01
-9.658119333951422636e-01
1.842997889857014293e-01
9.951353633763830864e-01
-2.906675929838515859e-01
3.404644713003164291e-01
-4.356222437422583305e-01
8.453369615325494468e-01
2.866615177896008060e-01
-4.334407911345199427e-01
3.927121784273077676e-01
9.885795959896310769e-01
8.578702520786412045e-01
8.158629388983973385e-01
-4.105764097919506472e-01
-9.518793280174755456e-01
2.638647129554003712e-01
5.252088119431013169e-01
-4.755641260149789940e-01
-2.370274583899467657e-01
-6.125746171227075543e-01
-1.974920268545132807e-02
-8.723415667014895458e-01
5.895617448078593892e-01
4.884481805274061283e-01
-9.297929988080588792e-02
4.188682008991748695e-01
1.564324749468639641e-01
6.788621490381969714e-01
-6.935507317656799398e-01
3.512177865415588851e-01
3.814254474959433150e-01
4.928685142301285627e-01
5.047015784605803912e-01
-7.388136911469811441e-01
-9.177938928966229426e-01
-4.241869858981708319e-01
-2.018850067233723955e-02
-3.662954528078632421e-03
4.082150642331763279e-01
8.937323887116943588e-01
6.049082872776003761e-01
9.849383565054889988e-01
-9.584267338160410432e-01
8.835593124326905912e-01
3.491510014008825102e-01
6.585275969586390499e-01
-7.907395971322146444e-01
2.930311177692943581e-01
-3.680450226726701413e-01
7.804112630221715641e-02
-8.758602414446929885e-01
-3.233318994030682791e-01
-6.615268006722534455e-01
-9.909012379509141155e-02
6.625120828054520405e-01
3.059988790265293357e-01
-2.215158135066643830e-01
3.569638380069652950e-01
-5.433986260263821144e-01
-5.874717044263868537e-01
3.586201886890294510e-01
7.081349050725465055e-01
-3.223249318249485906e-01
1.641584394963593319e-01
5.110743017467422877e-01
9.454559920865945877e-01
-1.812340481795398084e-01
1.597573119265964792e-01
7.422043575416694683e-01
-1.000771318021582701e-01
4.056605619870994328e-01
2.658937153849638690e-01
-2.436244431370127028e-01
4.119769622397053688e-01
-8.511832074875576026e-01
8.022762024955762961e-01
2.823100005658865097e-01
4.512671350328911757e-01
-1.868174966533395764e-01
-7.024078366694497255e-02
4.843405845937176490e-01
-8.552961979712467855e-01
5.864963629505017817e-01
6.214254373030914103e-02
8.634425868220048095e-01
2.850507992295208126e-01
-5.113172963223002743e-01
2.970492970905180830e-01
-8.385400814956591731e-01
-8.350425136024097750e-01
-8.891831819514610658e-01
3.131659910251383128e-01
-1.508644093459092783e-01
-2.135004237139386252e-01
-2.847861269767624215e-01
4.454086515037518623e-01
1.288495597558483308e-01
3.029603122388582204e-01
1.941834790885861306e-01
3.425515407144539282e-01
1.224183023004843385e-02
1.799695647799233189e-01
-2.121482892749002591e-01
8.206012623502823011e-02
-2.141749798110315073e-01
6.730126563252498695e-01
-2.895065490664983088e-03
-6.397769615501311957e-01
2.900710318193562287e-01
4.451504262954488755e-01
2.873095782728589676e-01
-8.206408581047481832e-01
-3.535768879937144504e-01
-1.011599347492297962e-01
-2.052146982784486262e-01
-2.101864629173442189e-01
-2.991254307828949965e-01
1.587269820248393692e-01
3.851647425198223562e-01
4.143529408902526523e-01
1.717014961189207156e-01
2.563937928290702661e-01
6.110789335389223975e-01
6.582198678669615166e-01
3.866034206832709152e-01
-6.969829266237321796e-01
-1.705037177387258573e-02
8.529215232106945876e-01
-4.522497210735005879e-01
1.249532364258620909e-02
-5.080804614570428868e-01
-9.664004670726134005e-01
2.148132898567010063e-01
2.325083321461287600e-01
-8.219204517465605875e-01
-6.137867149192695049e-01
-4.147381966907317530e-01
-2.770959465201108252e-01
3.621764457480796118e-01
-2.732316553277711613e-01
-4.275905713711376510e-01
5.989988019810850162e-01
7.664951518265561425e-02
-6.796460141847697756e-01
2.789724950163698924e-01
-6.988036414067759772e-01
-8.094666137936414874e-01
7.993498293060767868e-01
1.422306834518902718e-01
5.500324135403682480e-01
3.411521823933589825e-01
5.682837752584910529e-01
4.664637834755627210e-01
1.783739914311974761e-01
2.474130670572118884e-01
