-1.404588309778836974e+00
5.633149855578745147e-02
-5.723375075826364622e-02
-5.363546592928316592e-01
5.955573724694038784e-01
-5.732483194956241590e-01
1.128492331241024438e-01
-3.806917301202261683e-01
-7.491572161380695150e-01
3.187219772223328640e-01
-2.896205269246256986e-01
-4.081473882273443099e-01
4.023995844509187236e-03
-7.337414519156100212e-01
1.166282227343925726e+00
2.000966120536662451e-02
3.726514916664969146e-01
-8.872556272786003007e-02
-5.605340402729077631e-01
5.187582636611320908e-02
7.017943443375695978e-02
-1.148468856466832611e+00
7.051577779427127268e-01
3.121916557964208305e-01
1.016560172355296388e-01
9.060560143556629642e-01
5.559965411638740918e-01
-5.064080648196878087e-02
9.059504165780881690e-01
1.080485716212764125e+00
9.667104033656543915e-01
-2.110454059530209037e-02
7.739640729028622879e-01
5.850383604664011195e-01
-1.130625662509285867e+00
1.118605833102854330e+00
-3.815960420281102605e-01
-4.470295440701941847e-01
4.023582833256083013e-01
-3.943992157953599698e-01
1.016503116596843226e+00
8.596754978865193131e-01
4.051495310366919345e-01
1.168486100495337965e+00
5.065792244858677851e-01
8.154991384572967128e-01
8.615244862263128633e-02
3.451260457505287427e-01
-1.557488709616998257e+00
-5.185044124127302645e-01
-5.364189562406322942e-01
3.580064878713756782e-02
-1.822801431658313542e-01
8.816127398383950542e-01
2.007642934536609802e-01
2.469641011158103527e-01
6.229536722860911091e-01
5.613450632472318791e-01
-2.746978677587967876e-01
-6.439616745583174318e-01
3.832685418770129249e-01
4.429039672768074198e-01
7.521822397216162415e-01
5.290639262786056563e-01
-9.428831408635647282e-01
5.333866101928346204e-01
2.074795144307244321e-01
-2.378021548675963714e-01
-1.596425221351664425e-01
-6.380441720934246774e-01
3.121961247045579313e-02
3.521481287092147472e-01
-5.689661914131629583e-01
9.037962403606679684e-01
4.767391641221525589e-01
-3.223616843748717820e-01
6.074079984648537156e-01
5.037148494027885448e-01
1.465959197012164372e-01
-1.134995400181328051e+00
7.072046202068333898e-01
-4.928832327302961058e-01
-4.815211852351261035e-01
-3.355494520413866422e-01
1.917092588824642618e-02
1.543474193823494434e-01
1.651133115896411818e-01
-4.085412936711607657e-02
-1.808660661238199463e-01
-2.351444541551795941e-01
5.496059932005883386e-01
-6.933474242760651052e-01
-1.250246308196920397e+00
7.650492391263896685e-01
-1.039470393472371468e+00
1.057679946381349101e+00
-3.888614379520098363e-01
-9.495869453635097379e-01
8.471784708828904442e-01
-4.236580680886575245e-01
4.294329427420948697e-01
1.186781064373760852e-01
8.303437347181719108e-01
-3.481909837591320445e-01
-3.417323166047658844e-02
-8.697279003528581853e-01
-4.122777617786597126e-01
6.605688585060305318e-01
4.461567468004821180e-01
-5.896454364602327081e-01
-3.098876405389170419e-01
3.845258184214928043e-01
-1.141877069352736918e+00
7.020217067109124631e-01
2.675429372722780696e-01
-4.169038312420192405e-01
4.419213792751732761e-01
-1.941291906251612076e-01
7.191595348813306643e-02
1.093495461135829849e+00
7.564502158701489343e-01
-4.503579499554417609e-01
-6.821301222927137475e-01
1.963866014336095311e-01
-1.027270524817231134e+00
-9.620159625437119111e-01
4.036942747134011356e-01
-1.869077131741803677e-01
1.180964462755853539e-01
-2.240600252276179205e-01
9.032016830032552068e-01
7.176532584989838703e-01
-3.699490320296565660e-01
-1.045421211536414763e+00
-7.026412331697234892e-02
1.453536571029323987e+00
6.916046660138301938e-01
5.286760033282758009e-01
-9.450357720807767148e-01
1.077698631179508926e-01
-1.701637356186573857e-01
-1.899206938350234686e-01
-1.303751068642153843e+00
3.985191236353733402e-01
-3.655543969299953622e-01
4.499980575898769874e-01
1.096153546088304509e+00
1.148315554140826311e+00
1.155547913373729862e+00
9.425503068651952532e-02
-6.066151743004017938e-01
4.157262786222148954e-01
1.053348341645868214e+00
-2.445600910544330486e-01
2.290074823822330075e-02
-5.028243223771671211e-01
-4.770032596867790353e-02
-1.010572703131288108e+00
6.028324888245517599e-02
3.810165030340215697e-01
7.093131352259893774e-01
-9.135935631609184426e-01
6.997298556076432252e-01
-5.771414891482626874e-01
1.499170559693205895e-01
5.207397434859355467e-01
8.871128247390647203e-02
2.184668146917864151e-01
-1.739439328805659768e-01
6.536411494614433604e-01
2.088115569041087971e-02
8.320024753482058166e-01
-7.685988023036354200e-01
-8.428992858485813144e-01
-6.603525624436858976e-01
-6.259195840040561176e-01
-1.414218745250132026e-01
2.384757398964809649e-01
3.949390294086130293e-01
6.928599156535106829e-01
-9.742184742455535229e-01
-1.122729602656241887e+00
1.097575679199465526e+00
-2.463189868373725222e-01
-8.322353539251905463e-01
4.898675725219323596e-01
-5.309352628696499821e-01
-1.006444201353917656e-01
-3.420291348200643622e-01
-6.701092546398652594e-01
-8.009832073191318624e-01
1.076608188410905109e+00
2.326088738542659295e-01
-6.977681150601047211e-01
-7.864896543235522230e-01
-1.465264122913313649e+00
5.218879751262739397e-01
-5.990514027065463321e-01
4.117515108368500210e-01
3.472508824804374505e-01
-6.813150848176074970e-02
-1.606620559648580526e-01
2.895328420447157436e-01
-8.812815780992828696e-01
-1.245855489704439378e-02
-6.987272061067697493e-01
-5.358665400097497589e-01
1.623316189265315845e-01
-6.167739591390606346e-01
8.594401268236330216e-01
-8.820168936833994167e-02
-4.445390917049121260e-01
-1.038140372562272873e-01
3.971992646870500243e-01
-8.119706226368716973e-01
6.868156607931421576e-01
-1.277724041209285399e+00
4.280887701541442603e-01
1.356485028721309050e+00
-1.363875648369867744e-01
-4.657091523058817240e-01
1.391912799694414726e-01
-8.850740437211817024e-01
2.741853485931593504e-01
1.100681214307325018e+00
-1.394389456289714335e+00
9.216946701534650677e-02
2.780405701008906716e-01
-1.241619164553001697e-01
-7.477372272105267115e-01
7.425733449047804413e-01
1.404847599111692436e+00
3.203669770576221820e-01
-2.240746014619751092e-01
-1.958886126990384557e-01
9.485734034604481613e-01
-5.873695313930031858e-01
-6.739586710263427705e-01
1.754912824526033255e+00
-5.224968226656714343e-01
-6.263590702426689028e-01
-1.404358084508115390e+00
3.655356057215171095e-01
6.489574790045326003e-01
6.380418479230920425e-02
-7.111335202057991189e-01
-7.617120804882173690e-01
-4.310721899899885301e-01
8.908118247976401505e-02
2.344872204889292266e-01
1.320565821594268385e-01
-5.605190761447076397e-02
2.395442114512929543e-01
-6.329026831558177690e-01
-3.473344720897705296e-01
5.396462244862032520e-01
4.898972261113396787e-01
5.847417108146961695e-01
-8.215249660168402190e-01
3.823617886109385022e-01
-4.327886000595012606e-01
1.324384409013364960e+00
-5.280877462425248581e-01
-8.226773700555367608e-01
-3.626315027627095566e-01
