-1.103669266176897645e+00
-2.197551429909815335e-01
-1.792866850496195319e-01
6.066144170940156455e-01
2.706601171482383439e-01
-1.189092494075373319e-01
1.376206439925233616e+00
1.194968501873512778e+00
3.294313839144813461e-02
-4.742319447572069802e-01
-3.109778025102344912e-01
-7.528637349742909324e-01
-9.131348697482943866e-01
-4.784652311689604476e-01
-1.341615234055583361e+00
-7.555070372081694741e-01
-8.893029213568348634e-02
-8.790124276090793831e-01
8.215222747794136415e-01
8.234314701999523312e-02
2.451773210875332065e-01
4.577874766889675762e-01
1.093063691627527589e+00
5.569999332028677808e-01
6.719882458026806837e-01
1.496435116195998338e+00
-6.593737616739151486e-01
-1.170675975305355276e+00
-1.367340342164104161e+00
4.296729968913169939e-01
-7.341132545124984254e-01
1.502929236966029203e+00
6.207966366842796457e-01
-6.507406260398367337e-01
-1.390497230075315560e+00
4.603516993105758459e-01
-9.762817694898013876e-01
-4.065970532930474057e-02
6.685291767715284550e-01
-3.540806429537881606e-01
-2.851317921738044658e-01
1.245716254325792693e-01
8.943106008873732415e-01
-9.503542098417305795e-02
5.025035526059946633e-01
1.920240157618605892e+00
-1.456122401472097261e+00
-7.679857593046373054e-01
-5.916010516671530439e-01
-5.778437758292466198e-01
1.178708742900107076e+00
2.105360541040790512e-02
3.601371154870502966e-02
-6.147886226868389814e-01
-1.251223428859070896e+00
3.116125127419521190e-01
-1.087515968733285820e+00
9.378308619645203681e-02
-2.555533676480197247e-01
7.252208000121208586e-01
-4.464098735121340145e-01
1.078964849418960092e+00
9.857521950619323459e-01
1.050209306559919176e+00
-4.005211759178630704e-01
7.115884307192636982e-01
7.247713974951497384e-01
-9.199360899199602315e-01
-1.331929568039029066e+00
-5.290359659255396974e-01
-1.105225321590713294e+00
1.702735944499918830e+00
-1.124358176359801620e+00
-6.521396398298749952e-01
1.143010628143219076e+00
6.101702587371304887e-03
-3.842162028247435579e-01
-5.986156360211322136e-01
-1.372275380369964992e+00
1.603406336956439304e+00
-1.771631280388675123e+00
-2.278009985377165147e-01
-1.421929854559167872e+00
-4.861310498418063286e-01
-2.556517526510285743e-01
1.028935543128079999e-01
-3.051345744806162052e-01
9.037392721311811039e-01
3.413609418694132369e-01
-9.215925521254362263e-01
-7.517620255043986344e-01
-7.211963230950275694e-01
3.910347036911991925e-01
-1.173544263822378975e+00
8.934400386017959939e-02
1.651032733977220168e-02
-1.715083998536335308e-01
7.723258618406457776e-01
-6.057475029057963756e-01
9.725231671891136909e-01
-2.710985000909054143e-01
1.352890162853954692e+00
-4.657883955104364926e-01
1.419664770154389632e-01
8.168451021452061145e-01
-2.171477156281752530e-01
-4.617830648207555955e-01
-8.418618518866674005e-01
-1.060245819563578440e+00
-1.281761052500691722e+00
1.408828032949755171e-01
-9.774628978164562332e-01
4.572532777079666433e-01
-1.732952239099802672e+00
1.677779260959348484e+00
-1.925824780879760834e+00
1.140111255520146472e+00
-1.528401807713413163e+00
7.956115342184579831e-01
-6.580852259489785583e-01
-8.695799871242215762e-01
7.162655314565474773e-01
1.363813967941333916e+00
-1.025054767024549562e+00
7.455564070939487697e-01
4.372973008653652238e-01
-4.954816360389924235e-02
1.292952321667726334e+00
-1.428568330785190188e+00
-4.622673237486288889e-01
-1.002853592720022391e+00
1.148961814579413154e+00
-1.809840370751963246e+00
1.579745682584450917e+00
-8.431406727526125078e-01
1.146801999923988458e+00
1.198890941791999509e+00
-1.069450412685413188e+00
3.699064573859726091e-01
-1.876312277862005384e+00
5.970528611791994233e-01
6.733689369382862555e-01
6.495143744496364446e-01
8.434972856611737679e-01
-4.164519812084352957e-01
-9.767370094673288872e-01
4.011708342203321731e-01
9.977295609273072463e-01
1.893169048964356893e+00
8.753603017838057498e-01
5.733040670715955356e-01
2.888697052954732891e-01
-1.097858755880350756e+00
1.066600201043680141e+00
-3.146544200315699591e-01
5.046057386938864742e-01
1.009666771209451142e+00
1.279522612805201076e+00
1.444833859941107690e+00
5.220627309696690421e-02
-1.338159584431032334e+00
-5.851091844622648974e-01
2.068040498464310817e-01
-1.062049768349626611e+00
-4.057703902575713339e-01
-6.544114561352220028e-01
-2.093901219708421690e-01
1.757065169494492762e-01
1.354667496666540627e+00
-7.814471374714087037e-01
6.583962706531137909e-01
9.075504028385196209e-01
4.288510946080835717e-01
1.086646197328285712e+00
1.656402268088517094e-01
-1.940904528179664190e+00
-1.011107159257069954e+00
1.496131924152882764e+00
2.589767701453650206e-01
1.738218852876916021e-01
-3.556061779409036561e-02
1.745508640242921627e+00
1.409092117289407753e+00
-9.084157626034280453e-01
4.861133337120236986e-01
-8.687013500368149233e-01
-1.442703207969360690e+00
8.298901041423092373e-01
6.297731608880537957e-01
-1.230356468193581687e+00
1.147974565762718502e+00
-1.434911283361363088e-01
-5.143400155250975603e-01
4.782868594343254731e-01
-8.919884526988329787e-01
-4.611505898057958186e-01
-3.726268118054537615e-01
-2.663399828199812802e-01
-2.597683389409124466e-01
1.177728312883922879e+00
-2.079893598636183283e-01
1.626135907374686163e-01
-1.077140001586810225e+00
-7.827371368145963348e-01
5.274990750992042399e-01
-1.518699874095469360e+00
1.346077829901113354e+00
-1.804743205615217061e+00
-5.315719919760933942e-01
1.018654150837766892e+00
-7.533761980155849747e-01
-9.108569513882290858e-01
-5.494037758246026470e-01
6.605031093142248455e-01
-1.144764984672101971e+00
-7.361547649691491113e-01
1.446856565692002050e+00
5.632012615097309327e-01
1.037788355058960388e+00
2.125114924697383278e-01
1.367342130915139009e-02
3.526477995821729605e-01
1.928835381999486120e+00
9.975156789205764651e-01
-8.764040075658039441e-01
-9.084840502227440329e-01
1.755031658529018213e-01
-1.576036496787473151e+00
2.705843310531144130e-01
1.582963070043975629e-01
1.751594687151108998e-01
-6.788520866245901786e-01
1.119962570943533464e+00
8.785906577001504347e-01
8.202590237450957389e-03
1.629523782603927051e+00
-1.429404167250026170e+00
-6.332290541026406316e-01
6.372076605093087709e-01
-1.365373737263910314e+00
-8.117660648593858497e-01
7.625487620012847412e-01
-1.279466403736524205e+00
2.876687392508998631e-01
-1.122271307585689382e+00
5.842965467877347940e-02
-6.960537989774073786e-01
4.579433171426872118e-01
1.337341622604778513e-01
-8.942735943576299862e-01
5.696783444846205136e-01
3.999702156882347648e-01
5.725051706648750516e-01
2.489212505758224836e-01
-1.748237498411872037e-01
-5.584420435383682380e-01
1.075566206430298877e+00
-1.436513039465211028e+00
1.714019014310598887e+00
3.354097068425075934e-01
7.109160332558642770e-01
-4.975615622343354527e-01
2.673437114635622835e-01
5.652374121998744450e-01
-1.270320703504338677e+00
