1.900982192265158233e+01
1.784837093906463679e+01
-1.949249212958314459e+01
1.507247573128519313e+01
-5.836169985895229928e+01
2.599544041538436101e+00
-3.478204502367018591e+01
-3.491351859710503902e+01
-7.039654133600886610e+01
1.459682732484220082e+02
-3.234713918747247163e+01
1.291923110639222898e+02
1.081687116463461535e+02
3.745187214039299306e+01
1.412946980119706666e+02
5.408273356705651480e+01
-2.013937217133791364e+02
-2.688861979110225509e+00
7.530875618705505303e+01
1.104200561923317458e+01
6.378729164991011658e+01
-6.835339960905396595e+01
-1.132446372424073644e+01
-9.662828900167356494e+01
1.141825342819953875e+02
-6.746692579732998851e+00
-1.305520569435102907e+01
2.939101882938532739e+01
7.120887589852164012e+01
-6.942209888866864276e+01
-2.938482709854686092e+01
-2.209097783976334384e+01
7.453481057680251354e+01
-2.652066988466772557e+01
-6.619103019853532999e+01
1.012607691888199071e+02
-5.239594080502023843e+01
-6.630987431464438941e+01
9.516333113112073860e+00
6.474775172097785081e+00
1.300278724821739047e+02
4.588875852750784645e+01
9.871143342146664779e+00
1.976527697586841725e+01
-4.005077955499240971e+01
-4.667767498698007955e+01
1.883591183928738388e+01
2.645450751962785674e+01
-3.411164359273254121e+01
-5.542374035446851366e+01
1.045358522129968435e+02
7.024612750341445633e+01
1.210369737747493701e+02
2.367724546076805581e+01
-3.822055398912939239e+01
5.702697882765144044e+01
-8.700463068401349176e+01
-9.730342246576567433e+00
1.573252551799254491e+02
-1.304463743386765202e+02
9.467803156711907775e+01
-6.232155141054292358e+01
4.892696978325940194e+01
6.352659558558746511e+01
9.642160338110511475e+01
-7.161702932039631264e+01
-6.465037790855122068e+01
-2.296527684323218566e+01
-8.243861474323038863e+01
-9.172896485755735796e+01
-3.742794580257486103e+01
5.851621258956684812e+01
7.367162349860453219e+01
-9.840368490129859369e-01
3.496908346879969542e+01
-5.431730932635672815e+01
-7.017551936685300973e+01
1.672096666637963969e+00
-3.964450682401154324e+01
2.129496634343206551e+01
1.683212398295035328e+00
3.325790284309304212e+01
-1.623350205920683820e+01
-1.411367490269651981e+01
-1.473491789804931784e+02
3.014359801304452091e+01
-2.120799957133229086e+01
-3.764999523290563133e+01
1.204473194238907467e+02
-9.805143328321975105e+01
-7.806994783213455946e+01
3.503800084119290403e+01
-2.783867395105023013e-01
1.754834992561143636e+01
-7.241833090325903299e+01
6.500894046739828980e+01
-1.923541137310514770e+01
9.920360360271973832e+01
-2.893551950391223926e+01
2.262119041159897037e+01
5.594276690555653353e+00
-4.859707131901202359e+01
1.966618592750784700e+01
-1.006880129678315505e+01
2.996296069838052034e+01
-1.609144299327889627e+01
2.069100796118647523e+01
7.303741217927500884e+01
-2.369404846792832231e+01
-2.684704149210878654e+01
-6.019304814721984087e+01
-1.904937874403777442e+01
-1.849423328705245595e+01
-9.099053043824808640e+01
-1.098115644948937764e+01
-2.273792452413304588e+01
-4.802915053422266567e+01
3.235871756280261735e+01
-1.816875284933384904e+01
-6.957455413034085723e+01
-2.155665791613008153e+01
-9.771967155090784729e+00
1.646176404640742703e+02
1.076276372129395327e+02
-8.152961232182562412e+01
-1.627371012691443397e+01
-2.731439997417166055e+01
-3.354142406537912535e+01
-1.137402413938224157e+02
1.274771738002129950e+01
-9.038492323996813127e+01
-5.064263853915355895e+01
-4.252839425273442941e+01
2.123553761317216981e+01
-7.673419462572968541e+01
-5.104798952311325877e+01
-8.193712054949040535e+00
1.733705198317156615e+01
8.518807370307918347e+01
6.091644135403850413e+01
-6.927595232539869130e+01
-4.090567678139512608e+00
1.175671184004847447e+01
3.602573983058569240e+01
-2.929464578063977598e+01
3.658856477918248373e+01
-1.599181154648269398e+02
5.335975869951062123e+01
6.310846347164896564e+00
-2.794516017203479663e+01
-2.929385462692583886e+01
-1.154433328841072193e+00
1.600024723631515826e+02
-6.501441177234158886e+01
-1.917535459080522386e+01
7.326717774249706849e+01
1.952049435565112745e+01
1.703779860655117773e+02
6.480435804287425583e+01
4.031230635318161148e+01
-4.511923854487336172e+01
-4.105658792403781376e+01
-6.368145317432555963e+00
-3.782624005997310235e+01
-5.423296572438418650e+01
5.297844114105048874e+01
-1.314783623195473865e+02
-4.510844571708577888e+01
7.425385168370083555e+00
-4.037573433318454619e+01
3.026004117857539200e+01
-1.130780733034853291e+01
6.444707410033090866e+01
1.771842783622565420e+01
1.884286380591211341e+01
7.343422963546775861e+01
7.074506084859543797e+00
-1.747964290603800919e+02
-1.448738977996722710e+01
-2.899736481444722713e+01
-4.133588131295249468e+01
4.807115505436372160e+01
-7.667136773697947660e+01
6.176047858638941790e+01
-9.260890190580374437e+00
1.306849609757018698e+02
-3.970386655618572291e+01
5.732895696553398146e+00
-7.238892209320890458e+01
6.169733776136040859e+01
1.421332974392791186e+02
-4.259212310045730021e+01
3.337158793361153641e+01
-5.949322728872274268e+01
6.210040093779596759e+01
-2.270307882657684129e+00
-2.115483600125712726e+01
1.900450058393705888e+01
1.375571875515389308e+02
4.589783472132391573e+00
-1.780142273132211272e+01
2.445127656670927507e+01
-1.149511353687354500e+02
1.597277323156803845e+02
-1.659808548516259918e+02
-1.076361618622471070e+02
1.057502062971967547e+02
5.458450848849732751e+01
8.742180081497912170e+01
-9.770344606509519281e+01
7.345576908221622148e+01
9.486530188094801019e+01
7.469540666004338902e+01
-3.885945637235073136e+00
1.027356514646725039e+01
-9.364585985567607906e+01
4.680231089337372907e+01
-3.036771678706989164e+01
-2.408296753518586186e+01
-8.783174571742623016e+01
5.338218137832922849e+01
-1.020799216448847346e+02
2.055381015163499470e+00
-3.372237125250526901e+01
-3.137409587225226204e+01
-2.810040700381788525e+01
6.161186066506743231e+01
-8.276788455380740572e+01
-4.281830834572695466e+01
-8.085734550592391656e+01
5.564530789575917424e+01
1.253374298520128782e+01
2.231528639969583949e+01
6.229388948379730095e+01
-1.653137718637630371e+01
3.173020588084617444e+01
1.327579719546512393e+01
1.588944362748688732e+01
-1.869504905060421507e+01
2.070175305566134583e+01
-6.521041669810642816e+01
1.516162609292899965e+01
-6.669521726118013305e+01
1.367429133225431030e+02
-2.119813818921909743e+01
-5.892530157552985060e+01
7.617577888843339906e+01
-4.842371010441350165e+01
-6.220563452115145253e+01
-1.434109160980982622e+01
-7.673866521217429515e-01
-3.131735332570285735e+01
-9.461467172294349837e+01
-1.890576338235976905e+01
-2.847138180648533634e+01
-4.813439885984170985e+01
-7.839415412762319590e+01
-5.075080251537676190e+01
-7.760362427276062647e+01
-8.137795903213046245e+00
-6.682670306971064633e+01
-2.466111347912561058e+01
5.622285402372529006e+01
9.038859498591527597e+00
-4.052641986877419811e+01
