5.391071831345777277e-01
-5.669627265746421951e-01
4.051699741490304429e-01
-7.062670683092187041e-02
-8.522811844957560723e-01
-6.141597438937784759e-01
9.143995793214023671e-01
-5.625443217726890932e-01
9.644655422482599771e-01
1.242455410358853651e-01
9.155967570433962699e-01
-4.012679613498641995e-01
5.981957200115504136e-01
7.297349418443774827e-01
4.932180400445660418e-01
6.442958277106156650e-01
2.569218952649898746e-02
-7.858433940177487198e-01
-2.062955891794213681e-01
6.303351130650827194e-01
5.267101146433212921e-01
9.629040928164784852e-01
1.599700205123550933e-01
1.424615843568723950e-01
2.485713423282946977e-01
5.875130201121974149e-01
2.053630548487199725e-01
-9.643536833163071087e-01
-9.740389135608489291e-01
5.000980739425053834e-01
2.592584961585910897e-01
2.635726216538869515e-02
-5.096827772046854665e-01
-2.125843728669485344e-02
-4.123633082383808546e-01
6.407698449613774550e-01
-8.646210392860087524e-01
-5.357200999243392214e-01
5.360953041406411046e-01
2.141624038122740270e-01
2.275557919015895880e-01
5.971394218911241225e-01
-2.399579436419687628e-01
4.107454439921105482e-01
-6.193595034195715776e-01
2.519785349862349033e-01
-9.298280146600226281e-01
6.708357433002474224e-01
6.321424712756922304e-01
-9.422117893267871747e-01
-4.205686012318863298e-01
7.809215007857941426e-01
9.233357860726743027e-02
-6.884132085010463697e-01
1.291808612762797015e-01
6.490045807040913939e-01
-8.290022352057471178e-01
8.802295266377173633e-01
5.481207055961712094e-02
-7.296549368203992803e-01
-2.309446520907050271e-01
-4.853122797650584186e-01
8.785150202305394007e-01
-5.106172781478792722e-01
4.586516411122028014e-01
2.845820113861763367e-02
-3.982732135988611422e-01
7.185935728566352765e-01
-3.412594150917853675e-01
-5.341773223094101741e-01
3.522386376363351168e-01
8.879563698793366822e-01
8.569635761912020033e-01
1.880148178406657600e-01
7.029276837190072680e-01
-3.279722090307701787e-01
4.437830191063192320e-01
8.217297237115168684e-01
6.468676048601829098e-01
6.479179476202956423e-02
-2.467132746535944943e-01
6.598121975223862901e-01
1.983224950516817575e-01
-9.981691877209653008e-01
-4.819987561634642148e-02
-7.422495960761077427e-02
-4.194283643410852136e-01
-7.655207272461010959e-01
9.920576616700376160e-01
2.836468542404970705e-01
-6.779019033568611796e-02
-3.184762001103909057e-01
-9.064457493928126386e-01
-2.804687473274878329e-01
2.785819867969574481e-02
-4.310846389697775560e-01
4.811014363844050568e-01
9.807801926669661441e-01
-8.564472788963393146e-01
-1.951101608530585452e-01
9.466045188006932953e-01
-3.578391710624018174e-02
-8.224759978408882066e-01
-1.173248408740046322e-01
-1.680795004559130223e-01
5.232590269676309358e-01
4.907471036698374256e-02
-6.504192885806743263e-01
3.211253466119052824e-01
-5.538198957530318101e-01
-7.881518972474548246e-01
2.618377208885958041e-02
-5.470351053126236707e-01
-2.956133712975381744e-01
-9.656628994373785968e-01
-1.718963514691485006e-01
-3.871705160733986961e-01
-4.571866750156794446e-01
-9.660042385045053415e-01
-2.981704771541373589e-01
-9.918830224186809819e-01
8.683751939234982675e-01
-6.408133508631346231e-01
-9.893078620349127217e-01
3.963272309888827838e-01
-5.756857740576659666e-01
3.869644509310230518e-01
1.358999974479806472e-01
-9.130169075172589466e-01
-5.465270611938777279e-02
6.695425381909025919e-01
-2.270716093548057479e-01
4.132394576648101836e-01
4.432415317429290180e-01
4.100857452677986181e-02
-4.834163431818057077e-01
9.813910331821851241e-01
-6.400902804480843589e-01
7.863176123724486821e-01
8.341594049851686066e-02
9.098644484305844493e-01
-8.483329772307601768e-01
2.785710414273681046e-01
3.211654195897577502e-01
7.955916546554833158e-01
-5.348674504196733182e-01
-5.122314200664397355e-01
7.760582434471408053e-01
-8.726219268406325558e-01
4.098416142447749433e-01
-5.282166949113109577e-01
-9.399969083556136695e-02
1.710270214864511029e-01
4.907530546806340155e-01
4.713413125164933604e-01
-9.290764586990585272e-02
-7.205558556239299861e-01
-3.337979429407731402e-01
4.698583732934655810e-01
2.967027128124446467e-01
-8.523219720575854197e-01
-6.561245667386217395e-01
2.640847379560209429e-01
3.187017420008597668e-01
7.711563548342574848e-01
-3.712370805721110223e-01
8.466134860577470000e-01
8.586143188586161656e-01
-3.747306141638977461e-01
8.621421474592274592e-01
-6.565357961391926622e-01
-5.489816791285611064e-01
-8.822286439461446417e-01
-2.913749336981408256e-02
-6.749937621145798428e-01
4.190298566710657369e-01
-6.265066304185518131e-01
2.405254757100310226e-01
-9.505038658684878961e-01
-1.931565303788442822e-01
5.406463723962617873e-01
-6.719791421099283735e-01
-1.080538924237215426e-01
9.774695748979633780e-01
-5.632287559210946704e-01
6.901243978283531089e-01
6.159088190532451268e-01
-9.034842159781986126e-02
-2.164620067061999720e-01
2.383586091030704956e-01
-8.409833569447164869e-01
-7.340961157401659776e-02
-7.630029674873195500e-01
-2.003850745912583164e-02
-3.272826031384625800e-01
5.125658134512400821e-02
-5.848698455311285294e-01
7.974340159072106360e-01
7.484987697402143425e-01
5.720488936464742658e-01
2.437814174185914950e-01
3.138551047254263260e-01
1.748733361296594957e-02
4.492588822612215704e-01
5.073406257647103956e-01
9.321254659139883714e-01
7.718032550157067906e-01
-7.348879670966703692e-01
9.167218154340368574e-01
-5.446851461132025118e-01
-7.472757723032956712e-01
-9.072227908095009674e-01
8.802474205585053557e-01
4.378281995181649844e-01
1.274482472565565683e-01
1.636112084137297806e-01
-8.464069248647962951e-01
9.752216944230409634e-01
-9.112347470522081938e-01
4.027198113586667461e-01
4.465790794311923495e-01
-8.199342180890389908e-01
5.838224313739548421e-01
3.819705732996017122e-01
4.459637132990410535e-01
-7.493918920417008689e-01
8.314259815439108969e-01
4.634933585393457012e-01
-8.394960846167545121e-01
-2.772714772633457780e-01
4.386574182629088270e-02
3.615614814096779206e-01
-5.324750600954137880e-01
8.170652760557632899e-01
-1.216004199104050443e-01
7.553153390830513736e-02
-5.172779417875172925e-02
3.935901861061303908e-01
3.329981138991380263e-01
1.947125036468504433e-01
-4.569136224296292959e-01
-6.417925257457788302e-01
-9.629046792520941089e-01
-2.258230967894225838e-01
-2.354105395924632749e-01
-7.935028888107900080e-01
-8.171901793316671547e-01
6.111279499933641723e-01
-6.488475721273179175e-01
-4.497762357116352749e-01
-4.408567942389587380e-01
9.132952202251272134e-01
7.760716871718618126e-01
9.907914123936172324e-01
5.175928813979411292e-01
-1.444587509609207565e-01
8.441824240719131289e-02
-6.475366188421967095e-01
4.575062209767368770e-01
-9.176373026631128305e-01
-8.571658902032472938e-01
-7.105584000135265477e-01
9.450754632479623218e-01
1.410262778171254006e-01
3.050813361347428643e-01
