-3.343898972223205845e+01
1.708856652379650427e+02
5.361228671467916485e+01
2.229253487122732835e+01
8.308411413238303567e+01
-2.668780839725607379e+01
1.410561279018434675e+02
-1.995460753111586314e+02
-8.745496604410826080e+01
-4.840621679480662465e+01
-2.348056321321818984e+02
-3.651830831536432953e+01
-2.208608852442620218e+01
-2.141464706390134438e+02
2.171230883314094058e+02
-1.398318417082672624e+02
1.836551225391827913e+01
5.914895166222022738e+01
1.070880674571383366e+02
-1.240382436634480428e+02
2.007852700726175854e+01
7.480396417463767378e+00
-2.168536298497334371e+02
9.999563878665616024e-01
-4.169376196001848456e+01
-1.285759118205692459e+02
-1.326097457655223799e+01
-2.864294862462426750e+02
-3.810584650187006162e+01
-2.338046843619178716e+01
9.560503177451005286e+01
-2.011448101328910809e+01
-5.039714042441274700e+01
4.341672406569433917e+01
7.519529899251267580e+01
1.693375999947948856e+02
-1.315199302481713062e+02
2.273046752924056335e+01
-1.619891724177233527e+01
-4.316294560180742224e+01
2.892416851024905000e+01
1.017518387964117323e+02
-8.630192578383683610e+01
3.129649005169247999e+01
-9.449270767719346509e+01
-6.071278951127374768e+01
5.500602435501277654e+01
-7.966384653952700035e+01
4.478201986572672411e+01
-6.912329196738632220e+01
-1.072270609321991941e+02
1.442340136361496832e+02
-9.001025998089012603e+01
2.832474943058242545e+00
7.123875509105693027e+01
-3.879477595423610126e+01
-5.924198127966786842e+01
4.581518743496340917e+00
6.634841054317845987e+01
-1.950172751924982961e+01
-1.886250216141796443e+01
8.462947400916348784e+01
-3.738875465571483403e+01
7.081853129198910324e+01
3.588191241878175219e+01
3.067930305533338853e+01
3.452536073449910532e+02
7.458698625506050917e+01
-6.081571186648146465e+01
1.249126344137914657e+02
2.788504786392348578e+01
-8.842756905057054695e+00
6.528003895168912152e+01
1.292115227651361806e+02
7.762199097471047082e+01
8.184034509566855320e+01
1.686703766176359238e+02
1.301151521769963324e+02
1.394606649219780934e+02
1.130975430399793993e+02
-1.577865231978498457e+02
-5.663750216211184352e+01
8.924075211868006363e+01
4.122557627056553287e+01
-3.708787857610848704e+01
1.238924550385089134e+02
2.768964286546914195e+02
3.325041101202332783e+01
-1.633266797905387193e+02
-7.921143235542341188e+01
-7.859927303242920971e+01
1.509128017718277874e+02
6.263827987820492638e+01
-7.806446691094630808e+01
-1.492761993769027811e+02
2.034255112568842705e+01
6.138741121039529247e+01
4.268997508745410840e+01
-4.991854459151146983e+01
5.712728557965267129e+00
1.354826504589865799e+01
7.785624648571236150e+01
-1.021928828566522327e+02
2.050293035534066064e+02
7.753793605598072247e+01
8.630964926123267844e+01
-8.489865286854445969e+01
-4.452544938413008708e+02
6.812433248669371721e+01
2.804885831977194925e+02
5.215074140619975651e+01
-9.230968516298814563e+01
-9.843553284801782866e+01
2.148794851806066504e+02
6.817022359157446942e+01
4.233799142252173198e+01
7.183540575357311297e+01
-1.149034026782480140e+02
-3.769582095394714827e+01
-6.426266120049716335e+01
4.011803306510427092e+01
-3.281614355803566951e+01
-9.774597263167879646e+01
-7.585869251673557079e-01
-3.679660637994717121e+01
-4.670491134486218954e+01
-3.319548396328690920e+00
1.890355480340979284e+02
-9.056651711059622301e+00
-7.834199681150191275e+00
1.466160865365806387e+01
6.827375458212901371e+00
1.100901976594340113e+02
-5.278400504062452114e+01
1.759321127506817106e+01
2.255351148135971471e+02
4.649416594296263838e+01
3.273935033787020998e+00
7.746846500619253106e+01
-2.483058326619873668e+01
5.823030365916030604e+01
4.936336288169621866e+01
-1.679992559245429220e+02
-1.879066026097256099e+02
-2.614853203326586026e+02
2.420816782160529002e+01
-1.343065110416120547e+02
9.951393924283188142e+01
-7.033041447211991226e+01
-1.493383579102063550e+02
4.780400948345472756e+01
-2.348452569812908166e+02
-6.131399503673594609e+01
-3.081197310695063152e+01
-3.257097411781735019e+01
-6.478802383697798462e+01
-7.452559729289362167e+01
-8.941589297477672460e+01
6.599518637076847938e+01
-1.484547320216958255e+01
2.053390352524107954e+00
2.238619075576077933e+02
-2.484481704563363280e+01
-4.040213269774459093e+01
3.089789632197579294e+01
8.451667354309776670e+01
3.416718465283915407e+01
2.268130787297370787e+01
1.676241441709989033e+02
-7.251913978542206962e+01
2.673784339581675695e+01
-3.679327449075686474e+01
6.721794358715281703e+01
-3.493629939494971381e+01
-7.906958552057027134e+01
-1.155160869707532498e+02
-1.846097275103327036e+02
4.741735492165498300e+01
3.418882206912245181e+01
-1.565820463096067101e+02
1.740225807272705651e+02
-6.911261043279436933e+01
9.686882230248471615e+01
-2.070816650610637666e+01
-7.462598565066561207e+01
-3.509217820352735373e+01
1.239882929721379412e+01
-6.938952974177381350e+01
1.640428258619675361e+01
-4.122231921289800738e+01
6.901960411341948998e+01
3.984883653931772329e+01
4.382607994187186051e+01
2.019834968453589568e+02
-6.012362390054672545e+00
7.419780256432660792e+01
-1.123515862764642605e+02
-8.436872114012173540e+01
3.110154743760783447e+01
4.028836586292930377e+01
1.255239829683143000e+02
-1.503926013044827812e+02
6.163429451573824025e+01
9.462852186123529918e+01
-3.214801127005421311e+00
-9.567098585497390673e+01
-8.319973918269614188e+00
-1.853596680889458170e+01
8.158867772916585182e+01
-5.139195033215411712e+01
1.072516847843658283e+01
1.277388454700330840e+02
-1.232448359893031764e+01
8.081141504726473102e+01
1.170807905159779096e+02
-2.733252916139381341e+02
-2.010397315481835534e+00
-4.484244914887161571e+01
1.267126887107964848e+02
9.984206707095890465e+01
-1.946618256019671733e+01
2.956757453256951962e+01
1.403505503643637837e+02
-1.744296161073020102e+01
1.124974856272486790e+01
1.352844949356272934e+02
-2.168920051982023622e+01
-4.644155376341220176e+01
9.884342187565215099e+00
1.316865435342438104e+02
-2.487974695268553305e+00
-2.436850461431088490e+02
7.783790300189612310e+01
1.563799961225371646e+02
3.555045058748520859e+01
-3.764949265604629147e+01
-1.345826583419613485e+02
-1.130973662972183575e+02
1.324464667360329315e+02
2.392783608459008349e+01
-1.141385393942175455e+02
2.653468788642161869e+01
8.156771144348466862e+01
1.810605051015796363e+01
-6.486134458805720726e+01
2.931008006118257114e+01
-1.397540523385372246e+01
6.606661486287707419e+01
-9.309840275971608037e+01
-2.210441713250649087e+01
1.599676882003039680e+02
2.182841626326933238e+00
-7.099272145513123178e+01
8.950499783735185133e+01
-3.759460912793796350e+00
9.806613960624365234e+01
8.149536948423615002e+01
-9.917923586285506588e+01
-1.758974598378891301e+02
-4.950891669246033899e+01
8.962341649909832597e+01
-1.748860633718862516e+02
9.884326093260985147e+01
1.692681606929438374e+02
3.646970784766214280e+01
