-6.028385667141091808e-01
-5.445158543081733971e-01
-9.234906408504226505e-01
-2.558947527671169286e-01
-9.738043689885771403e-01
-4.847843684475017234e-02
7.499467725140323004e-01
-8.329862985885037041e-01
7.918774662921435059e-01
-6.202875209911280496e-01
-1.725635598242398761e-01
9.771119097771556739e-01
-1.910998441525995073e-01
-3.561046379507331050e-01
7.147396472981903948e-02
-9.687715609393148242e-01
-4.174630398104004492e-01
-3.787639122595456431e-01
4.775741462641827084e-01
-2.035479812321279169e-01
8.482835079131958445e-01
2.259645131685479313e-01
-1.144466974337943199e-01
-2.386246291088705007e-01
-3.542005957657512472e-01
-5.500451496051015354e-01
5.413142377738946465e-01
-8.007916737887736947e-01
6.255004936382535519e-02
-1.348514219542753523e-01
3.202686416839712891e-01
8.179565877085652748e-01
-2.376677594453568965e-02
-4.488959728743022737e-01
-5.072485279643974554e-01
1.757893918296042912e-01
8.087354518265521541e-01
-3.177584001776887490e-01
7.615073224396482487e-01
5.486208038780493457e-01
-8.317064459914900176e-01
4.444893532092490940e-01
4.111268485264478745e-01
7.681283629539903401e-02
2.708430288265417651e-02
-4.738632802678679479e-01
2.253931876460633088e-01
-3.980593648627639425e-02
-3.369294870165904232e-01
-5.153844722719189697e-01
-1.128152308292014183e-01
-9.379947517803119972e-01
3.622570296138660773e-01
-8.683528618652158748e-01
-8.665008240597453781e-01
7.249053617761240798e-01
-1.986541030848609779e-03
-3.139202881857716676e-01
2.988403267756574166e-01
-8.765246886042028507e-01
2.513154480383399392e-01
8.963822176854223667e-01
-3.074379388001395874e-01
-4.412539784744280436e-01
2.223757657758809181e-01
-9.614379798015968426e-01
9.490204074324171124e-02
7.705600579724736221e-02
-3.897548308294769281e-01
3.378279833452273451e-01
-1.982003194456909423e-01
-1.558724331399448104e-01
-1.265975088282995653e-01
-7.133314427870873775e-01
8.883524104619036077e-01
4.377786007121187151e-01
-3.736710031153251954e-01
7.662262157769550441e-01
-9.624915925048411758e-01
6.750974807095817543e-01
-4.871481959648000792e-01
-6.358888530072914769e-01
5.350571783980249130e-01
7.285321682727472492e-01
-7.821424327010735311e-01
-8.140585126658541615e-01
-1.055523267425169109e-01
1.294904951049162811e-01
4.790923297978051387e-01
-4.097005758275229503e-01
9.710561743388463896e-01
-3.926762928352218740e-01
2.448732065086836052e-01
6.752056450724506220e-01
2.183098203011764049e-01
-4.309445814306687161e-01
-4.211285427103186318e-01
9.104819671314245966e-01
-1.061416763985656431e-01
-6.689348861494237575e-02
3.204765612938937913e-01
3.623049974476539870e-01
5.087916868843844753e-02
-5.922196876441108149e-01
6.775813200708147299e-01
9.925065769420597928e-01
-3.124566009027707203e-02
6.069498267409429992e-01
-5.008410510898142487e-01
4.086481964389732102e-01
-3.843950894861483114e-01
9.862583558122972605e-02
-9.017765818084881868e-01
-6.455280308990081206e-01
-6.798798262921956770e-01
6.429290366489515129e-01
3.905430092577633072e-01
2.896402662367403291e-01
5.890989025478490237e-01
4.636459919238480332e-01
-7.641177384123265526e-01
1.085089632562403761e-01
-9.094708114456953041e-01
6.912669340097021831e-02
-7.566345151665210267e-01
-3.419124246680105284e-01
-6.072335743966181809e-01
1.928221813936310536e-01
-4.532603195932276563e-01
4.758199064753640961e-01
-6.136606712292036470e-02
-2.653883212572265560e-01
7.696597985538846665e-01
-8.274714465414878539e-01
-7.377866777072685789e-01
-1.022808471828546839e-01
4.702050553399410582e-01
3.514224526722076192e-02
6.483325452857378046e-01
-8.162615438847264926e-02
-9.512362290129305897e-01
3.340343341833551527e-01
1.122393986505565433e-01
1.279368125553572710e-01
5.434086309605274945e-01
4.356208198106035212e-01
6.405072778915774645e-01
7.022894922700535503e-01
-3.066513347972261716e-01
-5.121818264804733900e-02
-4.650865137409871952e-01
-4.276695985343730300e-01
1.601726797419660286e-01
8.113625289650863159e-01
1.829193970824618543e-01
-2.017906708423806705e-01
-2.639637623146144918e-01
-8.876131461237206643e-01
4.924759355611274536e-01
-2.136195537382892251e-01
7.483437354051238888e-01
1.267888777668126910e-01
-1.614008697612929755e-01
1.790442199575339455e-01
1.335519751998679450e-01
-9.764953321518254903e-01
7.629921300889659364e-01
-6.605126519583921496e-01
-7.591567109825556603e-01
1.704060111805805189e-01
-6.262128491094731686e-02
8.137227245844869117e-02
3.935369967227966281e-01
4.558590332924210564e-01
7.411344372297046235e-02
-5.608634874058429087e-01
-2.516417305805560556e-01
-1.287931654565439565e-01
2.985945409781398663e-01
9.451181500813603531e-01
-9.320887012742011812e-01
7.833615898978685266e-01
-8.795393817118877244e-01
-3.924344783538691317e-01
-5.137383849166428096e-01
9.499275346559699074e-03
9.812751390609322222e-01
-4.962644094757169277e-01
-5.462678158459413069e-01
-6.780338215769037280e-01
1.270411604299892527e-01
-4.550748343406740837e-01
6.413685993886881764e-01
-2.275768164039151387e-01
6.563653258246655575e-01
1.666846010406703993e-01
9.319738980812295459e-01
-5.556760591890350653e-01
8.889539407143760563e-01
4.101854481254338936e-01
9.306818990994765173e-01
-9.991308019895139836e-01
-1.992341816591887138e-01
1.413269235899143883e-01
7.804500807219227898e-01
5.207275050369342129e-01
-2.601074975221906449e-02
-6.350196304567226058e-01
-4.501616458760957507e-01
-1.633604004037025881e-01
-7.374170453630801703e-01
-8.157906069031171103e-01
3.108536032551652006e-01
3.217190182552851496e-01
6.674839686064755195e-01
-9.648594216983243932e-01
-7.340008037186567247e-01
1.960145715543362144e-01
-4.687319875632851573e-01
6.340055778307323031e-01
-7.808889782259869072e-01
-3.489211032014944980e-01
6.259945272842604158e-01
-6.111614406211103301e-01
6.322238264346748959e-01
-5.095939727840665956e-01
-2.771388129877205841e-01
6.764612069136943795e-01
9.696491625640344392e-01
7.936887528851006568e-01
5.573173408824292352e-01
-9.715409122785538809e-01
-4.046074730953344023e-01
-2.015063614945136194e-01
-9.948515500509285125e-01
3.073228431487642354e-01
8.189428717270330615e-01
-6.352785496067878679e-01
3.747945301123403183e-01
7.579885261013474818e-02
-2.489707379287553479e-03
-1.106948476529250325e-01
-5.805672406579907019e-01
9.346266984172475478e-01
7.185084958989891302e-01
-5.898750793526648106e-01
8.924738074331266535e-01
2.839414668662576524e-01
-6.499484666049473169e-01
9.982796136351881344e-01
2.960098001763755704e-02
-6.481079353588992120e-01
-9.314083416510232638e-01
5.244110671620163533e-01
2.454587550998907908e-01
-4.346405679744991257e-01
7.599461422153586110e-01
-7.367130347471109175e-01
1.530015854458808278e-01
-7.182430558702539436e-01
9.497161836312313365e-01
4.862043293481144168e-02
-7.920290031773735695e-01
7.283498572015751904e-01
-1.343927337129391386e-01
