-1.082720847309952550e+00
2.765751487283297783e-01
1.235597765316030383e+00
1.518442911966221276e-01
1.096989921242087718e+00
-1.370197046638090388e+00
-2.434093291472433362e-01
-1.359850317718048984e+00
-3.759615214276973427e-01
-5.108607610035432733e-01
6.296864859121775737e-02
-1.174382113466904132e+00
1.375485219940401294e+00
5.726503256073650627e-01
-2.615351975121275041e-01
1.212405918130150972e+00
4.544947584225798032e-01
-1.090973007659365335e+00
7.783917160135892521e-01
4.026107941341764418e-01
-8.960262837833752325e-01
-1.186662655048703385e+00
8.609461084159635291e-01
6.306155344815345121e-02
-1.423822244079679500e+00
-5.605544738455379150e-01
1.264580561149318605e+00
3.592730189345449965e-02
-1.228465064574393084e+00
-2.861586657431866021e-01
1.029376957057792641e+00
-6.798314606590915021e-01
1.566495924538767071e+00
6.101173873606768883e-02
7.191571673167219680e-01
-9.303903626227223445e-01
1.006535061942307685e+00
-1.278981915059977048e+00
-8.393868623284462815e-01
-1.208835662032609726e+00
7.651100551879593814e-01
4.182962830819487721e-01
1.454324606232065387e+00
-1.271020437686874782e+00
1.322797135278012792e+00
1.178132214468632810e+00
-1.029684865049540488e-01
9.149237034604869034e-01
9.787573632684322122e-01
-1.679903197238535872e-01
-9.267795792118468379e-01
1.249407652144683745e+00
-1.790870843477096575e+00
-8.038906051137666431e-01
1.512490858632691282e+00
-4.219075399577559837e-01
-9.250461529872943123e-01
9.927028179310534162e-01
1.643396792612841217e-01
-1.343955021949931883e-01
1.599422436719031282e+00
-8.594409915924589027e-01
-5.142418528363734698e-01
-1.531123723908208056e+00
-1.431871254435423957e+00
-1.477513328332508813e+00
5.632833221822408643e-01
1.299936971558184329e+00
1.306877143761725479e-01
7.681063236995174792e-01
-5.233999164673619475e-01
1.495303315646337339e+00
3.531225354675820993e-01
-1.031876231573887193e-01
-1.194522385693344457e+00
5.086537219786830821e-01
-1.424873933967324424e-01
1.368705500476232739e+00
-6.410871927277339566e-01
7.678229959198057397e-02
-3.214485274390022074e-01
1.228650758882030569e+00
1.315747822156172475e+00
-1.509576598095683675e+00
6.981208415661595001e-01
-1.330455560595111164e+00
-8.722678605310456579e-01
1.277937073203782692e+00
7.269218935726837749e-01
3.411575290560558971e-01
-1.976026091620975977e-01
9.539003611198910715e-01
-6.958212644109672551e-01
-7.783271031900632630e-01
7.016402800280379104e-01
-1.192076291601814830e+00
-1.104769798591998864e+00
2.758396553799458140e-01
-1.030301297518700476e+00
-5.278112219107754521e-01
-1.503284180962512151e+00
4.841558471016429444e-01
7.138581697815586935e-01
-1.453935450834565213e+00
-6.796459142608737292e-01
-1.207773463101013522e+00
-1.277899855859826239e+00
-6.394029677854161653e-01
-1.234520107915125564e+00
-3.191593998650085195e-01
6.496764805530331754e-01
-9.329570568516253326e-01
4.999203699315084570e-01
-1.236772796792684481e-01
8.756596574744224259e-01
9.290195430986730729e-01
-2.236532172603276081e-01
1.243409914902073421e+00
7.018510040242559311e-01
6.520294452952241082e-01
9.299808792553296843e-01
1.097782195518992143e+00
-1.253452746642875759e+00
3.877329643564411121e-01
1.832924877742031500e-01
-1.857342096938411569e+00
-9.891277811536425268e-02
1.461082552752199781e-01
3.155591321276851602e-01
1.024490024969495483e+00
-5.994758711567060860e-02
1.324682634002696924e+00
-1.152521492381654244e+00
-1.210359599931487562e+00
-2.522783663471557247e-01
1.522903299024014334e+00
-5.726209035452851648e-01
1.290145658105507742e+00
-7.446696705971546093e-01
-5.197945125239988862e-01
7.755770052178678764e-01
8.266573399093383179e-01
-5.430118579039256987e-01
1.244161553521879071e+00
9.835840322048235995e-01
9.913373028108155571e-01
-4.543664955199445687e-01
-3.619316132204855041e-01
-2.371615017362510569e-01
-1.090788077918637633e+00
-2.221157221555186689e-01
-1.868612783348366779e-02
1.246077680026267398e-01
1.755985851036638845e+00
-5.883290182496065945e-01
-6.331300875125842609e-01
-1.046666502911119512e+00
3.449095201516516607e-01
-2.704896911447449703e-01
1.374848206791527971e+00
-1.250658271068325611e+00
3.120134033478803026e-01
-1.653162824711655432e+00
-1.264901286451483919e+00
-1.237597700628303432e+00
-9.932034871148549549e-01
4.683196886568417039e-01
4.279701218671561058e-01
7.241796167042683363e-01
-1.043061528672977856e+00
-6.418460301442288074e-01
1.293366590211919576e-01
-8.610395494574759612e-01
1.742817617578845235e+00
2.411649980181701514e-01
6.025141904513765523e-01
4.332329173831365177e-01
-1.164422695181314804e+00
-2.298502257503538537e-01
-3.798231773693891977e-01
-1.642151032760812868e+00
1.603657305622986362e+00
3.245024030114541103e-01
4.207984079853596127e-01
1.264110435201163618e+00
-1.354902671295304728e+00
-8.873602768558199738e-01
-9.257581345308311116e-01
1.353950856305316197e+00
4.068626245040385392e-02
1.337733056846702295e+00
-1.815232318450221705e-01
-1.484782039438378165e+00
9.405822809666471995e-01
-6.564468171424490128e-01
-8.108499087246807679e-01
1.835469106280549045e+00
-1.586425324771994383e+00
-1.554335504199181539e+00
1.513963784171383997e+00
3.845798387701354626e-01
-6.552296957761694074e-01
4.879043805464122752e-02
-1.209279236306733285e+00
1.268977430019510688e+00
8.890807037775774191e-01
-6.734018217114507987e-01
1.010565618558821654e+00
-6.985033756429072094e-01
-2.147701840566669240e-01
-1.469320372973666800e+00
-1.266231446112314973e+00
6.891056143629108455e-01
9.676454934651054218e-01
7.156024832066696373e-01
-9.272742927555541748e-01
8.915899889297996816e-01
-1.318731800614257654e+00
-8.822373614824537968e-01
1.524056717542945361e+00
-6.237128962224716133e-01
-2.872679475539441363e-02
7.492366129030891830e-01
-5.480111259276621016e-01
-1.563160423851157166e+00
7.134124669093089288e-01
1.336794916830389646e+00
3.139855355157398220e-01
-4.157218153357227219e-01
9.065792617859942393e-01
1.316277985283311303e+00
1.050496298462695322e+00
5.041338366890736333e-01
-1.241255590089440197e+00
1.645198109202248737e+00
-8.819243022142078114e-01
-1.226396769778228091e+00
9.425050847398230847e-01
1.723076264295551052e-01
5.479130115137613721e-01
7.819385673516078272e-01
-1.018130453423089277e+00
-6.039019708576995882e-01
-4.359128144940797034e-01
-1.606443351393164853e+00
-4.322127557409042309e-01
-1.590684574781827232e+00
5.288356033596999239e-01
-4.592490275935173782e-01
-1.550936232744210441e+00
1.130328805446548346e+00
-8.268751521267914129e-01
-3.707410352233619921e-01
9.167920085317373680e-01
-2.074327559398250198e-01
8.985646085417345885e-01
-8.803439109226484094e-01
1.399742209452313313e+00
2.854384291871809864e-01
-2.603008963276592924e-01
-6.243595667624812773e-02
1.086866756185304039e-01
-9.462725547521774194e-01
1.058997918997944820e-01
3.652380979128663219e-01
