-2.658500074121395329e+01
6.780230405494657830e+00
-1.364726588316280775e+01
2.226121316829876662e+01
-2.000533670077891202e+01
1.720360454676650441e+00
1.765812205271048185e+01
-1.856501524233972233e+01
1.910695914655547512e+01
3.942420035878177131e+00
-4.273489352166743416e+00
-1.342416321614181207e+01
-2.559909084747798769e+00
-5.153524133209598013e+00
-9.077358916771450126e+00
1.506525960185472535e+01
3.822356434811436277e+00
1.894507730317017913e+00
3.502536974262354441e+00
-1.955059982082670444e+01
-1.740701107621825283e+00
2.128093025644975711e+01
9.282367676450840932e+00
-4.918225616793467481e+00
4.944787490313467870e+00
2.879448818479775518e+00
3.792964413613516772e+00
4.995377293676035002e+00
3.462290755530770525e+01
-8.246108206421243203e-01
-5.216917896801985144e+00
-3.712816975436356248e+00
9.154345345037299353e+00
9.193670400258156405e+00
-1.487706400230024784e+01
3.518378324278863545e+00
-1.505842731122518430e+01
-2.817655702698491993e+01
-1.844606948608015529e+01
2.231454546510574399e+00
5.420658308035283035e+00
-2.278809575093122763e+00
2.414031214589263286e+00
-2.159417611049702757e+00
6.756177323672058144e+00
2.239885583255486523e+01
5.879858849920829300e+00
-1.641628492495296188e+00
-5.471211016646011949e+00
-8.189400382790768873e+00
1.487570391639482459e+01
-1.287532882596059380e+01
-6.704859468967978131e+00
3.684195858684937153e-01
-1.213134674566072846e+01
3.008751022060926150e+00
7.877833264116675949e+00
-1.590751241630542623e+01
1.906952427861144939e+00
-2.614918661499822505e+01
-3.336598505114706237e-01
4.609514098240578228e+00
7.233195921861754307e+00
2.378049840217897337e-01
4.214433818952187494e+00
4.053356622497893191e+00
-1.107534263312642508e+01
-4.005210784492041931e+00
9.091091169795568305e+00
-6.776390144595853648e+00
-1.654194765897560515e+01
6.757018224274215612e+00
7.550417839262735242e+00
-2.276039509684883910e+01
4.076898106595201021e+00
-9.374152848872167709e+00
1.167306279095903676e+01
1.462033377759033215e+01
1.837742535407113564e+01
6.949732396770253118e+00
2.892884462281005487e+00
-1.013154131425374871e+01
9.085653267587273874e+00
-1.287879024693656227e+01
-2.082315756196444489e-01
-1.621124347434714608e+01
2.732113818703379327e+00
7.172868609474422286e+00
8.087195691855878721e+00
-1.045396794314399358e+01
4.444093783118080232e+00
-2.733709941532553955e+01
-2.568189805027769612e+00
-1.190142200035035813e+01
-7.359830606369828665e+00
-4.629298852435943523e+00
-1.748198882058168735e+01
1.131964213506877392e+01
4.860369954296775319e+00
-6.877184763632836706e+00
-1.031289943050212266e+01
-1.240620631649334804e+01
2.621266401519218903e+01
-1.070885325342921313e+01
2.334990872724852284e+00
2.032555126984703087e+00
-4.784407608284222846e+00
-1.188673354044495412e+01
-4.342670046523062766e-01
9.505744750673718713e+00
-2.122098992903421433e+01
1.203844013486262199e+01
-1.198390373927536334e+00
2.270573449390640874e+01
-1.974807884404701497e+01
-2.860365313439949020e+01
-1.952550116496318466e+01
-1.306824370844615046e+01
4.521306387708611041e+00
4.324338689096535404e+00
1.330900260484004960e+01
1.371302109087351084e+01
3.855281731409101020e+00
-1.507347892707639581e+01
7.050766278255238717e+00
-8.834351700502251603e+00
1.277899594409452000e+01
9.225268539473942653e+00
-2.678534535616464041e+00
1.292466454513399299e+01
-5.903511451481231909e+00
1.913495047689731943e-01
6.758114491741935126e+00
-7.233054330306771362e+00
-2.139591778325984794e+00
1.116893179342661391e+01
5.247235599292839892e-01
-3.886426836384474282e+00
-5.077463688724090929e+00
-3.053277975032113289e+00
1.054990610504468229e+01
-3.515451333527717548e+00
-1.561206338711384944e+01
-2.160959411348462211e+01
1.664747535244702537e+00
-1.754263128320744514e+01
4.296619086804887466e+00
-3.745639864780216044e+00
2.084227459101511748e+00
1.183263528707959367e+01
3.434814293279095931e+00
-4.741494336139348675e+00
3.694713384083987417e-01
8.782876974018885008e+00
1.609910896937905633e+01
-9.555635181581831006e+00
-6.936372385955956510e+00
1.509790008120086746e+01
-2.408669018985263754e+00
2.055609798736867333e+01
-2.277210577999241981e+00
-1.998714333946822208e+01
1.485330720759521839e+01
-1.824111639506378069e+01
-1.465952352348799792e+01
-1.336870319910325122e+01
-2.946998080562694611e+01
1.398545345563643494e+01
-8.004389193593153706e+00
1.107863911169600080e+01
-1.540532565287382027e+01
-1.328203324638411864e+01
4.410386661436636047e+00
8.187462786699932771e-01
2.325429347517724210e+01
4.087491454647514288e+00
6.279775428622650146e+00
-1.983589539366282040e+01
-8.368548221016867572e+00
-7.552411891482228690e+00
-2.369213824006421554e+00
-1.880628399096711423e+00
-4.458184713979095548e+00
-8.992220024787844324e+00
1.721968543314626121e+00
2.775351496079273517e+01
-1.098387112768776674e+01
-4.722389096633351713e+00
1.363428463022792592e+01
2.278922530288324921e+01
1.885187701541214622e+00
-3.551400375196225312e+00
2.429621751356056514e+00
-1.123162979930777006e+01
-1.134087883005991237e+01
-9.199043507901208727e+00
-2.264089412895397668e+00
-5.656139908633493363e+00
1.491876466880381358e+01
-1.088845602952863878e+01
5.673679113085402292e+00
2.640743505185281137e+01
-5.354900299132149044e+00
1.292021919332584545e+01
2.138738343860924207e+00
1.030765307221400562e+01
1.321055204939638905e+01
1.812079112348069065e+00
1.442058482680918630e+01
1.886236462357851806e+01
2.510937435481560343e+01
1.056740493162587491e+01
-1.116230250703006277e+01
1.150868099716989867e+01
1.374705966449896843e+00
1.113381949188602249e+01
4.025965472899230235e+00
-5.768219911322306714e+00
-2.011480601972280979e+01
-1.234246140190371577e+01
-6.137799931224499517e+00
3.828444710467000522e+00
-7.809426063841153010e+00
-1.495260634362915297e+01
5.738850182123989896e+00
-1.256920908931248348e+01
1.051766855705054660e+01
-1.168749610446033138e+01
1.997893321021877444e+00
1.983758088281342680e+01
-1.360264427502140450e+01
-1.078656664601056114e+01
-2.492270578926913771e+01
1.724794143877115715e+01
9.935192143496914596e+00
-5.750091983453004651e+00
-1.023628967449602456e+01
9.127055260415799509e+00
1.609128854549696186e+01
5.238101266340536455e+01
-9.252635122050437033e+00
1.854029158087642770e+01
1.721302055143579679e+01
2.363205246375501645e+01
3.711911920330120296e+00
1.694883742537915694e+01
6.033894656535796486e+00
6.011958152831069491e-01
-1.138456145246014017e+01
8.515672070235693170e+00
-2.078447699678263483e+00
-6.226740040631467465e+00
7.528298337679117935e-02
-6.510379406113008471e+00
-6.588494760942820605e+00
-1.779624158995747152e+01
-2.627359967813528652e+00
-5.656099965158455589e+00
4.013176493719472049e+00
1.387379341118173848e+01
-1.067067461954417595e+01
-2.155766685006875516e+00
-1.885974886891365720e+00
-1.074008155621135963e+01
-5.487546775068981475e+00
