7.146362875298949424e-01
3.693704898985601393e-01
-2.349963910532957279e-01
-2.530961220759340158e-01
-6.220424861593516486e-01
-4.483015518468180804e-01
3.474847845682376146e-01
7.877000799371334239e-01
-7.196577210321408735e-02
-6.334912806490102799e-01
-1.629144531507640270e-01
-2.529529051154586483e-01
9.933289126906948985e-01
-6.832986813538135529e-01
9.012304946306883835e-01
6.169989999208373987e-01
-8.134650061492428863e-01
-4.312229399103850724e-01
-3.653418860087557785e-01
-7.469265444624335615e-01
-6.938160679930648334e-01
6.614278138012443797e-01
-3.051499425055093639e-01
-8.995321177936489443e-01
-2.213636204724453993e-01
-6.344723430123724306e-01
5.853896873769159903e-02
-8.769578288777823971e-02
7.111481945734166032e-01
-7.710708481850934159e-01
7.317937989525447051e-01
-6.688953504406468520e-01
4.631413428105493058e-01
1.206467321335411014e-01
7.473993151321310924e-01
2.956454025690415932e-01
-8.415400819825609169e-01
-9.448745974059532537e-01
3.266450581681030751e-01
-1.516827807507863390e-01
-8.396261484637713712e-01
7.939851970717267671e-01
4.853622148898428801e-01
8.454752959870881490e-01
4.853900600025307099e-02
4.599378891452579055e-01
-4.462846624724208233e-01
2.533281286474606819e-01
9.365530799678302154e-01
8.165249169299397813e-01
3.923478714562369518e-01
5.181810341607251402e-02
-6.230770982792339652e-01
-8.371311044385100208e-01
6.011636128394972634e-01
-6.000677031426426833e-01
7.173431060470795151e-01
-7.000638187813695845e-01
-3.126818966144817580e-02
9.963958333226270447e-01
-8.666049343746854428e-01
-3.214978159758891674e-01
-2.414017167048887469e-01
1.697458233671738093e-01
1.843952518492988912e-01
6.970002265026392640e-01
6.958681706259742805e-01
-6.538500467451147102e-02
-7.353048890133170312e-01
-4.593639016147519349e-01
-4.657002478204974594e-02
-1.743450819451636546e-01
-8.242356343783946437e-01
-5.105312305348050916e-01
-7.373384526004223005e-02
-4.561704932342027785e-01
-1.539556402028940951e-02
-3.552597297617865468e-01
-2.570141812230246070e-01
-9.866655450525492199e-01
-1.658057923731544037e-01
2.656974390412154552e-01
4.561413151608866290e-01
9.538117026607194626e-01
-7.996305601541916497e-01
5.581600582411978539e-01
-5.489034911140020512e-01
3.844664574018286096e-01
-7.776972233325446515e-01
2.195536916671307626e-01
-2.325808623881944204e-01
4.464095546612153464e-01
4.523471652951427391e-01
4.062427875702596669e-01
-3.537343901234055732e-01
4.849973612869726836e-01
-6.561278195205029196e-01
-2.712057479248057845e-01
-2.293307473245826955e-01
4.027131023010630528e-01
8.550875955953238794e-01
-5.878449306467401492e-01
-6.017833045677658532e-01
7.700520429578702197e-01
9.035626483993528524e-01
-8.218059357476343862e-01
1.208022165454538666e-01
7.628328113393220145e-01
2.890548403762225327e-01
-1.378915948703445249e-01
8.661836449895133905e-01
-3.724970734747410361e-01
-5.434665320669711530e-01
-6.908580578128926952e-02
9.830522041654654597e-01
8.411961829126823886e-02
1.250238758867217026e-01
-3.751419645343747611e-01
-6.909438922631476743e-01
4.071010025385776721e-02
-1.219914278236455818e-01
9.830283755438706805e-02
1.115734511108534832e-02
2.325064873204469862e-01
-2.717493491741351797e-02
-8.987541750355593217e-01
8.954764101597861847e-01
-6.150360515948039009e-01
-7.485190139295503364e-01
-3.938287651384433374e-01
-8.706421583175382173e-01
3.611708874912606948e-01
9.327959167533514950e-01
-6.822445561624407295e-01
-5.086826695820745314e-02
8.475041613328850865e-01
3.227858728156070001e-01
5.969191242876834558e-01
4.369306110417792155e-02
7.692417391980073127e-01
6.889386080637115439e-01
-7.088872459028370265e-01
1.334614189398088957e-01
-8.173852663590137624e-01
8.690964706378370153e-01
-9.993486043973272004e-01
7.435012485335937837e-01
-7.073315691242543224e-02
-2.144402451969272816e-01
8.756888347940323669e-01
-2.309182428194129777e-01
-8.783789407277783345e-01
7.801333083021869674e-01
3.759185563874771763e-01
-7.635492004020122403e-01
4.378439285404085446e-01
-1.837975592489802246e-01
-2.747055009147572058e-01
9.026854342205218318e-01
-9.007373269335264276e-02
-8.618844469649737938e-01
-7.735838913050523402e-01
-3.421856152374893600e-01
4.386451453885731322e-01
5.433350546500403944e-02
3.036996681934224229e-01
-8.641849050803879217e-01
4.166973963114415369e-01
-2.313982351142573890e-01
-7.909758445329299059e-01
9.715537909781959414e-01
-6.966048830481170739e-01
3.289213039137777184e-01
1.025551524719956475e-01
-4.972726344439456492e-01
4.125826084815187311e-01
1.674135286709430570e-01
-2.602688882619890176e-01
9.651785832363056761e-01
1.847520395843533780e-01
-3.309016815915239995e-01
-3.510835969010799307e-01
3.347784507898254880e-02
3.203440886544275390e-01
-2.924517364255272422e-01
-6.184808947602667972e-01
2.130943159845632984e-02
-7.608764547274452505e-01
-6.854424557702246679e-01
9.493574032861702428e-01
-4.641114866617297441e-01
-3.943737786157561764e-01
-2.395913648990017908e-01
9.470086066215840370e-01
-2.839324430842178337e-01
-2.448391916290417747e-01
-4.353056585380741250e-01
4.994497152881914315e-01
-4.678443554629070356e-01
-4.023257603019390061e-01
-2.285685531741863397e-01
-3.570279119688426483e-01
-6.046182583918680020e-01
8.650665404371080669e-01
-9.309040502181019638e-01
7.938361062114225319e-01
9.044049891944037078e-01
1.988121441211543328e-01
-5.277238976586486885e-01
6.668108219424135896e-01
-3.388742872470573708e-01
8.684475333909595918e-01
-9.514979272582837488e-01
1.820938355844288203e-01
-3.796079057703831694e-01
8.805927312598318402e-01
9.226910323800762148e-01
-4.264439247424109958e-01
1.040387987052073804e-01
-1.338047169108742551e-01
3.145722925291916106e-01
-9.633196951212686931e-01
7.858349060521337970e-01
2.670773662753124222e-01
-3.141942595146629547e-01
2.576628605378623593e-01
5.764766242476087044e-01
-1.138126827712748756e-02
-5.884999515418882776e-01
9.519871763071123816e-01
-9.375086103286417449e-01
-7.288277632700590480e-01
4.161020834171165195e-01
-6.429444138540061360e-01
-9.276449836750493283e-01
-5.749334200396529759e-01
4.803135926801016531e-01
-3.863583752318739961e-01
8.081168062391798079e-01
4.178812414310699719e-01
-9.626281013981516921e-01
8.506727844705960218e-01
2.203558641753700087e-03
9.205307538223004293e-01
6.384751139328348479e-01
7.537159073716811486e-01
9.955944614265531678e-01
4.182757367669480697e-01
6.686579419233207311e-01
-4.913836549319252622e-01
-2.732152836073975521e-03
9.263303679223466869e-01
-9.089318730319441153e-01
5.367144375004517798e-02
-7.470002980928341918e-01
-8.111939693024141640e-01
-6.222227831987379165e-01
4.094050531697759343e-01
-4.264547543658587792e-01
-6.478357635964522299e-01
1.912630417353042844e-01
-2.010816732287796782e-01
9.128427741608385881e-01
-2.449037852300169904e-01
8.486683590749057871e-01
