4.868491777167107681e-01
9.059841872724614387e-01
2.321528304314621760e-01
-6.053473254424339700e-01
7.225413282902766188e-01
3.758052463813976729e-02
-4.952304721270410770e-01
2.040181438202832709e-01
-7.098199887790386242e-01
-2.598893579428818157e-01
7.837024250856985397e-01
-1.966460817659965166e-01
1.517808387710641860e-01
-6.567991568886859532e-01
-2.118731465403460579e-01
5.697757583621358979e-01
7.022083393949747343e-01
9.368940344873972759e-01
-2.555467177032928472e-01
7.226170840654575489e-01
3.506052683952869398e-01
9.206461693441108096e-01
1.628541990284579910e-01
7.811538396370774073e-01
4.205341410312051220e-01
-3.968979921627902030e-01
2.812906214785539927e-01
6.932563195492582597e-01
7.692047986266525861e-02
-9.647678756493927033e-02
1.151815645181013537e-01
-7.913787039495605580e-01
-5.847228270061477495e-02
7.870823507362714189e-01
3.383290111072398965e-01
9.789009604160854305e-01
3.787379195473583593e-01
7.847778715912823166e-01
6.559577218363579210e-01
8.627864183213937999e-01
-3.636193219199190807e-02
9.354308722736219828e-01
-4.379411950062290781e-01
-3.154908977755468413e-01
7.004169451172919114e-01
6.731994593971046825e-02
-4.142183831249584003e-01
6.989276709706666590e-01
1.535416631574648694e-01
8.049886601459514957e-01
1.966237809428603711e-01
3.153774840437471028e-01
8.300410248587875017e-01
-8.494930279131596151e-01
5.589516646772763053e-02
2.317928785462806118e-01
3.689061943584981407e-02
-5.959398415882861677e-01
7.637121701447249222e-01
-2.815571162975958330e-01
2.936727958658100768e-01
9.499085593179492637e-01
-2.492232017383939624e-01
-9.564322703862360164e-02
3.527091971523379499e-01
3.639979547677496541e-01
-3.635219928785133892e-01
-8.807774188749644129e-01
6.585496150625140821e-01
1.134973722442222943e-01
-8.067578526697847252e-01
5.778644967852919478e-01
2.580204588576737734e-01
-2.810440297076366445e-01
6.749291110305666308e-02
-5.131422754091128358e-01
9.629496949574689602e-02
-8.546468125690878104e-01
1.217441789004773955e-01
1.147858976881943605e-02
8.681091644698923915e-02
8.141818573765398082e-01
-9.652963740446343088e-01
8.324871345839501835e-01
5.972665655104139049e-01
1.381553264398067693e-01
7.426493330302510465e-01
2.717679917888895513e-01
-2.106371044724664188e-03
-2.522974279389960106e-01
-5.071516079067199811e-01
3.709985205642145623e-01
1.886047620912620904e-01
5.095126435030978840e-01
5.301558153544452257e-01
-9.265308007607448992e-01
9.375463126051428731e-01
7.284175767430456361e-01
3.159239325883167471e-01
9.938870397773331700e-01
-8.917299009124122211e-01
-1.218666841137703294e-01
9.764685363213367886e-01
-2.341872536350164680e-02
6.607455409377733790e-01
6.640856166496429402e-01
-2.765281148254197241e-01
-2.919373867795349575e-01
-4.684779304373987152e-01
2.678335409517755838e-01
-9.423194720055900753e-01
3.639069886396826270e-01
7.257505923912659362e-01
-2.979045740767143347e-01
-7.549949787457781447e-01
6.951370475019746920e-01
-1.473863372588262166e-01
8.726548996601024566e-01
-9.117529545429352567e-01
-3.764295685011942449e-01
3.162656677636614955e-01
3.421560868465398642e-01
3.824436729848224026e-02
-7.800209964370528049e-01
-6.094217177879788228e-01
6.270754836243690455e-01
-8.225902139919243350e-01
4.695990643088385763e-01
-5.086174852851941264e-01
2.134330980443350789e-01
8.692564890166387670e-01
9.114697120504979821e-01
-4.262153384980216231e-02
-1.186148134135462939e-01
-5.607014986766558629e-01
-1.548085285931217747e-01
1.081528034521876958e-01
8.351273080679140204e-01
3.684787086705278991e-01
4.835417957561420899e-01
9.511283003212245291e-03
-2.824471904879670703e-01
-2.810042541101109848e-01
-6.223428461105826592e-01
-8.720940173296265474e-01
4.424790744521047703e-01
2.373461682214057511e-01
-7.130473785391788777e-01
7.923953201010509595e-01
-7.828921023143415869e-01
-8.877176200777023851e-01
-8.997244898754253040e-01
-8.046608300215813969e-01
9.605173016130064134e-01
2.401282557105206550e-01
-5.000238677469219795e-01
4.411618181027696650e-01
1.530757765011558913e-01
9.893543587113255988e-01
9.867879818992810748e-01
-9.597223039651898713e-01
1.665933615816816982e-02
-6.878177495595234614e-01
-7.839564876413598338e-01
5.297084142833039522e-01
-6.656472424786079589e-01
7.300283226750838850e-01
-6.987496366501788625e-01
-8.490143941272125794e-01
-7.048221130812875046e-01
-7.851383119490886742e-01
-8.247263153702109051e-01
-9.084013994949464710e-01
5.149112956292034582e-01
-7.542843534810099726e-01
8.955184984999542408e-02
-6.459178070833071494e-01
-4.154871660899361885e-02
3.510279975757397697e-01
1.723034428843601695e-01
-6.642953831770876949e-01
7.805065803407733593e-01
-9.060047606445298385e-02
-3.744718688454182765e-01
7.784507933046225236e-01
-4.561267496130447796e-01
-9.596865632480924280e-01
-2.993288269559923886e-01
-9.998393904094047269e-01
-2.632826341882912313e-01
-6.626469229566760433e-01
-6.423971126118792618e-01
-6.041342609939324149e-01
1.049407723581543550e-01
-8.485586997604466220e-01
8.953452443023466323e-01
2.718213973983687470e-01
-5.528288748108116657e-01
-6.413409790260788945e-01
-3.676479731523873973e-01
3.020324506682892096e-01
-5.248560770594323799e-01
5.537112434674809069e-01
9.682799671843291822e-01
-7.557413022754764231e-01
-8.074508400711697398e-01
5.063441622329361014e-01
-6.146392665278237466e-01
6.644457127985792244e-01
-7.111153760695148041e-01
-2.433845892170602987e-01
-3.114099441629452070e-01
7.475175231899444661e-02
1.833189150458538474e-01
4.241438660325720367e-01
9.808827008860132590e-01
-4.219941248201226625e-01
2.138367235098808106e-01
3.422887597550088312e-01
-4.459084182942072427e-01
1.130505642853527615e-01
-1.050623257006511047e-02
8.279147341594799148e-01
-8.640266181754596708e-02
9.125243800544331485e-01
-8.278359143508629003e-02
9.838783370815340490e-03
3.332603497426063210e-01
-4.684473938881497102e-01
9.707740606260411020e-01
-2.296507294022018808e-01
7.477877131156374091e-01
1.814325169602786225e-01
-6.750615688470698039e-01
5.266576429163039030e-02
-4.051362968788188024e-01
-1.171918770473090454e-02
-6.277945754861602445e-01
8.809111836931728945e-01
-1.246332235586189441e-02
9.498134557650395049e-01
6.895521608738139907e-01
-1.877503319309654639e-01
2.815190461639223152e-01
-1.321122086650921013e-01
3.610338000468156228e-01
-7.148858020827064674e-01
-9.304601376973802296e-01
-7.716408687381679510e-01
-9.689155893355498872e-01
-9.375341020084724253e-01
3.458730831019345420e-01
-3.429117256399945024e-01
7.746816114283749943e-01
-1.230197402069754808e-01
8.530700940336546356e-01
5.087716867677483101e-02
3.798927180947992976e-01
-7.164352811492269435e-01
-5.887476831657048049e-01
-9.462261294151530500e-01
-4.373172026214018349e-01
-6.659413973486822957e-01
3.747679763100630890e-01
-1.988410947505934168e-01
