-3.581410004276278869e+01
-7.777048602591851711e-01
2.799340418014037013e+01
-3.333533830007573329e+01
-1.909252566501170634e+01
-7.472893605015528351e+00
2.298724879140231181e+01
-6.991806958843162612e+00
-2.900896897325510793e+01
2.762415639019436497e+01
5.569505039763693599e-01
1.935865988229977575e+01
1.097698523281261984e+01
-1.629561165408129497e+01
1.488583487164098074e+01
2.698460196282394818e+01
-3.967975654707373678e+01
-2.662938389872449818e+01
-2.538679928572907230e+01
-2.425440900305211755e+01
1.617165473311912294e+01
-2.871004470607500636e+01
6.614106757701772032e+00
-4.498595728401416416e+00
5.144857605772388709e+00
-1.349045335797272571e+01
3.272048070137427800e+01
-1.384998316432897170e+01
-3.775254692894782949e+01
-3.929133597881740059e+01
-3.063978905443357093e+01
-3.335718375492088228e+01
3.299334173754714783e+01
-7.879713035774951635e+00
-6.110209845268438578e+00
3.907120284811232835e+01
-4.926089328611728746e+01
9.907231354235301879e-01
-3.270210490180919294e+01
-1.238800710393469195e+01
3.368821076603708775e+01
-6.151267619159749955e+00
4.098780326232559501e-02
1.387978529173507702e+01
-2.913867780553722042e+01
-2.131903446120354317e+01
-4.276257112248969428e+00
1.955850825595662457e+01
-9.890813543736233227e-01
3.888298560703001527e+01
1.242750380075166028e+01
1.049971578089381907e+01
-1.538493146853542193e+01
3.869550346273531005e+01
3.126870014808941889e+01
2.683921929441303078e+01
2.241777193754925790e+00
-1.212489367058312340e+01
-2.600114746070720884e+01
1.591441674614565116e+01
7.124820217194374194e+00
5.658167356310288554e+00
-3.741806224481740628e+01
-8.586378333699785870e+00
1.643248920988429873e+01
1.693819700003233208e+01
3.628939041417890365e+01
-4.557923422331401042e+01
-3.877409885318560612e+01
-2.091288493961849326e+01
1.354542093577328021e+00
1.243273022831781560e+01
-2.871832819849627327e+01
3.470746671256070215e+01
-1.339964067541464132e+01
-3.886289260920857913e+01
-2.951405051422467452e+01
4.042432836611112634e+01
-4.387391802533134921e+01
3.162297765765898205e+01
4.274543803593303437e+01
-8.185829602855198672e+00
-2.176786552555005017e+01
-4.508683242034337013e+01
5.547357879849663931e+01
-1.075137381293032846e+01
2.137408382468586332e+00
-1.241240222756112388e+01
1.616432536875904802e+01
2.202374397567194819e+01
-7.106920456774161732e-01
1.749926933796006612e-01
-3.366054731908047870e+01
-3.256228123042799893e+01
2.084458284070255019e+01
-1.421659966533555952e+01
8.056973416366545848e+00
-1.978061201065654018e+01
8.174529225722711345e+00
1.615431412830293922e+01
-2.993231370528529389e+00
2.447331035201468552e+00
3.121596044077418242e+01
6.911329185506609463e+00
5.284193119170693365e+01
-1.469214861097188418e+01
-2.059189338461367669e+01
8.446311747530176106e+00
3.205556076981500979e+01
-1.928916080330903560e+00
4.812958710996019107e+01
-1.275225731265098439e+01
-2.966469228051038698e+01
3.866245951247959312e+01
1.147881016497968787e+01
-4.458013738848924845e+01
-1.241911221028329670e+01
-1.117408838389322767e+01
6.415135584313065742e+00
-3.527969078336773645e+00
2.226486455102529050e+01
1.528279567821080676e+01
-1.869710089503933403e+01
-1.539046635085005121e+01
1.227740266888171483e+01
-5.761139732219724863e+00
1.144797265080148740e+01
-1.138940674950162979e+01
-2.617861824126516979e+01
7.382548694125667055e+00
3.438692186330195710e+01
-1.194044136413215185e+01
1.239615129222759293e+01
4.280561535472172352e+01
2.276928649482314171e+01
-5.485204121775350217e+00
8.987561330787093183e+00
1.374650530230327128e+01
3.716273432224379292e+01
-3.948951919742627581e+01
-1.459610867369072906e+01
-5.719176480754642355e+00
7.521203795825838867e+00
1.268802140125892208e+01
2.253768314285845165e+01
4.154770272483730764e+01
4.032040525477371773e+01
2.429325825994774490e+01
-2.228454528302056303e+01
-5.096885905970460762e-01
-1.863977150965740037e+01
-1.470121570383395060e+01
-9.624867615780571484e+00
-2.343242200678227150e+01
-3.551058932852194516e+01
-3.157170361585057350e+01
5.189260894124144485e+00
-3.129231054245185817e+01
2.447526136131201291e+00
-1.511585752268895888e+01
4.090257383322839502e+00
-2.579202932944734528e+01
1.526086890093618997e+01
-1.719574103259810727e+01
2.023021926110875057e+01
-3.492568572974468566e+01
2.395077942072763477e+01
-3.261963355936520514e+01
-2.150326718152629724e+01
-7.256472168208905060e+00
-2.173444673361325741e+00
-2.250676393636814865e+01
-2.476153499485711507e+00
-2.945722387433387546e+00
4.504451612887384604e-01
-1.318009497360790050e+01
-6.600673546841527850e-01
-7.291037054393973094e+00
-2.261432813140472575e+01
-2.270083349985311827e+01
-4.057544305523927619e+01
1.607268851710371393e+01
1.363782291424909587e+01
1.988597090340467233e+01
8.061624825981311915e+00
-4.048878572964816236e+00
3.386806357345780505e+00
-1.259417550722987045e+01
-2.762125910165584397e+00
7.610337400009925535e-01
2.506831853911057095e+01
1.272566234387604855e-01
-9.330769310228696156e+00
-2.235614306955317154e+00
-3.958559421041530868e+01
-4.364841028784897325e+00
1.896826364879478177e+01
3.929290396409367503e+01
-3.980508260997110881e+01
8.690414395257144875e+00
2.355106847293676964e+01
6.294174333910611097e+00
5.926169319777930156e+00
-7.438208923927537519e+00
1.456075269352791679e+01
-3.282970532221519022e+01
-2.581165937015914125e+01
-9.703956217797480299e-01
1.851229145590503933e+01
-1.124392118986564348e+01
-1.727114157499398317e+01
-7.369999695739775980e+00
7.652745230848435831e+00
1.595890888727997670e+01
1.888153427034531262e+01
1.101533140615824991e+01
3.209921104025510630e+01
8.710800420078385287e+00
1.245683516591489592e+01
2.492742525011099985e+01
-2.201298551316815733e+01
-2.769416037231008687e+01
5.897958441703183396e+00
3.558631087784102309e+00
1.525231569634015827e+01
2.255786709252005906e+01
-2.523965700906504850e+01
-1.194402497566925092e+01
3.981697515761684958e+00
2.066949951378158801e+01
3.417101737035756592e+00
9.135180731845341739e+00
2.530010574129165946e+01
4.703579008891951219e+01
3.347981461083123378e+01
-3.160515866006395669e+01
3.570886226744540259e+00
-2.146532838278412569e+01
1.222050944455991939e+01
2.261124467800365068e+01
-2.159155399407657683e+01
6.008793063327821926e+00
-4.822743801311056444e+01
1.016083742854784511e+01
-1.647289345345541278e+01
2.818869787730287513e+00
6.488644344717407364e+00
4.027098132432946898e+01
-1.381994106968417668e+01
-5.750804603133368431e+01
-5.601110759088920865e+00
2.783960488203938155e+01
-2.231707074327197660e+01
-4.987712074393910733e-01
-8.254206954630125992e+00
1.597825143602914899e+01
-9.896108804590043606e-01
-1.006817860588476954e+01
7.167067674022808532e+00
2.443753560159532157e+00
3.155402563753309408e+01
-9.040739388185627945e+00
8.065243831454782519e-01
4.428844183657288625e+01
2.423752422437142684e+01
