-1.404121049228942653e+00
3.003751767306209741e-01
2.499971482153862112e-01
1.127463299526121565e+00
1.940172506795405649e-01
1.008845372621147263e+00
1.192673825024627821e+00
3.588790098772761117e-01
7.984657176492639952e-01
-4.056917404236350388e-01
-1.224575080609286992e+00
-1.383155601455890560e+00
-8.954737261896936751e-01
8.595313842053993181e-01
9.471632108329937072e-01
-1.158847050447076921e+00
-5.633132889517822317e-02
2.808849029682536358e-02
7.527233168950373532e-01
-1.127968710761750870e+00
6.583607511278410929e-02
-1.490435477801005382e-01
6.495681986038059907e-01
-1.194865285709566294e+00
1.152653932456742414e+00
7.477649733553061173e-01
8.354816465271557302e-01
1.508877507294254239e-01
6.914339730574059484e-01
1.006377724863794842e+00
-5.836542327953098130e-01
1.505710019886614459e+00
-3.166351923600856377e-01
-7.379819098254403187e-01
9.583150290600656040e-01
1.379297953991696968e+00
8.166858177989422263e-02
-1.076142678309917944e+00
9.794334514263969282e-01
8.154354188733584641e-01
1.469137056051848633e+00
-1.347108161630617307e+00
-1.221297800009972345e+00
-7.079768236112242707e-01
9.295681798023820441e-01
-5.040673955870984546e-01
-3.885619626171344376e-01
6.984778881983577659e-01
-6.296922713548676054e-01
-1.376261458127706838e+00
-3.225022208257590783e-01
-3.935753875690484738e-01
5.221989522146537333e-01
1.725899000470637379e+00
1.025177106049996567e+00
3.561242766570053564e-01
-5.339999668527035670e-01
-1.439056647919520371e+00
6.442635672212502218e-01
5.845410410820559566e-01
-1.233262259414763307e+00
-7.159815142177994307e-01
4.139504048215654208e-01
-8.876223320602127931e-02
1.508149701570489443e+00
-6.391198007174898610e-01
-3.810592322553369993e-01
7.076733879879097966e-01
-9.593640970530478151e-01
-3.527566775853649972e-01
-1.302731848343812615e+00
1.100107101303223534e+00
-2.836610425567304139e-01
4.095487206143690884e-01
-1.271482541416130374e+00
-1.114200709393209809e+00
1.440234569374383433e-01
-7.816829255022955669e-01
1.402766593913843396e-01
1.426980651972317826e+00
1.074700692448916861e+00
-6.206414369785704377e-01
2.563235234256537876e-01
-1.425252454999914375e+00
-5.913712338322265616e-01
-6.529705401757435190e-01
-1.195316734043007090e-01
1.492047877333460892e+00
-8.374972207538979863e-01
-8.812446573711443243e-01
8.771638548654392409e-02
1.545309659276561387e+00
2.134076732292589096e-02
-5.711501145550046399e-02
3.943942166028648333e-01
-8.406554614343340059e-01
1.209917537286606226e+00
7.964823497622944837e-01
-3.022422360834229327e-01
-1.135951781025508200e-01
9.920797360466495629e-01
8.456107299852588799e-02
-1.204639645156210470e+00
-1.811852050586318041e+00
3.622790966014299840e-02
1.302037976999967928e+00
-1.456259762070162056e+00
-1.260464979100991201e+00
-1.034758617187033547e+00
-8.290158120532751251e-01
-2.467402610557329901e-01
-1.007808843632604034e+00
1.365662759931801640e-01
-1.550953937867842747e+00
8.115906927678877558e-01
1.619778804171824182e-01
6.779271063302658717e-01
1.249100479373005612e+00
4.726936955057547962e-02
1.285317130095350091e+00
-1.490125690314365370e+00
-9.862516142525101781e-01
4.772010055366321946e-01
-9.308595108783452865e-01
1.942408482246635870e-01
6.491277436979800974e-01
-8.200366170523489817e-01
4.056948281257113931e-01
1.692240431579102200e+00
-6.770384423747890512e-01
2.279443818606629035e-01
1.560557692418264697e+00
8.427098640126815532e-01
-1.123558711982039160e+00
1.994613540431285914e-01
-5.302586067536163572e-01
1.788778983240397524e+00
7.609335306935760546e-02
3.790559332843779217e-03
4.987152506741285296e-01
1.430204380784449114e+00
-1.200433389180437960e+00
-3.897552591538733791e-01
-1.345418786394383392e+00
-7.972841538219943569e-02
-1.145988800967475463e+00
6.696988684497583444e-01
1.059688207794764025e+00
-8.224697106465927998e-01
-6.681836979586144309e-01
-1.051300492828681765e+00
1.382181595635523230e+00
7.247207753095137317e-01
-3.007833918431856990e-02
4.778280347485919788e-01
-9.797114370325022970e-01
-2.926079568816878362e-01
1.046653887707911235e+00
1.278512697103012519e-01
-8.065607076883689608e-01
8.698080678041006930e-01
-3.377727733630406792e-01
3.688670562288987043e-01
-2.805035363564820639e-01
5.918857827393735338e-01
2.875486688373335431e-01
-1.239107609117698683e+00
-7.607332317535618893e-01
-1.083274586326895772e+00
-9.292803506963490667e-01
-1.597794758682184568e+00
1.192942484682223192e+00
-1.018759629160309821e+00
-2.927942858010945670e-02
6.335225643703361609e-01
9.107484670600474175e-01
-1.153235302436685039e+00
6.736816843078734518e-01
-6.796940097472683462e-01
-8.453845743647322442e-01
-1.333824436931938084e+00
3.166455984050966510e-01
-5.943120232302960826e-01
8.951206901278141448e-02
1.331784659501054513e+00
5.316858273147277991e-01
4.981558822892428462e-01
-1.283110539708636200e+00
-9.974298096786267109e-01
-1.125050536887158170e+00
-8.717356753676199776e-01
-5.713142546068838978e-01
4.701810933042727680e-01
7.503062589861494436e-01
1.157276129668237674e-01
-1.326363049551285478e+00
-7.580187955269825917e-01
2.100327267453908631e-01
9.402043482773028149e-01
-1.287849213652588087e+00
-1.514091099205378654e+00
5.365912626068565228e-01
9.648226881083651341e-01
9.715217600853671698e-01
6.753240306443151209e-01
3.016686701743442889e-01
-4.259627325774231199e-01
-4.988776264374339409e-02
6.871410599646351480e-01
1.633493509146296763e+00
-7.873616839558577052e-01
1.302975025350972427e+00
-8.105076461774579633e-01
8.306958052739703557e-01
1.195757705508082580e-01
8.115003426948661502e-01
1.184449210268610830e+00
-1.132432564064406844e+00
1.588201629723962061e+00
-1.306196504923637924e-01
1.795410299673421139e-01
1.855530553951654893e+00
-1.328521922857215376e+00
-3.471158010277181627e-01
1.081558292758630468e+00
-1.606959386846010363e+00
-1.484712705238022012e+00
1.413416827844826473e+00
-1.087405217638832688e+00
-1.189840618883077017e+00
2.853248612945248341e-01
-1.250111841839153914e+00
-3.275926369775190583e-01
-9.409859981021609920e-01
-3.134235202180810642e-01
7.347487963823424728e-01
1.073718232255697291e+00
-2.438824116351626659e-01
-9.547314819268515329e-03
-3.590563542841353484e-01
3.632739968033864564e-01
-1.654551434577355096e+00
1.819450354455448560e-01
8.913737868763458305e-01
-5.191338915452747838e-01
3.131014688493667375e-01
6.875104545570756009e-01
2.218581512385202625e-01
-4.506258111250309173e-01
1.331239599273048801e+00
-8.571271003737268579e-01
6.320756215336842399e-01
-1.173871234366246963e+00
8.608561108979309040e-01
2.353602975300379541e-01
1.136155317783140717e+00
-1.023960656279299108e+00
-4.257631608410579749e-01
-1.045158635497326127e+00
-6.642977768788040915e-01
-3.938776938884005485e-01
3.272276047193342086e-01
-8.083111977573587126e-02
-1.614390142269417350e-02
-9.107970928002917521e-02
