-6.114142540474487575e-01
-3.300806783510885634e-01
-1.368409053828287814e-01
7.319193229120835031e-01
-5.828670271055149676e-01
1.080463392427086777e-01
1.544185499434895803e-01
9.740782272119252738e-01
-3.099061438150207959e-01
-4.203821840568979784e-01
-7.069135901823562218e-01
4.986326179005540205e-02
-5.489781628345058451e-01
2.762624256043622051e-01
-4.534329837014503539e-01
-7.576237485199299737e-01
-4.567660170576115508e-01
-1.503537525677436371e-01
-7.837545153412759369e-01
-7.809752012575030822e-01
-9.258589376931132264e-01
6.197334635450140183e-01
-6.431490645538495698e-03
-4.950383519868355453e-01
-5.662816088151030325e-01
1.174814141940849765e-01
9.421047802831190587e-01
3.009857556652812960e-01
8.124579906999596091e-02
-9.512215195239033250e-01
-4.033589279530331861e-01
1.460484134839123982e-02
5.908859487549251721e-01
9.584040130947921732e-01
8.270881669366918487e-01
-5.561122041546611161e-01
-4.998384841348477714e-01
-9.500634511487364708e-01
-4.036509390850469003e-01
2.668643147697697948e-01
4.331192234497205362e-02
-7.228262346311817854e-01
-6.356611168406258727e-01
2.249356139225557882e-01
-3.215630787965242376e-01
1.179636786372586510e-01
5.266066869581138565e-01
1.194864407093723102e-01
3.405597081698270578e-01
1.350792138514502749e-01
4.692665733027501229e-01
9.954492209120835433e-01
-3.484753440664329904e-01
2.049286546821458277e-01
9.018182219663875010e-01
-7.622228967982482839e-01
-6.818199932690025555e-01
8.068123749178244264e-01
9.341083466196020701e-02
2.029672589264188698e-01
-1.456844466796594073e-01
3.029122689345675745e-01
1.414480026590803075e-01
6.647714418052010910e-01
-6.148041275730509181e-01
4.580861554584974016e-01
-4.449291750194470652e-01
5.305098627215132367e-02
-4.666654458463364019e-01
-3.900252599304852019e-01
-5.590237518953180551e-01
3.242524971072406892e-01
9.607573966149312028e-01
-5.515359725372237509e-01
3.363471756895399789e-01
-3.078791446678978971e-01
8.177793167548488285e-01
-5.652377187601855812e-01
2.372011849337851697e-01
-5.898339224961413052e-03
6.416302801819226964e-01
1.772309122782727009e-01
-2.212078637277987703e-01
-1.517472350162101247e-01
7.310499546064002097e-01
-5.869567713250400942e-01
4.203786443247532478e-01
-3.394629969203035724e-01
-6.893602743584781312e-01
-8.869472524380053180e-01
9.411301430945642199e-01
-8.817865179534267739e-01
5.307411886656929756e-01
6.571992838862317221e-01
9.185899585206092066e-01
-1.894685540755931541e-01
3.348909834784861150e-01
4.740971454995754897e-01
6.709905030217657718e-01
-3.987321933016605424e-01
9.481371456436789025e-01
-9.287545563243826408e-01
-7.261796666673037137e-01
5.463055250537474095e-02
9.160979408787033318e-01
-5.986313362959059248e-01
5.946241162402399194e-01
3.013805833891196606e-01
5.875872743644980911e-01
-8.361265333587724058e-01
6.581240673511290495e-01
1.576859223444633251e-01
8.083387218477064984e-01
-5.228153840889708803e-01
-1.206659198165918045e-01
-1.785137760537036655e-01
-7.082103055681798764e-03
3.980312360522992865e-01
8.899848052006087418e-01
-8.120941856732200037e-01
2.336960428565806325e-01
7.018246225741422428e-01
-9.778975979083330827e-01
-1.633209065834775320e-01
-7.804884065544239746e-01
6.163641146801188686e-01
7.725150277955612488e-01
-9.116243593328388073e-02
-9.052939911990331989e-01
-3.092787986618215079e-01
-3.519802523228821034e-01
-3.712050844671483940e-01
1.539597002574732976e-01
1.321794177535917658e-01
3.671535448286555869e-01
1.148405157011618272e-01
8.236301440606108581e-01
8.866469345266352331e-01
-9.054379104394594258e-01
-4.594632537391294402e-01
-1.193398776064442668e-01
-3.833316152898236240e-01
6.985344886929600872e-01
7.848205650474939787e-01
4.193231238358863244e-01
-7.945823915674070648e-01
3.248234257114348544e-01
7.333525935190734479e-01
6.411418523670509018e-02
4.495373502992725534e-01
4.970965944676166703e-01
-2.467535599752768150e-03
8.285841785402778825e-01
-1.178336987864343488e-01
1.474101963175262764e-01
8.643241764054927501e-01
9.617356752361894134e-01
7.286787929832345689e-01
5.788487504467894063e-01
2.358875466587688763e-01
-1.460565688562271980e-01
-3.384276799133187907e-01
6.342539185005957592e-02
6.518209054836232585e-01
7.396990239180580851e-01
-3.718556380178927867e-01
-1.438141220879052273e-01
-3.813650340024032914e-01
7.968044455155962602e-01
-6.405958956658586168e-02
-8.773499019806720867e-01
-9.883948572611835903e-01
9.583936131717054607e-01
8.960912125143667417e-01
-4.235419319588420439e-01
6.868317358142921325e-01
3.566824693536703172e-01
-7.133045665821269310e-02
9.282963243155424315e-01
-5.408163494948956540e-01
-1.061100304843942688e-02
3.057246489395855082e-01
-1.562572293989403782e-01
7.285347176679568548e-02
2.583410768009901659e-01
-3.462414067404897544e-01
8.403532314797188540e-01
3.198155635484731807e-01
5.758001519754261111e-01
1.733774627300188609e-01
7.801208549402658399e-01
-1.781515669163764581e-01
3.862322779573905684e-01
4.702405974601744365e-01
-6.242075975423830858e-01
3.166195120047277101e-02
6.371935132148416336e-01
-5.101595622478785064e-01
4.098863256136318078e-01
1.858500655052552908e-02
-1.672264917830610376e-01
-6.777659981975228121e-01
-9.747909883021601551e-01
2.574213862127223695e-01
3.903917011998467856e-01
-6.883533689235326047e-01
-3.802073913964880703e-01
1.998371955224060859e-01
-3.806585554582324615e-01
-3.938490415369704234e-01
8.601409718203723020e-01
3.961191450494618849e-01
8.676317164853279973e-01
-3.587959567720666598e-02
7.021723374647339533e-01
-9.491126615670335553e-01
6.273092724170430401e-01
7.939985217633518388e-01
-2.335439670606029861e-01
-8.577358223526119207e-01
-9.244724032835194283e-01
6.952266952301615621e-01
1.859442951860339477e-01
7.024202558443368716e-01
-3.361930769402468044e-01
-4.817295763417608345e-01
1.830043003314112404e-01
-2.738690824421881054e-01
-1.559260386947136645e-02
1.482695079393434590e-01
8.884947496455177784e-01
-6.730392566187763936e-01
8.089295418071691390e-01
-2.956871805809997422e-01
3.551233507930902089e-01
-8.279897907645965560e-01
-6.612432445458171770e-02
-4.327809016642270024e-01
-3.916705930596604546e-01
7.470896281977230657e-01
-9.515819833009200313e-01
-4.332509610124557486e-01
7.208393254605349743e-01
-6.837298605329689138e-02
2.934510595281332179e-01
-6.660783043469638010e-01
6.973997106647127353e-01
5.999223392441304092e-01
8.496324644697454964e-01
-8.070032443701862235e-01
1.391351858635498928e-01
-5.158448813542546585e-01
-5.727654975089393474e-01
-3.532718720477778795e-01
7.645717182453817262e-01
6.447214032447490251e-01
-5.663595650189976460e-01
4.220201142074557765e-01
8.815851829071763568e-01
-6.699624157680199588e-01
7.679064260397829855e-01
5.645093438396213692e-01
3.296187963061196768e-01
-5.479708787120327607e-01
-3.250430349441670863e-01
