4.205796012994102995e-01
2.851641767076631417e-01
2.460442308952044410e-01
6.925690255951284513e-01
-5.019433709443241742e-01
-8.875839770933613426e-01
-8.108551729804940322e-01
-4.174395337451630716e-01
-9.088967077869161137e-01
9.527069494554010198e-01
-7.805754230092729617e-01
8.497746606868215036e-01
-5.609005531721722448e-01
-1.017263822136249551e-01
-3.283917702718825993e-01
4.095094078193231013e-01
1.949725915163114109e-02
9.050642362992600276e-02
-5.315216164414113820e-01
6.523245642985187054e-01
1.207440457473571982e-01
-3.881171129865004232e-01
5.026099682751379305e-01
-7.093287576640281422e-01
4.209244520743489204e-01
6.143481783569859633e-01
-6.729419028408158976e-01
-1.296502544705289139e-01
-4.577379436301700633e-01
6.117346390736932982e-01
3.501285054778162653e-01
2.812082414330845381e-01
-8.479540744187177292e-01
3.856805221115191529e-01
-2.348573727003675504e-01
5.856563587523451186e-01
-2.077062226227230912e-01
-9.690161098076706114e-01
6.702918089444478422e-01
-7.021918438652172689e-01
-9.196383487733226225e-01
3.910130185012037352e-01
6.279469386222817917e-01
-5.053739930554379534e-02
5.984014410989990651e-02
2.537081757284538330e-01
3.800381331461317735e-01
6.656286651845679803e-01
6.888636552163032167e-01
-3.701538590428619102e-01
4.651096431607077974e-01
-8.051981218005761498e-01
-6.462333289937296499e-01
3.309647323206896807e-01
-9.376830730081560095e-01
7.766687356090822281e-01
-4.309362109605741065e-01
-2.896096520545055064e-02
-7.308471717073135032e-01
-2.884493926352726945e-01
-6.759431073074413376e-01
-7.393843113113685028e-01
1.090224471648704174e-02
4.741548599427658495e-01
8.109797753832352907e-01
3.291485241275342588e-01
3.415335634495204609e-01
2.872845716203964450e-02
5.715429709032713301e-01
8.827597280919350364e-01
-7.214396376229119667e-01
3.459049428341411936e-01
1.317967151639172219e-01
2.997701908470475907e-01
-5.893498693480658801e-03
-5.954820307764558951e-01
9.706250424563429569e-01
-6.856475078378365673e-02
-6.320852060723982646e-01
1.569159191953506394e-01
-3.024687392584604062e-01
8.322713247327218067e-01
2.096618433524604086e-01
2.986877987402485335e-01
-5.557945748885046999e-01
7.445119455995350410e-01
3.509207149796751413e-01
6.254211875371804563e-01
9.741380371271546323e-02
-6.486670608070290722e-01
5.221068956341110567e-01
-5.408836496351641099e-01
9.154709456617156071e-01
8.304782142553492896e-01
9.838101542917223608e-01
1.231314757117281111e-01
8.260343632192541641e-01
-3.280929914004229175e-01
-4.554891975861028452e-01
-1.376611023646396870e-01
-6.762856473615643793e-01
-2.594323300276266675e-01
-3.612087896654840868e-01
-4.281623900346314127e-01
-9.199036629400982878e-01
3.178267775698717656e-01
-5.460414623319063132e-01
1.489072177708978817e-01
1.212439718319184845e-01
3.521909050253106965e-01
9.511324547760930948e-01
-5.705981581115033840e-01
-7.801383732276792049e-01
-2.558192246404855652e-01
5.271784564205717061e-01
6.814029768279921129e-01
-8.848320500053286075e-02
-7.642299480291270264e-02
1.756005876602504401e-01
4.569384147142689923e-01
-5.533102441839603536e-01
-5.489665487259836052e-01
-7.935727622532793291e-01
-7.445826706256788441e-01
-1.729385704305061999e-01
-1.066328706821506600e-01
6.848196242662110134e-01
-7.671060565742209292e-01
8.824219846779550736e-01
-2.182232288950589627e-01
-9.547690426377568595e-01
-2.741643601860392909e-01
-7.716178998179865633e-01
-2.118794772282788230e-01
1.663153586823147290e-01
9.248742344965172890e-01
-2.705044397783518129e-02
-2.195557260026901325e-01
8.559277937036990913e-02
3.362064433087983417e-01
-8.493299041155784046e-01
5.546565995425258855e-01
-2.826913944088622621e-01
4.491340961162013645e-01
-3.871381370312292347e-01
-6.781843842053902893e-01
-5.364134229248622709e-01
5.813870524179254318e-02
-8.294154742462240826e-01
-3.886644052767387336e-01
-4.339405765377521984e-01
-1.457713808088922924e-01
-3.705096817821977861e-01
7.623145643770434798e-01
-2.393868213371699305e-01
5.914151159194047658e-02
1.434096113664911076e-01
-5.555908268386466897e-01
5.464712543625425134e-01
-9.379612902998457624e-01
-6.275351163487330464e-01
7.784430980965006963e-01
-7.538057160573976567e-01
9.188667926027460631e-02
8.923115520280495705e-01
-4.731890970492140802e-01
5.171255530484415441e-01
6.673607114575956789e-01
3.066666893209799571e-01
4.342890224569093682e-01
3.209711568109379076e-01
-4.154812695298393255e-01
-6.307227461738640351e-01
7.113047184407745860e-01
1.238164971627289113e-01
-3.938206539501498682e-02
9.689475691017237491e-01
-9.500885156102003570e-01
8.604004153844460046e-01
8.482655297729642108e-01
-4.370255024422391443e-01
7.998104979044107221e-01
-4.854145595655416923e-01
-6.076767050216744792e-01
-1.763007176807176446e-01
-8.422488474506992784e-01
-8.658255477128671274e-01
4.548200297965743211e-02
-5.155023604997992503e-01
9.784284422872442377e-01
6.374114300895812324e-01
-4.471889957016503825e-01
9.584562501046134386e-02
-2.618562278220792905e-01
-3.634539154526710281e-01
2.555327072561885959e-01
6.218730260532572274e-01
1.108458091454456174e-02
2.036183191717260144e-01
3.981005224300142586e-01
4.613646116664793517e-02
5.961495737991371335e-01
3.637496692456574365e-01
-8.528253204057307801e-01
-3.654299687384490181e-01
-4.622311081358740914e-01
9.329286671650467433e-01
3.335514815367959240e-01
-4.641155252221789151e-01
-1.890059059692172916e-01
9.008337314438881194e-01
1.104827573202740165e-01
5.670459688364402062e-01
6.691808869713540275e-01
4.200347049540771316e-01
-4.324810948498867269e-01
-5.966439282251241316e-01
-4.748978344862031520e-01
2.157921591068689970e-01
4.433907626735429375e-01
-8.787551413699548064e-01
-7.339398473285829727e-01
8.311549415802139684e-01
-1.778758249119087864e-01
4.449086847206114026e-01
-6.497582125742531467e-01
-8.948146125626146308e-01
2.862374797201883148e-02
-6.340764743313500595e-01
-8.950622244434216501e-01
2.079626931945290913e-01
-6.571683525174520923e-02
6.399326248930827798e-01
3.964462645069242175e-01
5.111627451478042428e-01
4.943928498049505738e-01
-7.928912512861698847e-01
-6.170769897851797747e-01
-6.507583586612939452e-01
2.944398156062013605e-01
-8.257736049309469806e-01
-7.974876813879365756e-01
9.631178603999333010e-01
1.029361850012200374e-01
2.977150653319542428e-01
-4.257107258785646220e-01
-6.419764656435078543e-02
2.511796933978187596e-01
-7.477603759336022282e-01
-9.361185083069105684e-01
7.978708850588636103e-01
-1.445087336421013724e-02
8.133746802483963201e-01
3.790803463174314825e-01
-5.176007269022566692e-01
-8.574040528155022489e-01
-8.667647999178602625e-01
6.274902601802367919e-02
8.798566651666974714e-01
6.255421954889757163e-01
9.946354377305755001e-02
4.522044205507125270e-01
4.921436335114246496e-01
8.325076546422516266e-02
-7.891518221177094006e-01
