-1.686596498608261330e+00
6.455125473294403005e-01
6.055205743131980789e+00
-2.656703865100801809e-01
-8.045885247393468331e-01
9.083005025499435448e+00
3.439091129947056125e+00
6.298726819265048071e+00
5.912290975682257255e+00
-1.303299343122904075e+00
-3.697955107615540360e-01
2.356187344790613647e+00
5.014086241648512576e+00
-6.968931240756809586e+00
1.074347041502586642e+01
-8.348615023141309877e+00
-1.169001373580519498e+01
8.425303106205411785e-02
-2.780066349684033433e+00
3.585177382827501091e+00
5.636234055860137815e+00
1.208528714570655804e-02
-3.705252986997399134e+00
8.682691100810360774e-02
-7.189308390016833528e+00
9.874008759411230685e+00
-2.436839741663525238e+00
-4.355807403658776167e+00
-3.459741681996873486e-01
4.327889450128258986e+00
-4.770782569400009443e-01
-7.487356440017476356e-01
-4.560539395904317672e+00
-1.195119502995482819e+01
-1.604745189172710695e+00
-9.136471554222083569e+00
-7.225963596797891242e+00
4.691850763059233209e+00
-8.543812191125081057e+00
3.505524882869227810e+00
1.000849623122668453e+00
9.340118695839629837e+00
9.370424489630462261e-01
-3.625261118637687296e+00
-2.715821305225058602e+00
-6.105225516659822382e+00
-4.214956795986182669e+00
2.401728061908760203e+00
-4.614561004872653527e+00
3.543569557759947308e+00
3.235589734871394896e+00
2.046147111079737790e+00
1.206791409851838193e+00
-6.273959439328359977e+00
-9.185853513252922653e+00
-2.945014471089796082e+00
-3.613384304957410809e+00
7.785703803744351781e+00
-7.136438145665964683e+00
-7.643597389644007922e-01
-7.929004829407293897e+00
6.060220323303370904e+00
-5.156069765301474206e-02
8.859185473627512408e+00
1.890137012261441374e+00
1.943861213259598042e+00
-5.554504147780964907e+00
-7.784648724034963330e+00
1.046527953795915877e+01
-6.921734632194493919e+00
5.200424865740099989e+00
1.006412431571393373e+00
-4.919747680233904852e+00
-9.375296011759701287e+00
-8.806629949243950151e+00
-8.325865628251317707e-01
9.575626306514156028e+00
-1.944962100223011525e+00
3.357642572400600045e+00
-4.283906989437436863e+00
6.736651427399536374e+00
-3.657194944248188806e-01
-4.864477610564597043e+00
9.427789359151406146e+00
-4.937115300193335443e+00
2.351568998537614696e+00
1.678418556498151304e+00
-4.576081187100558445e+00
8.392398268180626175e+00
5.324572896547386414e+00
1.007568230256497444e+01
-6.111813601577750887e+00
-1.618987309175886846e+00
-1.373200980338269872e+00
-1.832658766338842282e+00
-5.716304289436651587e+00
9.626789936967616867e+00
1.568648417792550376e+00
-3.694532092154478420e+00
-9.093583462987215427e+00
-1.110645126205504596e+01
-1.087930517826157129e+01
1.431653121521102578e-01
-4.325117474226949921e-01
-1.477778610001108550e+00
9.247349843869692165e+00
-7.475390714111420642e+00
3.777775944960082732e+00
-2.465189336737529047e+00
4.751648931363309458e+00
-1.145652107591331070e+00
9.252472880569213132e+00
9.641715985654251142e+00
5.686572265250591229e+00
-1.200984429774935691e+00
-1.782663482984240932e+00
5.995545062726888474e+00
-1.247637434087337738e+00
3.186221706537016640e+00
2.727219889082911131e+00
-4.135539054017839611e+00
-6.457707445586899020e+00
-1.716566337801284092e-02
1.424978470115905083e+01
-1.636378581557130341e+00
6.324108240886584298e+00
-1.923686130815454254e+00
-4.309505036455830940e+00
-2.261383268656136813e+00
4.266013897533770916e+00
-7.670913099562325144e+00
6.766678135269358130e+00
4.314194751828840602e+00
-6.296736528638918529e+00
5.393084740653518061e+00
-5.156723677675766560e+00
-4.916783280522560418e+00
-3.760187424647458698e+00
-8.365771622745054259e+00
-7.170168866097945681e+00
-1.061776192171402622e+00
6.032808024713707695e+00
-3.005653805766426601e+00
-3.373107106131220112e-01
-4.526680126654817893e-01
-6.144331169528227221e+00
6.062457499198466770e+00
-6.846771815277947759e+00
-3.054986810129945773e+00
1.032743547636434833e+01
3.542329310159384903e+00
3.516166029732904263e+00
5.626211705951757125e+00
-1.489244598626443095e+00
2.955451246911848795e-01
5.339926021888964591e+00
-1.406555302055231049e+00
-9.720039348695525661e+00
9.215773856705050671e-01
-9.971259252928013073e-01
-3.468510979867283517e+00
2.604669291486325644e+00
-5.697769596002373760e+00
-1.041561043072425363e+00
1.653131027413760279e+00
1.034575855245052800e+00
7.345162390843626099e+00
-9.606313846217700458e+00
-2.152157580564945327e+00
-1.889811083880230447e+00
1.888460385601019587e+00
1.285998366810654225e+01
-1.065803680727215053e+01
-5.575158208922865732e+00
-1.371703852727605755e+00
-6.934178055578025024e+00
-1.153527943865724437e+00
4.295482611148628282e-01
1.129871800237637114e+00
-5.531782502807761626e-01
5.526344148774907872e+00
-9.837193532471719237e+00
1.379952210619535546e-01
-2.679534678491893640e+00
-2.402015550874194716e+00
1.022823234408868354e+00
-3.447316741708282839e-01
-3.830998636497542353e+00
6.321911628403555916e-01
-2.968263674638584426e+00
1.763738338110130144e+00
-5.882311176510586215e+00
5.221417885041491402e+00
-3.612287405755410408e+00
-1.448592908823832737e+00
1.137346259180748831e+00
1.052063049769389913e+01
2.839129290222202062e+00
-5.006628854409417961e+00
-2.661551086862820714e+00
-8.259097900417351923e+00
-2.208389558294999055e+00
5.398321989383673802e+00
-1.290905869183977428e+00
7.437973679485114786e+00
8.726861533089456557e+00
-5.397366298234193671e+00
4.897732918176680883e+00
1.690514657626784256e+01
3.058330458924829465e-01
-4.833767211505653805e+00
1.909521855910431665e+00
-3.059994885924057773e+00
4.120112245940701357e+00
9.440690555245941917e-01
7.890258544553592657e+00
-8.099109867740017510e-01
8.078792721715359892e-01
-7.633877979498910449e+00
9.270965359587086674e-01
-7.636052944846403179e+00
9.378233403500544796e+00
1.277392564304733824e+01
3.863259821057126953e+00
-1.897322198396882431e+00
1.774469181347455349e+00
3.350249675305414510e+00
-8.813327440765199583e+00
5.187476993064639608e+00
1.200608672127900789e+00
-3.134774523441596905e+00
-9.148323360738423560e+00
-2.975750635784999876e+00
-2.221022475603819490e+00
2.331829555380531716e+00
5.598390477640648122e+00
-6.153807524344888868e+00
-3.842952012137922146e+00
3.684167122603373201e+00
-3.509988984595659112e+00
-2.705666948972043961e+00
-2.339159797608977520e+00
-4.642270402170195709e+00
5.132472283995221041e+00
8.050703465617674581e+00
-2.588733233627279473e-01
9.439797727081179701e+00
2.244830481393097266e+00
-3.788311325643030969e+00
-1.614307476159973831e+00
5.157926026641027839e+00
-7.020329152063566891e-01
5.096517163192713085e+00
4.857343991844325970e+00
-1.496865534061406544e+00
2.568746443754476028e-01
-5.056272113403872837e+00
8.388855605974034901e+00
6.556177084336981542e-01
2.215893568443127126e+00
6.350195342070936722e-01
7.132492297969540429e-01
-6.312371574689864540e-01
9.685504343983545317e-01
-3.812481048095409886e+00
