-4.482633098171984187e-01
-5.979075951372392339e-01
2.364418536049694985e-02
-9.182000473950162611e-01
-4.631239697942439726e-01
-6.287609182601459068e-01
-3.220025686001990461e-01
-9.582062085628357817e-01
5.846126057640730345e-01
1.745110038780761652e-01
-3.148476382650304828e-01
-8.045843576078590687e-01
2.353229442534958693e-01
6.293971963587847718e-01
4.231426064614192128e-01
-3.228946830201793183e-01
1.796983745523306197e-01
-4.584140303222554724e-01
1.742000704145878487e-01
3.056746868897401992e-01
-2.507457707834854777e-01
-8.644212943621649714e-01
6.993133986830051274e-01
-6.839597479711521100e-01
2.503608492047002532e-01
-1.648871073440565382e-01
2.986270464592364338e-01
-4.041669234479914330e-01
3.326436731412689696e-01
-9.361108437640464075e-02
-6.895093957669657936e-01
-4.355227139958772753e-01
1.178968660183239425e-01
-9.733704957197144569e-01
-7.422197927441644971e-01
8.995537309600565301e-02
8.983396864329160625e-01
-3.716159525687912080e-02
-2.833642354242698058e-01
-7.641554297582491273e-01
-4.830705845653586739e-01
2.435715770159458948e-01
-4.450813888238329685e-01
7.364408936866853050e-01
5.717871058734353973e-01
2.291867676502068463e-01
-2.932463585196387612e-02
2.358282070047867940e-01
-4.609830194345208021e-01
3.280219375346358213e-01
-6.513904906410841189e-01
1.528241488013213356e-01
-6.826629402546415815e-01
-9.590232570620760288e-01
-4.395130170742844733e-01
-5.251484293466597286e-01
5.904533427699019121e-01
-9.241434801400634225e-01
2.129976029812847838e-01
-3.248316372716490985e-01
5.420689844555890424e-01
4.895057085696785659e-01
2.529262842830215519e-02
4.036733356925965577e-01
-2.132250247864615478e-01
6.039370861516175637e-01
-6.140774602641640989e-02
5.142981522248235571e-01
7.488971931327570442e-01
8.396841952865001790e-01
-3.977515588269637803e-01
-1.370888746975775785e-01
-8.756117692339169256e-01
-7.032389864146924019e-01
3.027199485148233116e-01
8.309787085977229371e-01
9.126654203438033797e-02
-1.051734096513337047e-01
-2.180891661210602184e-01
-4.131718346333257408e-02
-4.801112731279868484e-01
5.305343572563667731e-01
-5.185443751974210258e-01
-2.717078843379625575e-01
7.769120468578094574e-02
4.327543652607450664e-01
-9.625321834343012473e-01
-5.345298086202965315e-01
8.582871883507594557e-01
5.598828800594679578e-01
-3.374934307641013209e-01
-4.379658642706107941e-02
9.306275012985443240e-02
-3.320468685072350823e-01
9.017847794441626874e-01
-6.452707918589513092e-01
-8.052375080852274269e-01
9.661816597829844255e-01
-7.010179649817747105e-01
-2.947504150622435315e-01
3.258417941279216912e-01
2.658398950939844241e-01
-9.814521834181804127e-01
1.747058193980708385e-01
6.880217803601085258e-01
7.503617853785016223e-02
5.958948172952946987e-01
8.113805078580000885e-01
4.792233969916031011e-01
9.030427196600689932e-01
-3.562034114675325380e-01
-8.344187561746096993e-01
-7.963376514822715357e-01
-7.814156855558931358e-01
8.527591705565980007e-01
-2.602892229842002081e-02
7.186007273470298440e-01
-1.120050529155787178e-01
9.174253155610212485e-01
-8.755635407295652151e-01
5.573346721683103411e-02
-3.299588465507479196e-01
-3.860783565420198293e-01
8.462975012431961375e-02
6.506864226540740592e-01
-8.214457249272875128e-01
4.305136761364529718e-01
-5.422025894836395299e-01
-3.492230807607104026e-01
3.796213063874906979e-01
8.405846892400083981e-01
-2.570044444340497947e-01
9.625221869244695583e-01
-7.977794831206881376e-01
6.651672064029483522e-01
2.376922213341967627e-01
4.374305818623736020e-01
7.650928045852052328e-01
-4.848659893802564902e-02
1.132826483982367627e-01
7.071524953778351996e-01
8.989063300424549041e-01
-1.825877237914248497e-01
-1.906524413069092816e-01
-8.256539073161219822e-01
-9.829308926431097326e-01
9.974638555588593025e-01
-4.005098116612801906e-01
-2.958394724836757028e-01
-9.569972991218378411e-01
-7.410338279333257283e-01
2.465827012741756974e-01
-8.681353347997466940e-02
3.500822749082115326e-01
6.690129241705462526e-01
-8.116963827596999081e-01
-1.677613567949383100e-01
4.581457112332607551e-01
5.045019334950684442e-01
8.956403450259833310e-01
-4.379472548371572405e-01
8.769731316714928226e-01
-1.033617599104412754e-01
-2.652956982762444405e-02
6.474332236083060188e-01
-7.904360786074620115e-01
-7.495157246712524923e-01
-8.522753758770094112e-01
8.371872506033217753e-01
-9.280834816973002610e-01
-6.539855229674484960e-01
-2.549875030258694775e-01
-8.252266458166856999e-01
9.481387707312163293e-01
-3.045950062716380469e-01
6.207090634890113368e-01
6.128961478927301698e-01
8.384849326690513305e-01
6.684604669523255271e-01
7.288159372097069433e-01
-3.306611546979556504e-01
1.366595325178794340e-01
5.833295131806555123e-01
-4.539715719427972473e-02
3.409435964577773870e-01
1.804429508941141069e-01
-8.030040370647351100e-01
-4.436133186279478391e-01
-8.520580933579635641e-01
7.419003571156201904e-01
7.431748797051993538e-01
1.972966918077994070e-01
2.516735000417600343e-01
2.946275784420091526e-01
-7.883834994638236893e-01
-4.719569287590439366e-01
-8.004145796430093274e-01
9.582412206347210581e-01
3.144249371143679195e-01
8.165844863572819801e-01
3.546303368638643594e-01
9.632980965679036611e-01
3.775734682817022403e-01
-2.452421017773531720e-01
5.043450575982444395e-01
-1.323758568012922687e-01
-4.247082084428321913e-02
3.862036545854587999e-01
-6.322692673685208486e-01
-3.271243319202781219e-01
-7.704848742196723776e-01
-7.170595276518252348e-01
-8.508771697180228522e-02
3.518313581597671824e-01
6.593033368069172173e-01
3.641758993939170352e-02
1.276635167733231047e-01
6.705603094399548159e-01
-6.864129410917549912e-01
-5.167881847028086284e-01
-8.907709755823300934e-01
-7.429992995600012140e-01
-3.226635730739590979e-01
7.702413327404380450e-01
9.042910347205488364e-01
-7.177320567765044235e-01
-4.910265680576841874e-01
-5.164505219057127228e-01
-3.820322178575470407e-01
-4.022586622971391357e-02
8.759730595264774156e-01
6.555675166751013805e-01
4.869829415442221698e-01
-7.451009879364760558e-01
-4.236472250535396888e-01
5.600722830537074870e-01
6.442270170990318512e-01
8.029541017051440299e-01
1.412922052840090981e-01
-9.551326536261868227e-01
-7.139413848622324643e-01
6.672169733700097360e-01
5.458180658004270214e-01
7.932798399676610490e-01
3.709290820706432346e-01
-7.725017572012344846e-01
4.566438644032644323e-01
5.323939433090862927e-01
-3.029238238777118841e-01
-5.875985386590747428e-01
7.540763456963475164e-01
8.281314233897656418e-01
-4.146711373131701794e-01
-9.447428137707225559e-01
-1.046383354205986382e-01
4.253539721674255425e-01
-2.595282114269363838e-01
4.277281330530586789e-01
-5.129032595899301050e-01
6.576941321046649858e-01
3.801212306431454024e-01
2.820782309054026271e-03
4.892841356553971899e-01
3.091271406756876949e-01
-6.393391911408961015e-01
