-2.171935725227007730e+00
1.385949700381701843e+00
1.443554231341351302e-01
1.332687631936757544e+00
-2.030782697654912816e+00
7.941517766221257713e-01
-2.962971420268027067e+00
1.522759709159905439e+00
3.172476857574468151e-02
-3.060403912300848628e-01
3.739194420911498007e+00
-1.154580148380083493e+00
-1.530495360034959784e+00
1.505328513425261194e+00
-3.246400081707992991e-01
7.677423642716740826e-01
-1.286449328774094791e+00
1.531071165025229330e+00
8.449142628226462559e-01
1.088116191938443889e+00
2.415470306834848202e-01
-7.713008722914000970e-01
-1.371814741330903864e+00
-1.328610428460135884e+00
-2.205527340853194129e+00
2.116460922092183061e+00
-2.582131808907546677e+00
1.390693049671157810e+00
1.543856518223994723e+00
-1.838537001876692667e+00
7.313189195121048147e-01
-3.449466443210165600e+00
1.231950349575957837e+00
-1.365313350000876502e+00
-1.556690641035856970e+00
-1.190448151920927566e-01
-2.113458641726591036e-01
-1.091504513239045959e+00
1.067723704794699247e+00
8.222471626416369972e-01
1.423438665469007436e+00
-7.373645719303555390e-01
1.755372478102065203e+00
2.628270583753441469e-01
-1.863027001522978621e+00
1.994332402103071722e+00
1.056822583204297006e+00
1.588577463218317831e+00
-6.629496406961512545e-01
-1.583660118360943558e+00
2.187805390934727257e+00
-3.218139504162524922e+00
-4.150177818511391337e-01
2.550624334292091788e+00
5.401508568852009251e-01
1.758219051856507509e+00
3.377688306453269229e-03
-2.571426434863659516e+00
-5.192873233218548989e-01
-6.567348835950277408e-01
-1.118596576773211115e+00
-2.988502443512630613e+00
2.747450645288500581e-01
4.294899485481389889e-01
-1.284282853566250271e+00
-4.822556232270713839e-01
3.136840845303581204e+00
-1.156124404678893658e+00
-1.114265874066684869e+00
2.002244988913372825e-01
-3.531156712201727887e-01
2.305019381512081189e+00
1.648041764928050545e+00
7.900629431286034787e-01
-2.508793590608820345e+00
-1.039935857452870260e-01
-1.474096821052221173e+00
-7.781059042336276876e-01
-8.821815478781926123e-02
-1.299788324346931478e+00
2.496053112902801296e-01
1.232691887225858096e+00
2.242736789555853427e+00
-5.619990835267729690e-01
-1.754375407787663654e+00
-1.273622847861943241e-01
-3.914831452789294675e-01
2.926632525713832589e+00
-1.282427322236672662e+00
-1.257263281817878539e-02
-1.074372243754531997e+00
7.688908183352495262e-01
2.563734115877156938e+00
-9.111851283737858465e-01
2.920786036286168730e-02
-9.255237901744187701e-01
1.799622977594762085e+00
1.468107586601488102e+00
-4.372762089330369806e-01
-4.942781425573430920e-01
2.522537546610383430e+00
-7.700332701299300586e-01
-4.061078777280824781e+00
-2.622048782846958526e-01
-2.106464216955980184e+00
-2.085588320397858464e+00
3.799724263063551932e-01
1.900698764435087451e+00
2.906583316391037758e-02
-4.603176774938921856e-01
-2.785148941504330455e+00
9.414790953661256179e-01
1.485971309559580344e+00
-2.366833366476551070e+00
-5.229630078115816705e-01
5.638839309933643129e-01
5.644301576122583430e-01
-1.184703348535159240e+00
-9.138404050037879367e-01
5.587318941843554265e-01
-1.436609425933368822e+00
1.131332165109496968e+00
-3.204160324828394302e+00
-8.255480325815856002e-01
2.339632112002116848e+00
-2.438975188177343156e+00
-3.542646657990690118e-01
2.619726645477157057e+00
3.236369862154263588e-01
-2.516702488845450780e+00
-1.213384695280619763e+00
-2.210147298110710423e+00
1.768695688550325107e+00
2.176638059491690314e+00
-2.324437190216690041e+00
1.059723217148628382e+00
1.260105174662630834e+00
-2.644000047642148798e-01
1.501616085673905587e+00
8.238138484828242403e-01
1.070441626768735777e+00
2.490797358582808485e+00
1.690068700230429100e+00
1.096567281687734541e+00
1.022616490733226913e+00
9.852862458697769776e-01
2.892426265276645259e-01
-2.183669416498826177e+00
-4.370796381666177122e-01
-7.095935461170446712e-02
1.597090244132294279e+00
-1.864748335527295353e-01
1.674260209424010881e+00
1.518607682067792064e+00
2.671598253932365719e-01
-1.101094922002626486e+00
-1.984058705194784666e+00
-6.083490269136497819e-01
-2.482209942743216047e+00
3.351584457593741018e+00
-6.646438732680330919e-01
4.833242317514985231e-01
-1.864786516023585028e+00
-6.110265883373697249e-02
1.115805906773277734e+00
-2.473240726267404987e+00
-1.467059565701869461e+00
1.268202910045441723e+00
-3.171242817414777093e+00
3.590181390876124312e-01
1.661603110451842724e+00
3.356128092707665100e+00
5.670863976947801977e-01
-2.526346448850341986e+00
-2.926151582174364441e-01
-2.671543326694222564e+00
7.333545136615173821e-01
6.066039320114473554e-01
1.060242563381379455e+00
-4.721903486944569184e-01
7.099864021931590052e-01
3.512726048929709077e-01
2.873810679008887536e+00
1.211539499189404845e+00
-6.337418325333468716e-02
-3.864607561091906174e-01
3.106253180428633076e-01
4.334424010353067347e-01
-2.770141077165706456e+00
-3.470329087129851997e-01
7.111392967819436528e-01
-2.482946021709649731e+00
2.366729368465541938e+00
-2.591663924998162116e-01
-5.226561473815495296e-01
1.184877334577984165e+00
-1.652456632464350150e+00
-1.061956053490836993e+00
-1.502469953516106571e+00
-1.395083295503810161e+00
-1.661695249880560610e+00
-7.143367261840340987e-01
3.364957055735435798e+00
-2.078203887778145464e+00
-2.304438908895544813e+00
2.124739077940698273e+00
-3.212228580510136045e+00
-1.345542109007650478e+00
2.003846266410632460e+00
1.758638421301213173e+00
4.180599685083946637e-01
-2.387721387366864012e-01
1.242002110732339126e+00
2.303249678130204536e+00
4.288766266305691910e-01
-5.804197117256668648e-01
7.315288105498303217e-01
-9.132300577699137278e-01
-7.659403891753314708e-01
2.170390498942648683e-01
-9.256846632145532272e-01
2.380525975481361911e+00
1.242736025729719307e+00
-7.186053050808909326e-01
-1.456090840180791046e+00
-3.865432043543703955e-02
-1.535421781251568030e-01
2.871748813194487937e+00
1.219441328320959972e+00
6.551499717120414790e-01
1.945528583647142984e+00
1.441291914144778641e+00
2.651657564573483228e+00
-7.527126262121699440e-01
-1.335708277917016185e+00
4.112089894011759839e+00
-9.590240257709574667e-01
8.172205703345710726e-01
-1.717128997392335155e+00
-1.757222620459056639e+00
1.387424402926947131e+00
6.771167733379495068e-01
-3.856200137890896773e+00
2.033448700358707395e+00
8.764672970974473065e-01
-2.947889675363025042e+00
-2.776698936567631115e+00
1.849071138426155558e+00
-2.038761149201341105e+00
-2.363295084132770896e+00
-2.469151667903219938e+00
1.113522853557579406e+00
-2.257434023787795230e+00
2.049193779996216769e+00
2.682703281983785271e+00
-3.017979899958547652e+00
1.559956450038282538e+00
-7.530882538428992357e-01
-1.278967537703808444e-01
-3.756276166908022462e-01
2.299874841413461546e+00
-7.073958389757580845e-01
7.442007531983861890e-01
1.547986779421844483e+00
-1.450690569929323992e+00
