8.562158297267676854e-01
-1.931307254433465959e+00
-3.973281029670957532e-01
-9.866817301982692134e-01
-2.299626252338309307e+00
8.237647255510611721e-01
1.808345481531160814e+00
1.204917800512097070e+00
9.320371127381067433e-01
1.296970528920866617e+00
7.149223874720491700e-01
-1.646494185176793357e-01
-6.533709520580341934e-01
4.519104348297771634e-01
5.548291614027698326e-01
1.718533184105438816e-01
-8.842661596872214425e-02
-1.886211819555444258e+00
1.033368144065502925e+00
-1.509293753229927759e+00
1.391790253506310915e+00
1.194942321553007947e+00
8.136783816760184695e-02
2.144857837908329401e+00
-2.297745971759128647e-01
-1.085178321989111350e+00
-1.100849010945828876e+00
-7.072593671787497094e-01
9.816558567227315901e-01
-1.262901145637595146e+00
-1.687942263630088480e+00
3.566234781998800507e-01
8.979901560871067501e-02
1.559302761141087679e+00
-1.891671231636226524e+00
2.507882789890575559e+00
-1.728123202382999546e-01
1.632794010541186891e+00
1.159875307717836534e+00
-1.473279310606009584e+00
5.606806779593291878e-01
-4.288446739770125360e-01
5.476934107404562990e-02
-5.668859043309069090e-01
8.489142858933140801e-01
3.424691519300528952e-01
6.112757827117372145e-01
9.866803504587158269e-01
8.706838529274356642e-01
-1.014455880523583264e+00
-5.082754385226284644e-02
2.498705846520802965e+00
-8.121487415194585946e-01
-1.721951474104899127e-01
-3.313755163605791587e-02
-9.541883759741422999e-01
9.226302873061038579e-01
-3.709547376081878678e-02
-1.496002556753876389e+00
6.024764640862942944e-01
4.460322363931523704e-02
-1.157082642355421687e+00
1.759587628073165266e+00
-1.901728770952824943e-01
-1.428872483845835095e+00
1.133706652330795706e+00
1.527823867538439462e+00
-1.121644428785581127e+00
1.140129437132813894e+00
-1.943554643188688313e+00
7.737576076144998538e-01
-9.051717328665527251e-01
-9.355724075128326600e-01
1.947553174049447389e+00
3.266328187329974320e-01
-8.505251675219021035e-01
2.240351010910135443e+00
-9.135886728658795253e-01
2.073426723068194200e+00
4.785513326440720694e-01
2.288632223271863886e+00
2.200135553462652105e-01
-8.313002729810587965e-01
6.607681325356407065e-01
1.554169921749625427e+00
1.225792761132630915e+00
1.923906805993004898e+00
2.248857471305078626e+00
5.825299894067883510e-01
-4.811439459831432508e-01
1.742483528060753795e+00
-1.519192658003162055e+00
-2.940613062740959904e-02
-7.630551531175404634e-01
1.605908578078293347e+00
-6.396319310483733478e-03
-3.779497674057683554e-01
-3.036850613750036176e-01
1.792208692184968033e+00
1.580619229779778756e+00
9.724898100020809011e-01
-6.903761539492603294e-01
8.453071690630805657e-01
9.347687427145634498e-01
1.421021511853359343e+00
4.626807597415172335e-02
9.038627628327150498e-01
-2.245066266004259958e+00
5.523526217911027825e-01
-5.408754997410736287e-02
-1.912650471884677295e+00
6.839231077266932912e-02
-3.810496559619087620e-01
1.436451765759816812e+00
-1.262807116160039378e+00
-1.117745663364304587e+00
1.924245254105263925e+00
1.018426585967366016e+00
1.106923726342068814e+00
1.869999001374472059e+00
4.109315102474579429e-01
8.020500814037285764e-01
2.216049325917899715e+00
-3.933225281322137445e-01
1.557392821942385375e+00
7.353306620704769259e-01
8.732188484557263930e-01
-7.105210469093148351e-01
1.837948106915839430e+00
9.589693068969704637e-01
2.234049766376229762e+00
-1.864742639862700946e+00
-2.264369313801498862e+00
3.901528859180440900e-01
-1.939715768789106676e+00
-2.494411057556727762e+00
-7.907468041650259627e-01
-1.824573902790125324e+00
1.759428297187189516e+00
1.463139267545305322e-01
-7.247832047509454867e-01
6.539194826284788764e-01
-7.134379727974579088e-01
1.519499830219295688e+00
2.007232097671631799e+00
-2.615587752818076872e+00
-1.934890892806446772e+00
-1.228044901667530553e+00
-4.601487578830957270e-01
-9.349432760317715196e-01
5.062832915033406156e-01
-9.769141538760089949e-01
4.700112953107325464e-01
1.985801879364834654e+00
-3.128885905562986958e-01
1.689270773158698002e+00
-2.616949443373615125e+00
-4.494413935674200222e-01
5.766127466522513734e-02
9.227810056849928833e-01
1.873144066343114034e+00
-6.718797833445662171e-01
-1.205106305277908518e+00
-9.373951154984558887e-01
1.752432179536485890e+00
1.556051352454618231e-02
1.351599955327740021e+00
-1.003032584628275270e+00
1.579311426974872701e+00
-1.444080704205405130e+00
-1.841773251022380764e+00
3.296890548587357861e-01
2.265406458637502674e+00
-1.271390624985222928e+00
-9.429929376263282981e-01
-1.252373625952191372e+00
1.051397783330901614e+00
1.302936764955884286e-01
5.921279446859208928e-01
-7.732588286282098267e-01
5.093327977811925589e-01
-6.353693239767571610e-02
-1.492659017486388962e+00
1.864383921375487363e+00
-2.868214551792179989e+00
-1.900309504129339855e+00
2.283686305924317317e+00
6.349745890120710445e-01
1.091488041322412617e+00
7.962814489797465090e-01
-1.946069402248090441e+00
-1.904332472372463059e+00
5.071265943898828343e-01
5.970615825553466927e-01
1.148113807001018394e+00
8.374276259970685476e-01
1.583492213277958527e+00
-1.491503520208408373e+00
-1.757165816097009114e-01
1.203512957901217817e+00
-1.234835036935100216e+00
2.004649808573337744e-01
5.379964918295216947e-01
-5.320296039564162971e-01
7.433045231323665014e-01
-7.750431135119312254e-01
1.882548126261959887e+00
1.276231548668932625e+00
-2.356679199135982117e+00
-1.442223165652019690e+00
-3.442088499749349495e-01
-3.743360980156539841e-01
-5.756147154106947550e-01
5.993341426932918825e-01
-1.246895777291346041e+00
-1.120026975937513214e+00
1.789974946781943910e+00
6.559618824328268261e-01
6.168311144237446086e-01
-8.141435236054925806e-01
-2.770092645963151412e-01
2.679222073053705522e+00
-8.734412954058583534e-01
-2.440790299061506019e+00
-7.395450090238093743e-01
2.325160692452880262e+00
9.130213389445918093e-01
2.220092939481612682e+00
5.701124525806624543e-01
1.379148757506226231e+00
2.348297779536696606e-01
2.919374516257681851e+00
4.602106356214761829e-01
-6.402528994701212062e-02
9.816417069170033649e-01
1.550529986535967852e+00
-1.321218475795255642e+00
-1.895754856171782521e+00
-2.113294339999783666e+00
-4.788508988813111600e-02
2.117359237508664727e+00
2.182735579725297193e+00
7.193633527660483473e-01
-9.939290093946515636e-01
5.514046028090222595e-01
-2.535761431143547462e+00
4.056458548064193481e-01
1.471461700003428019e-01
-1.702822142270334238e+00
-1.378725239166024963e+00
1.721028037504036323e+00
7.457392925978045817e-01
1.751506948144320175e+00
-3.166087167660665003e-01
-8.609885888655492980e-01
-1.687112868368071172e+00
-1.388615470386076467e+00
-4.376712557847316498e-01
-1.327335002956125276e+00
1.387528102537793684e+00
-1.546335110453315620e+00
-7.875805361993470921e-02
-4.599860631943119560e-01
-1.656276572468128094e+00
1.101342820298877978e+00
