-1.355973311839026696e+00
7.777576371415251266e-01
-1.599270409470604282e+00
-1.566775646892946572e+00
1.135380025953998118e+00
-2.922747720529147997e-02
-6.538365137382468051e-01
-9.886518724923194779e-02
-3.738130501491321311e-01
6.229832922866773703e-01
3.782258471654165177e-01
7.443776669462152107e-01
4.911924169905205195e-01
-7.462137526490791872e-01
1.502817740963147131e+00
1.499622060095332721e+00
3.579381276486989227e-01
8.818450010198117806e-01
-6.428951136796939858e-01
1.102349037475911064e+00
-7.554358999747234904e-02
2.649348335059720227e-01
-5.890387483378900502e-02
5.123148269242026043e-01
-6.585813801705977522e-01
1.328328275109627032e+00
-5.974725119393902162e-01
1.282014233345667886e+00
1.442979113860112239e-01
-1.803590584510431416e+00
7.151835276555162935e-03
6.461388718571605683e-01
-2.572291578594506634e-01
-8.554249392544264197e-01
8.423000158694622375e-01
6.320151074483264519e-01
5.673413985067033982e-01
-1.279481950933139656e+00
-5.131407975972941404e-01
-1.289392087217479776e+00
-4.044847590401315918e-01
8.257502152627335112e-01
2.542578956014079905e-01
-1.006381190586025376e-02
-1.745361654265816576e+00
-5.211780447074381151e-01
6.487370737264896992e-01
3.705971813517060509e-01
-5.625728253056940797e-01
8.640950290968092418e-01
-1.972801823778750130e+00
1.518005420985988785e+00
-1.168491995394421945e+00
5.194732130225866440e-01
-8.448963360978614112e-01
1.012457040976566525e-01
3.360811286453601054e-01
-8.147980444250626508e-01
1.678626332404541677e-01
-2.226227087506265079e-01
-6.034233385683629436e-01
8.855787688770029309e-01
-8.309958607107198469e-01
1.484799464189903606e+00
7.169407156700607908e-01
1.358073513699861401e+00
5.465216511233597085e-01
8.062657796251333497e-01
4.745602974428838605e-01
-9.523661486872063708e-01
6.101157444816825981e-01
-1.390550502778216124e+00
7.618419570082768377e-01
7.713250772330073612e-01
4.162749484367964659e-01
-1.294419491120810672e+00
7.597842650609514248e-01
-1.315647767455296435e+00
-3.737774260965690543e-01
8.309256826347939384e-01
-1.062378043633422475e+00
-1.470365513354184639e+00
3.220176308409204990e-01
5.661978529888228584e-01
1.259521203282342849e+00
4.440442289517266827e-01
3.749402114334120517e-01
-1.111876719615699560e+00
-1.158063472656906789e+00
1.378047637425579897e+00
-2.147613279917558460e-01
-2.185639711169938826e-01
-1.226253850435696346e+00
-9.482123034810949758e-01
1.727723362024899068e+00
-9.377219151563112032e-01
2.155609787691193269e+00
-2.086454574717054034e-01
-1.246884025335496693e+00
3.206847115211141075e-01
1.390116682038950446e-01
7.658722770308031835e-01
-9.234539716404657206e-01
3.732671551128321497e-01
9.006179500244054781e-02
-7.093083140229466954e-01
-6.314444182907072989e-01
-1.000705160573736041e+00
-1.203213937876397521e+00
-1.528733001486120457e+00
-1.795602320171099109e-01
-1.174401138197522787e-01
4.424981684191326980e-01
-9.839176237699183147e-01
8.306368602992795225e-01
2.196189192124504141e-01
1.082920476399379162e+00
-1.076010805750829302e+00
-6.409985786687693032e-01
1.151857948088227612e+00
-6.943036258917366643e-01
-1.303126245008709105e+00
-1.225496696820597975e-01
9.590184448577024345e-02
-8.184150397387570663e-01
1.469864332879902591e+00
7.177695771467910157e-01
-1.596569512771223831e+00
1.628124362407076475e+00
9.529712127957319368e-01
9.166917947259047850e-01
1.670091567724460990e+00
7.670404114732664036e-01
-9.035761426670926300e-01
3.013618589471758757e-01
-1.451249687057527549e+00
1.517090892483668796e+00
1.277773967843374603e+00
1.502794404537777240e-01
-2.909690092615360157e-01
9.325931503306446047e-01
-3.054648557371530959e-02
-8.196032557788294204e-01
-1.217545586732616592e+00
-1.937019064611853914e+00
-1.124527530228819350e+00
-1.005947430314806823e+00
-5.307761151106882291e-01
-1.370292587333775458e+00
-1.126997214388359758e+00
4.808943627179599334e-01
8.570522552922608117e-01
1.298242080133854781e+00
9.386033471490295987e-02
1.430767331749914550e+00
8.851860554895752964e-01
-1.766547208799771340e-01
-5.255014885090092402e-02
3.585128130946997338e-01
-1.130406416097073041e+00
4.686665072202406135e-01
1.137838633641685693e+00
-8.167226965036891717e-02
-1.618647354879552136e+00
1.009572570754537324e+00
-7.751684133647891439e-01
3.674187558522382657e-01
-9.704284553239297950e-02
5.130936757548989480e-01
4.932652014465763735e-01
6.831593445770323125e-02
3.142964398848646645e-02
5.727379058773232057e-01
6.235579266648609842e-01
5.953798669736891647e-01
3.512227161459237079e-01
1.474960358526731241e-01
-7.610468568349069152e-01
-6.086467695970640968e-01
-7.617454579133238202e-01
-5.756035424807650625e-01
-1.546115997558034305e+00
1.359112084442294144e+00
-1.790137053497133035e+00
-5.421774613917256236e-01
1.041722046851391692e+00
-4.329949780284335636e-01
-1.337581150360847015e+00
-1.550519402999679386e-01
1.141019125382629174e+00
3.704277195218316221e-01
-1.747299903546615796e-01
-6.981162101498209482e-01
-1.009668315533912786e+00
-1.177558235320342650e+00
-3.494348701607368768e-01
-1.951418724838845931e-01
1.402315244995790522e+00
2.675806669235334390e-01
3.854526032409505421e-01
-2.494789729505868525e-01
-1.222188442389272378e+00
-5.674089943595537200e-01
-7.427173344204329730e-02
-1.661597573559961516e+00
1.210271282575704488e-01
-1.848914706980866018e+00
-1.421277984018650020e+00
-4.278174632573523706e-01
3.532509031935618937e-01
-7.723097316353675357e-01
1.043495727335101986e+00
-5.244421822732361349e-01
-1.494744129121835297e+00
-7.508800332287173251e-01
7.218470994817008934e-01
8.118329293990067530e-01
-3.478078111654583360e-01
-7.111078653881606204e-01
8.964282102926454110e-01
8.028736908619336088e-01
4.010510495544308274e-01
-8.069079001386071370e-01
1.440742797325035962e+00
-9.328269064051142312e-01
2.561652438083619199e-01
-4.533410491865262903e-01
1.203300427892979751e+00
-5.437793130395862651e-02
-1.607686779260462329e+00
1.277508223666862675e+00
7.286487481086274531e-01
1.308826534970304767e+00
-1.931181039074013617e-01
1.523431500866978539e-01
-5.245317679957168799e-01
-6.842753447293030700e-01
1.306187514250718884e+00
-8.905500296746081679e-01
-8.443451972305759945e-01
1.214768648553291808e+00
1.237607179089815324e+00
8.414893452671412533e-01
7.323084468356833021e-03
-8.076998368649997984e-01
-1.500991004548258179e+00
-6.597467993048387047e-01
3.632499401369010394e-01
5.857863128495666150e-01
-3.539801426430038145e-01
4.975987912326387264e-01
-1.337719976248820108e-01
-9.064165157792442029e-02
9.494376671239330712e-01
-9.989394909341891005e-01
7.137153481229299157e-01
-1.595113361882858349e-01
-1.192258214871651845e+00
-4.143314404064195600e-01
8.221135466857909524e-02
6.822870942502166081e-01
1.242321533925674348e+00
-5.732337422748354783e-01
1.798678776202803586e+00
-4.803986001828630670e-02
