1.377165505521278366e+00
-9.808141919284700805e-01
-4.446547721558102850e-01
1.535045431460899668e+00
-8.594696540171993249e-01
1.369721248601063479e+00
1.721501105472664772e+00
1.408528079601365945e+00
2.579800909799698339e+00
-1.041101088882370629e+00
6.590544433545979519e-01
1.165484143119228655e+00
7.382309067410384174e-01
1.483157058626119351e+00
5.344624089628360331e-01
-1.440603813414589318e-01
1.877861323717725739e+00
-1.664679849657242805e+00
1.734856795023929532e+00
-1.251784388826583605e+00
8.756371380571197349e-01
-1.434534884365270102e+00
4.860536788248305262e-01
1.510415484100759542e+00
-9.654846671959282922e-02
-1.698543224567631071e+00
9.760405812143684301e-01
8.102088182756408408e-01
7.204885620381507039e-02
7.388636474274734578e-01
6.203017888708517447e-01
1.854541119756901946e+00
8.348290314669264411e-01
5.991745898913802826e-02
-2.959463420923136301e-01
-5.073270085879904023e-01
2.373715111502357811e+00
1.560755281861402111e+00
2.378783206950853213e+00
1.167070855236757243e+00
-7.277314873819208385e-01
-2.065861380356541765e+00
-9.656739656099547209e-02
2.147242191740386552e+00
-1.770507622915025614e+00
1.069166243054727072e+00
7.469944563918010649e-01
-2.025871221445048498e+00
-2.901486174029582088e+00
-5.383737137978550358e-01
7.394849244254331211e-02
-2.438519356119009274e+00
-5.944300188463211843e-01
2.111965951307510636e-01
-2.661831782946708636e-01
-1.167415037459232252e+00
-1.693064621384020807e+00
-1.127564148693619428e+00
-1.062054003963783799e+00
2.460256803392872449e+00
1.854292454671508050e+00
9.216370081770119960e-02
1.413392122724952404e+00
9.942204022252647544e-01
1.324830779549810877e+00
8.522479878019195709e-01
1.127094721394028554e+00
5.144965650192605544e-01
9.991103923916146989e-01
1.438644406443546631e-01
-2.064865964542484278e+00
-1.331092060758746420e+00
1.295890902767202313e+00
7.545440111871579703e-01
1.509646587264672490e-01
-2.050797968280366312e+00
-2.753207086707043505e-02
1.645685544991812854e+00
-1.418381160727210322e+00
-4.861942201662843299e-01
-1.814643639535988839e+00
3.184570674057884965e-02
7.944018165688113697e-01
-2.563589753424002637e+00
2.976424794409060492e-01
1.636038677062065183e+00
4.811602708621147695e-01
2.899767279788878493e-01
1.492217418517960636e+00
4.966418206611602493e-01
8.522881798071422210e-01
-1.462285581842487581e+00
-1.640156115045516394e+00
2.474888339351415389e+00
-1.280466439937743672e+00
-2.989805785169614705e-01
-1.128633089159858827e+00
-1.773746887344809231e+00
2.049780775150340517e+00
1.491776835685135083e+00
-1.752112797230030772e+00
1.553813017912980321e+00
2.656854594186022211e+00
-5.511285239654735157e-01
1.761542499436652420e+00
4.767779056361010070e-01
-4.067020903648246311e-01
1.940468676148518590e+00
7.652614037741659603e-01
-5.782644812368094023e-01
-2.410795212494389439e+00
1.136841246049239196e+00
-4.413869498567433158e-01
6.277584628033785474e-01
-1.742968210481436131e+00
6.906102329997065858e-01
2.357620552673938552e-01
1.465012630095873014e+00
-4.899722340222251726e-01
-1.620178316352256953e+00
1.259946398664459233e+00
1.108336069674030089e+00
-6.929685598054948770e-01
5.138625863011951900e-01
9.234428925206650263e-04
-3.488886637995491924e-01
6.549802483383531104e-01
-1.203594611365928824e+00
7.195718097349441678e-01
4.031805916868860251e-01
6.116778876395159159e-01
6.490863617461026802e-01
1.557688127319855731e+00
5.837612813501147357e-02
1.527784564148915170e-01
7.993895566204605174e-01
1.899813161688800989e+00
1.072815841722541519e+00
-4.955602964610710259e-01
1.338026672207455192e+00
-2.557963824158704380e+00
-7.799682259211826452e-01
2.342103579980753025e+00
1.868367397428654098e+00
-9.321524079378828986e-01
8.830549881188263228e-01
-1.887492948062220677e+00
-2.236694299895864990e-01
-1.531616690594561625e+00
-1.180398874470382609e+00
-3.043835648083927925e-01
-5.395960649415183497e-01
-1.285237014643418441e+00
-6.600504857455383734e-01
-5.759960832683740373e-01
-5.701264797459668632e-01
1.492851311137765258e+00
2.697562827103001659e-01
-3.068108968514228430e+00
-2.495496585343644824e+00
9.478791556264392071e-01
-1.642052935597008378e+00
9.838538822895728231e-01
-9.832615423319563952e-01
-4.201626661749839897e-01
1.179673411528296523e+00
-1.367916176345274515e+00
-1.537809619694106900e+00
-7.383493547308986882e-01
2.633160767992327678e+00
1.195786676689226891e+00
-1.619431755425348562e+00
-1.335470941161210234e+00
1.014008335614477119e+00
-1.199850942352626681e+00
2.018260648247321321e+00
-1.101899867749308370e+00
-1.755614372433113246e+00
-1.731018592993978089e+00
-8.347907306922612847e-01
1.497711631452818715e+00
6.138452899619173397e-01
-1.378797351550418604e+00
1.422925521714167196e+00
1.395013412836670241e+00
6.771537145951747050e-01
-1.161560681911571358e+00
-1.352893062877101205e+00
-1.046043696804719314e+00
8.578318126550055212e-01
-2.408715889294483326e+00
-7.255685975591528170e-01
1.939867841477635579e+00
-9.276083632259051193e-01
-1.657662382273992208e-01
2.202313789484551698e+00
-3.237622016123222757e-01
7.955544956389606348e-01
-6.750109945830242708e-01
-3.796481229310237904e-01
1.138890896873467007e+00
5.433010035943279803e-01
1.782043258471057712e-01
-2.262752081650805103e+00
2.028955079176442133e+00
7.655920753267952961e-01
-2.563055489907171136e-01
-1.006233542344564302e+00
-5.351694134783495649e-01
1.239532253915415660e+00
-7.002868261847501330e-01
6.208280680246387462e-01
6.171167540169655297e-01
-1.851704806654253410e+00
-6.783306212635187293e-02
-2.720004407701611671e-01
-5.835870450486158045e-01
1.239939909567135068e+00
-3.113507958401764419e-01
-1.883791021778868924e-02
-8.979375582608852824e-01
-4.780239712261016294e-01
-8.321499249348631722e-01
1.389201894011079297e+00
-8.005460402078110604e-01
-2.981818341489450574e-02
8.326518363644701548e-01
4.270187553078219622e-02
-1.999150386104395494e-01
-2.702250831838897582e+00
-5.510775265693172997e-01
-2.356629151268620603e+00
-2.798740308563107959e+00
3.171858755856629131e-01
-1.950645704974206751e+00
-4.640448206957429322e-01
-2.550618398881984383e+00
5.117039046301483651e-01
1.764367605305813047e+00
-2.496330430703840086e+00
6.356167984589531361e-01
-1.715798464837003934e+00
1.762991934765565816e+00
4.073318972208643807e-01
2.311175842796462376e+00
-5.034312290101967680e-01
-5.404165724562691731e-01
-4.432610337073086271e-01
1.475286673555740169e+00
-2.235411561643681821e+00
1.394722142344910765e-01
7.871748364145214616e-02
-1.597219961703398639e+00
-2.411853995879436052e-01
-8.423434447459721142e-01
1.968651500913740193e+00
1.082802182842547367e+00
2.284099754360422896e+00
-1.177773005021374164e-01
-1.463283662193308743e-01
-1.890559869314060393e+00
6.445482058708906781e-01
1.157400414104897912e+00
2.484862120705262356e-01
-1.164593782805939393e-01
