-3.674501993730951455e+01
-7.829495000777758662e+01
1.850767574473842458e+01
1.212793616232760172e+02
-1.789943350651273590e+02
1.514838629304044559e+01
3.341028336378106189e+01
-3.062164171386450207e+01
4.874520534944509365e+01
1.433391903735389690e+02
-3.885360178351861578e+02
1.369662187082271032e+02
-1.454605457816252567e+02
3.341432973980454335e+01
4.000636768214298513e+02
2.497095697346913710e+02
5.426630592265847781e+02
-7.548816083144117783e+01
-3.004138526753025076e+02
-8.546579594507291233e+01
-2.235230793968533192e+02
-2.971911965246345062e+02
2.098891537147220561e+02
3.651377603649665957e+02
3.218437892172281636e+02
7.397391547171689297e+01
-2.288441612587776675e+01
3.781975676195897336e+02
3.341991397094358263e+02
-3.043832521395980848e+02
-5.435178535623808216e+01
3.579517924420396469e+01
3.198207882621715470e+01
7.941363599996836342e+01
1.915256311124428521e+02
-3.325773610440923278e+01
-8.230670417277153206e+01
-1.022952045772468921e+02
-1.606648853878321006e+02
5.240828682227239455e+01
-9.743620874035812562e+01
-3.410221205242368114e+01
-2.514589222208290096e+02
2.489983687770195502e+02
-2.541136982248913796e+02
4.136448620399873448e+02
2.273915623645505661e+02
-7.084048428338664394e+01
-5.192389693814908469e+01
3.226771218587554131e+02
3.100948724525945277e+00
1.779252582251105821e+02
8.021452003528838759e+01
2.040413450353144640e+02
4.189916387378080742e+01
5.779486775596451054e+01
-1.928425054666361973e+02
1.875965166871820600e+02
2.238368022247678937e+02
9.591797383683883993e+01
-1.759453625207270022e+02
-5.233212347462978187e+02
1.560066799181736030e+02
1.863759552825927983e+02
-1.135148973016830922e+02
-3.344121739583179647e+02
1.441221454512311482e+02
1.271071596281796587e+02
-4.123003289772572799e+01
-4.599273108692466394e+02
-1.496893691472084242e+02
4.088784034198228312e+01
1.871728850988980639e+02
2.196242578141318802e+01
1.517219721267821058e+02
8.919066496899404228e+01
-9.813097348971140832e+01
-1.826397528297253245e+02
-2.121516358769172541e+02
2.408999075525870737e+01
1.699079843366863685e+00
1.541833624761093233e+02
-2.239064971655463125e+02
-1.918228567039815573e+02
2.519883057833660587e+02
-2.724579139550463225e+01
5.008929591458488062e+01
6.057049739102548358e+01
2.102303968803635996e+02
1.838719655535940944e+02
3.422475210053353294e+02
-2.051950377764593725e+01
7.956931524387574939e+01
-7.482528251915111639e+01
-2.922952077493361571e+02
-4.692303053800382173e+01
-1.110150358446721697e+02
-5.081173386692626792e+01
-1.433082659470467775e+02
5.826164938602688892e+01
4.267622936424436375e+01
1.181733664377897099e+02
1.244589232406413402e+02
-5.385830112984911722e+01
3.440178716974232316e+02
-2.763394180067283656e+01
1.411699906602290611e+01
-8.272289548422109817e+01
-1.238134149302092268e+01
-1.236075350680910958e+02
-1.701200105169318704e+02
-1.044894294886434380e+02
-6.998963498520821247e+01
3.115905985039881543e+01
3.144388414089951880e+02
-2.217543441993710758e+02
-8.981297814963622272e+01
-2.636333360622033339e+01
-3.459663512044245977e+02
-5.823309045862805533e+01
1.750410832984313458e+01
-2.187811923610919393e+02
-2.708623327639407989e+02
1.847806690512988723e+02
2.898238664769399406e+02
-4.792106122446562644e+00
-6.980108173217702827e+00
-2.277432131372669488e+01
-1.106568286372480401e+02
-6.808274852397963173e+01
4.059674033361216772e+01
1.060577952734822915e+00
3.508805459436078689e+00
2.135686445937800499e+02
2.320127215407678136e+02
-9.634426268147969097e+01
6.896503643246836646e+01
4.399752093062724967e+00
8.596697797842259092e+01
4.744771554525074464e+01
3.836037533818633705e+01
7.537643340808394044e+01
-9.423842848002182748e+00
1.214175365837394622e+02
1.210067105485697851e+02
-1.291309861174184448e+02
-1.598899798519973956e+02
-8.268370870998171540e+01
-3.483411826958746360e+02
2.484302553299852434e+02
2.056877464598289293e+02
-8.382315064902778445e+00
1.726011581145084790e+02
-3.206800034381334967e+02
-4.448003077893990280e+02
2.524604747130580620e+02
-1.583833579972334462e+02
3.529497559212563118e+01
-1.907104700961159267e+02
-4.242978972210242432e+02
6.046952571279940791e+00
-2.688579517503685778e+01
-3.671813295338671423e+01
8.921127630369412032e+01
-1.706059520096997630e+02
3.009655747094951721e+02
-7.117349980120928876e+01
9.344803893945622519e+01
-1.336613250165546845e+02
-9.094339821400926382e+01
-8.814204787538724872e+01
6.362514911386316641e+00
-2.685220936823437796e+02
2.764011886977157815e+02
-2.940284500606880442e+02
1.212643431090608601e+02
-2.286518187061541028e+02
2.865608468924641716e+00
5.768841163376939818e+01
4.831870399522252058e+01
-1.890128601640276145e+02
-6.281431072111757175e+01
5.841828694722322979e+01
-3.570942506764116615e+02
1.242006286884598438e+02
1.785292464681035440e+01
-6.775256578538652263e+01
9.499204685050712271e+01
5.691667143329125622e+01
1.054571225548346547e+02
3.155401574587144751e+02
8.451286570163361489e+01
-2.555426183908397206e+02
-2.448286886263690292e+02
2.476737452194467153e+02
3.454226705375544384e+02
-1.059770409251441947e+01
-1.079435633818379259e+01
-3.769505488686407091e+01
-1.277508027771152399e+02
9.617510703535027972e+01
4.816254302632628992e+02
2.463968831554613246e+02
-9.127710812459299916e+01
-1.585250437548559432e+02
8.516762009642725673e+01
-9.350002581284415726e+01
4.312855613176508029e+01
-2.002969790127212946e+02
1.131115560301242340e+02
1.281590823319064931e+01
-1.465107503618455667e+02
3.483311151676172130e+02
1.930006564121776478e+02
-3.828000097006385971e+01
-2.983017141309303497e+02
4.883994414034980736e+01
5.420332415949405203e+01
1.077747982861463782e+02
-4.606134257682332134e+01
1.606995974934816900e+02
-2.562799362385692916e+02
-5.578773290694888942e+01
-1.239252230103300718e+02
7.688697008474932204e+01
-5.971073077826726250e-01
-3.489436011068991661e+02
9.637106427815558618e+01
-1.442254766525765319e+02
-2.442155605334213533e+02
-1.712025971206341808e+02
1.466160550399065983e+02
1.933196148459037644e+01
1.393054937844534358e+01
2.366505351029742599e+02
-2.334731635430914594e+02
2.664575082257034637e+02
-1.374347658126069049e+01
-1.571097630432736594e+02
2.230697238762204506e+02
1.282948069700324254e+02
-2.215075695454905258e+02
2.449348463080591785e+02
1.301668197037075103e+01
-2.667542594593624017e+02
5.287910368852150045e-01
3.680243758681115196e+01
-2.239591047883278065e+02
8.877491965720903977e+01
3.685806299176859966e+02
-6.791650734961660874e+01
-2.134344664755222993e+02
1.479947229443032164e+01
-4.978704467735909134e+01
-1.699328678761008149e+01
-1.002763111868691510e+02
1.473702792738636731e+02
5.273941137093575371e+00
-5.267198836216822144e+01
1.463144540275193322e+02
1.568789418597133789e+01
-2.307046721807229801e+02
-1.566247241073092766e+02
2.913121116228177243e+02
-5.842597682776583667e+01
