1.371221679275340666e-01
-1.945388064272474793e+00
1.818556393944673388e+00
-5.383747591654923781e-01
-2.663548502981663013e+00
-2.152349536384466688e+00
1.340025386750109515e+00
-4.145755005461441711e-01
2.920546872253743764e+00
2.821222704449756757e-01
-1.072846050558473596e+00
9.523649142168020276e-01
-1.559728608190349419e-01
8.505620113461553888e-01
-1.350700540917727288e+00
-7.864173257947144613e-01
2.585804240066874815e+00
6.689025226533100721e-01
-5.767115383759091607e-01
2.622107382175937307e+00
1.463050370325263749e+00
1.005816021327539111e-01
-3.416973886391629911e-01
1.133781578306634508e+00
-1.819727921952499106e+00
1.126367911713833880e+00
-1.053016513308354885e+00
-1.068911836533918081e+00
7.449274110123089709e-01
-8.120130135856840070e-01
2.142757168952986457e-01
1.966321209307686502e-02
-6.081916556457667156e-02
1.770517247916832737e+00
-1.414652310382022993e+00
-9.489634117615879383e-01
1.980200148024578111e+00
1.117059823673087982e+00
-2.617511877013476429e-01
1.075949717262365546e+00
-6.720323551731020029e-01
2.606864482299005026e-01
-1.480609797804438799e+00
4.048205732615335339e-01
1.762504012906536133e-01
-1.472192685370050214e+00
7.327561989270581222e-01
-2.307463007844425817e+00
-3.102877184521066756e-01
1.699049205109139260e+00
1.264591613761039124e-01
-1.400182531966781108e+00
-1.601714707015597039e+00
-1.095299548235809439e+00
6.656103868346874286e-01
-2.306438335169156417e-01
6.602806585340257328e-01
-1.017383506968182694e+00
-3.388049040391440947e-01
-4.814319451520510107e-01
1.922488602624302878e+00
2.121555696752502662e+00
-1.466979563882562232e-01
-1.707472861433448674e+00
3.256631012196402608e-01
-6.115780781456361392e-01
5.097593060929672681e-02
-1.573190206541511760e+00
2.268194919291441458e+00
1.904346470811561609e+00
-1.039491722127680262e+00
-1.104402209201277296e+00
2.616131879792491510e-01
2.922714259089165267e-02
-1.671599698882486607e-01
-2.598044830284009343e+00
-3.342407714417316988e-01
2.505594812219531953e+00
1.757539904296498423e-01
1.566235314421345226e+00
8.272269422311169240e-01
-2.133878516154079641e+00
1.171869009804953787e+00
-6.458456529649634348e-01
1.275150832026778147e+00
3.756134778867676882e-01
1.661437171474545949e+00
4.076700402212143359e-01
-6.065714736343861269e-01
2.713980509357489801e+00
-2.616527361452758438e+00
2.586854319697326154e+00
3.950751255964337627e+00
-2.248814341513123871e+00
-9.250728520924660359e-01
-1.427193377495803661e+00
6.040898583043947667e-01
-1.641932075411046466e+00
-2.367553282104418066e+00
-2.050199395213253339e+00
-2.015765844227104253e+00
-1.384970305879415609e+00
-2.021786874935670664e+00
-4.607290662264236225e-01
3.037501929877117757e-02
-4.874055666330996406e-01
-5.060084377712001924e-01
1.359111066941684820e+00
7.482397822470390203e-01
3.580897743750806050e-01
-4.951808001652011626e-01
-1.776986704730955102e-01
-1.391616822951342591e-01
1.997159567586597184e-01
1.269660514864675127e+00
-1.581071702102265109e+00
-1.565334841774419505e+00
-1.722637339457894656e+00
2.005140834652745951e+00
-6.824918487310109860e-01
-2.747835787265102248e+00
1.739001626366708297e+00
-8.723979438079352278e-01
2.555471273782177200e+00
3.640157575952575053e-01
2.184483297567145321e+00
-3.059093222798514589e-01
-1.855688634250069136e+00
-1.663327280542330477e-01
-2.344850077779411901e+00
-3.897153491801345071e-01
-7.294818667566705939e-01
-5.618563579051618628e-01
-2.453120863277884478e+00
-1.325310170799978593e+00
-6.056754376977562249e-01
1.068046575170295887e+00
-2.376955493035760314e-01
-5.795180276016183019e-01
-1.714710073965126647e+00
-1.373430460840789902e+00
-1.534578523811546358e+00
1.341002339344028460e+00
-4.090873428806757195e-01
-1.707100339476095296e+00
1.968065116209432031e-01
-2.986225324506634138e+00
2.355350961891026440e+00
-1.211734086808188504e+00
7.992617134137256496e-01
1.572889946386498483e+00
-1.210599801668096331e+00
1.643452982961389974e+00
-1.372781798018908983e+00
-2.087971815351696847e+00
-2.183734793152486642e+00
-1.466415615331126965e-01
-9.418133968005879542e-01
1.007865208508633703e+00
-1.913185021692322074e+00
-3.225474142898587804e-01
-2.257576384737009612e+00
-1.012626881996307793e+00
1.317260669678708140e+00
8.541472477627157778e-01
-9.930680970389378359e-01
-2.430269505019102105e+00
-7.780281993436070076e-01
-3.848471159927111529e-01
1.434288278375139170e+00
3.944684901772478325e-01
-4.656262368665027296e-01
1.281596912189562509e+00
-1.287677622685944101e+00
-1.798242834364021991e+00
1.074431044861728690e+00
-3.722117554055244248e-01
2.815201005977151505e-01
-4.286566160939147552e-01
2.768646028425525429e-03
-1.320639746194108177e+00
3.195224832730274578e-01
7.061887226584928623e-01
-4.343287609296594409e-01
1.975219742190680305e+00
1.171956800099980711e+00
-3.672648216136041310e-01
1.970751881568441721e+00
-7.298304371641514132e-01
-1.711392030191254632e+00
5.614179259131999444e-01
-5.338513232459276558e-01
-1.297073987831520725e+00
1.933292930953548705e+00
-1.550262157834317645e+00
-1.079435837498128103e+00
-6.473750603070556053e-01
2.928038872647779733e+00
-2.381447790449027657e+00
-6.976443828874929753e-01
-2.048065981416354653e+00
8.720418653251216234e-01
-2.307618711554102475e-01
7.769887824530835596e-01
8.031711648182278118e-01
5.416409083968121152e-02
-1.191439620764030982e+00
-8.229826649992770804e-01
9.108347013903663747e-01
-1.406724833673627550e+00
-1.885489028138887635e+00
-1.170417754250153042e+00
2.162794420887902636e+00
1.989209763367242312e+00
-5.575750853551753039e-01
-9.066523258410270625e-01
8.879003676640545573e-03
-6.724401325902993332e-01
-9.753586728372757308e-01
-1.368418735303622569e-02
3.505373236187647734e-01
-4.374634402418060564e-01
1.452651624882946857e+00
-4.804892655610988328e-01
-3.407665550952994948e+00
-2.379816759406828908e+00
-3.260377482984287756e+00
3.551163510194537132e-01
6.870089987808540855e-01
-3.405937900472654434e+00
-1.146060666185442223e-01
2.526497716116146819e+00
-1.217338697166003403e+00
-2.642943190354256622e-01
6.070365409008631197e-01
-1.388616918897682240e+00
-1.118290822544678820e+00
-5.349615433426602173e-01
-2.606483014391042907e+00
-1.455447594871075001e+00
1.497407932723443968e+00
2.820660602747699031e+00
-8.139518375534637862e-01
-3.322344520450267069e+00
3.522711050552508327e-01
-1.323597767583243767e+00
8.777063695558644518e-01
5.833015819805309476e-01
-2.882351985453613930e-01
1.520371774053319802e+00
-3.812638792308797875e-02
-2.362122911659906510e+00
4.795358336785393583e-01
-2.396543845786202276e+00
1.537717299591082609e+00
1.807222520201573479e-01
-1.079451027815973019e+00
-1.193494166105353305e-01
-2.818185769129847973e+00
1.873787027144173001e+00
9.628807182941474530e-01
9.910864999150980070e-01
-3.886440317139769007e+00
1.595587806369347827e+00
1.758842123869090168e-01
