-8.962085165078044202e-01
7.014573440462974485e-01
-7.397258313923396056e-01
-6.213852688280299130e-01
1.396889672611043576e-01
7.595475405699048110e-03
6.151466922753070499e-01
3.697867041351736717e-01
-8.728373148719568153e-01
8.517994620288609209e-01
-7.277816960555785197e-01
8.551658580441054980e-01
-4.522084735890570251e-01
-2.385299838293974961e-01
-9.116712688516175334e-01
-5.904517279355148140e-02
2.993195606149734456e-01
-8.122386246074246863e-01
-2.181434201883163393e-01
3.008019067866778418e-01
-4.695630761280333854e-01
-7.234753946925702728e-01
-3.809198270727751634e-01
-3.719726840566428550e-01
8.447048616029952939e-01
3.956261628997113089e-01
-2.756307930881609636e-01
8.168461243483260414e-01
-2.637953870294127423e-01
-6.660794110920642552e-02
-8.868586450749946781e-01
-1.967119884543282460e-01
-8.878315820793953872e-01
2.204729993227410034e-01
-1.331896317426806142e-01
6.780608247907240482e-01
8.955712334907375283e-01
1.429342170363656628e-01
-1.569587192110686313e-01
6.683072998652856977e-01
7.127008085579145114e-01
3.053807925978415660e-01
-2.879742558245093065e-01
-7.911385406878546078e-02
2.808444726320311613e-01
-8.250284351593544230e-01
-3.609118511664837214e-01
-1.429628471775798992e-01
-1.006183256521138158e-01
9.547415847757390051e-01
1.006295108808628047e-01
7.129331126806057739e-01
-7.322314567470677993e-01
1.909729089939802282e-01
8.642310011173750528e-01
-4.957863719090171983e-02
5.559317288626344222e-01
4.758731917777418996e-01
-4.904856230414040841e-01
-7.491792104212158243e-02
-9.753594889362056097e-01
-6.379203843321985534e-01
5.399490022998723049e-01
-1.952405577501987732e-01
9.445825570314514419e-01
4.203103942030175233e-01
-3.394992310650910561e-01
8.635374971239613284e-01
-5.913611601665613726e-02
4.484872951966742960e-01
7.737191987959750605e-01
-4.908189668858271570e-01
-9.412246782785738120e-03
4.588596456333668971e-01
9.203568259564909315e-01
-8.388267161322315868e-01
-9.791963875750810953e-01
7.651595473038241835e-01
-2.911305492569564723e-01
-8.757521527034513031e-01
7.820286281543626927e-01
-6.176695143830084334e-01
6.080036944424904721e-01
5.940982058668242693e-01
-6.565798172121450893e-01
5.831969936102650021e-01
-2.549262259339863945e-01
2.196797266776486790e-01
-3.652565399797023105e-01
-6.716728050504763292e-01
3.483009146633329056e-01
5.685945337088424978e-01
1.477189505285780857e-01
-3.122253206849854301e-01
6.574784099245143398e-01
-3.950068986237442736e-01
1.352388947916911555e-01
1.628922477680170289e-01
4.027838289217560153e-01
2.228604671206275700e-01
-4.085457427924059637e-01
-7.955579263224765718e-01
5.867309423799436097e-01
7.539044499696514468e-01
-7.811530046106014424e-01
-9.217038323193682547e-01
-9.706786428534264211e-02
-8.380581036740657463e-01
-5.116944802837155581e-01
-1.073640029185589650e-01
-3.491539447315761269e-01
-7.834630798991919498e-01
-3.901653937788345239e-01
5.887609527836847878e-01
2.230969324457559022e-01
2.050925064708419843e-01
-9.865120610620710107e-01
7.315830360613468919e-01
-5.076959526081945562e-01
-1.953406246965754267e-01
-7.928172109735465156e-01
4.868582669328231916e-01
8.623271353548378482e-01
-8.929977939067699211e-01
7.095502489090592668e-01
5.763852039826558027e-01
1.380088999548760853e-01
-7.728511189377755830e-01
4.164048326742175732e-01
-2.892045034868617748e-01
-1.616187545819092186e-02
7.422058355532097362e-01
1.209990749640377228e-01
7.174877158923640419e-01
5.118377230269930411e-01
4.939546013572106986e-01
-6.805431267278596597e-01
5.092506591254544190e-01
-6.147093585481193667e-01
-6.508397733960658016e-01
-4.306727640292853376e-01
-2.050334193870706478e-02
-1.656510509315092250e-01
-6.636359527457509344e-01
4.520987139530778798e-01
-7.642608234732275463e-01
9.281051750559887736e-02
4.800653251558499868e-01
-6.742217604649525242e-01
4.439811084048008727e-01
-9.121107746846801589e-02
4.268553603721509937e-01
4.974450312120803908e-02
4.824861497067089999e-01
-6.840652127645270308e-01
-3.687256263494786968e-01
6.629820138384268091e-02
-8.140390139714055451e-01
-8.619228368811513441e-01
-7.763506736324492508e-01
-1.245839178997019125e-01
3.751416565056249208e-01
7.989017118449150967e-01
-7.594450870544582344e-01
1.467222443971443191e-01
5.716374897948761635e-01
-3.636038944811796902e-01
7.834292961988396087e-01
-3.150624703434303786e-01
-6.955685890147056405e-01
8.517671751580144779e-01
2.491795922745891900e-01
1.569835477229277743e-01
-7.468225593321717870e-01
-7.788312036578193265e-02
-8.234356479296884856e-01
-3.143877601010860445e-01
-5.956417430801674850e-01
6.488383240349773207e-01
-2.876921711249598168e-01
-2.967379158397873695e-01
-1.755817222238040820e-01
8.653013731662653196e-01
8.318863173451376269e-01
-6.842647875072560559e-02
-7.008091962519662488e-01
-2.679402565861932484e-01
1.902756670977598930e-01
-8.586298419348081801e-01
-7.877380296614262534e-01
5.807462873230728739e-02
-9.160923826224309785e-02
-7.725881422923963626e-03
3.517349323036860209e-01
-7.294723098184898724e-01
2.821479767472214739e-01
4.240311990715057711e-01
7.634255318011362590e-01
5.654508177200736618e-01
-3.156447866999216867e-01
-7.125423649560163053e-01
7.947624601253551191e-01
3.353306284622235012e-01
-5.406481740559399007e-02
-8.616190260361533682e-02
7.414375002803603731e-01
-5.699357417893291533e-01
2.301953693655878208e-01
1.268933809781875865e-01
-4.900911842351396430e-02
2.739019309194996588e-01
9.933386060033433385e-01
-8.965491231711437692e-01
8.534210323704236600e-01
-9.549691139925338135e-01
-2.934148978860284807e-02
5.575402034372782811e-01
6.547636049567198135e-01
-1.692939561744255528e-02
9.337279785403507226e-01
3.151173817497832097e-01
-8.973216110189938810e-01
6.641231823807829393e-01
2.185512669871452207e-01
-9.426054865274464678e-01
-9.425791876546463222e-01
2.589639456830994391e-01
7.752963668425565391e-01
1.127094835744815171e-01
-4.438340949642232136e-01
3.359757815192412345e-01
2.425463779261671782e-02
1.672195017238227166e-01
-3.147230515881140889e-01
-1.235383566730361427e-01
-9.370830551371656103e-01
-4.607861775862194254e-01
-1.245103304433237135e-01
9.339287615295475131e-01
-3.888090955338987520e-01
-4.246129012881649789e-01
5.318912408705331885e-01
-1.830673150874453370e-01
-8.780132251471395310e-01
3.618022848846804695e-01
3.095726259762512367e-01
-2.926738428244952672e-01
-5.983663513324799510e-01
1.361889846942694327e-01
1.302355909765628983e-01
9.567255654226174411e-01
1.133327253456932748e-01
5.031883546727702328e-01
9.415912176311564963e-01
-2.218208387748128452e-01
-9.022500787986227344e-01
9.619033981169009540e-01
-7.698940716644919746e-01
4.481487846158362931e-01
-1.965135256617356330e-01
2.877489059863822529e-01
-8.870298182013662824e-01
4.354137702947846744e-01
9.182859106112815084e-01
8.727708741555417760e-01
