1.226035803977154337e-01
-1.478213880836175775e+00
1.376640380208844716e+00
-1.292990382549507711e+00
8.592021650955059542e-01
-2.805026307611564046e-02
-3.148891964283712097e-01
-1.880529155960308119e+00
-8.262455235766053008e-01
-1.092112802116209647e+00
-1.241376996302953950e+00
1.171155272246109380e+00
6.782260007680578351e-01
1.704950832292111640e+00
1.346010321869330228e+00
-9.242877542050211837e-01
6.220639480359404505e-01
-2.371086669361937571e-01
4.889973324243354069e-01
-1.426019663582147157e+00
7.246043743682079041e-01
1.266830370284184049e-01
-1.796659404290193995e-01
-7.572112432450950337e-01
-1.048980766893104377e+00
1.356980041755132094e+00
-1.107871146371035120e+00
-2.558192731906784312e-01
-1.219804837449900425e+00
-1.257833402757418728e+00
1.531178524366317628e+00
-8.659820044741173284e-02
-7.262564739317574070e-01
3.027358326047701054e-01
-8.602070998983888384e-01
-9.384920239810071729e-01
-9.755763150834896313e-01
1.308780094583914533e-01
5.851022170017394775e-02
6.077564424033966572e-01
1.270471480034408573e-01
-8.161215828516481530e-01
-1.059719810604942136e+00
6.061334069607624553e-01
-1.628927047470535516e+00
-1.120911577042456475e+00
1.038044559975574987e+00
1.780873109920585451e-01
-7.720462184897096680e-01
-6.948747957650636131e-01
-1.047190240983033149e+00
-5.170284254275006042e-01
-6.737016257785303219e-01
-6.666315276318529603e-01
-1.423131792715310040e-01
-9.204969231896130699e-01
-1.627982166904552663e+00
4.624470003814471486e-01
-1.063989962991554350e+00
1.195173567835209560e+00
6.666930930745688100e-01
9.549194746555560442e-01
6.232607265140199804e-02
1.857113380547002812e+00
-5.823991995170354485e-01
-1.775062850227735467e-01
-6.948991997977792545e-01
4.569718598093273632e-01
-9.306269809137108773e-01
-2.224871123661983363e-01
7.015348529490983420e-02
3.351687264218548012e-01
5.303785498930203568e-01
1.647821554670649391e+00
1.208844379314928164e+00
1.552526554158999428e-01
-4.459765817908191710e-01
1.490849063934372776e+00
1.342495386750323760e+00
5.946024003024297233e-03
-1.140978197087766155e+00
-9.905858712078576822e-01
-4.423477154477983841e-02
3.660531340409733381e-01
-1.180417360596844212e+00
2.485832339921517642e-01
-6.358786660592778972e-01
-7.490457845357093580e-01
6.951523961850185618e-01
1.137651067692595497e+00
1.042879771388507681e-01
9.318419903837402152e-02
-1.363661469408374183e+00
-1.459124570137059429e+00
8.308143575641491196e-01
3.504824208584843004e-01
-6.196484533362278668e-02
1.655635188167967620e+00
-3.935595811251605403e-01
1.060700974446412426e-01
1.182340899451939098e-02
9.742315254133955271e-01
7.023898263124404018e-01
1.238578558621794556e+00
1.051960435033684887e-01
-6.220828778637443879e-02
-1.317666264400244369e+00
-6.738865651561510850e-01
-2.379070647241899872e-01
8.561094128446251617e-01
-7.989131750994620251e-01
-5.585940922070389281e-01
2.473913054760821795e-01
-9.108107212236014050e-01
-1.126350784720425047e+00
5.612317987370200045e-01
9.076756606452226483e-01
-8.550791803292487891e-01
1.427958942415769705e+00
1.887488949684733797e+00
1.636017416446021722e-01
4.863381872961546892e-01
-9.284216909156306485e-01
5.891798379719599410e-01
-1.050182599017590146e+00
-1.421996074800189469e-01
-5.798655930434803984e-01
-4.051743596865877706e-01
-5.917731975818848328e-03
-5.836751395870440895e-01
5.738934303301708173e-01
-6.048040200994333482e-01
1.818098786833411973e-01
1.100247762039655353e+00
1.149912371748837980e-01
3.311417357894933522e-01
1.205798757282658062e+00
-1.568793972088712074e+00
-4.667780613930399558e-01
1.613122891514527923e-01
-6.070311204938578786e-01
1.673701356481966385e-01
7.658349881960534455e-01
9.583964708661223408e-01
-1.494768590810224285e-01
-1.248047066721036824e+00
5.558037094024386171e-01
-1.609907538283581907e+00
5.522672377364758189e-02
7.389381319835963691e-01
1.421178882959150513e+00
-1.284775652478338248e-01
2.145386661273343820e-01
1.187303222292301896e-01
5.264351528721544771e-01
2.442489845908603074e-01
-1.855387471826865031e+00
1.536499517244451551e+00
-3.371251074411860671e-01
-4.768767501528436981e-04
3.352927524272408810e-01
-1.718383248412134190e-01
4.696307964108890065e-01
2.121635915384199045e-01
-5.394517706674666346e-01
7.348952657825785773e-01
5.580563317719653416e-01
7.857359322370869315e-01
-1.103830586541927783e+00
-1.962891790591656527e-01
1.728782355878768051e+00
5.404038446603562917e-01
-7.882955762190437810e-01
-1.598165838209532064e-01
1.138475481302161807e+00
-7.723142524822805832e-01
1.156553031597546077e+00
8.507965922904172640e-01
5.803938634130645369e-02
9.986813490977852759e-01
-6.662833180964433666e-02
9.318544276380034130e-01
-1.077688333629778894e+00
2.802050313137568471e-01
-1.238297886920976532e-01
-9.139813470551030328e-01
-1.483991670750254066e+00
1.143136338231761862e+00
4.369810650683381148e-01
1.711031872972397672e+00
8.423562698774587076e-01
1.970225086886938426e+00
-9.692853830771219759e-01
-4.437515388943890637e-01
-5.784345538997130998e-01
-9.554759179585730067e-01
1.585334477067981140e+00
-3.182870225769920403e-01
-7.374804313637401965e-01
-8.937273091588240348e-01
7.273340043535467814e-01
9.666406156994571397e-01
1.070849746964749549e+00
3.567827973970538746e-01
-6.108244530273443385e-02
-7.763796385803418687e-01
-5.216748388520846547e-01
-1.214657099803471141e-01
8.219384184747670075e-01
-1.439859049444051964e+00
5.804164376614537879e-01
6.351648139250891667e-01
1.131450260544726305e-01
-1.520182011941739741e-01
-4.998880975332070098e-01
-1.062361528277737666e+00
1.041550746813305173e+00
-7.907555026016273025e-01
-1.666504494510399503e+00
-3.874896144990257474e-01
1.802901180791530722e-01
-5.731398159992804331e-01
-7.212387017326369332e-01
1.576862541635079218e+00
3.280400396075643099e-02
-5.323804126402504888e-01
-9.725293277013276061e-01
-9.692475735567136486e-01
7.237237154131700434e-01
8.930244776307752486e-02
5.962520462886999884e-01
-3.302962698605349523e-02
1.607724065608745034e+00
1.062526762446637907e+00
-1.092295622744340555e+00
7.598384238281677971e-01
5.192582300170145437e-02
8.712086553814373246e-01
-8.831447345751930467e-02
-1.844733420811125235e+00
-1.614690084168697970e+00
6.297025452657967204e-01
-5.677708319100747136e-01
-1.334510375241068081e+00
1.753583105732810843e+00
1.366764970766186416e+00
-2.297134967401005534e-01
1.885805570727046576e-01
-1.357063552598304357e+00
-1.238878406032008384e+00
-8.640854491498570766e-01
1.352486385233297783e+00
-6.517788489709002153e-01
1.535798075037314137e+00
-1.128529770218558159e+00
3.571321568831197779e-01
-1.138267058086719796e+00
1.572458028582417899e+00
-1.100932054608874999e+00
-4.823187021065465929e-01
-1.040963475715616759e+00
-1.286566078950872605e+00
-2.796278547673483605e-02
8.307639451491530824e-01
5.212430822806946029e-01
