-4.549901337978310423e-01
-4.784093382099809943e-01
1.586628048186140560e-01
-1.216788418678280692e-01
-4.565705513313191855e-01
-1.723737104480800308e-01
-8.527704261214337222e-01
4.939919595241026862e-01
5.912069308056409067e-01
-1.552527565033567925e-01
7.083035190942623682e-01
1.418138318941026821e-01
7.511981766641315783e-01
6.224297331589752069e-01
-8.601360790895149488e-01
4.440450712018981783e-01
-5.021192515184289551e-01
4.332407214083449087e-01
4.307970625011816601e-01
1.256892263071431870e-01
3.235137209553722304e-01
-4.426350969409049707e-01
-5.014327169016361552e-01
-7.516633727658221797e-01
-8.095382193661664338e-01
-1.490504543828146122e-01
7.547499350767985504e-01
9.692366956062092864e-01
5.878174257093109478e-01
3.065108181709850221e-01
-8.037115303402853073e-01
-2.197894345543982553e-01
2.076738874025609860e-01
-2.305943987013825414e-02
-5.570062653882552617e-01
3.767993760283334659e-01
-2.839739799178331303e-01
7.699480614624760744e-01
-8.363505842848344418e-01
5.517773665769241109e-01
6.031851852821661364e-01
-7.075726218633049402e-01
9.522324189537534345e-01
5.786158968996524266e-01
5.642148085719229655e-01
2.594098978256016430e-01
-3.040996828241779859e-01
-4.632884010286850707e-01
1.990162892979674414e-01
-1.331460837054763147e-01
-6.525706655164129621e-01
-1.641216543588264187e-01
-9.538663307799959412e-01
-3.348449388978431696e-01
-7.093670666418803172e-01
-5.112488386830200682e-01
9.596581464993814148e-01
3.553167569553277172e-01
6.859689717804720033e-01
9.754322125809320454e-01
7.169600106675555473e-01
8.618579941834836333e-02
-1.686756355419223308e-01
7.518236184567146374e-01
-8.699386212569073518e-01
-5.364923912448955612e-01
3.485100994967467170e-01
-5.848166643886156812e-01
3.739630528573485435e-01
9.041014429234150995e-01
-7.222049242068344643e-01
-8.613243190208619282e-03
-6.657715606303438172e-02
-2.222797348221698943e-01
-3.168803249696936497e-01
2.248351618969934851e-01
7.829806555414429159e-01
6.771815562574940994e-01
-9.569486653158705280e-01
1.849163628743031307e-01
-8.700041250176804297e-01
5.240388110207065964e-01
6.939194916407214198e-01
4.582531915847607440e-01
-5.031627178066433448e-01
4.794487555037445503e-01
-9.152413149727374186e-01
3.041259757152767751e-01
-1.231956962970359726e-02
7.075151026357702211e-01
-8.823714741000203698e-01
-2.516632952337984896e-01
-3.742825360335535478e-01
2.759287597730697428e-01
4.483952220462550375e-01
4.321376789106599059e-01
1.235950581144851235e-01
8.076828286683264135e-01
7.177524471315928078e-01
-6.078790463631238428e-01
-2.804873746279890057e-01
-5.904820308685510000e-01
9.646568576280831753e-01
-7.619847154006873513e-01
-8.326920895639917664e-01
3.456851186481051386e-01
9.909471076419971158e-01
8.255688100220159864e-01
-3.579138927510701063e-01
4.484275995658557612e-01
-1.755846286617950280e-01
7.013072590322999567e-01
5.973674287376162795e-01
-5.170858579013450917e-01
-1.503569194870422177e-01
-6.626062595979280712e-01
-7.879167854813884375e-02
2.865026811917859018e-01
-3.635652579710768606e-02
4.387922385393983049e-03
-4.806707831771728223e-01
8.314390685607038201e-01
-8.866633179026546241e-01
6.979960843377153168e-01
8.704330343552439953e-01
1.259502355075032831e-01
9.609930729299098751e-02
-8.993583602106587360e-01
3.285614304366584193e-01
-1.141385618749353181e-01
6.670871479640201329e-01
6.565582218441350371e-01
-4.577492499571400586e-03
3.426735101492486280e-01
3.430718062882558428e-01
-4.566877596877350065e-02
7.373245081889523433e-03
9.664094613231051234e-01
-1.916779883006758389e-01
3.290662243829145517e-02
-7.928675078649989327e-01
2.616977362677137542e-01
3.871202410774892133e-01
2.153594069001372180e-01
-8.038443984511463025e-01
-8.581125721505600268e-02
-8.943840190117939848e-01
-6.594583157347375657e-01
4.960803191186426986e-01
2.392792185151557671e-01
-1.295539770400504498e-01
6.011426022871912966e-01
7.504060721223593244e-01
2.825366587777167204e-01
4.002998301536575543e-01
-4.287703682139707428e-01
2.961469147420729975e-01
-2.412491218599388532e-02
-4.339816090432928597e-01
-1.485189071936539040e-01
4.325716440448121869e-01
-6.095310096871271455e-01
4.186799521221460374e-01
4.339459680678554587e-01
-7.997524465629513024e-02
-9.892777239520027521e-01
8.433365525986393774e-01
4.240475809775514637e-01
-8.253567178389624726e-01
7.704838659066350903e-01
5.217068326722957838e-01
-5.253547797066757674e-01
-7.422432307105990557e-01
2.800602449588680543e-01
5.913576503565249887e-01
7.347242509604854366e-01
-8.724813278171639208e-01
1.031090458885430827e-01
3.568145334810237657e-01
3.512881420235756114e-01
-3.873004646573652288e-01
-1.881144017757283571e-01
3.936340378815461616e-01
-4.489793544492446387e-01
-2.051251408981789037e-01
2.932027825189524872e-01
6.742954373405030122e-01
5.913691030760892531e-02
1.273053688353489310e-01
4.590773894419701850e-01
-2.229307829564619592e-01
-8.444879799443105739e-02
5.913033473309114996e-02
9.025742196060571043e-01
-6.036432277421688308e-01
-1.008192409188013450e-02
-9.133965360393652144e-01
-6.901083066928603849e-02
-2.584385205616499537e-01
4.150688567119640293e-01
-1.672527089720075022e-01
-5.278481415410545274e-01
-4.754097284377603039e-01
3.882484587692025535e-02
-2.112801252679443742e-01
8.387642454139245807e-01
-3.515869151948203264e-01
-3.868079749666719636e-02
9.905978834190503068e-01
-7.941335641000786261e-01
5.315222993610029256e-01
2.235509592074882423e-01
8.005416893947878698e-01
4.433000295714999428e-01
7.421958348392849736e-01
-8.544919922617149055e-01
-5.288236579644431945e-01
-3.326721305751547675e-01
1.816922708113954954e-03
-8.992552696815079294e-01
-1.748425680765541834e-02
4.555715789046665964e-01
7.531965839903427273e-01
-4.779299895137851806e-01
-4.529529853045872745e-01
-4.437366746605466705e-01
2.595030851148716344e-01
3.836825096384566258e-01
-5.095792174241178252e-01
-9.222425176931992041e-01
-1.288596121730714028e-01
-1.228360241491102123e-01
3.418506819219750970e-01
7.065002343336910240e-01
3.425067414273454958e-01
-2.682823211279392606e-01
-5.628301858749875652e-01
-9.625476165628576997e-01
-3.580357468331127890e-01
-1.515719391256786786e-02
1.573110963939761131e-01
1.616553210593552059e-01
2.434465112269810216e-01
9.136657289157221751e-01
-6.606228802725211402e-01
-9.342599572699818999e-01
4.687511961735135735e-02
-8.197717043464169961e-03
8.808610021078946417e-01
-6.644684187776677131e-01
-9.138127519700933732e-01
-3.108197019691212315e-01
-9.100524405481700274e-01
-9.384432591990763406e-01
-3.084488780002505592e-01
4.820262420694818584e-01
-6.687474411105696070e-01
-4.052097656044619800e-01
1.617324306442626813e-01
-2.420345725647157220e-01
3.124514102000837124e-01
-7.783170216291335208e-02
-2.448241662801178276e-01
-8.483555356535559255e-01
1.459438146758795796e-02
