5.816587255727450056e+00
1.440840030485809464e+01
1.602827160200861201e+01
1.043695041141976176e+01
-1.168758873010238286e+00
2.914494986247785580e+00
-1.364289957354422178e+01
-2.119189607440321144e+00
1.925188415647633544e+00
4.305692826249289951e+00
-3.159012964168414150e+00
4.411962131376683693e+00
1.093911886722418281e+01
-6.458747135608536638e+00
-1.498503330398165367e+01
-2.578566804730876072e+00
1.835754315573525730e+01
-1.619413861102316332e+01
1.319613068201124406e+01
-6.549877898936298237e-01
8.669701150338330109e+00
5.472670908252631250e+00
2.114248741313407454e+00
-5.473350191119788377e+00
-1.567719115373100047e+00
-1.278540434387429237e+01
1.022671976050931186e-01
7.424304958751076988e+00
-3.873472835360186828e+00
1.191395194473287766e+01
-1.492667964038627337e+00
-2.256601536245141926e+00
-1.826225386018456476e+01
1.322184475134762494e+01
-1.025833307195592070e+01
-8.818927217046351075e+00
1.619298122944313079e+00
-1.051281231662645155e+01
-1.613094871414600817e+01
1.534757573332820257e+01
6.202035420611187178e+00
-1.109681455540305173e+01
-6.391329477620468325e+00
-1.436891075193162726e+00
-6.288372693829050064e+00
1.000912888273055401e+01
-8.420421883024016285e-01
3.070972094407908859e-02
-1.910408181029763597e+01
-2.431758148281785381e+00
2.004639793484435728e+01
1.473696537114558680e+01
9.527321322355113864e+00
-5.372963055210533412e+00
5.299790235573611064e+00
-1.176886080239738508e+00
-2.539972345111214391e-01
6.290194335965248129e+00
-5.749393965016006192e+00
-1.023528145021161428e+01
5.849845851060216262e+00
-3.284482225811205414e+00
3.016181910365864915e+00
-2.059776796858142855e+00
-5.817559151597522238e+00
-1.380698559893198674e+00
-2.509598117344794321e+00
1.572523216826345482e+01
6.870449004890978095e+00
-1.400587518944741561e+01
4.195694372700944363e+00
1.134435686393942788e+01
-1.428491293424140274e+01
-5.706656722268458104e+00
-1.131548017884489177e+01
-1.173171398160530643e+01
1.847464799061415519e+01
-1.178465055441634135e+01
-8.746080816474984587e+00
-8.023587142092610591e+00
1.286377136033842206e+01
-3.224667957477384217e+00
-1.477705208156213068e+01
-1.161074355696743510e+01
-9.998930095172783084e+00
-4.554810690104721616e+00
-1.345699823856626409e+01
1.419521670302169980e+01
-1.069397804067787305e+01
-7.613014495851119001e+00
-7.400581533509280163e+00
1.520145168081838083e+00
-1.510301437400863200e+00
-5.790301942874625851e+00
1.334300101272996386e+01
2.488887178520200916e+00
7.530918660894863059e+00
1.154393738375732781e+00
-8.007184901801920773e+00
1.103268068709718719e+01
-1.177739353379175924e+01
1.705145005470370023e+01
-1.249636236722336591e+01
-1.014244469749345967e+01
-1.145301911040871801e+01
-4.043306832832577413e+00
-7.001495383699965380e+00
4.926216666193004912e+00
-4.923079274742925726e+00
-1.115400526308284945e+01
6.800396251544299275e+00
-1.846080793813183574e+00
-3.300452939084459469e+00
-9.070429833419078047e-01
1.879138272704488299e+00
-1.408215967096373333e+01
-1.995857053806007642e+00
1.364235235880249775e+01
1.698712671197331048e+00
2.090500349541516645e+00
1.247451116344670652e+01
7.685858108624175067e+00
-2.260332304134491821e+00
-6.083793086141498385e+00
8.327674650737930673e-01
8.782496909396788620e-01
2.432199005874543296e+00
1.090159838446707674e+01
8.005935597512360502e+00
-4.669144257413505805e+00
8.430180278793770299e+00
1.381942436290066567e+01
1.025736580566168854e+01
-1.145761648612154460e+01
5.161070797480561190e+00
-1.532611664174862653e+01
1.207111448598779724e+01
3.391653089832279200e+00
5.089140483207573951e+00
-1.131082613837612172e+01
6.479756351058629349e+00
-7.331324650877519389e+00
8.382776792088918683e+00
-2.117125695376855354e+00
1.720278278073523737e+01
1.413915975314397144e+01
-1.662415155509403064e+01
-8.589768605658171907e+00
-6.473571835647623729e+00
-6.816788320065855444e+00
-6.869137448425187031e+00
1.735167153738373358e+01
8.101585396207589440e+00
5.930928046934830888e+00
-1.015136248459096535e+01
1.154119786757632582e+01
1.675951839152030720e+00
4.574441152192606275e+00
-1.102557193579338524e+01
-5.469088080745509117e+00
-1.400176735117928928e+01
2.270354175622465220e+00
7.286376148462831992e+00
8.347820376219607041e+00
6.039116060322156088e+00
-1.259564867013686573e+01
-1.087159016660976008e+01
7.951552960884289867e+00
-6.617519957703149380e+00
5.711855233381077035e+00
-5.621929172772274441e+00
-1.287399881932640433e+00
4.208900103320811326e+00
1.147368858334227326e+01
9.879129942987560753e+00
7.260716512230943387e+00
2.631444018437543164e+00
1.000978217966591366e+01
-8.451294050737478969e+00
1.664449771164906622e+01
9.314323410740867004e+00
7.133348582782109482e+00
-9.911633367638305714e+00
4.100023303797901697e+00
1.311728572796943659e+01
3.837194671779524113e-01
1.611722822484193784e+01
-5.939669031095977658e+00
-2.502639874403799869e+00
9.184908272787719596e-01
1.081209340509951922e+01
-4.836959546560651191e+00
1.783804949359066860e+00
4.035055392961704790e+00
-1.110362502117999739e+01
-2.072062664922635467e+00
-6.346701952495589438e+00
-4.714893552017489498e+00
5.005548207952126294e-01
9.935967050723162330e+00
3.682956049016603117e+00
-9.542361546624356095e-01
8.661906597078310455e+00
-3.082901823344648129e+00
1.393022489817491438e+00
2.807238537012632484e+00
8.114970320139285320e+00
-1.175242355528623772e+00
-7.193869238348522543e+00
1.058019443077710164e+01
9.383555134477477466e+00
1.400954893223527620e+01
-6.843027442829126006e-01
9.439164360881662219e+00
-1.048304022757942766e+00
-8.134306453034504614e+00
2.052681679151373118e+01
2.237446161349362583e+00
-1.794202964816752566e+00
-1.887907295573474542e+01
1.102032402813072842e+01
1.739276979263764122e-01
8.743516521658971641e+00
3.358119361413308024e+00
-3.300016245301198747e+00
1.652795521561962033e+01
1.006979808701084345e+01
2.552494401972484450e+00
6.512969733022634600e+00
9.626817916991919688e+00
-9.982396243481996834e+00
-4.226030150483016889e+00
-1.058651055211512926e+00
1.901637046350920235e-01
8.720236062332578086e+00
6.950459389878093752e+00
-8.822118418661890615e+00
1.084041529455634034e+00
-1.845220084826623008e+01
-1.316495161532997216e+01
-4.209711740364941335e+00
-1.606473828046995900e+00
-1.395720190775740654e+01
-6.407212380793640971e-01
-1.129029203972270601e+01
9.771950903243546094e+00
-3.216646328646943775e-01
-3.089435010580174890e+00
-1.586101283636025538e-01
-7.399956365209845011e+00
-1.989784515777832397e+01
-4.578384861585361065e+00
7.463076322239880156e+00
1.146204491215340759e+01
-9.171806899987990036e+00
-3.191297384424569561e-01
1.135897889952924622e+01
1.670238881903653994e-01
-4.205453311344910183e+00
-8.687141885520842877e+00
-2.146907757844783049e+00
7.857206592356325014e-01
8.229615434007786501e-01
-1.009971068724625809e+01
-5.261254534633862612e+00
