-6.091677509569398907e+00
1.046642261194101309e+00
5.138074306325820295e+00
-4.576525350037410789e+00
-4.019311087600279997e+00
-2.818464620837021428e+00
1.591191975832175753e+00
2.303365848557819451e+00
8.551289224500462360e-01
8.956735495508807432e+00
-1.206921122904105026e+00
-1.213229354383880221e+01
5.893292151840161530e+00
9.389132141877718496e+00
-4.921481260781927602e+00
-1.707976816140951648e+00
-8.053695925359157570e+00
7.666084018642194131e+00
-4.807895813005756303e+00
6.002200496819027897e+00
1.050979955793871490e+01
2.632748281701174697e+00
-1.772542053667931272e+00
-9.698104562425379882e+00
8.602617113224642509e+00
-4.113801774314126192e+00
9.555822907133797450e-01
-1.009724219906981446e+01
-1.155584986888336996e+00
1.221922048520676185e+01
1.718528345531472823e+00
-6.875832260465194468e-01
2.660156009501227548e+00
3.000404921967552596e+00
-3.076093227854002521e+00
2.182136066291812782e+00
-1.246292814665780746e+01
4.744684932938819877e+00
-1.057917238617862665e+01
-1.053812816453408852e+00
-6.670639165760492872e+00
-7.057081247417702485e+00
2.017665422183184010e+00
1.902672766661386961e+00
-3.818464256581318050e+00
2.815291905683456442e+00
-4.602332383595451937e+00
7.006246290339406713e+00
-2.071312550663990670e+00
2.048609325021880423e+00
1.888210723018779236e+00
2.344989675197261647e+00
-1.934059917348016633e-01
1.391512323365642345e+01
2.092016520390959755e+00
-1.486305863112481918e+00
-6.982634900688560187e+00
9.988790538055714041e-01
-3.784327533923165454e+00
-6.644446243625934834e+00
-5.905363098839550240e+00
-3.685578207984939070e+00
-6.278933643663483721e+00
2.410759344279319816e+00
-1.132181486918529378e+00
-7.229410579179783802e+00
2.998452340740398903e+00
3.457419958962261397e+00
-6.428915363192549748e+00
-1.141022529987718359e+00
5.544220035300555516e+00
2.744713734426941887e+00
5.917521233428461258e+00
7.340669106919661679e+00
-2.301813896536106796e+00
2.531126457699587995e+00
2.747534236810011521e+00
-1.117380429797118424e+01
-1.071687387075092479e+00
-6.351418265506037386e+00
1.091857577455049411e+00
1.620603688301711642e+00
4.917334824753516465e+00
-4.903124527356534479e+00
-5.233819834936823234e+00
2.261836517215299658e+00
-5.415198284998119505e+00
4.231976736084759327e-01
8.529419697951790003e-01
7.021126580356381375e+00
1.078408195005298387e+00
7.737837080184630345e+00
3.457870836436985673e+00
3.121161460926286768e+00
-5.295850378019788529e-01
5.366691470976463485e+00
6.059329386428066178e-01
7.365956409498088497e+00
1.170558870259514439e+00
-5.874290103736967694e-02
3.456698310840680688e-01
8.622556034670219915e+00
1.713469416809374479e-01
-7.887640655672690571e+00
-1.508560969885453629e+00
3.669448139274086529e+00
4.300241905977005175e+00
-9.308381065651454733e+00
2.806486901237759124e+00
3.927961798104338431e+00
5.132722741563912061e-01
-1.493637003384759243e+00
-8.158102418292743074e-01
5.248920477444809052e+00
-9.440173381749267234e-01
1.467175919779452942e+00
-1.178731769759871817e+00
-1.657746857520599804e+00
-2.006975164385958799e+00
-2.986524781260869510e+00
5.942411348074027266e+00
6.885945340008253979e+00
2.442492466639647919e+00
2.610328409365998859e+00
1.130786826700628245e+00
-2.578107216371424482e+00
1.312351315427906506e+01
-2.816710464077368137e+00
9.569557075887782371e-01
4.684944941866062140e-02
1.171711718685856995e+00
1.760578220931500848e+00
2.290566913160704043e+00
6.028760866723152922e+00
-1.181793417150074577e+00
-3.496155133421434247e+00
-1.532749195290814548e+00
4.899042672536289444e+00
-8.705549983819560467e-02
2.429143024876380785e+00
-1.490031046436775419e+00
2.831196901416844769e-01
3.875945350672051593e+00
2.134053643835160941e+00
6.083932880451148328e+00
-9.216896371339323935e+00
-2.632177018277227498e-01
3.818892565288508401e+00
2.780492360677596864e+00
-3.629284269366086502e+00
-3.273415266480212971e+00
-1.234090540125699498e+01
1.095378193840352310e+01
-3.309665168585626649e+00
-3.915442556503537563e+00
-3.997729899808389220e+00
-2.559649101016006068e+00
7.671493278104958513e+00
2.104855638092757442e+00
-2.520456205045440878e+00
2.982641953304992821e+00
-2.007552937115383074e+00
-5.264245184018468748e+00
6.472598450002625015e+00
2.152740591079429500e+00
-8.127066722699273882e+00
-6.606543253791213210e+00
1.909928671549939061e+00
4.863517727423823267e+00
-1.669147378877270826e+00
3.387802438276765193e-01
-1.738835630300346935e+00
-6.259944699283776615e+00
-5.555185984706731972e+00
1.190666328097722548e+00
-1.978705001710122424e+00
2.621263709047146229e+00
-6.347056060178997150e+00
7.574705818857334627e+00
5.150271757410159523e+00
2.194390068454454834e-01
4.471445501975433778e+00
1.832363074517304735e+00
2.708592635200127496e+00
1.157342482452311572e+01
3.373751235085217459e+00
8.265447434352352074e-01
-1.036835899756434420e+00
6.323780173093345169e-01
5.341321114705939621e+00
2.265398525851189948e-01
-7.415739100263131212e-01
-4.973489840241183124e+00
1.043299635594081209e+01
-3.438885904622283718e+00
-7.198931023583120314e+00
-7.194440706683104203e+00
-4.307837473384205751e+00
-3.391221421359490673e+00
3.354835452369866466e-01
5.238953955257376727e+00
5.481730642701044820e-01
8.546589056774013926e+00
3.127806726558672423e+00
3.873806109320812041e+00
3.755302617763497164e+00
1.716658479820081240e+00
-4.501472262225788334e+00
3.885475940824191010e+00
-6.688200810818016429e+00
2.801388772596553167e+00
1.560471524438831992e+01
-4.545836856579346108e-01
3.139464371642555207e-01
-1.824257967571513817e+00
-1.001170709234588152e+01
3.170546170153562660e+00
6.394624041079151056e+00
-3.331867203114520226e-01
6.304417244488575101e+00
-5.788501082729977654e+00
-4.043129162661234233e+00
-6.384665555497845091e+00
-6.459803719859340987e+00
1.563108678588194467e+00
-6.690774329866616910e+00
4.816929355161123638e-01
-3.112205558902224833e+00
1.379265659158029678e+01
4.868619702840637053e+00
-4.319112049262153197e-01
3.128401102447221582e+00
4.340879970416572142e+00
-5.990926996281849881e+00
-3.967883703943891671e+00
-2.029020124280063619e+00
4.924094228035255760e+00
-5.204115802988814821e+00
3.143518874667018181e+00
-2.190861109776340410e+00
6.065646874769242691e-01
-3.036209706530606400e+00
1.789633931317849758e+00
-1.323832402765997429e+01
5.627288347127995749e+00
1.994070798236555475e-01
-1.023836888733080874e+00
-3.044230396621041557e+00
-2.072456521670584806e-02
-1.961392113834607542e+00
4.374255415987796880e+00
1.125055993894849315e+01
-5.703063158665989896e+00
4.991813526585008987e+00
4.884288435405988338e+00
4.123414307764081244e+00
3.053717358345043209e+00
-1.299385966101377576e+00
1.228668128315592689e+00
-5.876708639083368269e+00
1.734447928219479129e+00
-3.952418974649143379e-01
-3.272700448953755448e+00
7.543063756654684315e-01
-4.494514074575317153e+00
