1.261552648353712724e+00
4.224422189530281369e-01
1.035733968676809447e+00
-2.002290137378295753e+00
7.575046438992855125e-02
-1.722241922042551110e+00
3.718917589036949689e-01
-1.430262883612550606e+00
9.231453705386640785e-01
-2.766103006766101657e+00
-6.304119255005904421e-01
9.118295550893216195e-01
1.410707645921405629e+00
7.407674749821047122e-01
3.930973911195978499e-01
-3.982017899321438348e-02
-2.908610157941785568e-01
-1.699939906262052158e+00
-2.148260746679805155e+00
2.430040845696993301e+00
1.183042609576817339e-01
-1.296072638539467414e+00
-1.393085887912964171e+00
1.259929508802455800e+00
1.677813847067439745e+00
-2.771528766306114555e+00
1.094509410269093319e+00
2.603189391356903193e-01
-2.757736047639016697e+00
2.423583318304688150e-02
-2.835425063850303573e+00
2.985336197269535252e-01
-1.837335588849597023e+00
-1.703144990622646571e+00
-6.880590739830971803e-01
8.053888150275942959e-01
-1.329038217131215172e+00
-2.439795651989561664e-01
2.405138583405268538e-01
-2.202898560216119961e+00
-3.810245628871041235e-01
2.330462872803620300e-01
-1.151507359453073587e+00
1.039405272853946682e+00
6.201543188029645659e-01
-1.809223039453160542e+00
1.976350408875886311e+00
2.460545156582564896e+00
1.860668019411235496e+00
1.240219166337386547e-01
-1.801336329478539611e+00
-8.863067475213253221e-01
3.569644744683648785e+00
5.944704486568720414e-01
-1.769261678904196167e+00
-1.135935076942441224e+00
-1.975282851593930689e+00
3.310487406277657474e+00
9.375175319896349446e-01
2.323994267458366458e+00
6.132135076884648317e-01
-3.682665590733584238e-01
2.451346970195191766e+00
-1.431922322628814914e+00
2.271373012698211458e+00
-1.525494194558849603e+00
1.802873100143617346e+00
-1.353510040971455664e-01
-1.054893317626059979e+00
1.521691896519602238e+00
4.182709604630738265e-01
2.161136480368940127e+00
2.079969481793755737e+00
-2.230874629033543055e+00
6.297523018934063632e-01
4.020585389454815473e-01
5.083568652071285277e-02
2.160428470004569945e+00
-7.221149328003053647e-01
-9.814995512325297433e-02
-2.132627152417605920e+00
-3.068995111673538112e+00
-1.017019102007248543e+00
-1.307944921137143002e+00
-1.540279067983749695e+00
9.656214377028193852e-01
-1.299758061656670627e+00
-2.981728749016994584e+00
4.213974853826374378e-01
-1.035515410200935071e-01
4.525459261382582810e-01
8.000464649462730726e-01
1.020383044399179706e+00
-6.974045968893625158e-01
1.328523659533196621e+00
1.989377820027571797e+00
1.075021227721105532e+00
-2.229166127261175689e-01
-1.907621389287327940e+00
-9.870064109150602505e-01
8.000193229698505659e-01
-2.980388185996056372e+00
1.751672124577990708e+00
-1.771983664598649533e+00
2.286369982423428926e+00
-5.075080483198206593e-01
1.280292564523030308e+00
2.393693961492488476e-01
1.711600024059593883e+00
2.607169501329858363e+00
-8.391941185061857489e-01
2.743937708645519002e+00
-8.510628132663917711e-01
8.570297418948451540e-01
1.110644541363092319e+00
2.187760950387322989e+00
-9.044389344563767974e-01
9.861116275507917361e-01
6.968663135043493551e-01
-7.985375289756627692e-01
2.113780738109550139e+00
-8.508881933348109161e-01
-6.431856745030817279e-01
1.636191461941667091e+00
-1.123266169232427503e+00
6.490942966047290597e-01
3.422325115200594015e-01
1.942634755330318042e+00
-2.042947730284450980e+00
5.498562936368414089e-01
-4.582200069155814570e-01
1.084075170518483899e+00
2.704988397967245550e+00
-1.522591321008139653e+00
1.285086751933987914e+00
4.512620660944678952e-01
7.603978358834597717e-01
-5.898848822719344742e-01
6.495561252256932816e-01
1.293924885517026446e+00
1.149828377280511349e+00
-2.279257400546830237e+00
2.899292544871345800e+00
-3.147656497820409349e+00
1.686070440397139603e+00
-1.365675851228208004e-01
-4.537187290325109812e-01
1.221676653623688713e+00
2.558506885564116651e+00
-1.410346998755937387e+00
3.922726973427918540e-01
-1.316536834420884094e+00
1.229506464705941493e+00
1.624121791667615389e-01
-2.512038578493890895e-01
-1.390514063566359537e+00
8.289837400890617269e-01
2.765741661334705448e+00
-1.882890942510648813e+00
-1.630192740940173302e+00
2.086052595800089282e+00
1.463911971760261665e-01
9.260605179089247407e-01
4.181420369697183004e-01
5.718843122039294347e-01
3.274752564725437742e-01
-5.669693312625814219e-01
-2.816092252142785579e+00
-2.485045648166340992e+00
1.192235830028093746e+00
1.744020570789161617e+00
-9.446415711595812503e-01
1.939841208328481725e+00
-5.151523832669496761e-02
5.089592338153123841e-01
1.634131344621731374e+00
2.659517597305755210e+00
-3.066108487346437261e-01
-1.832850373554188783e+00
1.571587611409014151e+00
4.928173118182281320e-01
1.391543852946071302e+00
3.413447035383437189e+00
-1.596304248187337294e+00
-2.197144066275313889e-02
2.483508036089353332e+00
3.322954631234042111e+00
1.443851743927095033e+00
-3.289157403488529141e+00
-4.204057370862372967e-01
-1.521959795670896121e+00
1.603924650726586965e+00
1.161330588989038182e+00
2.735344899194485091e+00
2.108842246600705295e+00
-3.198846918714941978e+00
4.165117018396728432e-01
1.643102068653613967e+00
1.273373943104965988e+00
-8.248262406870080499e-01
1.513603694178516923e+00
-1.145585743118005206e+00
9.692456702339352637e-02
8.520957738241420332e-01
-4.805763092105836409e-01
8.245281701614609604e-01
1.836303063266695679e+00
-9.084953084894340503e-01
8.429645004312461554e-01
3.309536472818400688e-01
-1.476653741450359436e-02
-5.968396162008904327e-01
1.086313360199933520e+00
-2.176935065681156800e+00
1.286054143164218289e+00
2.551341393110710509e+00
1.145440958967696599e+00
2.953569419743838687e+00
-3.360000439202549316e+00
-2.227652960052461106e-01
-8.658057293073569971e-01
-1.374665558691712697e+00
8.085732569434142536e-02
-1.150654482377905907e+00
2.757109372071556042e+00
-2.841653026250157144e+00
-4.117091590328744721e-01
2.261425689532265082e+00
8.593566902217169012e-01
7.884428358491187838e-01
1.910907250247789513e+00
-2.001757985182029742e+00
-9.568047984733996092e-01
2.393246579701490351e+00
1.898450864142607886e+00
-1.613594593245859743e+00
-1.475483761487838219e+00
-1.217226822531468411e+00
3.078485237268755448e+00
-4.320914125659351401e-01
-9.599740178982822947e-01
-1.969628068178865821e-01
2.287484297078238527e+00
2.055804492069791323e+00
-1.737736870299519953e+00
1.254798438391231841e+00
3.135652053396201233e-01
1.623062824777165458e+00
1.644108682466640881e+00
1.819784515322830476e+00
2.686722937246135978e-01
1.298465781437366573e+00
-1.004800494832668312e+00
-2.382797295524013426e-01
1.149643803364742034e+00
-4.456850591293644026e-01
1.392354789382224678e-01
-5.435775877293174130e-01
-2.537589132559740612e+00
1.872044415794738015e-02
-1.520634901383036475e+00
1.866607025373258955e+00
-2.350278149610421696e+00
7.771488700074017375e-01
6.999019523850846802e-01
