9.146808925589544614e-01
-1.114572850431283513e-02
9.613833965510758528e-01
3.134057864183430464e-01
-1.326534765472078270e-01
7.443472962734913878e-01
1.194600560007106349e-01
5.455165933990129279e-01
6.355083756555408581e-01
-6.528577833244635364e-01
5.417250964894209098e-01
-3.324702669034391711e-01
-9.844034063696893710e-01
-5.503902230161772380e-02
-1.120443028230206917e-01
-3.034976323363323125e-01
5.771363540594909303e-01
9.060983492135998851e-01
-6.658064903244658161e-01
-1.438580826328186291e-01
9.714738560407807366e-01
3.779226401205271202e-02
3.038273636253669974e-01
8.323631629515750863e-01
8.616973577672926154e-01
-3.893133192712525670e-01
-5.029942533839304453e-02
4.933217368400844016e-02
7.577935817686647368e-01
7.547114735364635063e-01
2.112141366186397473e-01
3.398986691457017706e-02
-1.898485982872120115e-01
2.898928298751988208e-01
5.261912367221568410e-01
-2.713690995249993243e-01
2.361676679517044075e-01
7.766747689078563610e-01
-8.621803972379962211e-01
-2.027075392109844998e-02
2.460479496629410789e-01
-5.444495332787837594e-01
2.746797502254436640e-01
2.972131712904388934e-01
5.247047323937439334e-01
7.650965533932247986e-01
3.582199243024775104e-01
-1.117356208562250153e-01
4.793382288487151310e-01
6.810029010319154086e-01
-5.722318127823373679e-01
6.360104822566934324e-01
5.350556881958414834e-01
-3.103405555200784427e-01
-8.961059633992540796e-02
-9.989081807878781305e-01
-5.379334574157914606e-01
-5.028812379107567843e-01
-6.694954841278746294e-01
7.965712052245887964e-01
7.154170067288116996e-01
8.713476609678387774e-01
-3.215051356047360365e-01
-4.681363757372192236e-01
-2.010454971272830349e-01
6.902247620713708454e-01
7.199137063399860814e-01
6.491590681766081783e-01
-7.255598972354524445e-01
5.742047816031561336e-01
-4.442118686894465096e-01
-5.073928426144487247e-01
9.455159380972513183e-01
-4.847947743261864506e-01
8.618431345611221595e-01
-3.479013160746720068e-01
2.770743395738231030e-01
8.758255898083631141e-01
6.066030441330285683e-01
3.866174400459234661e-01
9.602491976010776309e-01
8.406874107396955509e-02
-4.253260421271534142e-01
4.007090042617349468e-01
-6.625648494230407248e-01
-8.461152099729640774e-01
-2.737189304743228302e-01
9.771640109820198816e-01
-7.853936262475833541e-01
5.936194340910292411e-01
8.045993053614093338e-01
-6.044953535465051875e-01
2.753894320327519019e-01
9.005460830343614553e-01
4.758444238612586918e-01
5.739586864168502167e-01
9.510747975212390237e-01
4.388684306603090057e-01
2.191002167938589373e-01
-5.511828316011224693e-01
4.814489430648682955e-02
5.559906105605800786e-01
-6.797746351653635166e-01
9.981250350887465039e-01
-5.204669229925795726e-02
-5.064772272241697681e-01
-2.689761598978481771e-01
-4.199042567663815451e-01
8.605544691984701178e-01
-6.426284840277052268e-01
-4.516771039090250461e-02
3.407742153589738976e-01
2.018547765099996116e-01
3.734288122802458254e-01
3.242417853707051378e-01
7.647839816296793103e-01
-1.208255190329630135e-01
-9.943512137120367189e-01
-3.893736268976217829e-01
-7.364204314898468162e-01
-3.892647561143121049e-01
7.228341696691646945e-01
-7.151777172732829424e-01
-5.711563860066333209e-01
-2.349941910410064949e-01
-6.531660264001755145e-01
-1.550126094583499370e-01
8.328275687887423118e-01
9.684562438071604440e-01
-3.453779671058452294e-01
9.520648545829519804e-01
5.790479576372611348e-01
-7.529619969166612137e-02
-2.237918263844131950e-01
-3.976384592086050773e-01
-5.828829829848714006e-01
4.109579475639133506e-01
-1.924114456959629127e-01
6.605234561025095097e-01
4.413602564932503913e-01
6.194704636921954943e-01
-8.730335910336877170e-01
-8.839261878483268831e-01
1.344103808916092824e-01
-5.047496969745519646e-01
2.905567850982309075e-01
-5.813119802557724647e-01
8.816941059780174506e-01
-8.465086614036052559e-01
-5.109027446120273375e-02
5.652544507805496998e-01
-4.327342632482344964e-01
-4.160874162916001762e-01
-4.158919761284514127e-01
-7.911261533977556049e-01
-9.774630801155446136e-01
1.902069617483452824e-01
6.786181357754728083e-01
-3.066840620304656095e-01
9.358146555503750186e-01
1.382660917060873906e-02
6.327895705354720235e-01
5.661597959744255615e-01
-4.115434985257098166e-01
-9.041367282264922700e-01
5.204547664092942227e-01
-2.741034415739274088e-01
-8.824773201636266773e-01
-1.692210134109137787e-01
2.337578836445031172e-02
-6.195174778828929085e-01
-5.919950920725343124e-01
5.923462470012164083e-02
4.750336961879588760e-01
-4.057449527778047571e-01
-1.994954731696918504e-01
-7.918215806441750715e-01
-1.044070194397686002e-01
5.925714135006461269e-01
-6.863274413923101669e-01
-1.840018233073155152e-01
3.129685853100607762e-01
-1.097657335146096091e-01
2.624429564880774723e-01
-8.829867609403452278e-01
3.736344718059609882e-01
4.467246239104880612e-01
5.751170434043872959e-02
-1.026439377765071548e-01
-9.375020480147018276e-01
-3.946176501801086367e-01
3.107535590351568899e-01
8.936067667608595944e-01
4.092891066809563050e-01
6.131367679785999503e-01
9.044809957768686903e-01
-9.337786009403445942e-01
3.609127007205170656e-02
7.638258834758675508e-01
-4.960257315008642642e-01
-9.557495435573710729e-01
7.894450967574029310e-01
2.108603961556407835e-01
6.101470744511117150e-01
-4.092669516102651617e-01
5.288905766823754906e-01
4.223901072172540072e-01
1.943728893042577788e-01
-9.345472274414288183e-01
2.659663665500022756e-01
-7.752606505384775915e-01
3.305862562972665675e-01
7.144848086512132213e-01
-9.400553592463152253e-01
1.451583865137135998e-01
-8.904982875129749953e-01
-9.409173857885773096e-01
3.145340768784390395e-01
7.176821939554547392e-01
5.724793961687328903e-01
8.047839282987567788e-01
-9.585796682255587342e-01
3.603811251287718509e-01
-1.370127188358212234e-01
6.499430985836500696e-01
-4.022765325031223416e-01
-6.350379985953047424e-01
2.878506556085969059e-02
5.236369859661405002e-01
-7.249321658667156054e-01
-4.910904702698879465e-01
3.726394062887554703e-01
7.289285421175011326e-01
9.002901808562342456e-01
-3.230004854265233760e-01
1.622162292112558912e-01
-6.874253437975355041e-01
-5.441877321934558420e-01
-6.047035201448067721e-01
8.942415060965129836e-01
-4.873342257725845617e-01
2.288041064444792383e-01
2.832020091837932352e-01
7.669834042749050784e-01
-7.041774922613488474e-01
-3.711031599566978478e-01
2.677971819921243224e-01
9.212527896603204258e-01
-1.649021186432833019e-01
9.933626447555432559e-01
6.856811233180681864e-01
7.553612205727735507e-01
7.949343381812516984e-01
8.228394505790534996e-01
-8.531895297112725984e-01
-1.750076512531839601e-01
4.018737908812484161e-01
4.737628442473786894e-01
-2.807468232009722175e-01
3.548759218613466437e-01
-4.832541197586994741e-01
-2.203212174001156765e-01
6.887917648592187803e-01
-9.975988834178861620e-01
6.831304285378381191e-01
