-8.383883754155772028e-01
-3.359763758412626089e-01
-2.648361332736914875e-02
5.348572785580336664e-01
-2.789654167634902926e-02
-2.129394641820288037e-01
8.628488047717186582e-02
7.768925354451936549e-01
-3.128795111401432294e-01
9.583420117433962826e-01
7.115914770924072208e-01
4.714762835475059255e-01
9.629120650676958881e-01
-5.463389370733453543e-01
8.136018089209140491e-01
2.372925758742387981e-01
-7.555754863589454473e-01
3.358949053415680730e-01
3.395824201951991306e-02
-1.381192541658486928e-01
-8.756770128410753529e-01
6.041946085835354641e-01
-4.240357642495642398e-01
-6.567017738488374334e-01
-4.510813178229544640e-01
7.173775242120159490e-01
2.402977779924131418e-02
3.289440180999338992e-01
-7.798571384383903293e-01
-2.175413262152710026e-01
8.667488082239227509e-01
-8.715633946352059347e-01
-1.295951111963478120e-02
5.199074375396002257e-01
4.433626387185993778e-01
5.906138122919348810e-01
5.162686425291727055e-01
1.699497691913436359e-01
-4.177553552904487155e-01
8.154566589869254312e-01
2.161626382689338932e-01
9.117853391465535751e-02
1.852516173346747674e-01
-6.129977102621375629e-02
3.772641452661189554e-01
5.595465936737986645e-02
4.209896892486784115e-01
-4.235226762493240482e-01
-7.729431857407491613e-01
6.618161704268448187e-01
6.226273043475885061e-01
4.981671227475501507e-01
2.689896294354605644e-01
9.347352387617167135e-01
7.619660867391078174e-01
-5.620836102491066910e-02
-6.419448811255878962e-01
9.127359855337506822e-01
-3.502795140808157015e-01
-6.035784714725849209e-01
4.019593827239631434e-01
5.523198629368679669e-01
-4.871042402614624844e-01
7.622970096891907854e-01
-3.483969749251796255e-01
-3.621817925197858834e-01
-8.043192466750124225e-01
-6.192437551958389630e-01
-7.789056111761873957e-01
4.413338541277900262e-01
-7.743707780787840722e-01
-3.240989224631505294e-01
-4.175323193256759158e-01
-3.429726764508607140e-01
9.434738485275466768e-01
2.141423651090195168e-01
2.771277846729458538e-02
9.739339025181232845e-01
2.502965721862568937e-01
-8.429538118602184493e-01
6.356464274474507015e-01
4.705226258712473797e-01
-9.055813096482339120e-01
1.146634330543760960e-02
-6.558243091691746685e-01
9.910266423727904783e-01
5.589994179834214538e-01
7.821646879755883575e-02
-8.533503218961575598e-01
-9.445269707476859899e-01
4.270391944134743767e-01
-1.510823142861548174e-01
-8.422736009186297945e-01
-4.570381382684278737e-01
3.065368072007850220e-01
-6.506131371489705106e-01
-4.413066768303488541e-01
-9.953417213195325797e-01
-1.181692055145400211e-01
-9.382914023861272934e-01
2.431597353347279000e-01
-2.646175538846216035e-01
9.127241892658575217e-01
-9.355722429222395053e-01
-2.704564100384714287e-01
3.572315927987601558e-01
-7.456557839869859539e-01
-1.407750706268289242e-01
-1.838999875959790309e-01
-2.989518671597395372e-01
-8.448945789006740981e-01
1.732223425165637654e-01
6.756367432593846090e-02
-4.213238982623401796e-02
1.994115581791571223e-01
-4.074673320179782454e-01
-9.034661890880431034e-01
9.203320304356708004e-01
1.619455100417539484e-01
-9.113222132924727603e-01
-5.199503807634371366e-01
-8.936030250347140047e-01
8.645491782363856625e-01
-5.263144342637180451e-01
5.231402273828644756e-01
-1.628059424266961042e-01
-1.431287088032542343e-01
-6.422041989869298195e-01
-4.288912329465612849e-01
-6.012573929892095492e-01
3.973983803652516578e-01
-2.923177717658544950e-01
-8.351029503725153624e-01
6.697303579900495407e-01
7.224626601178774088e-01
9.533082662726368728e-01
7.522188427349310036e-01
-2.495160916401353290e-01
2.571885074573025953e-01
-4.329574307113652765e-01
-1.381696921306549974e-01
-1.050920918152797867e-02
-7.778371502220167155e-01
8.198308519144967832e-01
4.590470890237865476e-01
5.652750696464050595e-01
-9.086356577246448296e-01
5.940318244821181093e-01
2.831137432833734646e-01
-1.114495390362355565e-01
-5.803538341691059088e-01
7.298904462901782964e-01
8.482919570389864106e-01
6.362527523368985971e-01
9.204314775901831780e-01
-5.261061966039335402e-01
-8.926372712188272995e-01
8.923932180860894015e-02
-9.626975523302614413e-01
9.357704805917017588e-01
6.069163109703978876e-01
4.745971608691974541e-01
-2.340754146374650624e-01
3.693569609026903233e-01
4.637343107506972650e-01
4.475941296208429954e-01
-3.632080013370331262e-01
-8.780771909601887693e-01
6.375813887545809244e-01
6.227938978350131549e-01
-8.703505283579220375e-01
-6.913939907675248353e-01
-2.703917715791992471e-02
-9.463579574549907392e-03
9.864833894828866079e-01
5.621347597346273428e-01
3.821100645299531084e-01
-2.843191917056078211e-01
9.412671567159702768e-01
-9.685489723532461070e-01
8.023893644019213234e-01
-9.611411192624905730e-01
-9.898661922454301543e-01
-7.719525578703338997e-01
-6.683793274256120132e-01
1.043558006681022388e-01
-2.018305779321005744e-01
4.064278331677135814e-01
-2.480770711940749607e-01
2.541649358745341480e-01
7.032720283013826901e-03
-6.601596862790650722e-01
2.048936050926788432e-01
-8.875930747175653224e-02
-9.863970871491714032e-01
-8.950430992660196594e-01
-2.561594371990101315e-01
2.242829132769057487e-01
-3.951805305380056144e-01
-8.171758156586175215e-01
3.919291377531330944e-01
-9.745959764907994316e-01
-2.187088290765406562e-01
2.890887377327289176e-01
4.753972417288003793e-01
-8.497532310394031452e-01
6.184276350219080065e-01
6.481927083287777336e-01
-7.438175482077515888e-01
-4.089061618499314488e-01
-7.428563835563399831e-01
8.757648967546227681e-02
6.419800518408420587e-01
6.983243284375519888e-01
-4.290431511807151210e-01
-4.239084952891465363e-01
1.801100973429929919e-01
-7.429081338584397898e-02
6.075034792107796289e-01
5.293595141586313613e-01
8.591328166214204920e-01
-4.111992328270879238e-01
-4.900466699402175053e-01
-2.523874254230618064e-01
-9.052513052031985197e-01
7.084111612488572796e-01
3.987744054516295655e-02
9.025189860437488054e-01
5.011807484401982205e-01
6.561048423124455908e-01
8.670890289737538392e-01
2.911200905640483061e-01
-2.185111372862504897e-01
-6.018192205050554300e-02
5.149896487783267585e-01
2.027750820144014199e-01
1.107810251597054485e-01
3.431933087543910244e-01
-3.852133746837727024e-02
-6.514958750866750581e-01
-9.129455067031020388e-01
-2.832172526855778472e-01
1.180764169022519017e-01
7.712328971201150019e-01
7.641953214632748459e-01
-4.991965337150385817e-01
-6.191056113885038403e-01
5.532608262725071668e-01
-1.255062799946937702e-01
1.062232209220848045e-01
7.365128341526765432e-01
-2.668553239335704763e-01
-8.292960661108246256e-01
-6.393950253607370016e-01
3.605046376587639489e-01
6.461769436667785804e-02
5.510062235839348066e-01
-2.666020547150003139e-01
1.993527552580580675e-01
-4.961612605941476684e-01
9.130549840533319639e-02
-3.068106190675889966e-01
6.047644629294917085e-01
7.419568231214070941e-01
-6.905375583688495578e-01
