1.908035051242822078e-01
1.335543686868345681e-02
-1.769633910181084568e-01
8.554452180302041242e-03
-6.397417235760396448e-01
8.616050319797207147e-01
-1.133021343677757198e+00
6.056655661545358171e-01
7.000614523010690871e-01
-7.364598010520598259e-02
1.438875625290244820e+00
-2.080391011975778470e-01
-1.294296882960866313e+00
1.448013389277361229e+00
-1.227225440075343510e+00
-1.148792081451702085e+00
-1.016544548934894987e+00
1.063835304240731361e+00
2.343767150688410572e-01
-3.425554104207065298e-01
-8.828092752612166638e-01
4.203805689352504427e-01
-1.080544146642960612e+00
-4.411523246170716284e-02
1.480542114675496457e+00
6.354149227558725244e-02
-1.793447800332122810e+00
-4.701962602426215110e-01
2.624123333061604280e-01
4.154798705115780866e-01
9.275273082215254039e-01
4.776482895089075864e-01
1.582625688392100827e+00
-4.268518963718353487e-01
5.224500222720585008e-01
1.182165341723343310e+00
1.658928406948988465e+00
4.869666789224201264e-01
7.719773311686994877e-01
5.596881015263710513e-01
-3.318802979329195102e-01
1.512436782805295588e+00
9.211602704235642980e-01
7.574264659448157744e-01
-5.555461289384691081e-01
3.736959902861256566e-01
-1.011925104683591758e+00
-1.065280469726480828e+00
9.857070895132302724e-02
1.270678486380840688e+00
2.213842487763854061e-01
-3.190081520702113815e-01
8.202630841346708612e-01
7.057474705124504588e-01
-1.445258488277459286e+00
-2.441779686776588409e-01
-1.530764602656282669e+00
2.121427830264696057e-01
-8.242729963766843859e-01
-4.913025039775004710e-01
-4.260639317419269712e-01
-8.752906433656093554e-02
-1.414280861177488635e+00
1.936590930580684766e+00
7.976790060877695376e-01
-8.461538830302528513e-01
-3.767825293170157241e-02
-2.785403067462731697e-01
-1.197782932097994024e+00
1.265055629925938563e+00
6.802293778403651903e-01
-1.282794700010553512e+00
-7.578819406455721275e-01
1.378734235037316624e-01
-4.772415150875161660e-01
1.106326836044267292e+00
-1.240207108033837269e-01
3.384838343662808779e-01
-8.179328682458060218e-01
-2.272848265456004491e-01
2.385280077562227097e-01
-1.263177196598409768e+00
7.334571984344495643e-01
-3.937349521095933613e-01
7.432999940191877819e-01
-1.148012311670055130e+00
8.574418499400249249e-01
-6.542610204677419272e-01
2.097253168041124383e-02
2.969675286834086991e-01
-1.447775389412571556e+00
9.827837281942370939e-01
2.765035201096168738e-01
1.257251880695313240e+00
-1.558458965084111636e+00
1.151068645784098621e+00
3.246043476769306935e-01
-9.153603279625416311e-01
-8.189214578429597768e-01
-1.114279812940167869e+00
1.529231575307933078e+00
-4.173797894032360567e-02
-1.406698299040635813e+00
-1.071677194414660583e+00
1.605765631820647243e+00
1.689881974539770848e-01
-1.460255460165425845e+00
1.025098780632061057e-01
1.290666402294949222e+00
-9.724647770445928874e-01
-2.879875372027094205e-01
-1.526846916929168185e-01
9.464224107184310286e-02
-1.473803597926953701e+00
-6.690185306113105579e-01
6.967535111547261684e-01
9.075600050817801412e-01
-5.404064273493414117e-01
-9.206105570205329602e-01
1.098121151675178098e+00
-3.507509958292034935e-01
2.553378508371708655e-01
-1.261596212241820947e+00
-6.147339568496297257e-01
-2.853521482516674368e-02
-8.746003032797375898e-01
-5.578817307981887019e-02
1.241434858548272402e+00
-7.809505107798928591e-01
4.117910380880381860e-01
3.515295382969713667e-01
1.692588506950337468e+00
1.389768162777534899e-01
-1.118368769317596101e+00
8.621746533241070320e-02
3.602369225298935884e-01
-5.305436937511200934e-01
-6.578126879427410589e-01
-1.490620362234429397e-01
-1.655864447839217046e+00
4.785243490501554509e-01
1.092795531409289644e+00
8.379341382080702783e-01
-7.016323066713647805e-02
-9.192984131437192952e-01
-5.353017489087097402e-02
-9.758355782015604163e-02
8.461912392799323390e-01
1.142674271399969133e+00
1.223671237397785383e+00
1.558330936502397179e+00
4.543142436798934813e-01
2.485100790212236843e-01
-6.034877393469340046e-01
-4.194365624263313164e-01
-2.336085472926616724e-01
-4.337216270055843648e-01
2.222257985246987033e-01
2.234481921497932788e-02
6.156243517587265401e-01
-9.142833692017815483e-02
-8.647953971766613179e-01
4.939050342150175799e-01
1.466820346786733786e+00
8.200977423016525547e-02
8.476602308291789623e-01
1.032234506121720852e+00
1.403106001205232989e+00
-1.022628604068767100e+00
4.228399711892285029e-01
-9.855717480199588376e-01
1.216511601644861162e+00
1.386090256766830509e+00
7.355625918406902830e-01
7.853591739333621868e-01
-8.837446854252227757e-01
8.711363927083013436e-01
9.862767466739119637e-02
9.427609928735313227e-01
7.552541285030638374e-01
-1.052714877243712488e+00
1.487424985915359432e+00
-6.656987241627023710e-01
-4.715115363444446483e-01
-1.842170463391856972e+00
7.563622027192928865e-01
6.476461109148849982e-01
-1.433060173770204004e+00
-1.912813680346238387e-01
-7.728004965517941693e-01
1.118048507054457907e+00
-5.068989416192870578e-02
-2.107517308272055523e-02
-1.218172242990168908e+00
-9.282903241416635698e-01
1.801745424661775008e+00
-1.058457597959144181e+00
-8.815602030855357318e-01
-4.035748466892759012e-01
-5.943431243172901945e-01
2.649169446888087753e-01
1.170629059746175926e+00
-1.807646142111534182e-01
-4.503232830274443987e-01
1.351471246912460566e+00
9.730957754410403115e-01
-7.686108899732693178e-01
-1.358199765540724524e+00
-5.567964314260066550e-01
1.628964736324587381e-01
-6.550281112883657997e-01
1.333832978790934432e+00
1.048028835594866592e+00
-1.111167041115432852e-01
1.235150030511738439e+00
-7.449340979539011975e-01
-8.004063281851192535e-02
-7.369179022777497812e-01
-1.382981829373444604e+00
-1.941011293330566767e-01
-1.148935558322615069e+00
-5.018604928566563483e-01
1.762279500820296718e+00
3.899522423832816886e-01
-3.359169964865754143e-01
1.621441684508999392e+00
-3.310714466696126346e-01
-2.844116015549236209e-03
2.517393401227561167e-01
-8.747823426399641278e-01
-1.511044780253722131e+00
-9.846131964837341322e-01
-1.044347224706192900e+00
8.510714081935443209e-01
-1.084068287389972518e+00
-1.258861513996097692e+00
1.908766572260368610e-01
-7.533630411254792492e-01
1.220184799283103860e+00
-7.388862429568914258e-01
-7.446787223052548921e-01
-5.860897356632233102e-01
4.331626182685444082e-02
6.427853372096683504e-01
1.372515307266466422e+00
9.861921637469144297e-01
-2.683000272868267810e-01
-1.389722992762869147e+00
-7.716853178209217567e-01
5.918921956102041193e-01
-1.222376389218104986e-02
8.969095331158707385e-01
2.437219116329346624e-01
-1.559786382306134644e+00
-6.664803884136951684e-01
1.401685052022734745e-01
6.462747393738389468e-01
7.921689227800683408e-01
1.403199511789652520e+00
3.693845949480263902e-01
1.121092453733161243e+00
-1.559688439767137336e-01
1.219716105465757039e+00
1.630467696052533055e+00
-1.062628430441366678e+00
