6.760437021922225398e-01
2.017879041470860280e-01
3.410456614954713306e-01
9.635401659646856132e-01
-4.170262605296946035e-01
-6.065495734686940921e-01
-7.837141838327710275e-02
5.785310351138517326e-01
6.714943967953286297e-01
-9.876683201857789918e-01
9.444357646183305643e-01
2.131484399867229484e-01
-5.705898285487400745e-01
-2.696329617597332806e-01
2.864927741858775967e-01
-6.238540906350751314e-01
6.527422560987492517e-01
8.561284022388553350e-01
-7.065893675479073543e-02
6.469555613785802350e-01
8.611579282593566642e-01
7.493247949246095718e-01
-8.774059938784000146e-01
3.525869192981490041e-01
5.587263156225952265e-01
-7.856319177507011808e-01
5.462723502949795584e-01
2.513642175691432890e-01
4.362920101167144793e-02
-4.279884137941782907e-01
8.060878470633641157e-01
4.525441842030595296e-01
-9.619297343130324141e-01
-7.034719926804309242e-01
3.860735560889734241e-01
2.671673630444106884e-01
-9.891506603963935440e-01
7.027437270427658866e-01
8.001162086719115774e-01
-1.484379392094299366e-01
8.771196531464691137e-01
-4.789677248771950779e-02
2.979703341094717128e-01
-2.878422279893169122e-01
-4.710688833494844907e-01
-4.862192627637982323e-01
9.448629108152171163e-01
8.901404523441522887e-01
9.595625242128982268e-01
4.269870485456870313e-01
2.910032469382282105e-01
-7.212206897220603263e-01
1.902659849685599536e-01
-4.849096274282411745e-01
-1.582286542863353684e-01
-3.088297551990237810e-01
7.607033686869137945e-01
9.064119681167559506e-01
-9.612838910824901273e-01
1.744816796705730422e-01
2.910596168511228043e-01
-5.551469430398128235e-01
9.381460461839756793e-01
4.412054766317785592e-02
-2.195592337452860754e-01
-7.432717071411845122e-01
-4.775728645898604796e-01
-8.684355056452868205e-01
-9.189184766420861461e-01
-5.493566501891062881e-01
-8.546954066308947162e-01
-6.179550044237587247e-01
4.117597023962971114e-01
6.863044203312380631e-01
3.888552384296910525e-01
-4.228024004752133358e-01
-8.921292023496829593e-02
8.110818390079304052e-01
-1.949603793467804547e-01
1.305738172301924571e-01
-4.479201775576258093e-01
-2.297089553528779415e-01
-9.762075850663691767e-01
3.010325624623133578e-02
7.386515646216313957e-01
3.442440420654282462e-01
3.609131568440335780e-01
-8.586602339123905470e-01
-6.718383894384809540e-01
5.605693439610659468e-01
-6.119764896619668271e-01
5.208110327711614751e-01
-7.451522992904822118e-01
2.312953518231393168e-01
-7.463188428056513057e-01
8.698824416347203936e-01
2.431995350922295795e-01
9.797421118813274266e-01
-2.138649861074486402e-01
8.503217342425766212e-01
-3.427150810277002080e-01
-6.141590242815997414e-02
-4.937387661755174850e-01
5.811002026996290315e-01
-6.424944984715483809e-01
6.659518470400183077e-01
-2.793110845385677887e-01
-5.586158682700017586e-01
-9.376814600426777169e-01
-4.699061276014817601e-01
1.277298197521459233e-01
4.114359008037427046e-02
-7.657031563974876498e-01
6.480733235554494431e-01
-1.599739639147901293e-01
3.115531427081146276e-01
8.837328796867260916e-01
-5.844934005123922915e-01
8.794386962532312335e-01
-6.629372936171311625e-01
-3.289383264112260008e-01
-1.018140347587892514e-02
-6.567037990620294696e-01
1.559366947044416030e-01
5.481837243670293347e-01
1.915144657732696931e-01
8.141758386808075620e-01
-4.154995785913309092e-01
-8.465274999337966122e-01
8.435731922342879496e-01
-2.234803814249333165e-01
-6.694494611756691693e-01
9.177714646216770245e-01
-7.866915236257259192e-01
2.336528226734329028e-01
-4.303207996078652897e-01
-8.653769719674360150e-01
9.123953402707090099e-01
-8.347330470487794862e-01
-5.347325169257928223e-01
3.443746263122067219e-01
1.385277887230256244e-01
-5.110713810329765572e-01
2.054742724844689228e-01
-1.306050943058711944e-02
3.071140646512040551e-01
-2.360466757881587441e-01
4.821445068901040187e-01
6.586893493113861187e-01
-8.124563109989213494e-02
8.068921788947653884e-01
9.630807894265498437e-01
-6.495006395110201058e-01
2.520521310193033493e-01
7.659717451264236310e-02
9.454189665053731595e-01
-6.400309749263362047e-01
5.583654644732145567e-01
-5.947708706112613264e-01
3.828781974181221237e-01
-7.854573350305238399e-01
7.041532803961603193e-02
-6.046120453434276065e-01
5.864514043495199225e-01
1.113733188578416300e-01
-5.336537919890964599e-01
-2.550058044314045258e-01
-8.320021327226245766e-02
9.677519850575129201e-01
-4.710969616382654213e-01
-6.238940318103280980e-01
-9.849878254906938579e-01
8.836852048776357993e-01
7.778237358251693934e-01
6.609326833630149167e-01
4.287131165915010200e-01
-8.102048938057651029e-01
-2.814931117438983499e-01
-4.155184726958078834e-01
6.499547889720997951e-01
4.652291495195037818e-01
9.720653864359500851e-01
-4.097532438942450561e-01
-8.045298451331062140e-03
-4.002735355209736667e-01
-4.227495800198026732e-01
-8.440311337729013985e-01
2.078627088080087226e-02
-1.587110051309079672e-01
-4.809692534957634713e-01
8.342779746706907584e-01
6.490008331297536515e-02
1.606646113229239781e-01
-8.716812588749682789e-01
9.126292212796784931e-01
1.965797976705752070e-01
9.038612106209165109e-01
-6.702951065993834057e-02
6.459304073198757212e-01
-6.915269987094765369e-01
8.096552029699284336e-01
-6.981564644481952353e-01
-4.022002178589889620e-01
-8.294987122754671205e-03
-6.363900973470955069e-01
5.659457355599943895e-01
-2.382370085254068570e-01
8.333797943184140244e-01
-6.430713058641468471e-01
9.380095633616174489e-01
-4.056708645460069818e-01
6.067145301811234237e-01
7.375990379893737625e-01
7.261037868226534187e-01
-2.562707523308322966e-01
-2.544260285437498492e-01
6.214571118721967657e-01
5.447738626241371840e-01
-8.434829852821288387e-01
7.342145570701894552e-01
-2.296139913831694024e-01
4.840083705415725301e-01
-3.011597136705996824e-01
-1.886929598153146426e-01
-3.442863840208025827e-01
-6.524871148299391521e-01
6.729630000004171997e-02
7.785470420068787423e-01
1.491209985922967718e-01
-8.759180887952560113e-01
-4.542826425534920443e-01
4.220315402028305130e-01
-1.043628540501204682e-01
-6.576574367762149098e-01
-8.598863705863701856e-01
-3.329685132071640297e-01
-6.235317214713731460e-01
-1.823034648952848169e-01
2.675567114381625089e-01
-7.389705119362777186e-01
8.080153691088576284e-01
-7.349703466598087598e-01
9.470644346463878982e-01
6.121301483381540454e-01
-4.149693225186406043e-01
-1.846507197786930732e-01
9.251847778113637677e-01
-7.121537331837179963e-01
6.249095673350564262e-01
9.631980654413463405e-02
9.720229503988775388e-01
9.257327585102641532e-01
-1.258646230462745486e-01
6.343324052499053067e-01
2.770180085901432498e-01
-2.827607217456074018e-02
8.651612917265565361e-01
-5.142742423922788131e-01
8.927448413598695343e-01
8.380818497001585321e-02
6.792116515712542935e-04
5.413818684341862308e-01
-5.516862400720177195e-01
-4.633116299919519676e-01
8.521647269940881841e-01
