1.251055161091074019e+01
6.129167174965672871e+01
-2.847384341693751963e+01
-5.073977264837769496e+01
5.698322817449433586e+01
-1.548983495520543041e+00
2.230424817351354605e+01
-2.236088228361355679e+00
5.719659750636834872e+01
9.535539234891752258e+00
-6.432473128634630655e+01
5.546099089908176438e+01
-1.149546207548322130e+01
-4.712823832762480691e+01
6.972350816555510811e+00
4.678090490767861986e+00
-4.509821087627784664e+01
1.666859731212653628e+01
-4.249946349431438364e+01
-3.434571081192208908e+01
-6.906647842362770007e+01
-1.088599973048035707e+01
-1.192743071942963162e+01
1.470249580721665339e+01
9.792821913110728360e+00
-7.809348028963480459e+00
3.111749197357051244e+00
-7.895751480363482955e+00
3.446862745795973382e+01
1.867669557429048410e+01
-2.820556119794848016e+01
-5.403656162939498842e+01
-9.062199618842608828e+00
3.696143804106186259e+00
-9.028698181118819832e+00
-1.886296923786105140e+01
-3.359097241230732500e+00
-4.593301551530954541e+00
4.589451669124262878e+01
2.201338256446289776e+01
-5.041804142420332369e+01
2.766458764736779230e+01
-5.821932817267367000e+01
3.052401810389086023e+01
-1.094700656725707155e+00
2.150850378246191141e+01
-1.328172280129697569e+01
-5.730093268162398168e+00
1.827288921859331339e+01
2.667508776419081684e+00
2.379843429338471950e+01
9.585276033955947739e+00
1.745916007863403507e+01
2.671033223623958364e+01
1.133331076596195075e+01
4.056274074776928984e+01
3.595349839896900335e+01
3.797757108714074548e+01
-4.817072113115100507e+01
2.791829011487211432e+01
-6.587639950356249940e+00
-9.622827736852709535e+00
8.911024139053568049e+00
-2.076803453930661902e+01
-1.712546486958078162e+01
-6.827977681739301374e+01
-2.320172828996835079e+01
1.279675498120952781e+01
-4.302208506369013463e+01
2.848738375701385905e+01
2.120707412886828536e+01
1.029711555275245516e+01
3.343513450878923265e+01
-2.396977624063349577e+00
-4.754769562937588745e+01
-2.021472119336837903e+00
-3.508746256561318333e+00
7.537996141826075913e+00
9.409877504777227841e+00
1.127004877489151013e+01
-1.028934731764978316e+01
6.135970381116663930e+00
-3.008256962790945011e+01
3.887328073664146011e+00
1.698225166564818167e+01
7.509742776920850815e+01
1.212019157283609339e+01
-2.630986087242817106e+01
5.726196398868263593e+00
1.401578706977239630e+00
-1.333471337434967197e+01
4.258905237656795961e+00
1.889362142943781109e+01
-2.104182178083071619e+01
-1.884669868650285807e+01
-2.038187320662595070e+01
-2.591703065106507609e+01
3.187411941976690244e+01
-3.428370290006537857e+01
7.932076947592636706e+00
-3.434736360214555528e+00
-2.169474123625884943e+01
-1.874579419991281748e+00
-3.621658932971728806e+00
-9.735401070951141378e+00
5.816973622437714653e+01
3.946984387123002036e-01
-8.338222355160336718e+00
2.374206814355802209e+01
-9.302859392316941367e+00
-1.371842079151398508e+01
1.117798913078416589e+01
-2.828600621572021723e+01
-9.348710350857480478e+00
-6.025058961772526800e+01
4.554360119782700878e+01
9.559016006702805157e+00
-2.498430738003277440e+01
1.561764123289027495e+01
-2.413745827790156895e+01
-1.945139511593229287e+01
2.576615879074678261e+01
1.608859774090199934e+01
1.868240751829268476e+01
2.762199205503765853e+01
-1.558316332863046405e+01
-3.846397231051215115e+00
-6.690139061873469473e+01
-4.075050985098695122e+01
1.131703408811267231e+01
-1.599148067526876282e+01
-7.963627793954634626e+01
3.546455249171093271e+01
5.113389077216446310e+01
-4.576370140464366187e+01
4.025529430336592185e+01
-2.081746712931187293e+00
-7.160079925812846469e+00
3.849357394602544957e+01
-4.529245865620637801e+01
3.022363937656698241e+01
-3.025588045917918834e+01
3.260251417405126517e+01
-1.431110764842495797e+01
-3.618146092362564570e+00
-3.088539397317414004e+00
-3.958006859348616757e+01
-8.366973428209321995e+00
-2.144523533568913365e+01
-7.842654510093585163e-01
-7.471066310687092482e+01
1.499093798675674805e+01
-4.192613952003353006e+01
5.838149511271302217e+00
-1.635105397022950413e+01
-1.854808024758077778e+01
-2.835224905979679022e+01
-1.471417282313666242e+01
-3.692390577728646406e+01
-4.740838329624420311e+01
-3.172069736926722427e+01
-1.535422638707148835e+01
1.385027058634180186e+01
4.718809335380191072e+01
-1.386537790586402430e+01
-4.464272383363472585e+01
5.390288383297136221e+01
5.644310581029255047e+01
-1.387638620083269814e+01
2.502783867698379350e+00
-7.585557922247471829e+00
9.275802453110099322e+00
1.021217569683103576e+01
2.994560880914805878e+01
-2.735009654599027229e+01
2.807285496241977896e+01
7.626559555031988680e+00
-1.496507189140646865e+01
1.257591762103392163e+01
3.143067295360730995e+01
4.460976856858918893e+01
6.435853168609076747e+00
1.878625227204659964e+00
9.951083260625832594e+00
-1.914777407349299310e+01
5.832831656542118992e+01
-1.260481952401805472e+01
2.895738761320588495e+01
-2.536310966362728792e+01
8.020232562416256883e+01
-6.041834760657663672e+00
2.832965912368711159e+01
1.577139404283842872e+01
3.822785425570372553e+01
1.189141919318909402e+01
2.360650120657872719e+01
3.210180054881299583e+01
4.264335067882533536e+01
-3.462677220848405568e+01
-1.198335253643651122e+01
5.254215841810280807e+01
2.762773344121862706e+01
-6.393496839086639127e+00
-8.444201466945223444e+00
-1.817652705188465490e+01
-3.229367589740626432e+00
6.943987203802733177e+01
5.698610760850157675e+01
5.214458586798479622e+00
-8.425785512049404957e+00
1.544012492567082795e+01
1.386142908434602994e+01
-1.773677131148732045e+00
-1.177816534525075376e+01
-7.493410806930441481e+00
2.990686303743702013e+01
-3.686235220424514125e+01
2.336297107424548436e+00
-1.421589030271193366e+01
3.113343362935135517e+01
5.466663620236310095e+01
-2.450852085941939507e+01
-1.660331842398066726e+01
-4.798239597036587156e+01
1.243394689279033827e+01
3.982979494090107409e+01
-2.047283864514341900e+01
3.263849809527157220e+01
1.231198783140796671e+01
-3.938785702592941362e+01
-9.048143575276030504e+01
3.179514705775342875e+01
2.104032194373347764e+01
-1.138011500094367534e+01
5.600829178559754951e+01
1.649516656007443061e+01
-7.586734047426278948e+01
-1.484965074722847511e+01
-2.563774330124093481e+01
5.808025094321497050e+00
1.583166759644093879e+01
-6.632469580135879994e+01
1.079550021735500742e+01
1.090199208090295357e+01
2.308606735814674948e+01
-5.737552044864391121e+01
6.373471423063430308e+01
-1.854390527147503676e+01
5.363245102400293973e+01
-7.044538969768001202e+00
-1.786895842506560683e+01
-4.775916290292107647e+01
2.573641624161093233e+01
1.569368125295963168e+01
-4.429162201964657442e+01
-2.874169974573423403e+01
3.861336505780466943e+00
3.871799893156593697e+01
2.758058043425510775e+01
5.229116319618385234e+01
-1.973779150900432100e+01
2.851830403570822625e+01
9.025105970960595414e+00
1.960426344000264942e+00
2.601344426142509292e+01
