3.184697678845695634e+01
3.723033686329032577e+01
7.214593301607236242e+01
-1.953124327208807642e+01
2.140136677552483846e+01
-1.161769800309453871e+01
-9.096285744358647563e+00
1.806946345968190704e+00
-1.424297128450294547e+00
-2.323952631772890953e+01
6.673468506298219971e+00
3.112461929366845226e+01
1.084608082680985408e+00
2.760128954219944752e+00
-2.229697355792265867e+01
6.587737122977601700e+01
-1.531362926171009597e+01
3.127836310943883191e+01
2.260842637670712563e+01
3.888431129479290860e+01
-1.788602968386314629e+01
-7.536562985285974037e+01
2.578117566050898191e+01
9.474102255377498949e+00
1.961723958725748318e+01
4.926674981160038769e+00
2.316044003946464258e+01
2.594402185649019188e+01
5.983812393098851601e+01
-1.269643267654725172e+01
3.623520587793106529e+01
4.937137272167472446e+01
5.312232354242386378e+01
-4.549570234298103699e-01
-2.457722220269341307e+01
1.863760008313300354e+00
-6.295735398398149130e+01
-1.640492872105667388e+01
2.976398978945394092e+01
-6.329288475537003222e+01
-3.993325146677749160e+01
-2.474720274940834486e+01
-8.530872238694367837e+00
5.932649218864516349e+00
-9.551869773853353252e+01
-3.664335884281682354e+01
-4.134832883127975123e+01
5.556509983700080646e+00
5.766953810188083906e+01
2.815950330509851796e+01
6.222615758467662772e+01
-3.469614930726449842e+01
4.250050419223498466e+00
-4.674031520529493378e+01
1.574926597565562325e+01
-3.130071586878499090e+01
-2.853714867090941354e+01
-2.962242058622848617e+01
-5.784168913640223764e+01
-5.620365022870179672e+01
-4.790696370086502753e+01
2.486359658744869083e+00
-1.465076386219942428e+01
4.156239258389998525e+01
1.227811609737682517e+02
-8.052595067854703359e+01
5.239153032211934402e+01
2.793070040675900501e+01
5.737752922655872112e+00
6.929066790230996276e+01
7.187544195118168489e+01
-3.218633796171418981e-01
3.458652612453123965e+01
-3.785367549986513325e+01
6.166078164983512977e+01
-1.923795946967904058e+01
-1.793950685058070960e+01
-3.493962403917425519e+01
9.523460414121524309e+01
4.419082520574696815e+01
-4.430548797946910611e+01
-5.567179505034066267e+01
2.580447830037980506e+00
6.835972953287888743e+01
3.642525885293172117e+00
-4.196498772786129194e+01
-3.791280171341359306e+01
-1.426328757843068473e+01
3.832005314389098771e+01
-7.526853811538229877e+01
7.690613342556202880e+00
-4.471944100482287610e+01
2.039617722565825186e+00
2.215909299482920147e+01
-4.207629237945965883e+00
-2.963267260734776087e+01
2.645788989230068822e+01
7.480730137225432230e+00
2.933401013619281272e+01
1.610628297777933327e+01
9.923571438920507148e+01
5.277096998062839361e+01
-6.822119781567899111e+01
1.296232951724799776e+01
1.021034054844314909e+01
-1.629837007542799654e+01
4.781006490142920029e+01
5.394536384166234910e+01
-3.843901128432310799e+01
2.008133571808097884e+01
1.443213223899715736e+01
-9.814132447021865602e+00
-9.192056756064202361e+00
5.604427677975522215e+01
-1.468466906090392143e+01
3.893898957731611432e+01
3.017452245616820150e+01
5.718993930953500637e+01
-2.071896998410568358e+01
4.203308733644522732e+01
2.023430542426641221e+00
-2.831658914065448585e+01
3.317797015449372822e+01
-2.622961897279257926e+01
-7.061376838405426781e+01
-5.584142662744508812e+01
-3.830488959561586881e+01
1.649109581420126602e+01
1.060631881102130869e+01
2.603600418153421714e+01
2.406236290097605490e+01
3.406244138196978355e+01
1.936915722759237513e+00
-4.245450852377658180e+01
3.085038135624729705e+01
2.403810437985706727e+01
1.738836601064362775e+00
-1.027530703231801290e+01
2.458797314599796380e+01
-3.019758552080430980e-01
7.137935318864436773e+00
-4.710723088365125477e+01
-5.428022383113308535e+00
6.222573539311908064e+01
-1.905647281447153674e+01
2.422761538914877022e+01
8.264743614074960831e+00
-8.014851128024846894e-01
-1.087911478759926354e+02
-3.744548956467951051e+00
6.155049199743077537e+01
2.921463249014822949e+01
6.002328100535927291e+01
-1.493624206064662729e+01
-2.835755601119960834e-01
2.295357294237744483e+01
-3.860138860114265924e+01
5.563179280910923730e+00
-3.274066653352316081e+01
-3.421862181099270828e+01
-3.667135930480870343e+01
-2.908704821710800914e+01
2.630695660073485698e+01
-7.720100489666292276e+01
2.729357201554141099e+01
-7.847983208143318734e+00
1.441145532232319759e+01
-4.173683815473059866e+01
-3.669039993567151470e+01
6.074253930927806522e+01
2.272732400318478341e+01
2.956538202092755441e+01
-2.579526875022058974e+01
1.507758670447769411e+01
-6.532576723206196334e+01
-8.378772769495729023e+00
3.962002185392236697e+01
-2.859655039188525194e+01
-6.239820282075366009e+01
-1.438896726288721695e+01
-1.692921790447579866e+01
-4.141416144915124775e+00
2.861838846217343857e+01
-1.933888074989674877e+01
4.039264082717147764e-01
-2.019891946530093207e+01
3.441184376645151843e+01
2.886614446048989535e+01
-1.969632345513407401e+01
-2.634959745649064899e+01
9.028059231570007626e+01
4.540837203161822799e+01
-1.133374989309816350e+01
4.152126890416151639e+01
4.660943977162966156e+00
3.781010095658352110e+00
2.394976926717652788e+01
-2.412354740008344223e+01
2.381915179675599248e+01
-1.575235493032674050e+01
3.755290008231075660e+01
5.596026470642524941e+01
-3.842883072701639691e+01
3.120575565812751506e+01
-1.267034839286035641e+01
9.905542811338659703e+01
-5.241311231738618659e+01
-1.813859370767579193e+01
-1.394502299015913493e+01
-1.733497667733776382e+01
-1.728643115780346307e+01
-4.606497034189904838e+01
3.859923377780933862e+01
8.338027135298100134e+00
-6.746120715612152097e+00
-1.607841274180821856e+01
2.000113499428128705e+01
4.517119259235980877e+01
5.454258654620993241e+01
-1.537785053102491162e+01
3.107385515018305711e+01
-4.995048312859103889e-01
-5.877688407782702962e-01
-3.758766858752988327e+01
-4.221994325291962724e+01
-4.355888818732959322e+01
5.013865109507860574e+00
3.759521893325655384e+01
6.343457117286667568e+01
1.372151282919242590e+02
-1.692983003176942702e+01
2.772172280610350370e+01
1.274109811095278033e+01
-1.014314557492944502e+01
8.453195913674607098e+00
1.554806915903859021e+01
-2.462998553801798707e+01
4.296234543348882795e+01
2.122625074142690949e+01
1.358054023073990280e+01
1.802421417488034550e+01
-6.636133656442218864e+00
-9.654338397995937626e+00
-7.628310551174594778e+00
-2.374560009019280216e+01
-2.846627964496571295e+01
5.505154387909294655e+01
-1.521205817078596567e+01
3.694358753514188720e+01
2.681129541929370319e+01
3.580438542824786197e+01
3.043934731838950825e+01
2.881853268007732893e+00
-4.113523127702519133e+01
1.515986697877364620e+01
-2.008600145604788523e+01
-1.269515721988632251e+01
-1.666692768511418521e+01
3.366398841346612159e+01
-5.533927002851773835e+01
1.884720746556390125e+01
-3.257796136312745006e+01
7.069677871988763229e+01
-7.223520954194799515e+01
4.080969696217741927e+01
