-3.293256943889388833e-02
6.188923855266087459e-01
-6.568971580994273918e-01
-5.743765407402183776e-01
1.352293758716874850e+00
-4.987538569709880076e-01
-3.637805794316302799e-01
-1.186587442744889920e+00
9.558354109566834511e-01
8.242330354927636105e-01
7.955258857825855401e-01
-4.543032439104525144e-01
-2.785217932806380858e-01
-4.895297441542125760e-01
1.596607885499471191e+00
3.516598834988184930e-01
7.113418935940705179e-01
-5.357155841988927580e-01
-6.085828944184914491e-01
1.438957331413523555e+00
3.557689379575942890e-01
5.550442766234937597e-01
-1.566158305151434504e+00
-2.557186701491873659e-01
-5.011031162321311072e-01
-1.103100310856640842e+00
2.482093976288544113e-01
-2.124214790805762920e-01
-5.829234474643381070e-01
-2.214897008390972477e-01
4.680186074540730878e-01
8.201899751635645108e-01
-7.009115667069663047e-01
-8.902090395589459249e-01
-1.758880048652172734e-01
-1.013015929983658747e+00
9.124889460970094790e-01
1.611392945601406668e+00
-4.458925636125365410e-01
-9.422345983140658632e-01
-5.465263547557943635e-01
2.517143855063214142e-01
-1.041438461756982292e+00
7.181283558558647362e-02
-4.708718111595319722e-01
-1.424304647498083831e+00
-7.764499739884103136e-01
-9.988506346081263976e-01
-1.554509576425030737e+00
9.878153566852277967e-01
3.747570565286900690e-01
-6.598801305212333990e-01
-8.981111544868156660e-01
-1.375383897920785303e+00
-5.391472230007836597e-01
1.712564715697643791e+00
-1.276013983339643332e-01
5.840883754245238535e-01
1.423155887785971574e+00
-1.931769518692276755e-01
3.811951657844529495e-01
2.250059621990800895e-01
1.389789775984026310e+00
1.610912142098009481e+00
-1.710357740780051650e+00
1.249896181688940455e+00
1.443687043703690831e-01
1.280309966352747075e+00
3.364520055637513773e-01
1.333289625290648983e-01
8.505323316439450387e-01
4.984731557816149961e-01
8.542763281804521824e-02
-1.158246093115089526e+00
-9.376791043513287294e-01
9.029003082307407446e-01
1.535448438813808991e+00
7.899352113972459843e-01
-1.064625951686848815e+00
2.202582181566327124e-01
6.521603982964255808e-01
-4.841974162751000454e-01
-1.136113015075406185e-01
-6.452565049738143710e-01
-1.325421925184747884e+00
1.523750889698831434e+00
8.355417299072642745e-01
4.198474090278192516e-02
-1.543382710553558024e-01
-7.572816180096464400e-02
6.096425815025561246e-01
1.783838913042765650e-01
-9.467620089292152485e-01
-2.897464903657337443e-01
-2.583560525018390175e-01
-1.687825916677400118e+00
-4.172846142428463523e-01
1.077857245199912217e+00
-1.069486941837075378e+00
5.801518250154911183e-01
-5.465083333774281016e-01
-5.352294495181026956e-01
4.261269250126542563e-02
-1.568192400554072830e+00
1.877815247279009947e-01
1.136149263893381223e-01
-1.838825938386300374e-01
-1.779259124498982825e+00
-1.666697311704066875e+00
1.189180776963195019e+00
4.668403770408702247e-02
-1.182212489380252141e+00
-6.868446235350310625e-01
-3.682994071633964861e-01
5.207526811637581687e-01
6.411655650278398344e-01
8.521850317055741364e-01
-3.079619135538577135e-01
9.848629604221483813e-01
-9.701629349033979999e-01
-9.402175815670805736e-01
1.188067191195418371e+00
1.157273426300605035e+00
-7.959004442252768374e-01
1.615945579353072592e+00
-6.417099868035318622e-01
-1.179382944751641293e-01
8.966876698401844425e-01
1.397596706798393540e-01
-1.260421547201147519e+00
-1.497854733606874378e+00
7.359448350271410311e-01
1.060815935549195732e+00
1.615550592085877257e+00
1.469465363853532880e+00
3.050385060378263402e-01
1.337794052517615739e+00
-4.640370875927499195e-01
-7.226992434435212109e-01
-7.946277137990161998e-01
-1.879152006953514059e-02
1.048308761506361986e+00
-7.420734781441733485e-01
6.808079105277263787e-01
1.184378351669913787e+00
-8.185094821272604904e-01
-9.191684238061476053e-01
-1.554207372089624339e-01
1.164997005893023824e-02
-3.036330775797422277e-01
3.974130534730543896e-01
1.450938191587987647e-01
3.544158123416587536e-01
-8.110343978445190283e-01
1.818014875422393484e-01
2.462855740547265082e-01
1.439033038505897810e+00
2.636508630460993041e-01
-4.331129085627483111e-01
-2.052747343209517239e-01
7.916494895738608317e-01
-7.245596717345834659e-01
8.081984775574848623e-01
-1.299118345615810188e+00
7.270319521061459067e-01
-1.739791338590848113e+00
-3.043749716020145435e-01
-1.046696230759994073e+00
1.060705818181318927e-01
-2.455608243853263373e-01
-8.844910940462114013e-01
6.397160175736822385e-01
-1.153350794022971693e+00
1.438156680118189756e+00
2.855686909728455403e-01
-2.410433746072609962e-01
1.630872638713929845e+00
2.945324216956642926e-01
-8.493682488793836693e-01
7.621513345061869948e-01
6.613315543832734011e-01
1.375194449457163071e+00
1.423288207721501442e-01
-9.949346655487155688e-01
1.343169099677277156e-02
-4.183199248307891138e-01
7.794151308251281440e-01
-7.484513839618118780e-01
-7.445699031843244775e-01
1.660086754943210785e+00
-1.121546059611549850e+00
-9.833432388339923280e-01
-1.242291240877222869e+00
9.598877346625936946e-01
1.220030901981010718e+00
5.206876794730810332e-01
1.333950156147143629e+00
-9.144137968669071581e-01
5.695926840943361658e-01
9.749300025579024087e-01
5.339744996704822722e-01
8.545865003901906287e-02
-3.687180822254936263e-01
5.984625456410144206e-01
-8.713917822359571463e-01
1.290282350362444985e-01
-1.693942963407554236e-01
6.006677688068242649e-01
5.253504949426641701e-01
1.686045179745974343e+00
8.850789784178018926e-03
-1.098944303229861141e+00
5.752085690960180298e-01
2.160655795659172096e-01
-3.437139650246956446e-01
4.906593053606666532e-01
-1.092398565099182761e+00
-2.504858724480528709e-01
6.152264873716479787e-01
-9.617232020424599792e-01
1.128503786403615150e-01
1.220517634903025339e+00
1.818269055285274716e+00
8.873057666165578006e-01
2.338507736686916694e-01
-1.280788828560074588e+00
1.651431251325410798e+00
-1.027270811395461170e+00
-6.945488770397236777e-01
-7.973857364798296876e-01
5.088396448496814717e-01
1.043618789522644974e+00
3.851318999051336900e-01
-2.847407573401483649e-02
-6.001215960678232264e-01
-1.883057216263039901e-02
1.248888613805969383e+00
-8.630961604756186567e-01
-6.375972839882513288e-01
-1.322831324116276352e+00
-4.122132063166145666e-01
-1.032496058652830229e+00
1.205478697369498864e+00
-7.718512956848646578e-01
-1.029869589996539769e+00
-9.180715866253232882e-01
-7.707778022063631607e-01
-9.370838997036503581e-01
-3.296388158262577583e-01
-3.791312037489316111e-01
2.502953253591977401e-01
-2.702783662156409417e-01
-1.553934445352165294e+00
1.552650278099291459e+00
1.307575348833443396e+00
1.276058477030738825e+00
-1.163171905368670878e+00
1.067377855673413034e+00
-1.154412452637707531e+00
1.550684284295826387e+00
-1.831113131164041619e-01
-1.859399409569458816e-01
7.050535843691907445e-02
-6.397328131684676400e-01
-9.466459898035128884e-02
