-8.455607092446419948e-01
3.275763463870399739e-01
-8.376875983700611261e-01
8.872844042471905723e-03
-6.357310004239545842e-01
6.837326739109822471e-02
-8.119180434045252248e-01
-7.621039868930798988e-01
1.234661238158511587e+00
-2.601524063085870475e-01
-8.318051809158015786e-01
3.140573147831894341e-01
4.514341558061524262e-01
-4.261704290672321815e-02
7.078051818175931098e-01
1.809392412020957297e-01
-4.471876948730684198e-01
-6.091459951052723421e-01
-1.241337052256055173e+00
1.054377631945547567e+00
-1.481394206373850553e-01
-6.141788683170641416e-01
-4.636668969987651767e-01
-2.689557726741734212e-01
4.439634962251020056e-01
-5.818194852262222883e-01
-5.979683067459686807e-01
-1.729827830255183108e-01
1.286709826756950559e+00
-6.291288654518578660e-01
7.116821688570484916e-02
4.225883677665291938e-01
1.122257538300567015e-01
1.820818203279160663e+00
-2.706570445028903538e-01
-3.911261315542667871e-01
-1.183643754178008711e-01
-1.610309933749562994e-01
4.952778910409778579e-01
7.869792654232364848e-01
-1.195675662470899736e-01
-4.008247434525821218e-01
1.774377061147772716e-01
-8.213727760867342020e-01
4.498718918965331492e-01
4.117173212237813518e-01
-7.322740911430039024e-01
-1.340595413582140294e+00
-4.928857058303044436e-01
1.172212423466809095e-01
2.151484307792598250e-01
1.011717463336424760e+00
-4.558840676887985777e-01
4.486918246462230364e-01
-4.935644849183025151e-01
1.050010368576653974e+00
5.779666676086055999e-01
-3.235228061933603794e-03
-1.137381605272381080e+00
-7.251079192457149381e-01
1.394739850340937504e-01
2.659331972000149591e-01
5.745521082339748453e-01
6.929801638015872234e-01
-7.636083772470977360e-01
-6.987943692453371658e-02
7.534556611019915806e-01
4.471356112098107127e-01
1.075375101233656761e+00
1.944698705029118124e-01
-5.522045764569373238e-01
-8.404506158705475904e-01
-5.076996951151022675e-01
4.780446935950373732e-01
-6.825523264786939048e-01
-9.211442558782652057e-01
3.742039932300983418e-01
-1.038608980297224260e+00
3.617307871050605694e-01
7.305079975281317806e-01
-6.691914476885107987e-04
5.365828488903112703e-01
-2.287082921357737608e-01
1.341143065606206441e+00
-1.454213801466099076e-01
-6.130363322012213345e-01
1.075955331989410180e+00
-1.184355318300139626e+00
-9.218857150451671423e-01
-3.908040791679439074e-01
6.198891851290879718e-01
2.442651855802743244e-01
2.157718987624473450e-01
-6.533011325153252891e-01
2.368925334066754873e-01
-8.893377995164422067e-01
-5.671410985928080351e-01
4.668081808866222371e-01
8.297034117914278140e-01
-5.306531995829639747e-01
-1.132267150726346205e+00
-9.374588940463756126e-01
1.509026176918789042e-01
-2.750755336109466098e-01
-8.243949685657194770e-01
8.948011907682387189e-01
-1.086937679401128509e+00
-1.745350247276069577e-01
2.249663233432952769e-01
7.354662808833090093e-01
8.389593845854004250e-01
3.194242599387689951e-01
2.044490750886556185e-01
7.574708050550273963e-01
4.711312124180888627e-02
9.119647005467201861e-02
7.119672083203176793e-01
7.298115710297499170e-01
-7.990887622446708471e-01
5.504395799094258246e-02
-7.956129693456124308e-01
-1.387913404299465192e+00
2.138166752916245139e-01
1.446015980691230940e-01
2.962164415953373320e-01
6.366040630999207917e-01
1.108136119004999864e-01
1.753994041310858343e+00
9.869890969743406739e-01
-1.552908422981482683e+00
-1.148790739456120757e+00
-2.428274351622110583e-01
-2.763380873903806823e-01
-1.463970900745138026e+00
1.959941402068056046e-02
-3.899780786951032585e-01
1.418188740220392319e+00
5.537756678570697755e-01
6.832676312708144684e-01
2.596307136326767573e-01
1.356119750268016233e+00
-6.960282844303813388e-01
1.201621573945139687e-01
1.791237960138510887e-01
-8.156502293092726674e-02
-2.525220458203335516e-01
-9.184518816289153342e-01
1.311676310317163030e-01
-1.751545486278375807e-01
-5.363698749585017467e-01
-9.989589061947660165e-01
5.526431684722544757e-01
-4.569738486487813223e-01
-6.582395726077896470e-01
-8.622190761135528625e-01
8.772448828033907464e-03
5.921810521212302891e-01
1.664969538628972456e+00
-9.558532788680583758e-01
-2.533687145476726243e-02
-2.480123279292933969e-02
5.035350262984825687e-01
-3.343056162168014378e-01
-2.878933579816865818e-01
3.741900422368880097e-01
-5.675875860659086447e-01
-5.962073713198436098e-02
-2.987550914182478534e-01
-7.737335533292050149e-02
-1.537539347285386215e+00
-4.448865802248880286e-02
-4.301586710294154625e-01
5.052023175131536981e-03
-1.791810183483366181e+00
9.596700459190334875e-01
6.049477172116841661e-01
-6.470608033474840592e-01
-8.369026140059683261e-01
4.262869517070562442e-02
5.404626459611518996e-01
8.169953327166765700e-01
-2.041824798511781225e+00
1.566630387427975002e+00
-3.440294244743721253e-01
2.673915168382001717e-03
6.207827329495620994e-01
1.077562677916922285e-01
-4.136385522637953116e-02
-8.941440109310523354e-01
-1.090012554455097871e-01
-4.054772990667979693e-01
1.578612282751130080e-01
1.149215347481157945e+00
8.319750405250122549e-01
-1.979871411007189108e-01
-7.965921024873331424e-01
2.645653782825491129e-02
2.127516010755685083e-01
-7.820821666010746576e-02
5.399653340783576727e-01
-1.588280554763266128e-01
9.264824523424411984e-01
9.450238866752980194e-02
-3.202136250849843546e-02
8.157590323034322743e-01
3.495800335581435436e-01
-8.121198262094275755e-01
8.130112842473469215e-01
-8.997811949888092631e-01
3.883676038686940668e-01
3.228294378587076574e-02
-3.745181554286131087e-01
6.980550752120917579e-01
3.333174049319044263e-01
3.069772185279305843e-01
-1.011028867887489469e+00
8.639800611491783577e-01
4.357211201027809677e-01
-2.056041668779001463e-01
-6.001098830454776323e-02
-7.624877248488836079e-01
-5.304080425705504087e-01
-5.788236260059901328e-01
2.408200835326261835e-01
-1.127952063659710902e+00
-2.387221782436874107e-03
4.056285448535541516e-01
1.907946840200693828e-01
3.767519265606736889e-01
6.563746705411073190e-01
-7.172563465148370510e-01
7.672711420908656654e-01
-9.569799751929380927e-01
9.059348117132626221e-02
-4.400899480171809319e-01
-8.363388506810989220e-01
-1.171804018422110349e+00
6.859864317633270758e-01
-5.395843616076756444e-02
-5.915085883393211841e-02
-3.381269171834287990e-01
-3.576131840514089610e-01
-6.757011187956227793e-01
2.630998080926279514e-01
1.845672735085483351e+00
-7.421843531549987549e-02
-1.204721607251614035e+00
-5.862612342543942479e-01
1.016420095487284403e+00
-2.221501842199028465e-01
-4.934187302961542398e-01
-1.137439058034440953e-02
-6.698850416585946932e-02
1.169891876539741027e+00
-5.801892708252938125e-01
-3.080031750931828682e-01
-4.232978291554766459e-01
-1.085145284038269153e-02
-3.726295185094090634e-01
-1.301540212472885205e+00
-4.813855645351539092e-01
-1.824857574593064413e+00
5.421783927936656422e-01
9.839594960530351209e-02
8.239100426604700766e-01
