-6.838756955547928840e-01
7.348863690552172034e-01
3.135063976630103610e-02
4.541449017324130644e-01
-1.009314452344023394e-02
-7.316738959610669113e-01
8.184291522207054470e-02
9.847151595121239609e-01
8.989406434346731700e-01
2.040833455263475482e-01
-6.684087990674461022e-01
5.290482054662344336e-01
-7.411478646001690151e-01
-2.930360997118164335e-01
5.408129667146943653e-01
-3.029977157533851884e-01
7.536717885082262480e-01
-6.304240390651152381e-01
1.006556923768149314e-01
-2.996124041205046051e-01
-8.642884554746357306e-01
-5.307383307523683147e-01
2.046532979714221767e-01
-4.073629069248403400e-01
5.728870989043817197e-01
-3.626827845699078789e-01
-2.045973405252272670e-01
-9.014589692281282929e-01
4.366636828683931881e-01
-9.539278653410012687e-01
3.189303890753867332e-01
-8.089137992004813427e-02
-2.105707334249657947e-01
-1.619235204809457151e-01
-7.100958989383276965e-02
-9.013145786364917811e-03
3.184002110208670189e-01
-9.521482259744988852e-01
-5.553097656059691190e-02
2.148699174596986339e-01
-4.260285852237626347e-01
2.213457988083673555e-01
-9.997781980381257316e-01
-3.212154644408427018e-02
-4.838868099246531607e-01
9.833810659710231494e-01
3.931626473597487070e-01
-4.444509800451117432e-01
-2.068178604964685530e-01
9.188861976664755016e-01
-2.149514013293645220e-01
5.784660501776768271e-01
-6.604310954859293759e-02
9.081391127927052054e-02
-2.857134713729714282e-01
6.229063103321581529e-01
-1.951879261371680663e-01
5.437394720892352318e-02
9.660012733861722545e-01
4.144859450541831247e-01
5.113023875908162541e-01
1.101484871169997604e-01
1.665772921555483954e-01
6.813346512712259440e-02
-4.157798195715283196e-01
-8.242214916162093896e-01
4.202492388271632517e-01
4.226894202090971664e-01
6.690357205682317954e-02
5.969751252576642742e-01
-6.305801819019629662e-02
-7.811031235928136418e-01
2.747868938208342104e-01
1.059398564183358094e-01
-5.802965174736112175e-01
8.901723299106962806e-01
-9.165703628852064355e-01
3.901380027891383495e-01
-7.435562030522506749e-01
5.545482775846664047e-01
2.022711255731934887e-01
-6.434320026093420797e-01
9.724240296407136164e-01
-9.589003622423979412e-01
9.551897800607740407e-01
9.944949705571155540e-01
3.747927982905365774e-01
4.801252591976146178e-02
-7.785687271360639539e-01
-9.154569871113311663e-01
-2.679422853113813119e-01
9.471730094263048905e-01
1.697567786270761658e-01
4.901655691060058384e-01
4.123464407769472651e-01
6.810047495663109629e-01
2.421021520336112953e-01
1.206991141073581186e-01
-6.237626225487480358e-01
8.962594921266702208e-01
-9.013519960208360438e-02
-5.297485273302184883e-01
3.033588191388987276e-01
-3.885269073628585534e-01
-3.123941776822929395e-01
-8.946570955198793751e-01
-7.776330951744585551e-01
-9.313767913273518495e-01
6.165998787665485370e-01
-3.135701467837690437e-01
6.212438855367203860e-01
5.839128578577530426e-01
-7.163650623133390738e-01
4.335992599397524572e-01
-5.476105766264689478e-01
9.885675795653747766e-01
3.414135438117320565e-01
-8.213958099729234963e-01
-3.036500819353908920e-01
-6.774863652200160402e-01
7.162756289227241169e-01
-8.397274574356179411e-01
-4.911192898479745939e-01
3.250277665892964407e-02
1.878652376027070137e-01
7.546550258686410828e-01
4.461115870248006932e-01
4.749497153469974808e-01
1.315411884218098404e-01
8.159394187912158980e-01
6.982388099646519297e-01
-7.089513895348320549e-01
-9.293064431367770162e-02
-2.305629066571075469e-01
-4.868837110233894538e-01
-1.580509539550309928e-01
-7.484064179600966593e-01
-4.533624781168104079e-01
-5.088657744790303639e-02
-9.937879070223725186e-01
-1.717429450656671186e-01
-6.701538199566692278e-02
-6.222154217878348437e-01
-4.449117760614373918e-01
-1.590155182630486053e-01
7.434460181224766817e-01
-2.103830388980059141e-01
9.075867547819889136e-01
-2.700830840608832162e-01
-3.676325524549750590e-01
-6.562416528183021569e-01
-8.248656126588811421e-01
-1.119693930015166483e-01
6.423086973394884769e-01
-7.018445883337842695e-01
-4.222389583781123168e-01
5.989391602949680760e-01
2.185834308732990117e-01
4.544406560975811082e-02
4.915135892130542139e-01
5.593045641024463333e-01
7.717810120206103353e-01
-9.216547762097082597e-01
-1.420325965211610697e-01
5.139115612234348429e-01
-9.393714244839286298e-01
-2.589340842841227897e-01
-4.997260319099527948e-02
-3.878254664217757330e-01
-8.457034126013371900e-01
-1.015807244525168684e-02
-1.509704457625471452e-01
-4.590289334053401227e-01
7.726827160010771856e-01
-3.225989632198940082e-01
9.601257792274691116e-01
8.616944477630994470e-02
1.643557613459083466e-01
-4.252877995272328349e-01
-7.830535407478180776e-01
-1.592221781955620585e-01
-8.386375462365780464e-02
-3.612153079505795450e-01
-9.433865817244848628e-01
7.126505416143003036e-01
-6.101808849640970589e-01
-5.152818389230304774e-01
-8.721135367125065763e-01
5.618206802502132557e-01
2.231032799392946853e-01
3.383751529564120730e-01
-8.829257718791887477e-01
1.645039427883387972e-01
-9.318900714127238416e-01
5.305577174664026785e-01
3.941809964174241010e-01
4.859378256891964121e-01
8.380541780258767837e-01
1.705735840961788430e-01
-2.626908629033561926e-01
7.080617143948007008e-01
2.524608618308803454e-01
7.802092688845061463e-01
-1.318743944041493865e-01
-9.767004619528756315e-01
-2.707476247667959246e-01
-4.843545054142606165e-01
9.432118130347890705e-01
-4.768102974188819232e-01
2.209055668884496448e-01
-9.520639428167121388e-02
-6.971912839217142555e-02
1.727386765370411137e-01
4.437711684290017722e-01
7.716324746554601433e-01
-1.339533892435309514e-01
-8.187272737369073461e-01
2.320448914779440486e-01
-1.395419688466117414e-01
-5.414117870427415102e-01
-4.702353773772762757e-01
-2.049894270422734088e-01
7.879025226188620668e-01
-1.198261387514556464e-01
7.602225788130498874e-01
-2.285613353526982916e-01
-5.560874652188274592e-01
-3.801598162393722280e-01
-8.712548419445986791e-01
-1.259993406641555236e-01
4.487585767637569667e-01
2.846084777606527894e-02
2.551168532253564880e-01
2.231704839800938700e-01
7.463324283671379789e-02
6.112168009632892307e-01
-5.315550803969657512e-01
-7.414755783081816709e-01
6.553330880100971534e-01
-7.627978085730784397e-01
-3.164348254884050693e-01
9.981270446282950459e-01
-9.909470481780724427e-01
2.512728966887967097e-01
7.306468351002668449e-01
4.652510606202258092e-01
-2.103687164958500944e-02
3.139286191348267252e-02
3.837950424272729144e-02
6.235020553678760624e-01
-7.700832919602882409e-01
-5.025318551969708558e-01
6.803178720511777744e-01
4.272223581895793210e-01
5.644047166639547530e-01
-9.867570469024189439e-01
7.349841831449401841e-01
4.487705142455920004e-01
9.813329245160462566e-01
-5.202403177771166565e-01
5.210144885914644863e-01
1.949036322645814057e-01
1.770604709310723557e-01
4.174611076714183078e-01
-1.267900953777971740e-01
