-9.112635570639069371e-01
7.826081972781702145e-01
4.610273049938276024e-01
1.965342343372733502e-02
6.656272251506296644e-01
3.303190781880860349e-01
8.273027557691012834e-01
-3.663554654928764531e-01
7.495972502924064251e-01
9.179461565568185488e-01
8.527794966308093194e-01
-2.985574869743519155e-01
-3.160287396199490395e-01
-4.222583348954755955e-01
-7.347716351379520727e-01
-7.025612363808502181e-01
-5.137091898006180823e-01
2.797603896426752446e-01
-7.574538678151123694e-01
7.269945467425626973e-01
2.128575396030589761e-01
7.491141079509260337e-01
-9.961592979390077041e-01
-2.039260423336120009e-01
-1.734959826758475376e-01
-5.356536951546537750e-01
9.079382841862955189e-01
-8.592848203897445192e-01
-7.473589649015521807e-02
-1.947770506900559084e-01
5.020435144242862968e-01
1.710014988593102636e-01
-8.467503168467784835e-01
7.367588647302212301e-01
3.080185244826854074e-01
4.057639297000645850e-01
-5.242405307679061099e-01
5.504858813850332933e-01
-4.720387695154861785e-01
5.279633835498818151e-01
3.699766651080733659e-01
-7.579719167528644608e-01
-1.713405897659647792e-02
6.955209527911367928e-01
7.766733414379318745e-01
-2.031586864359091749e-02
9.548554608508239561e-01
6.782105527931834299e-01
-7.282681942783308937e-01
-1.213646688877625390e-01
-1.691719609066602015e-01
9.193694809138615032e-01
1.704367319952260207e-01
-4.861097201581654481e-02
-3.033277879466720339e-01
7.983124403993251406e-01
1.952100730096675285e-01
-8.221450212137662028e-01
4.462258021750187265e-01
2.540926714308944234e-02
8.917607594045093844e-01
-2.132565233273453487e-02
1.387709589851502390e-01
3.170152328567790168e-01
9.658803413364283053e-01
-6.143907143341227339e-01
-3.181070454156353922e-01
-8.328175076273134358e-01
9.564086122547219571e-01
5.634046764872535640e-01
9.965240818707918891e-01
-3.188652308305246486e-01
1.391235854040187014e-01
7.049890963266194355e-01
-3.974987370164373424e-02
3.665151635332732916e-01
-9.974715867584387219e-01
-3.418373239188359225e-01
2.930399463417310280e-01
-9.198629171455354747e-01
-3.310897593187878130e-02
3.411591965380718072e-01
-7.110951553398032754e-01
-9.384098116333616790e-01
-8.868395112497684529e-01
5.900934215285567053e-01
1.592522406498289023e-01
-1.375535061127826086e-01
-9.682391041834534917e-01
4.154936318055715283e-01
-4.403399255843574167e-01
6.161690501493735095e-01
-9.831168328445409887e-01
3.974856494124101580e-02
-6.673020574605306177e-01
-2.003468625577831119e-01
6.808785522381783917e-01
3.351047838580443194e-01
6.121815906651284500e-01
-6.376234753054643711e-01
-5.955580887013043334e-01
-1.292308274368911825e-01
-4.537727295239510905e-01
5.048240139092941003e-01
-4.873071593637046117e-01
5.532787210966456648e-01
5.511320331718210230e-01
-8.430887815355658788e-02
2.930959569924673769e-01
2.781459184239545301e-01
3.562541306782238681e-01
-4.754789691310272737e-01
-7.919118888944520762e-02
7.817330888864799654e-01
-1.099564282752309996e-01
5.799406461159417603e-02
1.014089511900029272e-01
9.199606430271130009e-01
2.354401488081303562e-02
-8.633058317078936561e-01
5.819009432520367842e-01
-2.532283496568561443e-01
8.517676971745637982e-01
2.918710778907722680e-01
-7.630988117552051087e-02
1.106308894034613299e-01
-8.908174082662811966e-01
5.831857707476189034e-01
-4.013697957351785028e-01
7.834737684907666644e-01
7.097547558465804318e-01
6.774014968622883437e-01
-3.288281493515028409e-01
1.810908471214063287e-01
1.385087001445917121e-01
5.501521655913328424e-01
5.824607368720697842e-01
3.958999608458841912e-01
-4.289623614911557414e-01
-9.593837070668593814e-01
4.242959355291784362e-01
-8.157996223869588004e-01
1.511623335947105407e-01
5.361567440293548703e-01
5.799429457751397177e-01
-6.893621375653027350e-01
5.139600359975300403e-01
-1.124492797137852662e-01
-7.281507117835031018e-01
2.847134019369756963e-02
2.101240330020157643e-01
-4.620921341572030716e-01
4.017318413558910173e-01
-1.109716725440359486e-01
-7.334763962611237087e-01
-8.621679559805246473e-01
5.050167643305891740e-01
-1.340233424090730985e-01
4.674349854560764239e-01
-9.475765456344333870e-01
2.002417509245302263e-02
-5.842537935974534413e-02
-6.604714276130851935e-01
-5.711961922501258559e-01
1.821943574473559035e-01
7.824476448194339628e-01
8.172064944645376361e-01
9.834991275809708000e-01
-2.257165123359961001e-02
2.053093255254176963e-01
1.787559152659603523e-01
-5.468572196737511160e-01
5.914457058323034921e-01
-5.969786409177813002e-01
3.931354290507875771e-01
6.723812797245019013e-01
-1.678633681902415020e-01
7.643715371125938685e-01
7.100123289159181450e-01
8.906621267400938180e-03
-4.623783784802766306e-01
-2.607659520403382558e-01
9.615142320275937848e-01
2.091712830051122296e-01
8.018357943115914654e-01
8.284192253136830608e-01
-8.388464848664600737e-01
6.418615812742423099e-01
-2.836516128718051810e-01
-6.318421094272341776e-02
-4.650088450488396585e-01
5.974289537799903904e-02
-3.467908499180414328e-01
9.257872485638862781e-01
9.379464490715216929e-01
-9.510773292088681163e-01
-3.416442926644474021e-01
-8.631123148374821863e-01
-7.847289511493724667e-01
7.184505923561452789e-01
-9.202277717908269317e-01
9.920785937897178552e-01
-4.352620925953221143e-01
-2.411249533255990229e-01
-3.731437508274497716e-01
5.296956699368766674e-01
6.223236046997082660e-02
-9.617811478109279388e-01
-8.827500675034303246e-01
4.736786815120619387e-02
2.069443241432606939e-01
-9.306283081240276367e-01
-8.500090469915022595e-01
-6.106857261920595192e-02
-2.594014792888335030e-01
-9.628214625586200004e-01
4.044098403347100579e-01
-4.898513553461483205e-01
-5.864214351245311541e-02
-8.984593647918395209e-01
-9.272964886430823395e-01
-1.719216102037730565e-01
6.815937671794560782e-01
5.384247675040745307e-01
3.652718806980570498e-02
7.050662252084223258e-01
-3.788767995126174348e-02
-7.651593168068964168e-01
9.790899383562556846e-01
5.788508664934517434e-01
-3.974505526983451720e-01
-6.291198810525515661e-01
-9.220561044884476587e-01
9.165454953956841955e-02
3.933210497653676363e-01
6.370221017695947285e-01
-6.122127522712457193e-01
8.026447876954847516e-01
3.070664006472063612e-01
-8.370303775530225643e-01
2.965074511420255909e-01
7.729914644376232324e-01
-3.021352489952762177e-01
4.788875539609822596e-01
-6.387600349407995814e-02
5.734617719646160072e-01
2.405559666884580228e-01
-9.516629861166971960e-01
-4.050392940136502418e-01
4.143617561941776994e-01
4.318253502121547349e-01
9.934073849325419925e-01
7.921666027421685463e-01
5.201758770915900776e-01
-6.808556998266501736e-01
-5.187644711093963856e-01
7.519530984029820786e-02
8.236669120761088703e-01
-5.026368036815247464e-01
-4.712336051235748169e-01
-2.680942770433025757e-01
8.431960861846612421e-01
-6.521787364792290820e-01
-8.086812205507407647e-01
6.185505744566330844e-01
