-4.083812623197347591e+01
-9.387560405585588796e+01
2.159956117537551634e+01
-4.664784585972440567e+01
-1.437379832525009249e+01
7.193105641995852295e+01
3.152691011515503305e+01
4.989305263441994498e+01
6.614030198577431463e+01
4.197195350267030278e+01
-1.569189842031613580e+02
-5.050526597126714989e+01
-2.153013668069668540e+00
-1.154907993414003364e+01
3.603879273630034419e+01
3.926813499217843173e+01
1.812127463624061185e+00
2.181007760483532820e+01
-4.199796130883289891e+01
2.476380045641991767e+00
8.140259966048459717e+01
-8.464012776507674118e+01
-1.424542847239944088e+01
1.015687388981312864e+02
-5.930332495410372928e+01
6.930784549303227493e+01
3.182097291483835022e+01
4.606802541711907395e+01
3.380152736607630715e+01
-4.843863184028879232e+01
-2.875157644649014443e+01
-6.861679126219010527e+01
-3.757341814966751770e+01
1.374427561223334315e+00
1.932052558897853700e+01
7.474813597108365570e+01
5.877380807870162016e+01
-4.187336971125125729e+01
-5.948884377621828179e+01
1.016782264067268038e+01
-1.883088936388684687e+01
-9.272726249300784218e+01
5.533062017256635379e+00
3.006255635992332742e+01
-6.205160486851165302e+01
1.152554299326095055e+01
-3.997538486823930270e+01
5.163062438589630432e+01
9.939096548943859943e+01
-2.649693590757078354e+01
4.211620793632928184e+00
-1.727185904362386992e+01
6.881151692266922737e+01
6.147065619276751391e+01
1.329014726298243829e+02
6.930088656914364265e+01
1.207940849638304144e+02
3.668965299440151284e+01
-4.887108766810570870e+01
8.474039944355311604e+01
5.718613464652104739e+01
-4.022702659635007194e+01
-2.696835854399882493e+00
2.144063818145163225e+01
-2.189070157511349635e+01
2.694273593007383027e+01
-1.353964511392934433e+01
5.054367050760640012e+01
-2.654724928363740233e+01
2.310604067780180060e+01
9.045080416705768300e+01
-6.191046593415549637e+00
1.118554342361021412e+02
-3.547297581748723161e+01
8.675260039253875277e+01
2.894229320748095091e+01
3.995332590292386854e+00
-3.987564320378737648e+01
5.484296320636763866e+00
-3.876970756541578300e+00
-9.031837362187063789e+00
3.928201112829837172e+01
5.025531909980963974e+01
-6.013777438831376543e+01
5.923250140848167433e+01
1.082761288412094416e+02
1.020137706041800740e+01
-1.074481522488163563e+02
-9.425783961788175347e+00
-4.377900303032603091e+01
5.064920857127005682e+00
-4.171143883529189367e+01
1.170385357679039195e+01
4.662018839732670017e+01
2.638548521303850336e+01
5.040827292225388589e+01
5.277051922242985249e+00
-3.021198577759424708e+01
1.252742267137622747e+02
-5.120662748244069462e+01
-1.971570326570938647e+01
-1.325600367080778028e+02
5.884233388271419329e+01
-3.531101858233966162e+00
-1.766936005606143922e+01
-3.229062721254508261e+01
2.072047844559246954e+01
8.703556485314109636e+01
-4.769208039678409783e+00
5.286720451831415346e+01
4.535719952800463517e+01
3.002155889487788443e+01
8.189839103134305631e+00
3.820738170899489461e+01
-4.809178765949755530e+01
-5.250142246831983606e-01
4.229523491376926358e+01
-1.765198864244005605e+01
1.174323072745368002e+01
-1.599514219586152741e+01
-1.649176766796399818e+01
2.123806778314895283e+01
4.854700256841961448e+01
4.774567102867584367e+01
7.425163831213949095e+01
-4.542743683438146007e+01
-6.766542840079541321e+00
-8.295895923792085114e+01
-4.091110831155324590e+00
-7.621136796266961611e+00
-2.030968322682539196e+01
9.010306268709900479e+00
-3.870512651559521089e+01
6.191839297378592732e+00
4.381955699869270404e+01
3.840591538067894550e-01
-1.872111032540630404e+01
-6.882852309698827753e+01
-8.641206576874634493e+01
1.785801569565987990e+01
-1.941022815220926034e+01
1.410450811071849557e+02
-3.282850388619270632e+01
6.398878402601368975e+01
1.143347755965853594e+02
5.664068394030622500e+01
4.683702242537591331e+01
1.085606478154893040e+01
1.467703496439907873e+01
-1.284351782600010665e+02
-2.554957723361292210e+01
-3.182345568829594384e+01
1.357342194605931773e+01
7.473511467630680727e+01
6.620564023150288335e+01
1.207277055999948878e+01
-6.257900695522264556e+01
1.129207902113545536e+01
5.761430987683745286e+01
2.407327670302696632e+01
-1.893512410422247427e+01
3.207499878468751575e+01
3.568520143119336296e+01
4.291684281331392903e+00
-4.241978240624177943e+00
7.860496484285725671e+01
6.848502070740825332e+01
-9.743304293973922370e+01
-1.050090593927750504e+01
-1.675013841443599816e+01
-5.913820559505058583e+01
1.629060918235101951e+01
-1.008827383354072538e+02
-7.665491386630804982e+01
3.722613601327238797e+01
6.351766472388609941e+01
3.866880170773513470e+01
-2.065595306117140950e+01
5.480582514343476674e+01
-5.100067134082026143e+01
3.772162495520763059e+01
2.722680399471592239e+01
4.048154405088626362e+01
-9.419351824231752346e+01
3.226606915017973876e+01
-1.165733739366099400e+02
7.316318377111481652e+01
7.427775716298525310e+01
-5.000676073098230034e+01
5.750126091545399021e+01
-6.168929635058328387e+01
1.130847824521238465e+02
2.487764057952699304e+01
1.036540797078357912e+01
1.042194000316524551e+02
-2.219520469088597459e+00
8.764163129901300309e+00
4.797076486788211014e+01
-2.688508622979705720e+00
-4.022811054958932431e+00
-1.194790934636935376e+01
-2.418805439234112953e+01
-4.607076409160257668e+01
5.255355559960087675e+01
-1.619663051796520259e+00
-3.628135808030418019e+01
-3.047317211589863106e+01
-2.996155136800979690e+01
-5.785334853376797071e+01
-8.180868580283802771e+01
-4.056849464395702043e+00
-3.057407369489602189e+01
1.110032425304052026e+02
5.546479603584940321e+01
3.532279955821067574e+01
5.880396317986460275e+01
2.567345522031362393e+01
-7.082699534825074750e+01
-4.590341147240403785e+01
2.108868909615738474e+00
-1.567625018260246605e+01
-3.579429122002456154e+01
1.773496737555981895e+01
-4.646511951534726137e+01
3.678480140116740671e+01
-3.641083399034139489e+01
-5.366894236618912828e+01
2.554217442146341455e+01
8.110724630493588450e+01
1.581011915706257867e+02
-4.712993029192160321e+01
1.497007632002396704e+01
3.585862201098571944e+01
-1.267267392096677092e+01
3.163421914002744728e+01
5.166230304030955267e+01
4.137173125322154732e+01
-1.600112678541445632e+01
2.451295963628152208e+01
6.600644684575850363e+01
2.880583386374295785e-01
4.620999008100292116e+01
1.381787301440422766e+02
1.199429590072860208e+01
2.764280334620150725e+01
4.730657275198959155e+01
-1.039215597269515534e+01
1.334243184261491422e+02
3.317627922556911813e+01
-1.046400903708825041e+02
-5.538120318659467500e+01
-1.377376421138498870e+02
-8.282436717068262055e+01
1.949613274733563628e+01
-4.077892991307933812e+01
-7.743068422044994747e+01
6.778002781511496266e+01
-5.051245049531850384e+00
2.728422686669233954e+01
-1.092595692982585263e+02
8.696087558654514282e+01
6.481880624144325509e+01
6.431254566923421123e+00
3.719893738733402699e+01
1.387237784550400761e+02
