3.278483321402447803e-02
-1.431610761475491655e-01
8.485398394142190659e-01
-1.431365654906407103e+00
1.046318768793996323e+00
1.675987982140283883e+00
1.277237389292448455e+00
-9.230424008835672600e-01
-6.645498553516284712e-01
-4.707444541662352822e-01
5.103066248986320996e-01
-8.146734204123142753e-01
1.817194675407322713e+00
1.113330295228862621e+00
-8.502356282983060121e-01
1.981803467443988165e+00
-5.704270259151973388e-01
1.128995844214069955e+00
1.601605598164400179e+00
1.764173064783990386e-01
-8.526480188003630056e-01
-1.481464154516907605e+00
-5.248465948096477929e-01
3.232476241147606011e-01
5.281530331697599223e-01
1.788500143895109362e+00
8.378917706536954668e-01
-9.591165191255193179e-01
-4.281765971116835434e-01
1.647390311279248731e+00
-1.485672135283387263e+00
4.984123570001230408e-01
-1.775508258532629613e+00
-2.890196110217485570e-01
-9.075194161301946005e-01
5.562494728369296593e-02
-6.310312761233018986e-01
-5.409786893005759101e-01
-2.813937480668915470e-02
2.809674396239797423e-01
-5.076285146638717660e-02
1.382850031250134615e+00
-5.438602247523582900e-01
-9.484043327303682824e-01
-6.992460437537493245e-01
1.698619390491954873e+00
-2.204056245647871393e+00
1.563063697821871767e-01
1.384281085069656747e+00
-1.369146589124219826e+00
-1.211211768682028289e+00
-1.548867401165866742e+00
1.136996928915947169e+00
3.051788495544602853e-01
1.268326744379132176e+00
-1.980195143023410598e+00
-3.516476224494605174e-01
7.574617254320457072e-01
9.233716273154322085e-01
1.279670846664972661e+00
-5.641687901001743999e-01
4.551303483446604292e-01
7.338606767446046453e-01
-3.809002674852146608e-02
-3.259425311213474119e-01
-2.434874334334768131e-01
-1.539329257696109510e+00
2.392153513481620752e+00
8.804307298762820144e-01
3.509489453210908327e-01
6.047525897129994721e-02
-1.436011901144607750e+00
-4.548366287617295889e-01
4.346992241426866355e-01
1.992114972476469181e-01
9.941569744467241287e-01
7.264758702833362669e-01
1.089338655203554662e+00
8.176060223721016706e-01
5.257672305845788596e-01
6.833253494384325943e-01
-2.746514315769620351e-01
2.460022078703758552e+00
-1.769818679476396817e+00
-1.236671481182272103e+00
-4.943161215897274308e-01
1.217808350803289530e+00
6.447633864698960604e-01
-9.287261854142686568e-01
-1.594403470084391872e+00
1.157915569365596253e+00
8.301478952251282184e-01
5.682735356801174031e-01
2.309545271839282599e+00
1.818900979077424873e+00
1.443140043309349974e+00
-2.156264724050572568e+00
1.596795052621113875e-01
5.956590286143970125e-01
6.715183650243452540e-01
-4.505877038413579339e-01
-4.929377084123440778e-01
1.391722588792270399e+00
5.933622275685155323e-01
7.317786199557716476e-01
-9.884322722571041719e-01
1.085369018936938712e+00
4.943824421662743052e-01
-1.713706230442407996e+00
1.522245409872415856e+00
-9.920215224956785427e-02
4.185934247876081926e-01
2.876748690491474081e-01
-8.359288591129625523e-01
3.137210047729968587e-01
-5.887308831681110632e-01
-9.568453790347737353e-01
-7.826404021848865078e-01
-3.899006438156793486e-02
1.229346779823949465e+00
7.788029653106116612e-01
8.288167219151101328e-01
-9.799400001627457391e-01
-2.061903310782720045e-02
1.299357400509885796e+00
-1.159822183321869371e+00
-1.767375710787769949e-01
1.348249340619436687e+00
1.625451342603738691e+00
-5.996373375167454167e-01
-4.215951307961038341e-02
1.661846824626999064e+00
-1.234611750127814656e+00
-1.739899631068039465e+00
-1.511145560748403893e+00
-5.265680745051568579e-01
-6.671331453053503946e-01
8.713386740454117652e-01
1.087314606983447174e+00
6.853816259783349629e-01
-1.968936254888354220e+00
4.697105103141069327e-02
-1.145328747415574333e-01
1.278614489371131757e+00
-6.115098149263259453e-01
4.963354312860188688e-01
-1.311358695023255194e+00
-1.197782057465010874e+00
-1.313940254255336892e+00
-1.236453450861330072e+00
2.841428761655560020e-01
4.287866689452065616e-01
1.484915877833999476e+00
-6.867908811302836369e-03
1.927722288350755209e+00
4.074193452654237824e-01
-8.065760567226790689e-01
1.165866919089215692e+00
6.827100235001788420e-01
-5.888805346754870662e-01
6.654918441791710659e-01
1.387720119556150600e+00
9.312307164046904617e-01
-4.758437494697365655e-01
3.176426933038785094e-01
5.594724988795964915e-01
1.749729337055125011e+00
1.221994646025259978e+00
-1.891375825980950554e+00
-6.880468633948262358e-01
2.373055988533848693e-01
-7.552107420516374070e-03
1.564074562467434037e-01
9.285593332361740115e-01
8.743017366553347269e-01
-1.098936965386592579e+00
-1.957913185812052204e+00
2.138694092830191740e-01
-1.049739896946490170e+00
1.190261238627348561e+00
1.433065036410605675e-01
-1.635864447385604881e-01
-1.371125189027686542e-01
7.743572004252341490e-02
7.299639793857158609e-02
-3.175310985075011638e-01
-5.992013010359855674e-01
1.840136646562059441e-01
-1.020540376183582953e+00
1.222306002527862479e+00
2.615984806058359702e+00
1.344885058109837050e+00
1.369125548760292688e-01
-1.597273394319791207e+00
1.901166045452235887e+00
7.300227974364478234e-01
1.940467297284860670e+00
9.669845196551511979e-01
1.438575078096711701e+00
-2.235753426045632430e+00
-2.186558236955311152e+00
-1.280466214123289870e+00
1.097062091996275246e+00
1.209156727992787006e-01
1.622662127996550963e+00
-7.601086222010705606e-01
4.431334079618138300e-01
-1.272179920550676524e+00
-6.855652234464790773e-01
-1.055017680516357359e+00
1.131647830236014673e+00
-1.474721432794765530e+00
-3.975034728874040635e-01
7.643648750251920143e-01
-7.302930557565914249e-01
2.077626509050508830e+00
-1.038135192184639788e+00
7.980746302097525557e-01
-1.506351334145329623e+00
5.937085423922026095e-01
2.469620421182877612e-01
1.061687703312109488e+00
1.519504745254031564e+00
1.995663409498955376e+00
-1.974672174455153861e+00
-1.896432851220338778e+00
1.595250789914335554e+00
-6.846729781048970231e-01
-5.379259080349568789e-02
-1.041879334960410297e+00
-3.895223758648330148e-01
-6.117193917811849513e-01
6.423264077075372391e-01
2.366471642523280683e-01
1.434400485064581288e+00
-1.139132801544564116e-01
8.255023267580123836e-01
1.115690302052890770e-02
-5.283286914659317546e-01
6.101469378821806622e-01
-2.252355942117586274e+00
-2.972812961485352123e-01
1.269736452819947292e+00
-5.496256901024358932e-01
3.388760645092977475e-01
1.699631770365722938e-01
-1.103077571532209422e+00
3.340935014515468704e-01
1.709372447568056619e-01
1.678494011757223348e+00
-1.328198746057642987e+00
-1.272153876017041885e+00
8.028309691885654464e-01
1.541838582147096126e+00
-1.739284903980150565e-01
-5.992901161018762135e-01
-1.109543907703556043e+00
2.372458290176492901e-01
8.125023768873504970e-01
1.928054805115690384e-01
3.088909193101208039e-01
-1.715282438161254142e-01
-2.565729778349541412e-01
1.085096446764766825e-01
-2.581524166454219893e-01
