1.432277646333368182e+00
8.045251507994497508e-01
1.872818730348185245e-01
4.570910802960304053e-02
1.345382671200575864e+00
2.111040703493618498e-01
5.586652661256256147e-01
3.657046711586333654e-01
1.994259745862347888e-01
-7.097186875686588570e-01
1.562897504595729958e-01
-5.806308979329195541e-01
-1.516761653160459744e+00
-6.083626301315420148e-02
1.312914488312707073e+00
1.240200556534060361e+00
2.043807790463851859e+00
-4.557236750860073071e-01
-2.705937085505727424e-01
5.486090750019089191e-01
-1.496635616604437280e-01
-1.513919768282604217e+00
1.525108172588161448e+00
7.788164672439317204e-01
5.694676992654063019e-01
-4.864024978790327802e-01
-2.472569200917225096e-01
-4.823697873492199806e-01
-3.951451896017210696e-02
-1.448209943018288204e-01
8.295401725584015118e-01
2.144677250320292217e+00
-1.046238947965080213e+00
-2.074104764273640433e-01
1.407554557831438125e+00
6.507640979237017120e-01
-4.539542246245312773e-01
1.590697302670728286e-01
1.105462921728987080e+00
1.208217950641090388e+00
1.371611170735904439e+00
-1.543586860317519016e-01
-8.400344398583972083e-01
8.849143682957183454e-01
-1.563341907935918151e-02
7.983629054205221287e-02
1.249082990923504471e-01
-9.817890366865315022e-01
-4.133875582412967487e-01
1.111988705569987967e+00
-1.053397652998681711e+00
-1.581824968897999728e+00
9.357593936848385141e-01
1.019657870131311261e+00
1.175046550949333524e+00
-1.127253567150476310e-01
7.575489093500631377e-01
1.428128525379860791e+00
4.453720333795524455e-01
1.675994398398988672e+00
-7.405658251551043847e-01
-1.127629939149527916e+00
1.215252954953377262e+00
-1.367150890089485982e+00
-1.511535332459789993e+00
-1.672822203466188817e+00
-5.895952304436277158e-01
5.032768739125230706e-01
-4.312543069630466186e-01
1.006220488558823845e-01
1.463044645685273870e-01
1.261607884170767413e+00
-3.324314556735806780e-01
-5.206216150592938297e-01
-4.162243111807470974e-01
6.371894779222143645e-01
-1.371539212823229548e-01
4.986882084004070625e-01
-1.924831627819076907e-01
-2.672433812684213983e-01
2.816692739480948782e-01
1.060594900593814005e+00
-1.469823620007054021e+00
1.754258850999351083e+00
-1.354455316337183746e+00
-1.460194992632836808e+00
1.522711030194008774e+00
-1.903071568306849981e+00
-2.619446206449660419e-02
1.324644607954927888e+00
-1.677116640705626827e+00
5.965897785795979402e-01
-7.493163785987394521e-01
-1.405314018204823157e+00
-1.127154918986513765e-01
-2.265288671045815327e-01
1.678506902038286785e+00
5.949368433965679381e-01
1.369215376023353303e-01
-1.112135624434976044e+00
-1.917976230608313237e+00
7.696377272638237343e-01
2.246009124751277564e-02
-5.691687447171213110e-01
-1.759742720309528385e-01
-8.014421252301902054e-01
4.922654617587169934e-01
8.077017494070223291e-01
6.448899694952011652e-01
1.195803904195361200e+00
-9.249068508398092803e-01
1.076259516662727789e+00
-1.653100384884296226e+00
-5.623875968114182555e-01
-4.936848615932082907e-01
9.180799870949130081e-01
-7.168098015229636966e-01
8.282693222523178633e-01
-5.437135515564525123e-01
-7.232962598094738738e-01
1.603449689864762107e-01
4.646687558436543020e-01
7.056109682249744885e-02
-1.226665948622156055e+00
4.314647127920126501e-01
2.639231885492647756e-01
-1.558683078631285746e+00
-9.287625135355306316e-01
-7.967630805076700851e-01
-2.695207562446764182e-01
-6.897292931406461269e-01
7.276769176812926121e-01
-5.953507471443040266e-01
-9.893132220639844210e-01
-1.685886823802076995e+00
-1.446764166481484315e+00
-1.109232252096231885e+00
-1.087795826508152208e+00
1.354060369798694818e+00
-7.457907556966852924e-01
1.080802786601473997e+00
1.796187500819241167e+00
-2.688555214065169174e-02
-6.760314211633922099e-01
-6.775758659548537510e-01
3.252162777048301923e-01
-2.261900023521550007e-01
-1.768223455668149757e+00
1.564028317257410317e+00
-1.954759343143056993e+00
-3.732523016824282891e-01
9.962403834267000713e-01
1.082572053219183594e+00
6.502652684984235876e-01
6.941077220754908739e-01
3.220039475862190859e-03
-6.360063723177806772e-01
-3.255013387073352193e-01
7.469029513038492052e-01
7.247394645937772495e-01
5.948281749015538189e-01
-2.488813496700184036e-01
-8.772194386815311828e-01
-7.023345183098603783e-01
1.924087601729110864e+00
-6.919161836897991247e-01
-1.208424796953049135e-01
-3.119740122734859789e-03
-1.161343359981855450e+00
6.773124684537632501e-01
1.009653229013831865e-01
1.256845221605255913e+00
-1.023803141593675470e+00
-3.579935230102648802e-01
-9.704719574838446272e-01
-1.650655349215390144e+00
-3.708345422587734364e-01
-4.015585797505974996e-01
-1.606470568120718090e+00
1.671057046168301419e+00
-4.821369532173930272e-01
2.937212021652310656e-01
-7.140912678350976872e-01
-1.880812345085446813e+00
-1.484556494384634773e+00
-6.791851946049807243e-01
8.307570251855257437e-01
1.343057411021347347e+00
7.747230026167859496e-01
2.006400950925332216e-01
-2.102769490912440364e+00
-2.422577004357996389e-01
-1.211264283757027549e+00
-5.515467396945716860e-01
-5.587074837385299642e-01
7.226617719763975822e-01
5.158592869951716953e-01
1.410601283025286090e+00
1.314986381343867805e+00
1.259941043724168486e+00
2.737853235160111476e-01
-8.814365538289288260e-01
-9.480685512682014426e-01
-9.861624975784513136e-01
1.101067195885976346e-01
1.988519064521365731e-02
1.516236889748923344e+00
-2.607881812398829546e-01
1.403333295389221025e+00
1.082218959695419702e+00
-7.361902851128991898e-01
-1.024547563563653396e+00
5.821235678303917638e-01
7.949463426206686556e-01
-1.723476092484719668e+00
-1.619476508925103087e+00
-1.703779478847050888e-01
-1.250294147531069600e+00
-9.815463676407123472e-01
-7.359149168491478932e-01
-1.434312334987271731e+00
3.738336442705558205e-01
-4.341579160317783903e-01
3.152700590224740695e-01
-4.818757342853671188e-01
1.391869736440200400e+00
-3.687766051487155194e-01
6.081935556673816468e-01
-6.203754507083261149e-01
-5.491541932233756640e-02
-2.621459631528219036e-01
-4.549584607654835744e-01
1.208499174182722680e+00
6.488030373215999402e-01
8.812804738979220787e-01
-1.940093337970461018e-02
-1.242825083144063925e+00
-1.282401897354566334e+00
-1.810649682158675722e+00
2.290885325053781507e+00
-3.083566581916766802e-01
1.124805600459326316e+00
7.551216509124524245e-01
-9.742255800978629754e-01
4.657947541372930989e-01
-1.076148775831891946e+00
1.676940038616539841e+00
-6.492810060980676035e-01
-6.935913330679664979e-01
1.533045379893684945e+00
-8.459796255367699747e-01
-1.005053634071317203e+00
-3.050426693498352604e-01
1.326224722523376420e-01
9.346231316712980686e-01
6.052758662499762021e-01
4.151167783252008858e-01
7.803962811175859660e-01
8.910086182430220214e-01
8.979801106813246614e-01
5.700469379897029620e-01
1.591103224212502276e-01
2.097966324745299538e+00
1.099262263428550934e+00
-4.105919569277940440e-01
