3.578018209522077342e+01
1.619639218492799415e+01
-1.577111366457332942e+01
2.363384789993806478e+01
9.427447441736493516e+00
-1.807213805687860386e+01
-2.043307107586263527e+01
-1.355309878824703773e+01
-3.168638031108475772e+01
1.414734337548331489e+01
3.269819233363360667e+01
-3.799339270586765238e+00
-1.831442798340799527e+01
1.943389638246250328e+01
7.547864113972494238e+00
-2.082559974953736770e+01
7.911191340380256065e+00
4.638625060842001346e+01
-1.524484623659557059e+00
2.782705100663604014e+01
-3.098854095705410572e+01
-1.839730896975818553e+01
1.127268924573390585e+01
3.253030374685126347e+00
1.655613297693300368e+01
6.096602663453540849e+00
1.258396909785100704e+01
-4.808126638642419515e+00
2.998170452172410094e+01
-7.516567228640417042e+00
1.858426876798857563e+01
-2.774053437832413849e+01
-4.540504552091658930e+00
2.450557179038280964e+00
-1.070953897597079063e+01
3.917228389962519319e+00
8.893687071828331625e+00
-3.253900128764426469e-01
-4.740469770802629768e+00
5.129237742477378070e+00
4.850486124881898675e+00
-2.383011237712629793e+00
1.740207467139350328e+01
-1.640285248829766118e+01
-1.608263621444191926e+01
-1.131696093391404112e+01
2.575825826310123290e+01
8.260092250852540730e+00
2.988920664311695674e+01
-3.692234800635660896e+00
2.245762758444215734e+01
1.640819274754945667e+01
5.943845003734107735e+00
-2.219153611202357990e+00
1.009173729361666050e+00
-3.140951714145141960e+00
-2.899370274987635199e+01
7.905497387070440141e+00
-1.013450777879872033e+00
1.946152668921388340e+01
1.872523135546267881e+01
-1.708511524696022832e+01
-7.184610937212825288e-01
-1.312197021769673988e+01
1.902409555344727821e+01
2.527610187448952495e+00
-3.223139477497703798e+00
-2.981937024086584120e+00
4.511324573366939461e+01
1.177429630130080973e+01
2.990006977045000625e+01
-5.837537140177924577e+00
-2.977112931177270738e+01
1.339344443155120778e+01
8.240544197438300245e+00
-5.831302969985665108e+00
-1.521060201619417285e+01
1.293302775107352964e+01
1.569030288313424926e+01
-1.645374690796261063e+01
-1.614254756875068253e+01
2.567343070117449777e+00
7.832149063790192045e+00
-3.861393489508993859e+00
2.863495270142731286e+01
5.607728505054248913e+00
-9.558072865719383415e+00
5.054162101434925836e-01
-3.815511719465878571e+01
-8.733834264778039369e+00
1.860932239913952913e+01
7.660351173332630159e-01
2.443850861373120864e+01
1.268264411210722287e+01
-2.916889410260002791e+01
3.066779416397770675e+01
-4.079533311373390703e+00
-3.538961570811585489e+01
-1.380338412634986867e+01
-1.197802254618048146e+01
3.300748505563296931e+01
5.569485458727108984e+00
-3.980501807992615770e+00
5.240187948032173360e+00
2.961152730333462380e+00
1.780705010459131543e+01
6.433450444542717861e+00
-6.373002231741202728e-01
3.499851268317602404e+01
3.170276403837346990e+01
-2.741448302326334296e+00
1.089039823911950577e+01
-5.476843579616908819e+00
-4.094820499868303898e+01
1.511542147715269069e+00
1.201938640565985850e+01
-3.699940953832972923e+01
2.782949346274887770e+00
1.438690234763871523e+01
-2.307777754163893036e+01
-3.468966231316547066e+01
2.439898260761444604e+01
-2.060272424376708500e+01
-2.821084707643295530e+01
1.971878967826462059e+01
1.579542523033494916e+01
-1.783873853364654494e+01
-5.034079420461171850e+01
1.375683054955862072e+00
3.770630410175488123e+01
1.906522840882607994e+01
2.554387704716785024e+01
-1.709055463693189481e+01
-3.213000519505765595e+01
2.378596179607795591e+01
-1.265187924012658449e+01
1.679651225522787428e+01
-3.063771240624387104e+01
9.136493102123797172e+00
2.535467987650850930e+01
1.536217494852331811e+01
-2.405836210712842060e+01
3.005575562203728524e+01
-8.390620745619479237e+00
2.905386000502689825e+01
-3.579222178364468476e+01
-7.371824058021342552e+00
-2.325309952311128470e+01
-1.831090343451160152e+01
1.510278487681139126e+01
-3.989717170377292632e+01
1.571013459411096713e+00
-1.957434485830904691e+01
8.358155910770744157e+00
1.947029823580218277e+01
2.738239554013686217e+01
7.368161611715277282e+00
-4.430145947032653453e+01
3.535111878345000846e-01
-1.587457382852971932e+01
-2.044159006292314373e+01
-1.597364590693594089e+01
8.598739376595741390e+00
6.762048303820337836e+00
-1.059155881647032693e+01
9.647967938578558389e+00
-1.745034622607763453e+01
-1.862461959618663698e+01
1.669694317616903945e+01
-1.771738976431030821e+01
-1.580440953163908802e+01
3.401865132558461369e+01
-3.151360670291787791e+00
-2.930352088951272194e+01
-2.067195175817998631e+01
-6.689556780543645331e+00
1.672730134529210844e+01
3.690397840226419923e+00
5.645870499850884272e+01
-1.855050949580559383e+00
2.239943445060113447e+01
8.777561417017136769e-01
1.356532224106212858e+01
1.648944369396659226e+01
2.081275650180308645e+01
-2.474184700557885463e+01
3.544051908487453328e+00
2.743286917509739453e+01
-8.158050804830113023e+00
2.117581754757906154e+01
2.650980955313510279e+01
-6.428754752506492309e+01
-4.669379789044637796e+00
-1.442302484056526612e+00
-1.664546051483092626e+01
-6.633778191011899139e+00
1.375929061371640749e+01
3.751012837654668886e+01
-7.676012062556218929e+00
-1.588545251598025487e+01
-2.241023055421326760e+01
3.592189371272561260e+01
-1.878307168025892082e+01
-7.736020464975105426e+00
2.457537430519647259e+01
-2.387007061658717078e+01
-1.846067882793867465e+00
-1.307502187532986859e+01
-2.159482809956471883e+01
-1.746329499057540646e-01
1.504586116295329790e+00
1.064031975287108356e+00
4.264582838468113479e+00
9.450191714438729296e-01
-6.765587378163219867e+00
5.478836676512664816e+00
5.629145356955001844e+00
-2.569821349888142592e+00
3.169693670576783973e+01
3.237615500365147625e+01
1.920442511428250754e+01
-9.159736747882154972e+00
9.535714101598378178e+00
-8.196876126512911753e+00
-2.109588465463950069e+00
-1.692119923975799356e+00
9.185556832976700115e-01
4.140059839394407959e+01
-3.063355466339028155e+01
-2.752878787849442332e+01
1.181045389621236197e+01
-4.713104835125559333e+00
1.604256429164749420e+01
1.475607908585356753e+01
1.101945754444748538e+01
-2.393578366188259476e+00
-3.236810293910989600e+01
-1.549957595105786456e+00
3.796430490905802202e+01
2.183290909939125868e+01
1.030116618508058934e+01
-7.882370289731085222e+00
2.551496131326587147e+01
2.071046223799063668e+01
-2.002719253732383109e+01
-2.562331087042546685e+01
4.080746050709678663e+00
1.969146082777375995e+01
-7.676753444972768570e+00
3.163661061771299576e-01
1.816142964365681678e+01
-1.025995950193902750e+01
9.592070525426027672e+00
-2.129625387057916441e+01
-1.794882277058179554e+01
-1.586694891824311959e+01
2.520175778927010413e+01
5.606298778016375550e+00
-7.300620172361218074e+00
3.101228464404190532e+01
-3.762148756009718653e+01
8.577107647639746091e+00
-1.856507561743614687e+01
2.481121655833498707e+01
1.505570275841165362e+01
