-4.519099429877051002e-03
-9.408842365307028555e-01
-3.649497289329691752e-01
-1.604187393377764614e+00
1.527843223723604593e+00
2.832814832108899505e+00
-9.119869837144660707e-01
-1.295216876016633378e+00
-5.710652077165569995e-01
3.095499949821411079e+00
3.207895534117602754e+00
1.360699051096387002e+00
1.292708511861908161e+00
-2.897489125267028509e+00
1.187146139506842779e+00
1.833106301182082065e+00
2.134506473070438837e+00
1.083394854177335720e+00
1.111711424592739750e+00
2.026559069180722261e+00
-7.268504753255744522e-01
4.411957455570088005e-01
5.987511651862325035e-01
-7.106035213864960731e-01
2.841171374950563600e+00
1.985384698937637804e-01
1.685037927590648188e+00
1.337150638320803386e+00
-4.739886182716423341e-02
-9.006393940735815118e-01
2.341659442058282303e-01
-2.056260918665371307e+00
-2.095621858764087797e+00
3.389394427649781161e-01
7.723591811016744524e-02
4.228315740384366861e-01
-2.206645991676420504e+00
2.331152100287019913e+00
-1.751063002274709124e+00
-9.063329853302419803e-01
-1.875559224780660283e+00
-9.292143465391604629e-01
9.914913890709998734e-01
5.584755353203127992e-01
-1.853971676834144322e+00
-1.632413168914244483e+00
7.162821742206644249e-01
-6.633132241364950721e-01
-3.113623627131779648e-01
4.109507030370543879e-01
2.086373747276874246e-01
2.101132028178368749e+00
-1.502817869146364949e+00
2.598144670189548755e+00
-2.594430122855515108e+00
-7.666111810060611820e-01
-2.763477231538719048e-01
6.956345205656666586e-01
-2.292340300354393179e+00
-1.266938102667003463e+00
-1.018151415696995521e+00
1.667757766649638762e-01
-2.357223554947744937e+00
2.894808274938491521e-02
-4.703333758535510611e-01
-2.777492289164685602e+00
3.950246524746836574e-01
-4.675897870309853044e-01
-2.067781206412819373e+00
5.131069163797363775e-01
2.911696914802252678e+00
-2.613940815848633026e+00
-8.014423434317231587e-01
2.043856603414620388e+00
-9.694595661471753223e-01
-2.493044022146695404e+00
-1.462140508681323503e+00
-2.560728324631971198e+00
-4.375926421864050342e-01
6.746782997152229733e-01
1.450400389265808082e-02
2.384083889063701167e-01
1.105174984565441054e+00
-6.851156071852401164e-01
-7.493719711188958632e-01
1.693752551201967549e+00
-8.974645654133721617e-01
-1.068870982998990637e+00
-1.144648554100556881e+00
3.886347805901519958e-01
-1.691756475391470449e-02
-7.936836183137465639e-01
-3.235071744641926372e+00
2.740332271198125946e-01
-2.656716604726130804e+00
-8.940941792602936644e-01
1.878251842466007293e+00
-2.853661278140204871e-01
1.534337844287235963e+00
-7.258255922801012949e-02
-1.580539741239763929e+00
3.237121080981081311e-02
-5.636448645099179089e-01
-5.132969168900503032e-01
1.898136726071592006e-01
8.409614878908623359e-01
1.017999821236528657e+00
9.446411904282697725e-01
1.317146697101552633e+00
-3.478113880382157075e-01
2.467970544087807028e+00
7.682173998922028346e-01
2.285565988107223667e+00
1.303582393493561975e-01
2.763091049663055188e+00
-3.089462170457054069e-01
2.620286162734255520e+00
2.119800232961604358e+00
-8.113666013274332123e-01
3.817002661478646086e+00
-7.220008947028871971e-02
-8.063910988650779821e-01
-3.233907590541337251e-01
-7.663752556549327521e-02
2.433707021419528882e-01
8.553155163704866393e-01
-2.695117729243833304e-01
2.566749676616350007e-01
-2.581620701569568688e+00
-5.598960964318753231e-01
-1.618961614421478901e+00
1.189007578880409310e+00
-1.415932684046173895e-01
5.403525429967628302e-01
1.394420547154636147e-01
-8.185565992037591165e-01
1.865344515723037055e+00
-1.446352516291157020e+00
2.088535754426319002e+00
2.363487402724762099e+00
-2.590424632206800304e-02
-6.738172475481551960e-02
3.423039246804455704e+00
5.159028746379294983e-01
9.029142774999611154e-01
-1.956056233581132009e+00
-5.950542296171901224e-01
-3.054026235076532814e+00
1.383640581397796110e+00
1.671764872410916036e-01
-3.027646733649548283e-01
-1.723189120804626828e+00
8.828234071301122032e-02
-1.333443394173921881e+00
1.584709384214908923e+00
1.130822187943058221e+00
-1.816573882025672715e-01
4.850867894427929317e-01
-3.200281375109524928e-01
-9.139789196716061603e-01
-1.458933435594651273e+00
5.627319595956945530e-01
-3.564068076276869501e-01
-7.680733576255340811e-01
-7.534528954261864309e-01
-1.887173952971755719e-01
-3.220176300188496654e+00
2.156172292480222019e+00
4.078070024300123886e-01
-5.777635308611279719e-01
-2.064862132164107855e+00
-4.435808121948229821e-01
1.498124173605887677e+00
-3.665895429775795300e+00
-2.747569294760178416e+00
7.586291361886371432e-02
-4.909625686445190373e-01
5.222517864283691136e-01
1.178012643968288531e+00
1.707189828669900766e+00
5.268880774487392227e-01
2.465982075369430593e-01
9.557120519289642457e-01
1.861195501301076694e-01
-1.888056966301459472e+00
2.056848199913545727e+00
-7.453265240227873178e-01
1.552907453011530770e+00
-2.339198100605078601e+00
-8.971453131603131931e-03
-7.073026600116981699e-01
2.806675423834755989e+00
-1.481280825056257022e+00
7.768221232916500130e-01
1.899825802449315093e+00
-5.226267541053903898e-01
-9.283937231256722544e-01
-1.695338200864708433e+00
1.320329592916546613e+00
5.106412995043885239e-01
-2.344704693513598448e-01
-9.695769999252086269e-01
2.167151676443173969e+00
-5.637739217939010533e-02
-8.072756063680502914e-01
-2.316621475733215085e+00
1.126319805238872984e+00
-1.183930210048267651e-01
-7.635720870418321038e-01
1.051186982691028504e+00
-2.815582334445499990e-01
-9.524475086732820950e-01
2.494803658757541065e+00
9.420645635298884324e-01
-9.519888412698568336e-01
1.475571672489299546e+00
7.958775212462151916e-02
-2.126430689471709434e-01
1.031495805632030249e+00
-1.867320500267376504e+00
7.948204800030111983e-03
-1.733875192126908438e+00
-4.862269836807286277e-02
-3.304244249377930487e+00
-2.154809094220543120e+00
-1.736691306977343974e+00
8.412841666519328410e-01
-9.117126049291599532e-01
1.004311931474496378e-01
1.413283189778224980e+00
4.788282681850327127e-01
-2.168665268938152479e+00
-1.313736597915154736e+00
4.658628790988526558e-01
8.852185838525759021e-01
2.528509804695857177e+00
-4.340458839636813226e-01
-1.395728043198906088e+00
-6.693064249996473203e-01
-8.507711597795941660e-01
-3.010192271922436102e+00
9.140409674312106603e-01
-5.272788561219496906e-01
1.513768791293396809e+00
-1.583621965265770815e+00
1.956771241095786040e-01
-1.557049995825999789e+00
-2.067658224234601327e+00
1.997705755276583561e+00
3.341025624006252137e+00
-7.778054425454388188e-01
-1.799078640730568779e+00
6.990265409610222358e-01
-2.656561407416407228e+00
2.252998082600203844e+00
1.946826499410543032e-01
-2.871627159952494068e+00
-3.812991767947322974e-01
-1.632561953348914408e+00
9.187620239742311234e-01
-2.090627427860529686e+00
1.871965951592255761e+00
2.028782647883468293e+00
1.006281632415419569e+00
-2.396117493540590893e+00
