2.097014058158553240e+00
-1.995750434936490292e+00
-3.625315341388478885e+00
1.772172995714608179e+00
1.345216813122244170e+00
2.217675909550786972e-01
2.385304163341100292e+00
-1.737214205462775496e+00
2.579153700284465334e+00
-9.532089108189429894e-01
-3.541447169291005448e+00
-3.467159626208313750e+00
2.496466353296960872e+00
-9.785136811887655828e-01
-2.140013665795044595e+00
-9.689900515290053029e-01
-1.059250752034234910e+00
-1.728918983582059532e+00
1.183570568781911803e+00
-7.412255252513579029e-02
-5.501228317212344399e-01
3.312210164375138710e+00
-2.493047168563493177e+00
3.422005658592720323e+00
2.949989666097129204e-01
-2.829329958142322354e+00
2.909185976802096008e+00
-1.198952006991227393e-02
-2.445681720061014808e+00
2.890920378847368521e+00
2.646961527485006016e+00
-2.533199955692129635e+00
-7.861164995086044049e-01
1.809624598200441081e+00
4.302159027127896440e-01
-3.277107091423852925e+00
2.521015826738617349e+00
-2.306590549953669189e+00
3.223509240059088121e+00
3.142899743656721867e-01
3.658079730308891886e-01
1.045372052664888418e+00
-3.265635469785880929e+00
-2.351462663013352827e+00
3.667041801060459072e+00
-2.757249968033850696e+00
-2.133760538147881469e+00
1.471961202691044024e+00
1.785876160020571479e+00
-2.002097924916980132e-01
3.647994835638370681e+00
3.760354773933194394e+00
1.936833769828002261e+00
-5.443976100761442893e-01
-5.542438108067899716e-01
-3.373033615774538863e-01
-2.678955136595098097e+00
2.547990792508526336e+00
1.153511201699864763e+00
-3.126734020934883951e+00
-1.573227814426495286e+00
-3.548661456069480025e+00
1.482585683357102280e+00
-1.663819425599278867e+00
1.869893664857362192e-01
-3.030290516298554504e+00
1.277609861565534022e-01
-2.319599375120909190e+00
1.707836551665593117e+00
2.887213135225641381e+00
4.942100541992768825e-01
-3.657636280723189359e-01
-1.207796034269592145e+00
-4.464035985255569994e-01
-2.528986803131866523e+00
3.131868011765729598e+00
5.365377036833708368e-01
-1.193090299874325133e+00
-3.103855742723095723e+00
5.930585144930197172e-01
-2.596903597198077396e+00
4.524392154082949591e-01
9.484590165920053773e-01
-5.389589919343336089e-01
-2.286093976555485519e+00
6.197883193120673484e-01
-2.267742555493432732e+00
-2.103917994697309446e+00
5.727174385765212428e-01
-2.947477588137267235e-01
3.506773405573038183e-01
-3.322209000370517362e+00
2.856352396049297582e+00
-1.312512919168930647e+00
-6.185253139472355333e-01
-7.256874644498427784e-01
-1.042760005477715080e+00
3.775154486622761318e+00
-1.166296170579244729e+00
2.314742108618179195e+00
-4.112938863352326280e+00
-4.118791601369911959e+00
-2.337731784463152440e+00
2.716563505686480084e+00
3.753525772677411276e-01
9.571207142848032756e-01
5.670478242283760739e-01
2.750652379156616201e-01
-2.390758010211394780e+00
-2.131187256989642620e+00
-1.536098100508281883e-01
2.088639403110000181e+00
-2.865403866090391105e+00
-1.174245622387188437e+00
-1.796279357232258178e+00
-3.109258368224808722e-01
-3.897120530640970859e+00
-1.576533388867050078e+00
3.109767048438740300e+00
-2.124884190192846134e+00
2.078836736976867883e+00
1.692638722348760894e+00
2.982979643684896764e+00
-1.892732982632954863e+00
-9.119471847890345817e-01
3.801755256950103856e+00
3.478472785641428811e+00
-2.248062736296116526e+00
6.346271422562476117e-01
5.264937369986099069e-01
-4.857980672473344974e+00
-2.252162735903263879e+00
-2.745857786437210901e+00
2.790361556510738250e+00
-3.284133313161746504e+00
1.023645488569326911e+00
3.341926949936671942e+00
-2.513840189132775294e+00
-3.651533947665575042e-02
6.903225706454413357e-01
-6.910654194082125334e-01
2.430552175386634595e+00
-3.461923049768150795e-01
9.677527962354938174e-01
7.405620172320733774e-01
-1.656678726070141217e+00
-2.542260841274889938e+00
-2.851844115198128193e+00
-4.071136295162105512e+00
-2.886506851909084848e+00
1.789386716348577044e+00
-1.208364301719268230e+00
3.319001771056676375e+00
4.499661732055406094e-01
-1.154607678669197002e+00
3.158577906467726848e+00
-1.165967665089764571e+00
-3.260250170546383330e+00
-1.110481868485878820e+00
-2.133869840096716541e-02
6.308734881644756376e-01
-1.589365306009321133e+00
1.945488084529484185e+00
-2.758109268155756411e+00
-3.675900463629186987e+00
-1.706339122999616098e+00
1.145384485025673360e+00
1.929972652507461639e+00
-4.229255252012905864e+00
1.971021973394556870e+00
-1.006026139613696024e+00
1.476893749010266488e+00
-1.526332187122854567e+00
-8.799439640335788848e-01
-7.090470461368550414e-02
1.673838671252241728e+00
1.732314682947883711e+00
-1.245834996651529192e+00
2.168280362594281474e+00
4.020535038974414555e+00
-2.913922177315387163e+00
5.638412432283562703e-01
7.916114066710157049e-01
-1.860983878348382525e+00
-5.556134110608756949e-01
-6.010718446467846476e-01
-4.684942286923431398e-01
-2.225839563265098242e+00
3.904244585014188473e+00
4.236583150734132275e+00
1.123803150790495309e+00
2.107791590776389445e-01
-1.998346641749189079e+00
-2.662978122615840881e+00
-1.899232330075087960e+00
-1.820453335650829452e+00
2.577818814408243675e+00
1.331185876866471940e+00
7.288530070995878907e-01
-5.378035335901008018e-01
5.051563460422184848e-01
1.430748394025601611e+00
-2.080467670226640919e+00
-1.776773364825956769e-01
-2.574015735610156952e+00
3.123809712927164473e+00
2.161139726485062695e+00
-8.831950139263696764e-01
-1.238330368546481042e+00
-2.883781906568108955e+00
-1.191103084121480915e+00
-1.262874292621519512e+00
-2.994722802862292532e+00
2.555438101661380301e+00
3.073402476288381369e+00
3.123816420824706341e+00
7.956483095140811646e-01
-2.829926280519506676e+00
1.581753706126631354e+00
-1.446277500491290002e+00
2.533132911130401954e+00
-7.557683321639026008e-01
-2.550301969241675515e+00
-3.477235675018152339e+00
1.188963248033218179e+00
4.010518686112259701e+00
4.174954629851805876e-01
-1.962174608821287247e+00
2.706637483473514294e+00
-2.445579186910031400e+00
-2.702159471129514934e-01
1.919387563455273060e+00
1.683391458002970742e+00
4.184062909306332401e+00
7.542253262838396477e-01
-1.900386490623827973e-01
-1.189438115268707907e+00
-2.276322555945865744e+00
9.920265666505931890e-01
-3.344669386380424991e-01
-1.801074898295598414e+00
-2.759605228103145791e-02
2.550586778377249786e+00
5.272145596730599681e-01
1.855655464429811330e+00
-2.736306421670677835e+00
2.512012793999168103e+00
-1.794528900559819506e+00
4.436814228953948058e-01
-3.922414186554533888e+00
2.363368631791010532e+00
3.303137238097757944e+00
1.741553356242672379e+00
-8.551893782082664597e-01
-2.062378945898860394e+00
4.122309631642958827e+00
1.001445065849646265e-01
2.450394116260845578e+00
1.038269957257452525e+00
2.140417016392357930e+00
-2.446606299403584206e+00
2.099444725867957384e+00
-4.274196739702921910e+00
-1.544902450584406228e+00
-2.353218497199168979e+00
