-1.606748560357118993e+00
1.732541900782545952e+01
6.840599730872199302e+00
-3.377761409361650635e+01
6.582986203255347668e+00
-2.572886239423039623e+00
-3.795019945125178928e+00
1.566480928154396324e+01
-2.315797496469851424e+01
1.031224660056736653e+01
-1.449837932108526317e+01
1.167237670146670503e+01
3.325657707319030543e+00
2.608287687422452095e+01
-1.463075898974788291e+00
3.668062122987298057e+00
1.419925549481870775e+01
-8.232290953091053964e+00
-8.044534405666716737e+00
-3.894279496323457046e+00
-1.829058071821139109e+01
9.545627021705751503e+00
-7.270588457578812669e-01
-3.372585720138756926e+01
9.328187119985480891e+00
3.828862339220641120e-01
1.259888075896588333e+01
-2.424094549947997734e+01
2.568254589197603721e+01
-3.332980949577145680e+01
-4.425649123855278333e+01
-1.071775493974804760e+01
-2.143989156173467947e+01
-1.420542386944369895e+01
-4.258672675025735543e+00
-2.056745762170573144e+00
1.262186158198121078e+01
-8.066141106424828067e+00
5.420965422429829594e+00
-2.968624363549394296e+00
2.091110370691608367e+01
1.291449825743288748e+01
-2.080365067802640766e+01
1.777101944286587809e+01
-5.127926962404243838e+00
1.551667760416784070e+01
1.839385336422972728e+01
1.000689747017767850e+01
4.993845457025449797e-01
-7.633168463567565176e+00
4.728247308926663450e+00
-8.393821145011417073e+00
1.071131152385028251e+01
5.229046068703453898e+00
-9.908817822192961700e+00
-1.943395543040340812e+01
-2.767160187070820498e+01
-4.363617848531890608e+00
1.476837911990060448e+01
-3.242164717522781814e+01
4.199303729578655719e+00
8.830680909490137509e+00
-2.069388887811581590e+00
-2.274684177552718012e+01
-1.444941901490670944e+01
2.874331412436918498e+01
3.457251011238758887e-01
3.479741710843322267e+01
-5.288049835752858918e+00
-2.364845250419581824e+00
-3.164611453914493722e-01
-2.127074184096051823e+01
-1.287129171332375588e+00
-1.806223089743506982e+00
-8.827687656173964115e+00
-2.159669739064896454e+00
1.321989652230687096e+00
-1.933378481220253065e+01
1.291500194766264542e+01
1.852708364425025778e+01
1.391432021851904466e+01
-1.276907199066520526e+01
-3.010432436252153110e+01
-3.679874960787413052e+00
8.995745663924882507e+00
-7.882893604925842013e+00
1.415762495337252425e+01
-3.510365539186348638e+00
-1.866226827475573558e+00
-7.601393510367932649e+00
-1.919552891120939364e+01
-1.148796080655260177e+01
9.720099282476217795e-01
1.300419710841829080e+01
6.194045735655538287e+00
-2.347652190186127541e+01
-2.797230419918454558e+01
5.243941398698007461e+00
-9.142733172743863435e+00
2.517470949746412145e+01
-1.784134134291859297e+01
1.815749353827818879e+01
1.917501893693238912e+01
1.349413012361213760e+01
2.248250813372283119e+01
-1.333377828275852650e+01
-5.033253496749974687e+00
-2.765770153555297739e+01
1.552232211521580929e+01
2.760277263654225521e+01
3.526994162852748360e+00
1.257920944963797893e+01
6.911388792130252590e+00
1.152808129775460344e+01
-2.759011667307391491e+01
1.357697628367041176e+01
1.624020350520578404e+01
-2.027017252031839334e+01
-1.101888952005619338e+01
5.469439659643197338e+00
1.203210571617861646e+01
-1.805107309913803526e+00
6.347376305909540051e-01
6.732857670860631139e+00
-4.446749689041238796e+00
1.948689064951326655e-01
2.301770359143987221e+01
5.977217997743995426e+00
1.885761659814106039e+01
-1.229291201148362411e+01
-2.013079364582901576e+01
6.996251898823946824e+00
-1.877586422289328638e+01
-5.101683603372334730e+00
3.584876280411622318e+00
-5.863590497914827004e+00
1.833011246347435730e+01
2.660203552610120870e-01
-8.248848029235324120e+00
-4.513254423351943601e+00
1.127901640359737989e+01
-2.256320040643748026e+00
3.078660673120568703e+01
2.285925085030649129e+01
4.975608338836883249e+00
8.856689056179353869e+00
9.667439086287346939e+00
-2.626672530935832484e+01
-3.401076173233941624e+00
3.718388101426461390e+01
-2.408449720615454837e+01
7.168345479771227602e-01
-3.936906890471571607e+00
-3.971251539108362927e+00
1.718463031611227620e+01
-8.170169733139767132e-01
7.991262507351752475e+00
-1.263437616724782586e+01
6.303399721176623061e+00
2.294000849092261163e+01
6.688532290691230564e+00
-2.228537219461628283e+01
-8.601997059523894151e+00
2.691134386404653300e-01
8.973335456172227609e+00
-4.787477572418665783e-01
-1.002095037983155024e+01
-3.237385603751227414e+00
1.621117501244435388e+01
2.107274797663993837e+01
-3.710518831199478562e+00
-5.387108933150768664e+00
2.709960283147463400e+01
-3.565402179330232180e+00
1.680067627948195152e+01
2.568661557507681437e+01
-5.472381878026895130e+00
-1.647296361697886269e+01
1.241839135129531080e+01
-3.703346258857797668e+00
5.796255290603554711e-01
5.344202160457303563e+00
-2.467196805542892779e+00
3.004002873031873477e+01
-4.406218673447721557e+01
3.152300564259429905e+01
-1.164100548398342205e+00
4.927445175315293469e+00
2.119602548253191898e+01
1.442890787609516501e+00
-2.739806521466629263e+01
-1.362726061520651477e+01
-2.130943806243712757e+01
-2.251549622843713294e+01
-9.383259167791962341e+00
3.165686206673481884e+00
-2.866717160701676903e+01
2.036802855998268047e+00
1.013644519818658196e+01
-1.294764216586456307e+01
-1.731485904532281239e+01
1.524955475575503261e+00
-1.068918381836556897e+01
-8.000009242409142018e+00
-5.766051328625112493e-01
-5.853934023105077378e-01
3.389165303693454145e+00
-1.585342372207467676e+01
-1.324427768637373548e+00
3.214555910450334064e-03
5.756153847296835657e+00
1.227087470379358258e+01
-5.425435299788929910e+00
-1.671195896780357515e+01
-1.073434476405802052e+01
2.797068714501502029e+01
-8.783818175131809625e+00
2.109947104093250658e+01
-2.313264366712346032e+01
-1.567226542631946451e+01
9.761271261912625619e+00
2.418257442505010957e+01
-2.328250110383327609e+01
8.614423127328757701e+00
7.674989565320016638e+00
3.157089966727622254e+01
6.979052879084268746e-02
6.570518697917683504e+00
-1.487668052158335108e+01
1.969976936055996219e+01
-4.691565693691041039e-02
1.112990209445264256e+01
1.798803966043103486e+01
1.547913035412726934e+01
-7.897097681764369881e+00
-6.482570323864988104e+00
1.965613578310886567e+00
-7.233390734426008883e+00
-2.314738782513105164e+01
4.201219654077107180e+00
-2.826882321811779164e+01
8.996461629376353741e+00
2.191405698100534849e+01
3.025437049102467313e+01
-1.146303862880244218e+01
8.794122421207170248e+00
-2.325475025772610138e+01
6.770279792786911166e+00
-8.832332101701033666e-01
3.996012586529671751e+01
-1.571404400285234981e+00
4.528257476787007185e+00
3.719233088725170333e+00
-7.600421342679905656e+00
2.956681094651767427e+00
-4.524760469280425745e+00
2.149619915036739926e+01
-1.625790963483268570e+01
-4.696335992863527320e-01
7.485679994454571551e-01
4.995091372011249753e+00
-5.278659237714752983e+00
1.773363483954760067e+00
5.851088417534805686e+00
-6.495937020099700199e+00
