9.322270912614756266e-01
5.744615598505091736e-01
-5.402770425849008351e-01
-2.694124470693628481e-01
-8.396326092251322759e-01
8.359817332363088660e-01
-4.170820894146518576e-01
2.157268788782027436e-01
3.353980771702322894e-01
-6.400146504959285387e-01
-7.552659492412741038e-01
1.358455290502047497e-02
6.569429753933313521e-01
5.531557595534895011e-01
-8.442705633809937105e-01
-5.534111404451156346e-01
-2.227516532003193106e-01
-3.777580109744722581e-01
-7.963272824140172901e-01
8.989960404428287699e-01
-5.302271612774829279e-01
9.450889605602306176e-01
-1.855414939731474533e-01
-9.528386479563057954e-01
1.117915419685278078e-01
7.667291320200670945e-01
2.405477666262241243e-01
-1.572642504784074191e-01
9.427650533750833173e-01
-3.933150966803704573e-01
5.107223945626655492e-01
2.816791014845250185e-01
-2.891472083849899732e-01
3.255781542937814521e-01
-1.715915997037318341e-01
6.817853786971745933e-01
4.774287038442566189e-01
5.723059647851098664e-01
-1.969757958190141434e-01
-8.781851175736237192e-01
2.581105732185895452e-01
8.356157313620951044e-01
-9.071255632973829197e-01
2.062148142492681302e-01
1.217300895492963164e-01
-7.681588295405765709e-01
-9.171227013922944593e-02
-4.499940623457621136e-01
5.816637740403596268e-01
9.881914812884120547e-01
-6.478047091709386862e-01
-4.734594741147417629e-01
-8.328040025887066822e-01
4.052131782951049477e-01
9.490156337959703148e-01
-4.233852188526838756e-01
2.463212508324881256e-01
2.215741496464374016e-01
-6.363516373818034477e-01
-3.688331003040004052e-01
-3.225061299143494598e-01
8.746187934092159999e-01
-5.576356746682036292e-01
6.193193222381920826e-01
-2.612396258378901770e-01
6.846532291566733708e-01
8.011691838416483691e-01
8.709454177539657227e-01
-6.849629996270647503e-01
-8.881285121139785854e-01
4.462870500896864989e-02
-1.924153991675017217e-01
9.307860266028478158e-01
9.468366366409195489e-01
-1.338918979806766885e-01
-2.635947967560090532e-01
-7.716273371009596538e-02
-5.126847367130344946e-01
-6.632493744861454044e-01
-8.959753945824755483e-02
-3.701111234462224342e-01
-9.376358894673515465e-01
6.500586551815021874e-01
6.679049057520722865e-01
-7.749922090010130660e-02
-3.411015145413107685e-01
-1.185552387889428072e-01
-3.464610300495445383e-01
-1.046787863112832451e-01
-5.232656373380850656e-01
-6.378634385289265740e-01
1.597740390662709675e-01
-4.057254480453729162e-01
3.326689050784785717e-01
5.808585288862904150e-01
2.901401484661358943e-02
-5.383149349153182328e-01
3.977631615874668292e-01
9.380612996528034930e-01
7.050369900095960762e-01
-9.939605296396802903e-01
2.495558225286473863e-01
-7.584713218443646099e-01
-5.914752135870804395e-02
6.501673624018347031e-01
1.710909960778146388e-01
-1.498131871794547987e-01
4.250440106476640612e-01
5.021061697971822557e-01
6.982618442359955768e-01
-8.465305716327917729e-01
-6.330637457108199140e-01
2.339614539088208378e-01
9.376690821299700218e-01
-6.499882376591310518e-01
9.548341423304955722e-01
-3.790788102887303612e-01
1.530946727719719735e-01
-6.560121395723346183e-01
2.558640054484406789e-01
5.123467949994866544e-01
-1.322739498367695443e-01
1.634028762371992904e-01
-6.698224343382743751e-01
7.855170028781071068e-01
-8.658591860194135847e-01
2.941617320780267608e-01
-6.659561348012079662e-01
9.928606379476563326e-01
4.446687396746611398e-01
4.451491247696366393e-01
-9.674541147069783964e-01
-7.721675311769109484e-01
-6.601542134281719321e-01
-8.435071303992691671e-01
-8.513589053668266793e-01
3.647342888920859227e-01
3.940934337935388942e-01
8.960571002858426226e-01
-4.960162355506743115e-01
-8.571004951167431329e-01
1.075573602679957830e-02
1.682413808245120102e-01
1.395345513360182199e-01
9.741373874028818047e-01
-6.059788482161945211e-01
-7.811384907141882827e-01
-6.773003992083286295e-01
-4.525112640823867327e-01
-1.463580439703404679e-01
-3.158080284313762309e-01
-3.303332205577085290e-01
-8.511149345424586787e-01
-8.746469426644165601e-02
-9.406246876188435468e-01
8.338239809038181516e-01
-4.233528963548471857e-01
3.266185906633320979e-01
-6.847574011514467873e-01
9.770454941129143034e-01
6.059422633244710976e-01
2.330798556902848873e-01
5.663625857213663295e-01
9.086999167789355791e-01
4.698367269972991700e-02
9.790720402933124067e-01
9.524590229871259250e-01
1.597097129559181816e-01
-9.623111802201844700e-01
5.952474389918651632e-01
-4.293322195730462365e-01
4.393021396977856430e-01
9.822275585621746963e-01
-3.133532394852229785e-01
-3.348632675994029917e-01
-8.033694770478021496e-01
-6.465627914865348380e-01
-7.514075174678072067e-01
5.846240873578008035e-01
-5.056804823217404543e-01
1.588568634691533976e-01
9.072272596265638089e-01
-7.421240014883534464e-01
-1.335843018202975685e-02
8.072036332397805047e-01
2.524698175265573941e-01
1.544165305475868610e-01
1.681551939410961261e-01
-6.749258043264900753e-01
6.705297594533183858e-01
1.348741477348900375e-01
-7.402887851318908918e-01
-7.510439995370352673e-01
-5.395082441216436653e-01
-5.719076177554580642e-01
4.447848118422916830e-01
-3.103181997327786323e-01
-9.947405738419869969e-01
3.189681703560616199e-01
-7.869409432511891289e-01
6.966581267308393777e-01
-1.335999683166178009e-01
-3.411983188095728536e-01
-8.961240339424203505e-01
-2.860994010744799532e-02
5.183441755355171487e-01
8.948571655829722360e-01
-6.625085806730302007e-01
-2.591657632507629039e-01
4.759930889115127073e-01
-7.467335393629594975e-01
-6.504467984860691221e-01
7.644686288923630002e-02
1.556921822804555600e-01
-3.990225477358595452e-01
8.055039674634005831e-01
1.995874493424218965e-01
-1.392775142604607552e-02
9.090814529230768493e-01
-2.150615075516415509e-01
6.428896995093729139e-01
-4.388848723843095101e-01
9.887718222739589891e-01
3.938089193790743625e-01
3.188086208138489752e-01
3.804683597605724721e-01
1.429538038750983731e-01
-6.782431208776207310e-01
-5.638391658021197905e-01
8.508527342466229992e-01
-5.260557914636534438e-01
8.953185253420763434e-01
-4.543380039812228155e-01
7.776206081490819599e-01
6.695353108392674280e-01
1.370887607169963829e-01
-3.520789658273035805e-01
-2.026964413786758179e-01
5.865761605835666526e-01
-7.645779464959086003e-01
-2.670800105493580379e-01
-7.269303949366314743e-01
8.944918265106087674e-01
5.248521468563165371e-01
1.143403657723605082e-01
-8.438479786788244397e-03
-7.903227531203516065e-01
8.812798794708760486e-01
-3.412244583469030701e-01
-2.558306175195905752e-01
5.326503706680771888e-01
9.138267893498577266e-01
1.733281703605833446e-01
-2.313764147175410013e-01
6.275595412155980934e-01
9.660000350551325443e-01
-6.110044065713908790e-01
-5.111379972522822612e-01
-5.345579184521542793e-02
2.619751206064855342e-01
-6.861991867262997591e-01
3.848544364016095454e-01
-6.625623035396657201e-01
5.657260255788632008e-02
-6.538837431977218007e-01
