-8.351174202906253008e-01
-1.514923327590942836e+00
-1.583670844039035464e+00
-7.334822248069056139e-01
4.220785494429308837e-01
3.526269600552350836e-01
-9.956411227556152266e-01
2.216936726843605321e+00
8.127741584231606975e-02
-1.059270501692740840e+00
1.136710839050800281e+00
1.252632427346791033e+00
-1.056175898158089543e+00
-3.456522959309580312e-01
1.191525089967226059e+00
4.338681790214997669e-01
-2.556651810004172964e-01
-1.215620920582798359e+00
-1.244897893831991009e-01
-5.070002734008671741e-01
8.277458995186736113e-01
-1.429468761564715029e+00
5.907780615041100525e-01
-7.799493000448798341e-01
4.916019937183901956e-01
-2.151063471825143125e-03
-1.564850460086455897e+00
5.861492446672140755e-01
7.153467424741783987e-01
4.705228568871745454e-01
-1.209518706774662222e+00
1.332518260097125484e+00
-1.765778536488612216e-01
-3.656033093427200620e-01
1.559657808440890081e+00
1.432502371826182452e+00
-1.485203916892650744e+00
-5.744204320896595384e-01
8.544814656088033367e-01
-1.359912468748951664e+00
-3.911987848662561440e-01
-9.219456572292409335e-01
-1.294990512246228187e+00
3.804069849458899810e-01
-1.892608558487964165e+00
-1.063298219746737105e+00
-5.257995549332353802e-01
-4.763936463892669559e-01
-1.506593061189019256e+00
9.518243707661110387e-01
1.767625452993644153e+00
1.947633419731350513e+00
6.822891134313642247e-01
1.444544900929271680e+00
-3.842097225483224188e-01
-3.027335608702297343e-01
7.664141711121159606e-01
-7.889964950951415812e-01
-1.064779883320334797e+00
1.065978403496634197e+00
-4.992117125162435776e-01
1.010903887194687822e+00
-1.404425743489540634e+00
3.658182660854264467e-01
-1.273038625590929618e+00
2.467739596993216988e-01
-8.464744226919428405e-01
-6.519283192327959831e-02
6.211173218665078100e-01
-3.712974293106596768e-02
-5.412996038464222837e-01
9.872467448187483008e-03
2.506639569067171114e-01
-6.420708458860449053e-01
5.326888638758506267e-02
2.099400549127649063e-01
-1.872244668459733585e+00
-1.387361701963683469e+00
1.267036366541349102e+00
5.893438627336908819e-01
-1.687110909156410710e+00
1.765884019142081263e+00
-4.502558864592315357e-02
6.340573269441494020e-01
7.701861946445934803e-01
-1.249235907985923877e+00
-5.522056142059612593e-01
-8.144084398466931995e-01
-1.319793323433124499e+00
5.851866799818947751e-01
-6.827254935512021561e-01
-8.877288077124638743e-01
-8.069181485445739987e-01
1.597492375109435425e+00
-6.531865696567212831e-02
-9.050071800598091798e-02
-1.551841379857308967e+00
2.282163764725275712e-01
-7.155493839298890935e-01
-4.074917608316407369e-01
5.805715306342028592e-01
-4.889486332342303232e-01
-1.992956771054754106e-01
5.932392989247492476e-02
-7.678402248565781019e-01
-1.280348814162686200e+00
-5.031822055275791961e-01
3.196076390036652337e-01
-1.177695983586251938e+00
4.198965821289518674e-02
1.040051727875912047e+00
8.543050111737944263e-01
7.428001381627078459e-01
-9.244955210901527609e-01
1.950227851040324256e-01
-1.209345994533450153e+00
1.567829026815027227e+00
-2.791165455791940753e-01
3.939078130590940585e-01
-8.958958495864142169e-01
1.017915638409764956e+00
4.821164470036019556e-01
-7.686327420470719929e-01
-3.971333399285563170e-01
-2.058509433619811202e-01
-1.515632392828986541e+00
1.215498172151163292e+00
-1.445394195363491452e+00
2.351230993992240448e-01
-6.734652013918221991e-01
1.975312409798516411e+00
2.929419979063369595e-01
-1.593062157520505062e+00
-5.646332515457728185e-01
-6.140511715795657910e-01
5.847896144351339975e-01
5.323868596874776760e-01
3.545567638583403958e-01
-5.056074964344008382e-01
1.409989695515682984e+00
4.064304658724571251e-02
-1.663302672308851204e-01
-4.453845151833118465e-01
4.503542085570196862e-01
4.883305152405221783e-01
1.537973786760582495e-01
-5.144308534382646680e-01
-8.121833918456411450e-02
-1.667555216696515519e+00
7.360107875937331734e-01
-2.007479173075238377e-02
-1.489616033724194266e-01
1.488583263584493555e+00
-9.017603587632568862e-01
-8.905923768845381838e-01
-1.291184629905930192e+00
-7.005813461736558612e-01
6.348660099585937688e-01
-3.388021715602557160e-01
5.871450442905598033e-01
-9.068248748156021444e-01
-9.855921736016932666e-01
1.123897829660258640e+00
1.517194720742219616e+00
2.418987209800421700e-01
4.017020748643083117e-01
6.080644823361561757e-01
-8.818194049526446587e-01
3.151329510507674403e-01
-1.497459131227493190e-01
4.608280443777691415e-01
-5.499166856345030219e-01
1.422257763407807296e+00
1.521570337050548227e+00
8.822667138166714329e-01
4.014928213708087723e-01
-1.500351437062738880e+00
-9.340505988648654112e-01
-1.160931869862296573e+00
-3.945876010786635302e-01
-1.354455690792822908e+00
-1.196509460833131033e+00
6.120043072353180680e-01
3.499307199302662541e-01
9.934208906840745756e-01
1.446729441165515162e+00
-3.819836633734104980e-01
7.814438345075449543e-01
3.934489638519925170e-01
-1.465225366005905583e-01
1.555919236405147288e+00
-1.205496939349210317e+00
-1.298172361011817877e+00
1.578842562968022278e+00
-6.580693926465825960e-01
-1.364047774713898153e+00
-1.213019222966967431e-01
-1.073417486655521280e+00
-1.502093132415353027e+00
-8.256176602055993463e-01
-3.641916880047071370e-01
-1.864975648133748498e+00
8.246754280620482991e-01
-1.609615029144187082e+00
1.498321874005482446e+00
-1.063586696988881863e+00
-1.183464873485413182e+00
-1.972347694130106577e+00
-4.439639471280597549e-01
7.020117937556816790e-01
-5.583743242506995497e-01
2.963405831372240562e-01
7.000341210283088644e-01
-1.854812078382463147e-01
8.880893475046169883e-01
-1.055403574162814717e+00
2.936988830384897331e-01
2.270581865906909691e+00
8.972222175418907986e-01
-4.457272769821151170e-01
-1.309512482834334079e-01
3.178444593406056229e-01
5.296315577062178370e-01
3.590782681246890151e-01
-7.703852515801509204e-01
-1.681854086430268902e+00
2.833645943077420792e-01
-6.077514161105259660e-01
-2.417722072159944058e-01
1.495470410024438479e+00
-7.381148198919745829e-01
1.262708743648655318e-01
-8.734051783878296060e-01
5.392105360299734862e-01
2.651646995746873570e-01
5.242819371579210408e-01
-8.527723965095166392e-01
-2.485104051055771479e-01
-5.912833357294748904e-01
2.141478003947637099e+00
6.555317350217608752e-01
-2.122750579143323213e-02
-1.659190055290336030e-01
-1.304970844846655043e+00
-1.360310196714022535e+00
4.622782537965196004e-01
-6.049221414488044068e-01
8.793366075333810539e-01
-1.960797863117181850e+00
5.579200500338026281e-01
1.108470754749676379e+00
8.349505660153065945e-01
5.442209151559664893e-01
7.604356589972444125e-02
1.365109912362886480e+00
-1.339367225667146277e-01
-2.391456653282852951e-02
1.917775687176022092e-01
5.524377429288079844e-01
9.879194126347492499e-01
9.130830802004423763e-01
1.500644266542656702e+00
1.048352223864360333e+00
5.792945094608481504e-02
7.088353828254315703e-01
