2.794483009569035392e+00
-5.190348009966574416e+00
3.629458886569773224e+00
6.238912476413073449e+00
3.938257299376436649e+00
-4.318763421238014821e+00
5.097962702964831117e-01
5.465645823060583552e+00
6.560390976328485113e-01
-4.200107938624697113e+00
-3.185895109150282067e+00
1.899289952723929087e+00
5.131500467621108452e-02
-6.540813426066993230e+00
4.734348423861826305e+00
3.968776484933536963e+00
-3.708901138970716715e+00
3.551749423924419613e+00
1.781891996026027325e+00
-1.344332440574121268e+00
-1.161032176133394711e-01
1.092603460204820465e+00
1.099269003267786537e+00
-5.746731169844112586e+00
-1.482668056013718205e+00
5.962027117446602631e+00
-1.107423775231910934e+00
-2.024760577544507889e+00
6.905549447772647564e-01
-4.261488427694126280e+00
3.460255841368550023e+00
2.359450557549329197e+00
-3.497312595641111521e+00
9.652542409386096756e-01
-3.576397179234357182e+00
4.307113727767192479e+00
-5.158901825202644176e+00
1.031060154252794847e+00
2.287439766250985773e+00
-3.677683013895893360e+00
2.516278564208568103e+00
1.992300390834583768e-01
-2.907654251200443962e+00
3.054738503301474672e+00
-3.266077527482285525e+00
5.910193857090700220e+00
3.096734274731113068e+00
2.295858241505117636e+00
3.252558371257032732e+00
-2.435311346740906657e+00
1.250719288737833113e+00
2.248806174696279747e+00
-5.364331968199564926e+00
4.697023676742769993e+00
4.935688476749396258e+00
-2.946526176210211290e+00
-8.844977255436135000e-01
2.280325992305439975e+00
-4.054281137775996413e+00
3.332014827649954380e+00
2.888437337367389723e+00
-8.389614523944919355e-01
1.829748155361227147e+00
4.483810215491633722e-01
-5.948803826856337018e-01
2.994047432087848737e+00
-3.694006098021652029e+00
-9.944093554642985389e-01
9.742104452109614510e-01
5.157501498690742814e+00
4.499448047185639510e+00
-3.486871697846508078e-01
-4.359073906443070356e+00
5.085050726317124514e+00
5.213271970289083956e-01
-5.150300907809278073e+00
5.534044380633491578e+00
6.050134377387214712e+00
-1.227313550037946177e+00
-6.197965599215209398e-01
8.868996497906989074e-01
6.074201680503790612e+00
-7.623728868169338924e+00
2.270414353780719985e+00
-6.857911767600441522e+00
-1.673327172598568335e+00
-1.610534186985381755e+00
2.749264380103731753e+00
2.010732371222021087e+00
4.844065736461499405e+00
-2.363010834545217875e+00
3.919305201792512960e+00
3.535898361481166763e+00
3.710087150489237207e+00
-2.137750541669308113e+00
-1.277168176447190051e+00
5.435651516358681157e+00
-5.901651847534124862e+00
-3.400151236109214103e+00
-4.372637361692006230e+00
7.596650444237599276e-01
-4.889596562145401393e+00
-2.914189599131740138e+00
3.490466180594550827e-01
-7.203157422505882534e-01
-3.509326782173800119e+00
-5.587856374226050526e+00
-4.342492843528207302e-01
-7.073477123037055225e-01
1.638545235713911197e+00
7.315833595462695182e-01
-5.963083319076522670e+00
2.446521990541675073e+00
6.354869134953299081e+00
-4.413034282243247119e+00
2.532410556864690410e+00
1.101809194028921857e+00
1.759858917899376873e+00
7.665032616789928532e-01
-8.451219252576411822e-01
-3.826416176470891717e+00
3.826484550955814967e+00
-9.244086409604177490e-01
4.231096265363486708e+00
2.369886766441684944e+00
1.867812810081116437e-01
-1.187218228464696157e+00
1.117304263270139764e+00
-1.525346409857003760e+00
2.226435801250429503e+00
-3.405975900433467984e+00
-1.844817975081746830e+00
2.731366781583956627e+00
3.699756402988587212e+00
-5.788373160826248975e-01
-2.860947248308732149e+00
2.368243143300652054e-01
5.164498311251303875e+00
-4.721023709054520623e+00
-2.879490011624938006e+00
1.354843840741037919e-01
2.950190988224810518e+00
5.438375420326455156e+00
-1.889324561043192130e+00
3.969838124549197822e+00
-8.872027885176916318e-01
-7.098382746069956895e+00
2.510057296399804905e+00
-3.922874914777020550e+00
-5.120825801245211473e+00
-5.025628483353237641e+00
3.879861392335932635e+00
-7.650933399309172156e-01
-3.381881765682921870e+00
4.361541841250395457e+00
-3.238077258168141626e+00
1.756946681135011623e+00
2.299489751010526994e+00
3.266576022776154220e-01
2.173895551715732566e+00
-1.797410957362616912e+00
-4.748057924696362342e+00
-5.401805155163499350e+00
6.317279880696763383e-01
-1.252175826119161783e-01
-6.541588361449928168e-01
-1.412725756812655664e+00
1.723763599955181025e+00
5.912868968470355924e+00
4.410254709230130854e-01
6.129006156071626243e+00
-3.399277970475348631e+00
1.664576329914064123e+00
4.821715800269928742e+00
-2.303226153130864873e+00
-5.762497919414877323e-02
-2.269024828279935235e+00
-3.230206114610326473e+00
3.590641714402702522e+00
-2.780772314654498700e+00
-4.157558704406552508e+00
2.063240210419681198e+00
-4.156868884425260369e+00
6.139498816546479887e+00
3.284454150835575348e+00
-4.084627453535756292e-01
-4.400496836415154434e+00
2.502917500375096416e-01
-4.172706452267730626e+00
-3.947554150106340032e+00
-3.382925754380762484e+00
3.750673269858588732e+00
3.469271107239831675e+00
5.701420686324503606e+00
-4.022335799311263393e+00
-6.555400545399292511e-01
-2.034043282151769549e-01
4.058882957303194594e+00
-5.370353669119445339e-01
7.592868232825267683e+00
-6.663159556806408368e-01
-1.714913876046747054e+00
8.091985776305246070e-01
5.477197008194320205e+00
-7.047700665837961509e+00
-2.248610025052131256e+00
2.691227174831838376e+00
6.383836068100436023e+00
3.216670402877500834e+00
5.005996585726237846e+00
2.701233020262979068e+00
-2.614307240679026201e+00
6.329651818094823579e-01
5.513290594781143916e-01
-2.763892238021809167e+00
-3.020979413605692443e+00
-3.718218387848957640e+00
-2.840368809089685698e+00
4.448841078709077301e+00
-1.216255035097163928e+00
-5.648994380831108941e+00
1.585567516951357225e-01
8.399290686737150846e-01
2.589652416513076538e+00
-3.665206654334150382e+00
-4.176963453344855637e+00
2.123154790494446331e+00
1.690051329883988318e+00
-8.528591219542145385e-01
1.547234551679662395e+00
1.502273569498739025e+00
3.398583548342368754e-01
-1.917928240414582319e+00
-3.240312073727921849e+00
-1.516545761313850438e+00
1.641342626724058285e+00
1.457320853290288376e+00
1.562935902391150655e+00
1.763670345522101890e+00
-1.632466692045593470e+00
7.083065125069094581e-01
4.335164115250749184e+00
1.338233141397602299e-01
-2.632748678777415918e+00
-2.348346274164264003e+00
3.420763829762229147e+00
-4.497265896233075821e+00
1.290523677760220700e+00
-3.364376101408186770e+00
-3.919214115827611700e+00
-1.557161039393456514e+00
1.925317638359367756e+00
2.569814557958514545e+00
-1.457213850206056316e+00
2.953320535100222965e+00
-1.703632932272125089e+00
-4.044247903824183865e+00
2.942574495433539994e+00
6.951756778606166254e-01
-1.727822917301370664e-01
-3.154118546505680243e+00
-9.359856110112212413e-01
5.080433711523893336e+00
1.152939847986397925e+00
-4.823817473269732758e+00
