-1.854019711950824378e+00
1.727663169752874373e+00
1.018013554853151481e+00
1.080616188541256406e+00
4.490049485678701657e+00
-2.527676628757529631e+00
-5.563901301124618559e-02
2.314226211727072435e+00
-2.879305149605387637e+00
9.604659644611071023e-01
5.141340227246614880e+00
-1.101062443970234561e+00
-2.259547325240071736e+00
1.438075865200272085e+00
-1.528642143759143313e+00
1.268153722878057721e+00
-2.060594060368525327e+00
2.567383504275126405e-01
-4.658846117735363279e+00
-2.887019383178103027e+00
-4.348253872775152962e-01
4.048996540572010971e+00
1.809279252315372011e+00
1.576879896403421411e+00
-5.016391594418326827e-01
3.452729201535896131e+00
6.084957713522143319e-01
1.763784461608110643e+00
2.973128483012974499e+00
7.515926394697989288e-01
2.917769770323355605e+00
2.046982777282440602e-01
2.143764957447576336e+00
2.213061849982521423e+00
-1.999681053925753904e+00
2.105957955279563087e+00
-2.415416181527158646e+00
5.150014729422924820e-01
9.969190323099903495e-01
2.071219409207651907e-01
-6.465071212091291208e+00
-1.478459955058306186e+00
-3.006252023923279726e+00
5.222916622767991290e-01
3.661004024862714701e+00
2.309785572667961251e+00
-2.112900770367081016e+00
-1.022934026019662879e+00
1.278772533758790519e+00
-1.649508625766647141e+00
5.918722896049055660e-01
6.477110650136200798e-01
-2.152178450113042096e+00
-2.528820995348245226e+00
7.608532244681807111e-01
2.262379863833015037e+00
-1.603745360754267768e+00
1.173249237749836693e+00
-1.619942993175742751e+00
-3.194132104084322687e+00
5.220978873935534503e-01
-6.043488554752487474e-01
1.121769942442528256e+00
-1.104238947529215809e+00
-2.376299528093777980e+00
1.854152190284298785e+00
3.172229692765747622e+00
2.216651719184405955e+00
-3.096866453288760201e+00
-1.324391781030070492e+00
1.480873698625073120e-01
-1.076449547911665361e+00
-3.756382252300480395e+00
-1.422611609631403429e+00
1.081937085262754339e+00
3.915022949544805231e-01
9.548026221299290572e-01
-1.595579776477697109e+00
-1.161748044239759858e+00
6.945296751399749891e-01
4.449774137528244466e+00
3.002961232687094695e-01
2.813574708209090502e+00
-2.533058385697851467e+00
-3.890495965804891654e+00
1.003150514094997003e+00
1.079261476407557430e+00
-2.571906696504477341e-01
9.773268592348680617e-01
-2.772384289043690497e+00
-1.392325278198696337e+00
7.703522585470623518e-01
1.902595993992022727e+00
1.283745970422682348e+00
1.390261470348008732e+00
-9.186146569667443806e-01
2.000255239001952345e-01
1.634143107504221759e-01
8.597198353831274620e-01
8.657624172125701900e-01
1.928286193509749946e+00
2.741826199166016220e+00
-1.156011687494723938e+00
4.065636308831742651e-01
-6.204966565477084695e-01
-2.802398973125857395e+00
9.428247490563912425e-01
-2.676722901491426221e+00
1.104821191193570584e+00
-3.480954713503234821e-01
-1.419495094535341839e-02
2.484433762293799752e+00
-1.588288622269654393e+00
-2.596695524158834090e+00
2.858521073573575322e+00
4.869159060693303842e-01
1.648457902262833619e+00
-4.121120929427921631e+00
-5.138235277709216620e-01
-1.959427889161455827e+00
-9.562178625433616075e-01
-3.629508497901158037e+00
-2.019495278102819702e-01
-4.909648961762302921e-01
-4.184031670398770331e+00
1.625027735876830359e+00
4.482420355326721673e-01
1.214814247628178911e+00
-3.152787656877533262e+00
-2.987342303027726409e+00
-1.395730076068547598e+00
2.784658919420457401e+00
-8.735556753811103414e-01
5.618123953375944168e-01
2.917539417481493480e+00
-4.702427772432620223e-01
5.539686038286486536e+00
1.636690367127200396e-01
1.780769883173978663e+00
-5.547146602100656576e-01
-2.025902019472007431e+00
1.109367241358024669e+00
2.434967902478286206e+00
-2.069868905707213713e+00
4.763985400560624583e+00
8.945108503351900664e-01
-3.018858631272862247e+00
8.820332925600514740e-01
5.132054042644274006e-01
2.527623836395581414e+00
-2.421409670748317478e+00
4.339328030818462523e+00
3.734629759326524301e+00
1.539217661181116192e-01
-1.848335478420533251e+00
3.509885461145474395e+00
-4.570455835393831823e-01
-9.646390993647269152e-01
-2.226401494384157687e+00
2.105181799102375351e+00
-1.193220006462262450e+00
3.413125036097356957e-01
2.248528869250874695e+00
-2.379473893572204846e-01
2.522660438845564901e+00
6.346892303381108658e-01
-2.249365194251907951e+00
4.127327969514421824e+00
-5.902434512149513923e-02
7.488606076913126852e-01
1.552265745722151147e+00
3.233364570074645616e+00
-3.163501488412371110e+00
-1.615043804260642757e+00
1.899717162357131617e+00
2.479388801109528861e-01
-3.872820470908237556e-01
-4.790369027870632346e-01
1.991758664141433099e+00
2.310747903377239343e+00
-3.425619823763278671e+00
3.489774206562643144e+00
1.463974391974828260e+00
-8.661660923939326073e-01
1.424638088440359773e+00
-1.543979773902202757e+00
1.371721436684297579e+00
-2.769599362445714696e+00
3.419336470627805546e+00
-1.551737481040906363e+00
-1.793850286097313784e+00
-9.844174335254516350e-01
-1.197288930856825973e+00
-3.250349237352662790e+00
3.709728177469879817e-01
3.562463916015233600e+00
-2.133973667574079691e+00
-8.243266862836968745e-01
2.698621586672551587e+00
-8.067861323799381257e-01
1.674446166939936642e+00
4.422782580808189756e+00
-9.789092293930188315e-01
-2.935557905374914345e+00
3.570188800210533309e+00
-3.251473171642472737e-01
1.312336557050868269e-01
8.328357662324947785e-01
-2.800022496497549085e+00
-1.207494529275916717e+00
1.584753389278379831e+00
-5.972730184755208338e-01
1.085393473003506637e+00
-8.959366355154163575e-01
-2.934975500462893905e+00
7.384255821604559511e-01
1.508811203363258802e+00
1.777119514528858302e+00
-1.968708093665653358e+00
1.448945507630736707e+00
-1.097273369661607267e+00
-1.505363035093947977e+00
-6.515496796401195612e-01
-1.082754924368215521e+00
-2.115854675599604384e+00
-9.525745786009032212e-01
-1.369365453000942479e-01
1.588285877453440298e+00
4.583349863563420667e-01
1.258653343743978192e+00
-2.187779875805439644e+00
-1.990516269990190601e+00
9.216657278243090001e-01
-7.062950530155245321e-01
-1.210162456701756595e+00
3.282197818102673414e-01
2.894853401841998575e-01
5.326315051255976485e-01
-2.973413740863501964e+00
-2.210330994531368165e-01
2.857691343903765446e-01
3.574977902139686581e-02
8.451479344836038132e-02
3.679085697163837487e+00
-1.410012189798308002e+00
-1.054370722042075048e+00
-2.229855850688665431e+00
-7.427693377020581078e-01
2.271181325491892444e+00
2.636666033257319963e-01
-9.749795989458656109e-01
4.848831558880183773e-02
8.086067863027674996e-01
-2.105481699093725290e-02
-1.166671955583021836e+00
-2.840089108869524370e+00
2.885668761607179444e+00
1.065999848913466774e+00
2.247894115032225582e+00
-3.389924310396963847e+00
-3.064888467034941222e+00
-1.571256400029358957e+00
-1.494192411659531206e-01
-4.643979794244037507e-01
1.071506209405159504e+00
