5.866848575048089209e-01
-2.495178848706984809e-01
5.629071503765259443e-02
-3.409594580716333034e-01
-4.308347446531151093e-01
-1.435557730554770650e-02
6.657989783713849086e-01
-3.001581499395526986e-01
4.042309191546458180e-01
5.227531309648927316e-01
-4.720277653109941074e-01
-1.319684191559851172e-01
-3.709419887543725647e-01
4.756574678334979378e-01
-9.695614967605155066e-01
6.033238085852101751e-01
-9.237177025083205262e-01
-2.436019583324948723e-01
4.223952191432205350e-01
4.833630730428617461e-02
-4.524617789344729246e-01
-6.991036888076915812e-01
2.145630933204498714e-01
-9.768796464729216922e-01
-7.989508229441357745e-01
3.270320089371103744e-01
4.997069938854057369e-01
1.254745513576212002e-01
6.865880692437480448e-01
2.566223688514548407e-01
5.563975095360771395e-01
5.203755316866489622e-01
-9.497426457071322936e-01
8.776762278562189046e-01
6.812029805003798621e-01
6.076269820738062766e-01
-3.215464944643144918e-01
3.289592638278429071e-01
-9.168157038753310673e-02
1.095377551305372066e-01
4.440867855462176106e-01
-1.542027392674283348e-01
-8.603452685526840060e-01
2.284401202363635086e-01
3.855060072129885551e-01
-6.522745423414035848e-01
3.019881015264502810e-01
5.157917220200607389e-01
-7.135462057219768006e-01
-3.191368272945973583e-01
2.980869331665805255e-01
-9.516187623906344761e-01
8.673537948718739177e-01
4.709573472941765981e-01
6.069553653746417865e-02
7.817139631528546850e-02
5.044357968098249767e-01
-2.079393595467278200e-01
-9.842525973118720906e-01
2.310527908446800005e-01
1.226647492666315120e-01
1.411620237569164438e-01
5.774571803374772827e-02
6.516702053614307211e-01
-6.865266440024695438e-01
-1.450658927578745150e-01
-8.815299988135303355e-01
5.610001340595174302e-01
1.929887786415653839e-01
-6.089836719216943361e-01
4.638755474148714697e-02
9.215240826405040053e-01
-3.444759294414687645e-01
-6.831641341056629013e-01
-3.078711958523985270e-01
1.979154029407914628e-02
-7.712953486152274163e-01
-5.283203113516450333e-01
9.372022273421809491e-01
6.778198574569322954e-01
-8.746183899891732949e-01
6.904784336645253262e-02
4.681166767797202422e-01
5.341999648781909915e-01
-2.288181228493932906e-01
-7.298072052998889614e-01
4.193178783774533791e-01
-4.305293921910635646e-01
-6.955542553303002418e-01
-1.465843530963961694e-01
-7.585963151833419182e-01
4.737386301726576043e-01
-4.865288427053728881e-01
8.995408904480683976e-01
-6.482832980268748990e-02
-5.892940920389733161e-01
6.901397144434646691e-01
-7.526444067279027816e-01
-7.547411052635364381e-01
-3.341249035215447805e-01
3.545068651840117546e-01
-5.860187508375620524e-01
5.083418667810060132e-01
9.474564829714875458e-01
-6.677562540655228585e-01
-8.492886919270346002e-01
9.922026418436400430e-01
-4.985018550773094859e-01
-5.137429425607726863e-01
-3.404739876947815436e-01
7.212939757771532623e-01
6.679528499772993122e-01
6.618285582083369700e-01
3.645084944482348543e-01
4.829291770425796493e-01
4.660104287091073605e-01
-6.875150170161945518e-01
1.287189291873036545e-01
7.224835146534873687e-01
8.949699862188777999e-01
1.607375142392284406e-01
2.153687012311400473e-02
-9.339649004196393101e-01
-5.417697345247576290e-01
4.541718725693133507e-01
7.320767142116624271e-01
9.707648149754828371e-01
-5.989590640192259396e-01
-3.539295386583853897e-01
-2.130274997257473046e-01
-7.265340241816309330e-01
6.878939881471854978e-01
3.162536263945114889e-02
-8.108481862247114424e-01
9.273902425733688837e-01
4.350941631108917740e-01
4.284874785866543689e-01
-5.097539207457053578e-01
1.823164211576779881e-01
-2.710889394096744898e-01
2.675514020886038402e-02
1.250999629199367469e-02
4.413196014196594241e-01
-3.318871768210873707e-01
4.953000715399491494e-01
3.028667455510678508e-01
-6.514284041116711332e-01
6.606215498324476965e-01
-9.726578749185588180e-02
-7.880908044682222169e-03
-8.878465592081887792e-01
-6.718487362854315137e-01
7.397049907102699606e-01
8.641238919441684985e-03
-2.743358788207328480e-01
-7.312660652544695772e-01
5.313434368985570089e-01
-6.552130025617215470e-01
-9.126398142501430666e-01
6.577378856108460070e-01
3.031734154341232390e-01
-6.277089361714973670e-01
-3.004411247719844802e-01
-6.995655903565989320e-03
-1.765383767826793626e-01
-1.473754095331185621e-01
-1.366566877713575323e-01
-2.059417325516337272e-01
3.143320172608632390e-01
9.823463434186405774e-01
5.657345818012755601e-01
1.505789364267733355e-01
-9.630226655568212557e-01
7.592137800623872668e-01
-2.142460358389131070e-01
-9.474159897210741033e-01
2.510130540360333562e-01
2.178587918995256167e-02
9.794217129366433738e-01
-1.722269241730152167e-01
9.953528305878263094e-01
-6.314419870574048410e-01
-7.616553983753870938e-01
6.922528088665758084e-01
8.077863555398800965e-01
8.606904911101220801e-01
-9.733894346609115455e-01
5.279333314591156956e-01
-2.714685609155349511e-01
2.749264191821401138e-01
-7.355042523843211555e-01
-1.694901548742449027e-01
6.372377870792007570e-01
1.770262921527592237e-01
-9.196405413930139883e-01
1.885971888827526755e-01
1.395138091717529338e-01
-4.976518269609155887e-01
4.024309050655205944e-01
9.217862719110221370e-01
-3.745280649274618234e-01
1.647153516670556428e-01
6.163657611850137386e-02
-1.117004765914146880e-01
4.257858490917605376e-01
-7.224537443580869578e-03
-8.664538463347788433e-01
-8.925260968527553018e-01
2.229615000977964723e-01
4.471433083864544411e-01
-9.308810315038476002e-01
-2.564525969387898563e-02
1.778605882293649021e-01
8.294283245110258829e-01
-3.529936460037268464e-01
6.825419730287931586e-01
-1.142297676674961515e-01
-1.965080969900274699e-01
-6.527639621451180041e-01
5.229128598995549382e-01
-3.683012821998619124e-01
-6.868704502159166392e-01
-7.270170500565416027e-01
7.874280800791362278e-01
-5.136185478558843442e-01
5.846235669869770391e-01
3.538940097441445332e-01
-3.480047884158909977e-01
-3.773876164485234774e-02
2.155125291405783905e-01
-6.809219609686696373e-01
-3.765374458998325125e-01
-6.734219528348395212e-01
5.873148871404698657e-01
-8.742248024321652711e-01
-5.003208291769190019e-01
-6.427031616673852810e-01
5.231193319434614963e-01
1.308065827924187463e-01
-7.455106878849713237e-01
-9.277909577141676412e-01
3.666417873222849177e-01
6.391530316826365965e-01
-3.292295314782855975e-01
-6.606603763191887246e-02
8.500949800058092976e-01
6.458107669941943740e-01
9.605438555734200357e-01
-9.307513786975725179e-01
5.576434055498495912e-01
9.925139821592992018e-01
-8.104810119083767361e-01
-1.665395146786834424e-01
5.435321707278919501e-01
-7.482616657061640364e-01
-6.100003816281089897e-01
-6.242265818755774465e-01
1.469124488796547112e-02
-9.529760329749372705e-01
4.324788714275373813e-01
1.691397684225124376e-01
-6.447068486756626360e-01
5.288410397520160178e-01
6.151116606467237347e-01
8.232835463451706470e-01
