1.232976730984781888e+00
2.519855979672142254e+00
-1.570472492120524421e+00
5.075656942834270158e-01
2.452446505901513696e+00
-8.514004351659714143e-01
-4.078164768270163276e-01
-1.906328919649231235e+00
-8.100157707474764379e-02
1.228127712208058941e+00
1.426320933491894927e+00
1.786482870261031142e+00
-1.831880718606030412e+00
-2.215399554208687505e+00
-2.682543975390053959e+00
-1.506199924755832420e+00
-2.021002977289265701e+00
-2.294587151379998247e+00
-3.293291864095052590e-01
4.057235692531800386e-01
2.902371603492004848e+00
1.196290562669554358e+00
-8.508729815666864482e-01
-2.221594665325831386e+00
2.246357715570113989e+00
-1.663015837274382180e+00
-1.364138577411345921e+00
-6.282961990431726873e-01
-1.958662705382520297e+00
1.496048168246192800e+00
8.660486436411923838e-01
-7.121851058419694791e-01
-4.968874514651558938e-01
2.276203175460715933e+00
2.769815331195883967e+00
1.466499785972959602e+00
3.324895856380767789e+00
-4.654415575895847201e-01
1.040140375425542718e+00
1.930310938994687975e+00
-1.511767055743999055e+00
-1.952731221618003443e-01
2.199367680298128569e+00
1.028682888920974259e+00
3.203323178542766492e+00
3.202931452426646119e-01
-1.249357452564785032e+00
3.257409207826879038e-01
-5.492276435480289987e-01
1.359129589426251616e+00
-1.753577312783673348e+00
-3.384552971380879738e-01
-2.072313510056551511e+00
1.253437572257822819e+00
-2.119824370630438715e-01
-1.369851660709899388e+00
-2.118068220977778360e+00
-3.474222631921922710e-01
9.093307048063257181e-01
-1.085163843558436536e+00
-8.728064439539204855e-01
-1.291023332499823706e+00
4.031190378390254736e-01
-1.873923393064438336e-01
1.320595858720209126e+00
7.436740699808355171e-01
6.718474781025964848e-01
-8.510078235797498003e-01
-1.201079060159112588e-01
-1.738154605997755731e+00
1.439985819470837036e+00
1.442858942507818210e+00
-7.070357945558688462e-01
-1.030218541024052747e-01
-1.237848399223469009e-01
1.192127986784292215e+00
1.695909708050865827e+00
-2.011480465875340240e+00
-9.023301351660244496e-01
5.661876215091485864e-01
-1.148531855396559997e+00
-7.984536539426670965e-01
9.662924004104398445e-01
-6.159800195100679776e-01
2.191050454750958387e+00
-1.096188973746706541e+00
1.322101892517120847e+00
-6.394657704805535303e-01
1.555072294723667037e+00
-1.476213801279731452e+00
-1.040954337797047602e-01
5.767182204472551810e-01
2.198052634924288817e+00
-1.408446728265126402e-01
1.405654352478013847e+00
3.372197893892784126e+00
1.126914029486072888e+00
-1.786918491279022136e+00
2.267039506541034477e+00
1.953717673370705787e+00
-2.021611118090997472e+00
3.037438019147278734e+00
1.235935525015847247e+00
-3.452757596885702718e-02
-2.220683257458837545e+00
1.215764817066188108e+00
-1.732482918833307683e-01
-1.293313627896323759e+00
1.929639631905359476e+00
-1.792716109726006923e+00
9.866079979459115856e-01
-7.939233607305199447e-01
4.809172483145580657e-01
-1.998766179596896730e+00
-1.529191206666671077e+00
-1.033386041634118513e+00
5.171052557197042265e-01
-1.476091259133194500e+00
2.015689052914428459e+00
1.731207950373649496e+00
2.341746622663195332e+00
-5.955623243555312474e-01
-7.506843735385153593e-01
3.815883918285123411e-01
-2.757430770509270879e+00
-7.903428396160547820e-01
-3.100623902897481909e-01
-8.676129662548053290e-01
1.121740623197432729e+00
-9.472543498339787149e-01
-9.894933213760319646e-01
6.116380285767835101e-01
7.074222313509000992e-01
-8.907344761863823512e-01
8.246505716890621951e-01
-8.369000920455560433e-01
5.516636166392983043e-01
-1.835417683021911106e+00
5.365128826324416789e-01
4.355729734250680663e-01
9.806235623200597606e-01
-1.480761682010358182e+00
1.434153218363604099e-01
-5.615620572059667470e-01
1.599069794681113876e+00
1.404308778367335253e-01
1.309105527039775008e-02
-3.507817663256413976e-01
-1.125338232849573128e+00
6.153183399315256263e-01
-1.244250658086663019e+00
-3.095004051723579508e+00
1.489436896302519076e+00
1.963747991687929684e+00
2.028309038159133770e+00
2.773873930400684085e+00
6.727679312164973613e-01
9.706670018110910014e-01
-2.229141538227470853e+00
-3.170784487549747066e+00
1.249534704050813794e+00
6.488543962138979548e-01
8.432199043739405653e-01
6.973624371400284350e-01
-3.028083440160283857e+00
1.135164598290829385e+00
9.698774633713324045e-01
1.434465807065615106e+00
8.087269708678785918e-01
2.363128048456903940e+00
-5.241357223572915558e-01
-4.700559989457711030e-01
1.432023700020711443e-01
2.268416371123106678e+00
-2.500352935702118140e-01
-5.527173190348915188e-01
-2.248278722454531753e+00
9.687834059274911258e-01
-1.804680493407627706e-01
-4.781733715822104602e-01
1.436855069570121546e-01
1.103314325772620563e+00
-1.546758719399947024e+00
-9.726723284613537635e-01
-1.335918491155765553e+00
4.460938613847056367e-01
-2.992146143869858221e-01
-9.818666481475895047e-01
-2.374279214765592450e+00
1.806104811809379429e+00
9.381756100668544596e-01
1.652358254623444100e+00
-1.166849995315645039e+00
4.673441173053720088e-01
-2.728778797857324356e+00
3.654647771628714015e-01
7.380083563084127718e-02
1.400626781984538827e+00
-2.920724957283906242e+00
-2.871720047102039874e-01
1.112793631153360607e+00
-2.475281749575051649e+00
-6.720375248043518601e-01
4.189092824147361283e-01
-2.187808406929707239e+00
-9.045143777501387650e-01
1.120306712181556197e+00
-8.912500181908677988e-01
-1.508642207396456048e+00
1.419480191955246329e-01
-1.225739171793383431e+00
7.688902227515899135e-01
-1.342480779664819157e-01
1.680461010297096935e+00
2.686048381803642471e+00
-6.671782218524746622e-01
-4.940748081478315568e-01
-6.602717013537520163e-01
1.733670115210743434e+00
1.465554632594377127e+00
7.708101371701068238e-01
2.271935241600327338e+00
-2.284430886412665451e+00
-9.153940958171440379e-01
-8.225650874204508689e-01
-1.965167403605950769e+00
8.242537449791520476e-01
-1.170902579462624882e+00
1.520241771334860381e+00
-3.859740776988048738e-01
2.127700257853720522e+00
-8.208985597007710799e-01
1.795539233759049891e+00
3.804005056524960571e-01
-1.794833493021669613e+00
1.019473377713699502e+00
-2.059893392493769682e+00
7.401686678151762067e-01
-3.160869908452503818e-01
2.160070780084990538e+00
-7.785297138766814617e-01
3.083537454053084215e+00
6.031138105818789619e-02
3.924328500451250146e-01
2.600111164983216483e-01
1.460748443405850416e-01
6.982904768845532573e-01
-9.324759381897267385e-01
7.763295208199142428e-01
1.658752599037164543e+00
-2.289672617977467795e+00
-1.740513520330795316e-01
1.947372552100152365e+00
2.608568490573421883e+00
8.470654229267198243e-01
2.655953212525160367e+00
-1.020887173929664549e+00
-2.152600798464894716e+00
1.350830523463538713e+00
9.222913476872161009e-01
-1.121507296550359190e+00
4.771181197617191394e-01
1.183468868867089796e+00
-1.849080296149984814e+00
2.935329218166672360e-01
