-4.074953017292482826e+01
3.753193850556340472e+00
-4.437100075241137631e+01
-4.912445692858924673e+01
3.001432012279375883e+01
-4.894099411420472023e+01
-9.649460964331073143e+00
9.256228701533430581e+01
-2.606737001612736293e+01
-5.937866302698468957e+01
-1.111547404138215001e+01
6.506667079542840781e+01
-1.330923442353019581e+01
1.161739998542167562e+01
-2.909249719797486478e+01
4.021881159239006820e+01
-1.378927038602049571e+00
-4.975489589388140388e+01
3.786483100610973196e+01
2.455087123409878913e+01
-1.471701680125173084e+01
-1.387562738426459141e+01
5.333228296774277766e+01
2.484277690381119186e+01
1.408461750066638984e+00
6.458483347263742758e+01
5.152200206043303865e+01
-2.186894118754351268e+01
-4.046088326700609628e+01
1.406257610180372630e+01
2.153404498035876813e+01
4.969241667686790720e+01
-2.594648183697902866e+01
-6.979753681442498703e+01
3.488177133650608441e-01
-3.451218991690309679e+01
-2.140484979786161368e-02
3.226889751791419236e+00
-5.645755683805560210e+01
-2.383053528545163147e+01
-1.153157940646703317e+01
-4.216778173005214114e+01
-3.249271121658036776e+00
2.547926865481130676e+00
8.375409460639705372e+00
8.212991737560317418e+00
8.586730658210406375e+00
8.184001836405712993e+01
-1.817860038683786783e+01
3.930590526425205411e+01
-2.712095361653046055e+01
1.263194186746756387e+01
-3.188613157437524137e+01
-1.019773856448683169e+01
3.566289594569433774e+01
3.082603233096072870e+01
1.472290738280166700e+01
-6.532162914956354882e+01
-1.250221049644443099e+02
-5.212881321275158086e+01
6.160228114418991652e+01
2.131561503272531510e+01
-4.474933614685839700e+01
-5.062821377660262634e+00
-6.110154087712925453e+00
2.895731214942701826e+01
-8.402944562259516204e+01
5.837726964742988400e+01
-8.140534085303190892e+00
-3.278532136314588996e+01
-1.031893048817461178e+01
5.004090329752973787e+01
-6.189327085274610596e+01
3.025950722161513440e+01
2.216696811845793391e+01
-5.062651785277483185e+01
8.217193177022174666e+00
-1.108170458105168521e+01
6.786416547653381315e+01
1.919840997185196230e+01
-7.853398416344788302e+00
-2.463499712009604536e+01
-3.876012427353993672e+01
1.565058893251786998e+01
4.233257088677162017e+01
-9.714374180447812535e+00
3.301936651378012044e+01
-1.321505436881473550e+01
3.949620739252347335e+01
-3.376186641188360937e+01
6.692526830499600621e+00
-1.652810957977872519e+01
5.479138080415016532e+01
2.108732077311776720e+01
-9.989885409990320042e+00
4.018722699944357402e+01
2.276617770327569090e+01
2.593522914172978489e+01
-1.254629634417956474e+01
4.744383178767129117e+00
-4.819528142042798891e+01
-7.510957128976949093e+01
-1.070632694597964196e+01
-1.817391366991698121e+01
-4.601208870628306968e+00
6.087497752067174162e+01
-8.526734527661173502e+01
-8.109739814302935201e+01
2.803678980087152439e+01
2.748344498838470429e+01
-1.899349918383896707e+01
-4.625958722835156323e+01
1.326096919203098246e+01
-7.206010521632624233e+00
-3.143410619911577086e+01
1.521705143393193893e+01
-2.039450086767021375e+01
3.453546146118613791e+01
-9.511301525073641017e+00
3.525099794236398054e+01
1.311627817741085167e+01
-1.674471429472315620e+01
-4.104653715006691783e+01
-5.614228760295811327e+01
2.019783962580087433e+01
7.159952032900088170e+01
-8.096993501015721506e+01
1.044164672080383411e+02
-7.209157922251803541e+01
6.872863400875253603e+00
1.566072824574070665e+01
-4.482421204567755524e+01
-1.194945937667496949e+01
3.769660898384326941e+01
8.003682990225064486e+01
-1.289705899527409727e+01
1.307334578587167151e+01
-1.201500065823131891e+01
5.142215422995209195e+01
-2.285182751968619286e+01
2.111972581227359669e+01
3.607430454621225380e+01
9.924791258624587442e+00
-1.756111234056968229e+01
7.904220630995696695e+01
1.101663724861734472e+01
-4.588435086684446773e+00
3.850091201792570672e+01
-1.221886360508990066e+01
5.661772460653976680e+01
8.615975093421367248e+00
5.861103310498233299e+01
8.250480318412942893e+01
-6.736698419996574216e+01
9.106774839101237262e+01
2.842614694183590984e+01
-4.794610796637646644e+01
2.286402150267559108e+01
5.179785406591454588e+00
-7.690773966806687234e+00
-3.331064642377855733e+01
-9.680935402993438288e+01
1.165056410782193197e+01
1.769550417803017694e+01
-2.244661319972715674e+01
-1.270211711127207188e+01
-4.637949899453144553e+01
-2.200709006037254767e+01
-1.435406233830437017e+01
-5.629866860168638709e+01
-5.167690058098207828e+01
-5.485961979696205582e+00
-4.484440014788795281e+01
1.475476833940235188e+01
1.052618451578514680e+01
-5.127678843104940931e+00
-6.575243988119889860e-01
-6.412048175707209197e+00
3.978179139023333022e+01
5.897047351666402903e+01
7.306177904180150051e+01
-1.660471361258860767e+01
-3.161674290036310708e+01
-4.573776124294639089e+00
-1.702694208712679114e+01
-1.210927487033651602e+02
-4.562936332608042278e+01
-1.948722371777666140e+01
-2.730878331480937504e+01
-7.784768887760209566e+01
7.195955150294449254e+01
3.018430227777713171e+01
-2.069685594694705344e+01
-1.135293263900651795e+01
1.168270149155571431e+02
6.199338079392033052e+01
-9.424969550619024972e+01
-8.026415474623668445e+01
-6.268966642415239932e+00
2.151869676379553287e+00
1.642265380495286209e+01
5.937015426942164709e+01
-9.352476854982909060e+01
-3.224425448013719997e+00
3.434909271793882368e+01
-7.578892818080790050e+01
7.766532961545632219e+00
-2.699440701217314853e+01
-4.690010740917857390e+01
3.898677844154455130e+01
1.753088454071805558e+01
2.737784009741024960e+01
-1.989966817258511966e+01
2.603803296154240954e+01
-3.184559326410388280e+01
1.356816189269118844e+01
-3.007960685289134517e+01
-1.000509223828223639e+02
1.514064815450976553e+01
-8.373602367947897918e+00
9.615405859414774170e+01
5.109283482027297651e+01
-9.995196507075722536e+01
9.555853766359770418e+01
-8.890680696956034978e+01
-2.574675298623910891e+01
2.557272027030900574e+01
6.988200188673596358e+01
2.735212194692029364e+00
3.754276970458042229e+01
-3.270274218592512216e+00
-8.250814458465665524e+00
3.917319579520399486e+01
2.203910679156241059e+01
2.487838366884955832e+01
-1.223172457537962288e+01
6.852850339327649465e+01
-6.198708822242582350e+00
-1.235587668941330541e+01
-6.020398474409653744e+01
-1.061388563547925230e+02
4.164781973430950046e+01
-9.656549982328598958e+01
-1.860852807502421058e+01
-5.664837647880293048e+01
8.870482241913423138e+01
3.539884958072590404e+00
-6.049578702877249015e+01
5.371166954547112482e+01
5.720414259080192920e+01
-6.622171044564635167e+01
9.734341440928301381e+01
-3.776352437425766206e-01
1.320771009179831168e+01
7.001539180773707471e+01
-8.313737391621531359e+00
-1.232629375676930650e+01
-2.753189516507562118e+01
-7.438057085029717541e+01
-4.922554873800177688e+01
-1.702842862010652780e+01
3.953758820284576814e+01
-2.296763767234081755e+01
7.132817200736464081e+00
-3.740318974104781802e+01
