5.347511856277791686e+00
-4.919641498061984919e+00
8.898827144794108079e-01
1.058228122788244852e+00
1.740789798071775252e+00
-3.225282262580063453e+00
-1.104714514527555203e+00
1.490049062607891606e-01
-6.740338996286403539e-01
-5.599857323988517432e-01
-2.237039570312982839e+00
-9.227627872352015537e-01
-1.170473261674606524e+00
-1.196501964154543796e+00
2.777377841185502128e+00
-2.149989417574114992e+00
-6.606211527834903174e-01
-1.525458037591018723e+00
6.231955741846950669e-01
9.607610470521342760e-01
-9.937123852611478014e-01
9.480630344511743468e-01
2.318542401738416192e+00
-8.918900978789360279e-01
1.056520989116623621e+00
-1.243345466332298255e+00
8.560704799282434774e-01
1.026207466187376571e+00
2.554637722726095017e+00
-2.693656165326593577e+00
8.047329486278115285e-01
3.293806015992908787e+00
-2.145474940196363089e+00
1.475969080406705380e+00
5.262070226023803698e+00
-1.031081984811669683e+00
1.937312031975785054e+00
2.695642794404938147e+00
-5.354625204119016768e-01
-2.392733159187267589e+00
-5.231001605244940400e-01
2.464518630193989868e+00
-4.506420551818073328e+00
1.993504364132340889e+00
-1.988764750191662989e+00
4.422706415243580214e-01
-1.640107889967692190e+00
-2.004323378764736319e+00
5.884420301721959845e-01
2.649735452755752174e+00
5.849361135247848065e-01
-4.154753711091960788e+00
5.407049576298827986e-02
-3.979339639234359627e+00
1.302652197893040764e+00
-1.797542795586288378e+00
2.903220266405608374e-01
-1.975741179753315091e+00
9.278866664714371382e-01
7.168573363690866618e-01
-2.964227273079584002e+00
-1.277851924799005667e+00
3.712295723774098555e+00
1.819118382024520031e+00
-1.116495350735592362e+00
5.932188765672933073e+00
4.358164242520088827e+00
1.395621620345660618e+00
-4.071307694458924376e-01
-3.187843727868867383e+00
-3.105863878543142498e-01
2.241442718706029069e+00
1.900006399983131589e+00
3.582084763172938668e+00
3.877496224604320751e+00
-1.852573178292634459e+00
1.600079746457171437e-01
-1.070405627826954698e+00
-2.370634888020578757e+00
2.878912170927220071e+00
-5.644324529287578329e+00
2.632555462711277716e+00
-1.823420883053461061e+00
-3.358753803084985279e+00
-2.396346198760611834e+00
2.821592677683680606e+00
6.964059288898725164e-01
5.059248767454191054e+00
2.408314938748508105e+00
3.526981706131585348e+00
-2.364117368657574936e+00
-1.278015369127211143e-01
-8.516378728607219006e-01
3.418585420969816546e+00
7.884030821124461408e-01
2.747865200828997878e+00
-2.024460958512209530e+00
-1.218237118634137861e+00
-1.674453863680308796e+00
-2.821718533196742484e+00
3.595862507870404290e-01
-1.183614684352724211e+00
-1.297644855865788260e+00
-2.037342569278823845e+00
1.596176527491606767e-01
3.624828307353599399e+00
-1.312394073000828998e+00
-4.504028308347756138e+00
-1.275498373717941059e+00
1.799064990208294468e+00
8.121904697196502543e-02
-3.404825460260918923e+00
1.977270512223159304e-01
4.214968051296899887e+00
6.624240345025793619e-01
4.538070119506240729e+00
2.454659827700104380e+00
3.156594017457917456e+00
4.642754522050791977e+00
2.048734444079849393e-01
7.203905972894485421e-01
-1.416515252440777139e+00
6.984860301131541327e+00
-1.315637390162706755e+00
-2.118386493778785518e+00
-2.460878781944761062e+00
7.074842613832743599e-01
1.926014871596802847e+00
-3.460167627580059246e+00
-7.833015471291284726e-01
2.396173487758327614e+00
-3.226658317821233246e-01
-5.884433949946314968e-01
4.296421760257089772e+00
2.373318376386440942e+00
4.893580845800366674e+00
1.024187615415529162e+00
-5.336679932651682279e+00
-2.734451965280317420e+00
-5.199670382680798397e+00
-1.214836423345503125e+00
-3.463607273071065418e+00
-4.119296431612673892e+00
2.636645936577305172e+00
1.260011111018761731e+00
-1.222319468904128792e+00
-8.356543568643536313e-01
-3.923294993724020241e-01
3.728527720245109478e-01
-1.436113371270014261e+00
-2.897188487557667447e+00
-1.485249418102407848e-02
-3.230063541413833228e+00
2.747765642958345023e+00
5.712146581579503390e+00
2.633869017815297031e+00
2.300996028996211695e+00
4.043436202691443881e+00
1.527930241297559277e-02
-1.431303834546713727e+00
-3.089515560750240919e+00
2.254996351790024001e-01
-1.517186949642120197e+00
2.466507813445498742e-01
3.797221355500005391e+00
-3.658247838446738953e+00
1.485046482733421991e-01
1.563841271551347445e+00
3.182976030467346451e+00
7.062018122584563518e-01
-3.384889564962890174e-01
4.862884041121467327e+00
2.251921622465728134e+00
-1.878245060496138485e+00
-2.188854751899312223e+00
1.612385373981471526e+00
1.703368430345624240e+00
-3.119146782683553276e+00
-1.186288156012881290e+00
-3.063093601367346430e+00
1.442768611539025247e+00
4.844797841499367763e+00
2.149933767741455393e-01
2.085562348041938296e-01
3.276537447686722615e+00
-2.314439695697898092e+00
-3.188464978068298095e+00
2.675629782435525517e+00
1.576892613813266397e+00
-3.860374729676875116e+00
3.811926716586391262e-01
-1.232146206946924893e+00
-1.627020087601193099e+00
2.957721000299548209e+00
1.320067820440174788e+00
-1.442026629057125309e+00
3.396198272109100635e+00
3.384319067564521610e+00
9.866466520247048066e-01
-1.395216403333039423e+00
2.534117165353843237e+00
-3.346396800375780245e+00
7.160882680663076538e-01
2.440105023737935586e+00
-5.477964136395625516e+00
-1.860913737217117614e+00
1.460780739885735757e+00
3.590714084569604836e+00
1.861864663958585409e+00
-1.285249643503519223e+00
3.209646675317098019e+00
-2.517118291952383236e-02
-1.533455164222347289e+00
7.729184456816196036e-02
-1.212965182762129723e+00
4.030944013944193216e-02
-7.018507959467321644e-01
2.890913897497240814e+00
-3.492761230931722416e+00
-4.413767757707600659e-01
-1.166004445460922412e+00
1.578982855073511438e+00
7.931325254023176008e-01
-4.278439254931493352e+00
-4.105266625895389598e-01
-2.022576115014585341e+00
-3.323742099843799203e+00
1.996553860331726771e-01
-3.976403836867651087e+00
-1.643827622218593909e+00
2.301381548883414396e+00
4.868941385276882583e-01
1.894147297468157465e+00
2.077420663442208326e+00
-4.656921088417158017e-01
-4.156584646163898888e+00
5.846312462480589556e-01
-5.942139185604626839e-01
3.402375577633408810e+00
-5.236791535949922860e+00
-1.730336053645828542e+00
-5.931744363191143732e-01
3.395659212153433693e+00
2.397286574495106848e+00
-4.762847963601213763e+00
-3.554304330315969374e+00
7.074736577402127580e-01
4.320846856927431645e+00
7.050294135763529368e+00
-1.282641825984952355e+00
-1.558777162574153330e+00
2.813266247130091768e-01
1.104752739741195366e+00
9.617892125580379536e-01
1.516310561078098029e+00
-1.588243368931931965e+00
-2.476359351961618049e+00
2.392584705352672092e+00
-8.512998502947972668e-01
3.698725801752931197e-01
5.766742605947126066e-01
-8.460319300560397160e-01
-1.311430148914484395e+00
1.054511690684893255e+00
2.959180101995119827e+00
