8.331766154242783440e-01
5.261648709244639566e-01
-1.349109285631173716e-01
9.088952098193752160e-01
5.588899915596938772e-01
-5.190134934710710635e-01
3.350716342753254917e-01
7.914129773082196895e-01
-9.618815529010227294e-02
-2.924130859368110347e-01
3.111596310229591822e-02
4.112682152437310279e-01
-4.464419779367316821e-01
-4.274026761044424916e-02
-3.611178184794336943e-01
6.256354214157799909e-02
-7.853184670925767996e-01
6.974060907075585458e-01
4.628791696364644714e-01
9.308277620977167821e-01
4.845515672629385762e-02
-8.544224354796119414e-01
3.555931721284715241e-01
-2.927089221605252423e-01
-3.256895522527407660e-01
3.033630140886667270e-01
-8.363089977716247070e-01
-5.575531319465065749e-01
-7.039117032332815604e-01
-6.090232492501277406e-01
-7.495169766777496356e-01
7.178481215977416952e-03
5.924725001647925815e-01
-7.246824100741937613e-01
-2.655580271433448658e-01
4.441715739955600650e-01
1.870844244675200496e-01
-9.114128356761055372e-01
4.198759298838015130e-01
1.965070307668967953e-01
1.127662441885388667e-01
7.987535446040801013e-01
-9.616665505715282780e-01
2.309968340274242138e-01
-6.643958829201479510e-01
9.942154819873556537e-01
-6.791425632992087458e-01
2.342392523853895625e-01
4.941468507626334272e-01
8.675194973117061892e-01
-4.406229488669157757e-01
-3.197249482486130834e-01
7.341465629376151547e-01
-3.273503942726194715e-01
4.810321949074003456e-01
8.554609035787192894e-01
-4.326194340788651616e-01
-8.417555225753945436e-01
-8.804200248832652065e-01
2.530213607380571439e-01
1.638937935832787129e-01
1.738068892803488197e-01
6.816337092006523601e-01
-8.684214867592126019e-01
2.069322074509298837e-01
5.600520607985672861e-01
1.049590639469943909e-02
4.955096998429235899e-01
-8.947989106422116201e-02
9.699526787066403699e-01
6.444720551260332275e-01
9.759633718837745775e-02
-1.775182558169143832e-01
4.613149904877891228e-01
3.702864808035615241e-01
-7.286930851509536566e-01
-6.062108959058694069e-01
5.726827986493041589e-01
4.319421864945758305e-01
-8.121489069326164323e-01
-2.151129286801327645e-01
-3.525035863007850434e-01
-7.932896021862207991e-01
-5.662317115365125275e-01
7.780423108392999776e-01
6.995628051974527306e-01
2.917577762760923399e-01
7.673532974623591407e-01
6.883259211324659343e-01
7.821059015985345475e-01
-6.200116600074718765e-01
-3.099333565817072866e-01
4.353798697160546904e-01
8.022182210401083147e-01
-7.995597818496922304e-01
-7.683154077561260564e-01
-1.349202383316538967e-01
-8.958209273650192817e-01
-2.849487085946047493e-01
-3.013327636215783478e-01
3.096719905723510635e-02
6.318643869807225588e-01
6.426547907196840104e-01
8.460464430308323180e-01
6.027637516292960740e-01
4.988442316075190064e-01
1.269748870106375271e-01
-2.958836809126030865e-02
-1.979638825270320091e-01
7.848507262631929660e-01
-5.244641095038427014e-01
-5.316438971146273396e-01
4.877930264131480342e-01
7.194747396388279093e-02
5.024908671025503093e-01
1.373219268909193769e-01
9.304538934438777442e-01
3.657016044452299219e-01
-2.229755217383790900e-01
3.535622470482118196e-01
-2.514294135857495505e-01
7.151221788408890223e-01
-4.268857962912624426e-01
9.570901588555957851e-01
-1.504523751394351017e-01
-6.137691805702174541e-01
-8.078631786646461865e-01
6.671934454765433564e-01
2.165175766717997163e-02
7.465088393887397977e-02
-6.336924967648760454e-01
8.499908386618071354e-01
9.466074106249335873e-01
1.209561027676966383e-01
-6.134975945426732746e-01
8.845240855451199646e-01
4.489771626525702608e-01
-5.482834583314510901e-02
-6.371117597998161575e-01
1.463288645630100859e-01
5.244518540531393214e-01
1.584677793348259200e-01
-4.703368255666122710e-01
-8.097484834591341940e-01
-6.062597817817911849e-01
-8.718473126641876902e-01
8.034276999330223212e-01
9.198512128428948387e-02
4.520021365115496348e-01
3.637247593484558283e-01
5.684110017616392785e-01
-4.412992745576183040e-02
3.724970840424146612e-01
8.138528818416441712e-01
-3.436396591106762877e-01
-2.539815964904199586e-01
6.977513259127474665e-01
-2.347083140971970572e-01
2.607916832423911035e-01
4.295699347370136589e-01
8.345753708136531834e-01
-6.963832808655954221e-01
3.466397476441351877e-02
-3.925280036960094865e-01
7.074113487653965748e-02
6.597407653062152821e-01
3.133202125609191313e-02
-5.237828905276207259e-01
8.715044097251347655e-01
2.559804855878191621e-01
6.112330949895499188e-01
9.378649484954788562e-01
5.421517010995569041e-01
3.460501370691118073e-01
-7.231089882910135547e-01
-2.733513867821639742e-01
-8.777611686290061055e-01
7.259381994438351970e-01
-2.400623592098516390e-02
6.953695891026441256e-01
7.991337816791537207e-01
1.677502136747117678e-01
2.821661564359339014e-01
7.723818845246805953e-01
-5.895313583007892877e-01
8.375608573433053206e-01
7.492302186585204637e-01
7.325730307592381862e-02
8.968883092431054749e-01
-2.140071856968250863e-02
-9.603091318790746289e-01
6.027618947701485208e-01
4.530076287992361728e-01
-9.531228024017175393e-01
-6.900823812943541746e-01
-1.602121965637182122e-02
-7.920359889589667635e-01
2.088735186008252587e-01
-2.616654616163915925e-02
-2.260948046196264993e-01
3.250057025619290663e-02
5.237564917463162217e-01
-6.593740530128364696e-01
4.073624040922134704e-01
7.317081018691686811e-01
3.707884300865083027e-01
9.740637845743909118e-01
-6.996655301513461378e-01
7.799940741635984498e-01
2.279710782277688530e-01
-1.222747832112349720e-01
1.589311122504182272e-01
5.227977957971672307e-01
8.394258143830211072e-01
4.040931460034191680e-01
-7.303674921981793133e-01
5.522092472890225423e-01
6.751759991764598734e-01
1.396071544017876143e-01
-1.458908405334491398e-02
-9.042493625650334099e-01
-8.552020449679096359e-01
8.977864037905081140e-02
-1.441253988330326585e-01
1.098654276537482932e-01
-8.243279117179143078e-01
-7.465691935923508549e-01
1.484367267174062643e-01
6.962026645168415406e-01
3.918522932259405067e-01
-9.373580202544034012e-01
-7.560065927809211939e-01
-7.212035273784684897e-01
-3.714696244040001094e-01
-2.820518491864254518e-01
-7.167739184849988288e-01
-1.619763606296973357e-01
-4.418746188802245012e-01
1.317471097606657260e-01
7.793547528812587721e-01
-6.834166924245006491e-01
-5.935823753738531661e-01
-7.063608169739057363e-01
-5.516852134769616445e-01
5.484341005573916128e-01
5.986967205564421857e-01
-2.867665293916044078e-02
-6.302000822300946048e-01
2.857283755865709374e-01
8.337938068260222213e-01
7.047031482347134723e-01
-7.424217152534040576e-01
8.530101795133211429e-01
-3.166424336847755150e-01
-4.838377083506260057e-01
-4.860269560406946798e-01
-5.379546168328332989e-01
-9.820467582823200203e-02
9.251277865230027597e-01
-4.602664498860635778e-01
2.123770580548771658e-01
2.783482461899873250e-01
4.189452245932656638e-02
5.193282463130834969e-01
-3.281833354426531013e-01
