2.007339067350183415e-02
-2.523707869122269631e+00
5.884336470582890222e+00
5.562197277266906603e+00
1.091439494871375926e+00
2.527767943659401606e+00
-3.979453638595275677e+00
-5.943619122940768662e+00
-6.248323302049181294e+00
-1.975999911352425698e-01
1.999705772103245405e+00
-2.740245482210728944e+00
-1.565931201833333786e+00
5.797258496628813873e+00
1.169335013228091302e+00
2.913612029629975453e+00
3.416138257607727713e+00
2.775549248592878548e+00
-3.127081010964203323e+00
1.699482517921804270e+00
2.461347962303980452e+00
4.535983084292254830e+00
-9.667746615276191502e-01
1.490309057397508852e+00
-4.468155631073388534e+00
1.155312392978115721e+00
-1.255380530187887311e+00
5.308296160620491477e+00
4.707125710505120075e+00
-4.270014686366288004e+00
-3.309204829900507683e+00
-7.066159539646335030e-01
1.819375030512630831e+00
3.658316035883050432e+00
6.047266496699440497e-01
3.403740612208936867e+00
1.938380020009216498e+00
3.500327999864326856e+00
-5.071374774911189931e+00
1.801578047981257757e+00
2.126112723391994308e+00
-3.483977850578855229e+00
-1.639493162246425495e+00
1.291324380682139727e+00
4.752742819745402691e+00
5.012080197540563553e+00
-2.816917930598284991e-01
-2.054477045324423656e+00
-4.203754808370051776e+00
1.156827262400437650e+00
-2.525260029285078534e-01
1.709515343717983527e+00
2.473942977279403710e+00
-2.654318252445868609e+00
1.465040063221473066e+00
1.547281364579487395e+00
4.160175788991796964e+00
-2.359702945047583711e+00
3.911650989357032593e+00
4.595220591243284858e+00
3.116466180245414108e-01
3.584898277378417930e+00
1.890478139270560964e+00
5.552580991041639713e+00
-1.303264730688584949e+00
-1.498867530047434116e+00
8.084418210053361253e-01
-5.234946826551557519e-01
1.549053349938022794e+00
-3.319869280227649710e+00
3.016405868760037912e+00
3.525171949061030041e+00
-3.966308429576986594e+00
3.159061615899557474e+00
5.113444575594120245e+00
8.654194796714380633e-01
1.966984795759539328e-01
1.200346025743337153e+00
2.927007162584561506e+00
2.304196264123900828e-01
4.966885655872062877e+00
2.583611385782589309e+00
-2.831507392406510171e+00
-4.702251260322737103e+00
-5.603127611419507659e+00
-5.401051436965440544e+00
7.057156026076174538e-01
3.315102881975235505e+00
2.354298162956169449e+00
-3.962128064861464516e+00
-3.617896764054582270e-01
-5.719658029170646696e-01
-1.963959027384272193e+00
-2.558559838109569995e+00
2.192203499185374493e-01
2.378797309618113642e-01
2.200404325254957882e+00
-2.159175287350263983e-01
-2.240961279888670221e-02
2.832877161511210051e+00
-5.333381977943453256e-01
1.314473215220687941e+00
-3.308686917917787351e+00
4.201401303214961303e+00
2.637547266172297067e-01
-3.258578247625567137e+00
-4.459923015035530014e+00
5.790762593684112280e-01
-9.687237194023028408e-01
3.350281889715127193e+00
2.414485779378478192e+00
-6.294243240284693730e-01
-6.016126569803368795e+00
9.048102708297371954e-01
-3.046784477549831394e+00
-3.916884921001271724e+00
-4.766414527893955144e-01
1.655957398061524533e+00
-2.636228163505419886e+00
5.008949146529399599e+00
1.316139530490767040e+00
6.672491120380787955e-01
-5.700655214762941014e+00
-8.205069033433369796e-01
-4.256505480477017933e+00
2.143587521251932859e+00
-1.212579110248014791e+00
5.819899628668248504e+00
-3.729710045906317717e+00
4.532030234368567001e+00
2.885347352050691594e+00
7.160558439398971853e-01
-4.121742665539129824e-02
-4.090870519265951799e+00
-7.193766121913306222e+00
-4.724038375245001031e-01
6.417337858169014364e-02
3.172242994920885906e+00
1.954779469809581949e+00
-1.804861210114423020e+00
-5.041661705186804454e+00
-3.188788360075297312e+00
-1.939729292457163634e+00
6.988558518419927257e-01
1.924774490565136276e+00
4.840817634532339930e+00
-2.688307405413911777e+00
-2.214390580492557881e+00
1.714765099999050024e+00
2.075958200914378438e+00
-2.640965463662797941e+00
-5.698370219491775579e+00
-2.273296505505373766e+00
2.444153505748638544e+00
1.608788923168767981e+00
5.074146370012718954e+00
1.449096217993475655e+00
4.634217467758780629e+00
2.176234556143371357e+00
1.700514306580581669e+00
5.089540959691362332e+00
5.081919230237668117e-01
4.265620381298834474e+00
-2.257181089369643789e+00
6.474694108088266731e+00
-1.720044558114368849e+00
1.692655510539510022e+00
3.701265204445208568e+00
2.689522600094862992e-01
-8.058595173668847700e-01
5.004940571007859829e-01
-2.878371116138189745e+00
3.402639091635172086e+00
-1.789347354528274758e+00
-1.810252873756032388e+00
-3.947499243766503962e+00
-2.694425106278375281e+00
-2.111355827531061990e+00
6.920931950927810661e+00
-7.321099734471497866e-01
-8.642175408261751901e-01
-2.166968949445782222e+00
-4.751283823042464327e+00
3.434169431476894463e-01
-4.679886459917093511e+00
1.842886920922068850e+00
-2.145608555542145801e+00
4.875208223832713905e+00
4.473695197890294573e+00
-4.279868252287788444e+00
3.935567876199471016e+00
-5.592135115110217214e+00
-3.085804323299263796e+00
1.254336645773863168e+00
-3.050687306978034030e+00
4.934317759628585875e-01
1.843475853307379175e+00
1.313598439523358863e+00
1.693568059707101670e+00
1.891558365951476084e+00
-8.310511884484235168e-01
3.874748982892725735e+00
-1.260981622859688400e+00
-4.613051962663187844e+00
1.078440352910942313e+00
2.843386728503795702e+00
-1.224442451630754825e+00
-6.972179453673098770e+00
-4.689397947702001801e+00
4.223651894811664143e+00
-5.439861878569091758e+00
4.053011331984021304e+00
2.853023243288843602e+00
1.083462435007250813e+00
2.125555378340739487e+00
-1.678980873831835918e+00
6.045474943753601504e-01
-5.541319853401247109e+00
5.309163777277865037e+00
2.302552787122305489e+00
2.891466119937418089e+00
-1.830206346712859311e+00
4.938295503780248397e-01
6.257808196287945046e-01
-2.046076045513585129e+00
-1.663092954436113491e+00
2.580390626588358050e+00
2.288780207458166238e+00
-3.596422945803431581e+00
-2.045261761200721562e+00
3.355662483360531745e+00
2.341167956620685775e+00
-2.157003397339413375e+00
2.190354816793418813e+00
6.272095570469738979e-01
2.810931298408322121e+00
-1.575671754427731552e-01
1.095573807332219429e+00
-6.558446927638596158e+00
-5.973964468485089441e+00
-3.355166866354519772e+00
3.444645062004797254e+00
-2.730474460689733096e+00
-3.657868875637268591e+00
-1.274769375077483335e+00
-1.809307496807861071e+00
3.976761912218488959e+00
1.469601199324894303e+00
-2.515134142133856332e-01
-5.083064896382911257e+00
5.611210135696435231e+00
2.931781102781544579e+00
-1.655464924855255759e+00
1.555064602672888263e+00
-4.711135190829353725e+00
-1.167322322552164060e+00
-1.393915339966413924e+00
3.527251815201355889e+00
-4.936569594760795709e-01
1.090161103025543810e+00
-3.932468705153229660e+00
1.320766741771340236e+00
-7.668601332724800379e-02
5.508541349436305801e+00
-1.240695998515221943e+00
