-7.235298433323082978e-01
6.053173938769125240e-01
1.086024047134492854e-01
-7.914782642502664611e-01
-4.637157978318540152e-01
3.565643592429097453e-01
8.856433083938946016e-01
3.638921835924335824e-01
-7.601154744273397323e-01
-6.562264403034223648e-01
-7.189993436944182026e-01
2.814373770015523579e-01
-1.023167253050918379e-01
-8.793366249532237333e-01
9.849325082561377620e-02
-2.822864109091756113e-01
8.195168161605597135e-01
2.436979499589537745e-01
7.548837774239991472e-01
-1.948527111868125772e-02
-6.310735404668887938e-02
-5.412932634461067316e-01
3.343024073319242895e-01
-8.164058827903986071e-01
-9.477596049747172291e-01
-1.063228234921425042e-01
6.048873539354544526e-01
-8.583739505784486745e-01
-4.651167760909378224e-01
-9.566802470605320075e-01
2.203931966668193354e-01
9.263125283007289656e-01
-4.829026608206898885e-01
-6.241330368070094892e-01
-5.278587555525449115e-01
-5.049982694661612204e-01
-1.478355047979424963e-01
-8.185934586288183823e-01
-6.309329026022605369e-01
4.729053054075651463e-01
-5.760455362955378966e-01
8.613477658786132807e-01
2.602532350382635862e-01
9.040183051969619132e-01
4.163515809158364611e-01
-6.108762406252190580e-01
3.588055346913279209e-01
-6.992022676140461357e-01
-7.921955168788528123e-01
6.506818978349202531e-01
8.721453356571484683e-02
1.772951812507725933e-01
-9.735306841801993905e-02
8.123368351777453533e-01
-6.362503709566633692e-01
7.622324956773733895e-01
7.043858280442272246e-01
-8.739498783081978139e-02
5.740145473624758132e-01
2.490410756238015111e-03
-5.101803770517541192e-01
-7.329664381969771547e-01
5.881289041605275436e-02
1.815298329045700321e-01
3.931404789069470329e-01
-1.747684606650656836e-01
-1.003053526070962764e-01
4.627186476211497812e-01
-6.984173314413171241e-01
-6.767742281732005427e-01
-9.904160632194491942e-01
5.807796115204899579e-02
4.519790454650587375e-01
-4.846208686628035167e-01
-6.537900140075960653e-01
-5.647769593917455477e-01
-3.166922741400568508e-01
-9.775051760148665281e-01
-7.318818226972156893e-02
5.749450367247188609e-02
7.400469157646261120e-01
1.777849289229342933e-01
2.214524106291568817e-01
8.837885206141651295e-01
-4.215354402061242123e-01
9.918571292229938496e-01
7.848288371437683875e-01
4.591908840460219299e-01
-2.411102616788751707e-01
1.827282518443524850e-01
-4.339167819772571377e-02
9.932114456955054571e-02
-1.712925252208303828e-01
3.952276030775883076e-01
7.320405387459847368e-01
3.510142235258990606e-01
8.607878718529984319e-01
1.946676053638418669e-01
-7.784156161062147916e-01
-9.044719609119888926e-01
-1.736695809326538331e-01
8.883311279240468927e-02
-9.772125314314561439e-01
7.832583132775514656e-01
1.896670844197076988e-01
-7.086742611500613798e-01
8.813037982255700342e-01
8.087444208016771885e-01
7.484705346541751236e-01
8.985184035278317438e-01
1.538475829443095577e-01
-1.971742009049748390e-01
-7.295548673789797878e-01
5.751318624909393940e-01
-4.942948560738480435e-01
-8.622125202862556126e-01
6.717677107639530298e-02
-3.554129152185525609e-01
7.661004809084763778e-01
9.905535896052681810e-01
9.548585891434768769e-01
2.891291452988391519e-01
-4.995873588629144990e-01
-1.813430377063574017e-01
2.653946636218200705e-01
-8.601613645803176667e-01
2.828337107140987960e-01
7.370000410816435199e-02
2.325742120429636905e-01
-8.856333819499953020e-01
-5.132321707140572453e-01
-8.439424196443745529e-01
5.809297511848365847e-01
-9.852593597854808483e-01
-1.812377992618512401e-01
6.487592868253337919e-01
-9.648242933368857965e-01
-8.908021592164157010e-01
3.308135407874970291e-01
9.960995745214817898e-01
7.270505949027761261e-01
1.352579798357771423e-01
-1.493290856446805037e-01
-6.973866237537433843e-01
8.378358877423883744e-01
-3.351968055884859687e-01
-4.242256264104360408e-01
-3.117333968429942814e-01
7.141507787333547519e-01
3.223377488932730461e-01
-4.854871650703296293e-01
6.313692938598058912e-01
7.838654876488555523e-01
-9.335588243729524560e-01
-3.481654759027978940e-01
8.326773790952988197e-01
-4.773491639471028058e-01
8.645373204964581504e-01
7.018261447099873873e-01
-2.217148001060209594e-01
7.409773632266138943e-01
6.384791347146154816e-01
-4.965480847536984932e-02
-7.607927140748178552e-01
6.560599786473919615e-01
-3.157014608785946308e-01
-5.825220045803902735e-02
8.480415082247714231e-01
-5.801039183270839672e-02
1.658080437658413508e-01
-2.096170007221804799e-01
5.322067809223884893e-01
-8.382363837228159476e-01
7.300054462141205569e-01
-1.339012283106086887e-01
7.145612375805747707e-01
1.559559638221055256e-01
-7.284498859444192842e-01
-9.135288285568856637e-01
7.249612048211513393e-01
-2.233808950875788568e-01
-8.528713207830458387e-01
-2.299276699063290685e-01
4.455831971471797548e-01
6.838976872955611075e-01
-5.720510648212262517e-02
-7.516317873768776359e-01
7.234872951388990892e-01
-2.782530415166475368e-01
-8.344130850215858430e-02
5.695747661336520995e-01
6.763569117221175375e-01
-1.932116402292669566e-01
7.452227687689871871e-02
-3.497925980010940794e-01
3.549947245787574701e-01
-2.519432401050352155e-01
-4.045942912562106031e-02
5.579306561360490857e-01
-2.429422120063475798e-01
5.229780598403379610e-01
9.169689023297078467e-01
6.251399850481635934e-01
-7.809048627465953185e-01
3.577073774939640849e-01
1.537478374759104760e-02
8.839237588959718561e-01
-6.357364318775100553e-01
2.156703424691477355e-01
3.735122069144072299e-01
-1.569120122594742650e-01
-1.704909271607277788e-01
-5.729463529616380946e-01
9.005497386264145199e-01
9.122570722667029397e-01
-4.746971869388092458e-01
5.699410746409716566e-01
7.332325335332368077e-01
1.828276283313390316e-02
6.760358542843838414e-01
-9.275949351917285313e-01
7.163921300752447152e-01
-6.365866009353389199e-01
-8.008230704256464882e-01
8.396058307911458130e-01
-8.642896765685241789e-01
8.247704151051375998e-01
-3.572619964144465587e-01
5.071295205764962954e-01
2.000054837336244784e-01
-8.415523572408074582e-01
1.219600469544661614e-01
-5.080114952268566242e-02
6.198846272492140042e-01
-7.200569346075180732e-02
1.749615201995950997e-01
-7.057556263348125913e-01
-4.690311626958474367e-01
7.015564104516665012e-01
-6.042953672276818455e-01
-2.988693463404168416e-01
5.027861231860484281e-01
-7.339335187322337806e-01
2.521006629887700967e-02
-5.852620661066449959e-01
8.377912424689921700e-01
-5.262527140633843636e-01
9.484160269036288060e-01
4.271838833830836624e-01
4.775476315822575479e-01
5.670876423000026367e-01
-9.092604530655090667e-01
4.676239906147439118e-01
3.835439631146209116e-02
3.938823715176753559e-01
5.468696765255960379e-01
-7.696412567658130754e-01
-2.670987177278578706e-01
2.931510794640834749e-01
-6.405788817660178491e-01
2.756594660050015744e-01
-7.107959270205332913e-02
3.212741912371277486e-01
-5.636485381808369333e-01
-1.125177004706556794e-02
