Parameter Comb.	Enemy	Trial	Mean Fitness
(10, 2, 0.01)	5	0	87.58457705854747
(10, 2, 0.01)	5	1	90.53231700788814
(10, 2, 0.01)	5	2	86.8058046691016
(10, 2, 0.01)	7	0	65.93068526532741
(10, 2, 0.01)	7	1	68.60974873058142
(10, 2, 0.01)	7	2	69.92563904264944
(10, 2, 0.01)	8	0	79.0636732762015
(10, 2, 0.01)	8	1	67.15825592603379
(10, 2, 0.01)	8	2	59.274587563593535
(10, 2, 0.05)	5	0	85.54708417421108
(10, 2, 0.05)	5	1	88.47341826067084
(10, 2, 0.05)	5	2	84.67136161231326
(10, 2, 0.05)	7	0	67.18728726109991
(10, 2, 0.05)	7	1	71.03018078595153
(10, 2, 0.05)	7	2	71.92569499238185
(10, 2, 0.05)	8	0	81.56549306099218
(10, 2, 0.05)	8	1	83.6795424442307
(10, 2, 0.05)	8	2	82.07355823898202
(10, 2, 0.1)	5	0	85.55821256226464
(10, 2, 0.1)	5	1	89.90745416498615
(10, 2, 0.1)	5	2	86.51488008337809
(10, 2, 0.1)	7	0	67.87591585215353
(10, 2, 0.1)	7	1	71.30951350191205
(10, 2, 0.1)	7	2	67.60399292627467
(10, 2, 0.1)	8	0	76.8880091894998
(10, 2, 0.1)	8	1	66.52678996293763
(10, 2, 0.1)	8	2	62.50888597823525
(10, 4, 0.01)	5	0	90.19638198701125
(10, 4, 0.01)	5	1	90.10909220803272
(10, 4, 0.01)	5	2	91.1119956398128
(10, 4, 0.01)	7	0	73.82988314767616
(10, 4, 0.01)	7	1	70.19168103873257
(10, 4, 0.01)	7	2	76.67105710166351
(10, 4, 0.01)	8	0	83.0690642973928
(10, 4, 0.01)	8	1	77.00623802155671
(10, 4, 0.01)	8	2	81.08927854108039
(10, 4, 0.05)	5	0	91.01066071783751
(10, 4, 0.05)	5	1	87.73346549546454
(10, 4, 0.05)	5	2	89.40733477770652
(10, 4, 0.05)	7	0	84.76664919359868
(10, 4, 0.05)	7	1	83.66513484315307
(10, 4, 0.05)	7	2	71.38798240052776
(10, 4, 0.05)	8	0	83.1736138818271
(10, 4, 0.05)	8	1	79.95631607992166
(10, 4, 0.05)	8	2	84.87132211632577
(10, 4, 0.1)	5	0	90.92050604034975
(10, 4, 0.1)	5	1	91.83640596411925
(10, 4, 0.1)	5	2	91.23067535959738
(10, 4, 0.1)	7	0	72.99831129077593
(10, 4, 0.1)	7	1	67.80151185159353
(10, 4, 0.1)	7	2	77.2989600789037
(10, 4, 0.1)	8	0	88.4639276800287
(10, 4, 0.1)	8	1	84.30543362394819
(10, 4, 0.1)	8	2	83.85353825724087
(10, 8, 0.01)	5	0	89.65797073030878
(10, 8, 0.01)	5	1	92.57742094169741
(10, 8, 0.01)	5	2	89.58809276581258
(10, 8, 0.01)	7	0	88.16104060679709
(10, 8, 0.01)	7	1	89.37538439656126
(10, 8, 0.01)	7	2	87.29929111852505
(10, 8, 0.01)	8	0	87.7999771590856
(10, 8, 0.01)	8	1	81.77430051473242
(10, 8, 0.01)	8	2	87.28630094721332
(10, 8, 0.05)	5	0	92.81368093840253
(10, 8, 0.05)	5	1	90.09080983816533
(10, 8, 0.05)	5	2	91.66271946184234
(10, 8, 0.05)	7	0	88.87121092064285
(10, 8, 0.05)	7	1	88.00308703937084
(10, 8, 0.05)	7	2	89.49044907893958
(10, 8, 0.05)	8	0	85.50267481834746
(10, 8, 0.05)	8	1	84.62351994765602
(10, 8, 0.05)	8	2	88.90548872724868
(10, 8, 0.1)	5	0	93.58066222073404
(10, 8, 0.1)	5	1	93.41122153301728
(10, 8, 0.1)	5	2	92.28270258466725
(10, 8, 0.1)	7	0	88.65761875151787
(10, 8, 0.1)	7	1	88.8516703098632
(10, 8, 0.1)	7	2	88.79979639416175
(10, 8, 0.1)	8	0	86.66596400259232
(10, 8, 0.1)	8	1	88.38069855455443
(10, 8, 0.1)	8	2	83.94473522482504
(25, 2, 0.01)	5	0	87.20997632563397
(25, 2, 0.01)	5	1	83.65254258630199
(25, 2, 0.01)	5	2	83.76455373497298
(25, 2, 0.01)	7	0	72.80124014452473
(25, 2, 0.01)	7	1	82.84374717772992
(25, 2, 0.01)	7	2	72.11864197283197
(25, 2, 0.01)	8	0	84.86234780890442
(25, 2, 0.01)	8	1	83.09737866609443
(25, 2, 0.01)	8	2	84.03686620894496
(25, 2, 0.05)	5	0	80.48266173941184
(25, 2, 0.05)	5	1	87.0879990176382
(25, 2, 0.05)	5	2	83.53426815987115
(25, 2, 0.05)	7	0	72.63444772316366
(25, 2, 0.05)	7	1	75.89645431647754
(25, 2, 0.05)	7	2	79.81121268484473
(25, 2, 0.05)	8	0	87.87250082934092
(25, 2, 0.05)	8	1	79.90701580404846
(25, 2, 0.05)	8	2	83.46488303663273
(25, 2, 0.1)	5	0	84.63365965524198
(25, 2, 0.1)	5	1	85.16321203564749
(25, 2, 0.1)	5	2	88.2763843256904
(25, 2, 0.1)	7	0	83.00703908214588
(25, 2, 0.1)	7	1	70.62831384075298
(25, 2, 0.1)	7	2	72.76731771728724
(25, 2, 0.1)	8	0	79.43908613420803
(25, 2, 0.1)	8	1	86.46298080065895
(25, 2, 0.1)	8	2	86.30779193193652
(25, 4, 0.01)	5	0	89.1186825790955
(25, 4, 0.01)	5	1	94.07354993944801
(25, 4, 0.01)	5	2	83.36858594329453
(25, 4, 0.01)	7	0	83.59103112279801
(25, 4, 0.01)	7	1	92.763048239112
(25, 4, 0.01)	7	2	84.79970022636195
(25, 4, 0.01)	8	0	86.67624021583542
(25, 4, 0.01)	8	1	85.47462916695284
(25, 4, 0.01)	8	2	74.76246687926474
(25, 4, 0.05)	5	0	89.0629288769749
(25, 4, 0.05)	5	1	85.58337779636649
(25, 4, 0.05)	5	2	86.06625937616633
(25, 4, 0.05)	7	0	85.9761481230678
(25, 4, 0.05)	7	1	84.71829646213546
(25, 4, 0.05)	7	2	87.55648605415894
(25, 4, 0.05)	8	0	80.72829936888571
(25, 4, 0.05)	8	1	87.75074947746018
(25, 4, 0.05)	8	2	83.98076164988302
(25, 4, 0.1)	5	0	92.28617677045075
(25, 4, 0.1)	5	1	91.05342217638619
(25, 4, 0.1)	5	2	93.3911654968756
(25, 4, 0.1)	7	0	91.361362337337
(25, 4, 0.1)	7	1	89.26896446268148
(25, 4, 0.1)	7	2	85.82585444488673
(25, 4, 0.1)	8	0	89.28170092630688
(25, 4, 0.1)	8	1	80.83063917606462
(25, 4, 0.1)	8	2	84.2509334102896
(25, 8, 0.01)	5	0	93.04554610848676
(25, 8, 0.01)	5	1	93.53933891657829
(25, 8, 0.01)	5	2	93.87970030723889
(25, 8, 0.01)	7	0	90.7462097257236
(25, 8, 0.01)	7	1	90.3666921497423
(25, 8, 0.01)	7	2	91.34789498264678
(25, 8, 0.01)	8	0	80.12917741977782
(25, 8, 0.01)	8	1	88.97741315374981
(25, 8, 0.01)	8	2	91.19739841005794
(25, 8, 0.05)	5	0	93.7385235423426
(25, 8, 0.05)	5	1	92.97415773963542
(25, 8, 0.05)	5	2	94.35183403886641
(25, 8, 0.05)	7	0	88.93507329042797
(25, 8, 0.05)	7	1	89.32938590030955
(25, 8, 0.05)	7	2	90.4508953325142
(25, 8, 0.05)	8	0	78.73684067140017
(25, 8, 0.05)	8	1	89.83839001555663
(25, 8, 0.05)	8	2	85.79164075832047
(25, 8, 0.1)	5	0	92.93982063282077
(25, 8, 0.1)	5	1	91.29807699058946
(25, 8, 0.1)	5	2	92.55615920496051
(25, 8, 0.1)	7	0	90.62146324094456
(25, 8, 0.1)	7	1	87.25156163553774
(25, 8, 0.1)	7	2	89.6685621973239
(25, 8, 0.1)	8	0	86.19924381609054
(25, 8, 0.1)	8	1	82.65050356806363
(25, 8, 0.1)	8	2	91.64102824832811
(50, 2, 0.01)	5	0	88.70264032546851
(50, 2, 0.01)	5	1	85.3400671440922
(50, 2, 0.01)	5	2	86.46530402366704
(50, 2, 0.01)	7	0	81.14185934619817
(50, 2, 0.01)	7	1	77.85878509996533
(50, 2, 0.01)	7	2	81.82983265692094
(50, 2, 0.01)	8	0	76.96971142289321
(50, 2, 0.01)	8	1	77.68650041916239
(50, 2, 0.01)	8	2	77.28876533402438
(50, 2, 0.05)	5	0	83.29378112196427
(50, 2, 0.05)	5	1	91.24330938639827
(50, 2, 0.05)	5	2	87.78266438510455
(50, 2, 0.05)	7	0	90.54755979786782
(50, 2, 0.05)	7	1	80.32819925672288
(50, 2, 0.05)	7	2	87.07556357155819
(50, 2, 0.05)	8	0	72.07384345550128
(50, 2, 0.05)	8	1	77.64186970677432
(50, 2, 0.05)	8	2	82.05661261375121
(50, 2, 0.1)	5	0	86.0459637597073
(50, 2, 0.1)	5	1	81.65369534570918
(50, 2, 0.1)	5	2	83.20027856283949
(50, 2, 0.1)	7	0	85.83537457373782
(50, 2, 0.1)	7	1	80.75643630676501
(50, 2, 0.1)	7	2	85.11148926009025
(50, 2, 0.1)	8	0	74.479318814668
(50, 2, 0.1)	8	1	77.84295607195074
(50, 2, 0.1)	8	2	70.1368738124753
(50, 4, 0.01)	5	0	92.98495204857078
(50, 4, 0.01)	5	1	91.76272195279012
(50, 4, 0.01)	5	2	93.46146508805505
(50, 4, 0.01)	7	0	91.30263766590271
(50, 4, 0.01)	7	1	88.68994792857926
(50, 4, 0.01)	7	2	90.90108976405784
(50, 4, 0.01)	8	0	84.7010093776274
(50, 4, 0.01)	8	1	71.02793170825916
(50, 4, 0.01)	8	2	89.47469386526375
(50, 4, 0.05)	5	0	89.4605591969872
(50, 4, 0.05)	5	1	93.8584806318807
(50, 4, 0.05)	5	2	93.91916260305226
(50, 4, 0.05)	7	0	87.73150436639492
(50, 4, 0.05)	7	1	79.29113712357427
(50, 4, 0.05)	7	2	90.15928695769915
(50, 4, 0.05)	8	0	83.15301792131851
(50, 4, 0.05)	8	1	91.51736607732423
(50, 4, 0.05)	8	2	91.09713966775247
(50, 4, 0.1)	5	0	86.17621268544546
(50, 4, 0.1)	5	1	89.56560706188871
(50, 4, 0.1)	5	2	93.41695159003773
(50, 4, 0.1)	7	0	90.14140119635942
(50, 4, 0.1)	7	1	87.93207342881085
(50, 4, 0.1)	7	2	90.49121190604164
(50, 4, 0.1)	8	0	82.72497900916
(50, 4, 0.1)	8	1	84.50831913718892
(50, 4, 0.1)	8	2	83.07692318401725
(50, 8, 0.01)	5	0	93.65944351078278
(50, 8, 0.01)	5	1	94.35696921406988
(50, 8, 0.01)	5	2	94.39902465205756
(50, 8, 0.01)	7	0	93.34920948772242
(50, 8, 0.01)	7	1	85.51446847689802
(50, 8, 0.01)	7	2	89.31890697988403
(50, 8, 0.01)	8	0	91.1976820715231
(50, 8, 0.01)	8	1	91.8614778687968
(50, 8, 0.01)	8	2	82.89568661591514
(50, 8, 0.05)	5	0	93.77970201951811
(50, 8, 0.05)	5	1	85.8081832771687
(50, 8, 0.05)	5	2	93.8826520528229
(50, 8, 0.05)	7	0	90.47599576977761
(50, 8, 0.05)	7	1	87.78836780847801
(50, 8, 0.05)	7	2	89.77066826287323
(50, 8, 0.05)	8	0	89.83184714130482
(50, 8, 0.05)	8	1	87.9050219057046
(50, 8, 0.05)	8	2	82.081767378368
(50, 8, 0.1)	5	0	93.40794405872091
(50, 8, 0.1)	5	1	94.35220202057192
(50, 8, 0.1)	5	2	93.12925234711923
(50, 8, 0.1)	7	0	87.91401758268157
(50, 8, 0.1)	7	1	90.99163839347338
(50, 8, 0.1)	7	2	87.33795034045635
(50, 8, 0.1)	8	0	86.49030035067602
(50, 8, 0.1)	8	1	78.28860041343664
(50, 8, 0.1)	8	2	92.12359114327738
