1.139446993491667826e+01
-5.759017198100720769e+00
1.042255712689487357e+00
2.291350789365338159e+01
-4.837287485218800143e+00
-2.507873956381985181e+01
2.052876649950045262e+00
-1.870981885777631248e+01
-1.572950051882179290e+00
-3.249690260840441169e+01
1.121479538728211267e+01
-4.100247900181196314e+01
3.178224526028922270e+01
1.028315890452900305e+01
3.274362010118338873e+01
3.938038704737363815e+01
3.731948625684655241e+01
1.143904341044027895e+01
-3.156825004716158900e-01
-8.462687509482513804e+00
-2.906097527214628773e+00
2.373457042938930073e+01
6.348136509679979333e+00
-1.300081694798570453e+01
-3.275462965741041188e+01
-2.692965152258568295e+01
-2.547919833657345023e+01
9.942160761271420455e+00
1.244179316380214040e+01
1.953927504611273491e+01
-9.290262962833855553e+00
-1.692319585629944356e+01
-7.565567946872985949e+00
-1.135058958801265661e+01
1.055720630140680427e+01
-1.834589859300792725e+01
-1.717815440065973576e+01
-1.010424304167778153e+01
-8.706271923967388027e-01
1.261706496183226989e+01
1.404110227595982963e+01
2.099808863452077290e+00
1.414980859110672284e+00
-1.046725842978261767e+01
-2.219808694780764213e+01
-5.694653562114148571e+01
-8.710534293932299832e+00
-3.855206991886646062e+00
3.675298287265304964e+01
-4.552655330715692372e+01
4.439408170714761681e+00
3.059954524089569361e+01
1.606220898261498320e+01
-9.861000825253217528e+00
2.014601929696704374e+01
-7.488398112550420649e+00
2.747459351792148041e+01
2.388546496030787836e+00
-1.490774077143814935e+01
-4.291210912345396977e+00
5.041593884825995353e+00
-1.609633566543291705e+00
7.427476804241785580e+00
2.180498894117484543e+00
-9.066827479158304115e+00
-1.144267686405738438e+01
1.538575240959137780e+01
3.548682257474678359e+00
5.920336792535726289e+01
-3.669876301038233812e+00
-1.543472122278650893e+01
-9.461759112491980872e-01
-1.402358095943703198e-01
1.591839335783515441e+00
-2.903790264859158921e+00
3.833167439792487841e+01
2.304142043554075414e+01
9.385873274158646140e+00
2.133071258641408008e+00
-1.986365903379390474e+01
-7.657221796636799915e+00
-1.658845507999067337e+01
2.337627028266622276e+01
-1.174720244261436974e+01
-9.598374789070577506e+00
1.688468824752836994e+01
-2.306180336575605949e+01
9.374371609643141312e+00
-3.255048552899999237e+01
-3.029387192134755935e-01
-2.445324712382140575e+01
2.029722705929035342e+01
-1.890814560388315968e+00
8.673238115441439078e+00
1.343924905997974584e+01
-6.572408565500664324e+00
4.882345402200656537e+01
-4.472500649424716812e+01
9.892199935423310109e+00
-3.574797584060322997e+00
1.873309807101576396e+01
-9.933613545977697967e+00
3.834863616734273961e+01
-2.040066142814676553e+01
7.699489768818990498e+00
-1.102517513451352649e+01
2.018729974314024034e+01
3.128710059457494808e+01
7.715289870329682387e+00
-1.908375657723265206e+01
-3.691298504233939326e+01
-2.402242105437057162e+01
-1.229132678278746660e+01
1.126246144861907439e+01
7.736143364857615445e+00
2.532115045653349839e+01
-3.045052703508333458e+00
1.301418549943643121e+01
-4.776238662457533479e+01
7.064922766856776448e+00
-1.488826553287563748e+01
-2.136583041253639337e+01
-5.352328104727646974e+00
-2.936036404661573940e+01
-5.107728102099222234e+00
2.693385452349872367e+01
-1.611161324835625308e+01
5.040719371862780740e-01
9.675471773356804306e+00
2.899109978674389243e+00
-8.644285870884734990e+00
1.447836394083824985e+01
-1.178631183742132293e+01
2.026945832297814576e+01
-1.962766077271832188e+01
4.059819816052859665e+01
-1.646048229030619936e+01
4.214312114822983801e+01
-4.788063565337291827e+00
3.000668362793702570e+01
4.791477088503321546e+00
3.131245940278761353e+01
1.351011237593353975e+01
2.457364429343182977e+01
-1.610186232237333370e-01
6.999716854462971583e+01
-2.581237688892699111e+01
2.103165131226854356e+01
1.892537110040599302e+01
5.878046515435447539e+00
1.784699916966552280e+01
6.315323476068428477e+00
1.747723326318079629e+01
3.591765750077557584e+01
-1.702752713383577898e+01
2.169284894035144973e+01
-2.273268438980132444e+01
-1.578018011553367117e+01
-2.998984349186932619e+01
8.550941327080053611e+00
-2.483996773697472094e+01
-8.495641518402109682e+00
-1.570071251572215942e+00
-5.289103142809143066e+00
-1.109089797848575643e+01
1.133415343185539292e+01
-3.576087093540987638e+00
2.426521964177531032e+01
-1.097857373155893157e+00
-3.388008288625819375e+01
1.098765216526044597e+01
-2.344085327304001254e+01
2.845889067028764075e+01
7.177107639339349809e+00
-1.567895858793013275e+01
-1.497424515348219565e+01
8.129104837040648235e+00
1.813261577286036186e+01
7.494891375099998143e+00
1.748089105073869498e-01
-1.732626198525234429e+01
3.427577430192430796e+01
-3.388154812713825237e+01
-2.022332801782122402e+01
-8.299995248866531838e+00
7.752640265508866868e+00
-1.398780574426945833e+01
1.193566283187853649e+01
2.933794340476261553e+01
-1.703335364031617516e+01
-9.221991636664146341e+00
-2.423850381143295607e+01
-1.464734377705670454e+01
-2.992738243309496227e-01
-8.363087581476911225e+00
8.435803949264990109e+00
-1.396110494425931137e+01
2.759925602296517955e+00
6.983588601073731361e+00
-7.656372595868639941e+00
-7.163749527597493838e+00
-3.138236251339281324e+01
-2.766212365583791311e+01
2.914520191980028230e+01
2.467657544334883823e+00
-6.474456070709364575e+00
2.426368742710521431e+01
-1.743182432447662578e+01
5.046615319207957029e+00
-5.310545180102199936e+01
6.272328267524940326e-01
-7.927288625801220956e-01
-1.305757242743224467e+01
2.139487046379865021e+01
-8.768026643562736311e+00
-1.356533224162837747e+01
1.132719161955286324e+01
-4.131227856910784091e+00
2.738303367406981437e+00
3.517761309795130575e+00
-1.057534130372464887e+01
6.645949964988111525e+00
1.045572447367013780e+01
-3.458883620135522108e+01
-2.560184337890498441e+01
2.991643924315759762e+01
4.035295594362706240e+00
-1.376187529090787187e+01
1.757791348851693636e+00
2.549685302696248002e+01
2.821150670867055155e+01
1.411068332652173574e+00
2.945877549125635042e+00
1.418159644056655111e+01
2.076135815544787633e+01
-4.533510396680143550e+00
-1.868739748810839885e+01
9.157651911834461700e+00
-3.123845812422421631e+01
-4.403064090796160457e+01
-2.577641500318748768e+01
1.755082710854113870e+01
1.003501576682295893e+00
2.664640314562081258e+01
-2.673820561491100989e+01
1.933703551618042837e+01
-4.119101640182823587e+01
-1.218862047843325414e+01
1.096379203053841511e+00
2.443486386476989836e+01
-4.086643885938961063e+01
9.558158338297426226e+00
2.254596827285653049e+01
-1.441193493795403313e+01
2.464262904508628438e+01
-2.654346392390812781e+01
2.085035922726206792e+01
-4.109867343342693324e+00
-4.194185264424049819e+00
-1.360659578120001711e+00
7.578495026440774218e+00
-1.436334838319355356e+01
4.378327001747585712e+01
-1.049515515571974689e+01
-3.519132917260122184e+01
