6.002820553136908183e-02
-3.366531841679485382e-01
4.129949108262330748e-01
-2.643294443146468886e-01
5.437462752737184379e-01
-1.707020724443078508e-01
-3.557118187277715227e-01
1.335115164986938607e-02
2.859300104460313907e-01
-6.744903683779714942e-01
2.516481224654645854e-01
-7.652195841657971620e-01
3.163200986303398299e-01
5.156782739872869392e-01
5.035298199719486778e-01
1.182760108827130285e-01
-4.297994645455984752e-01
-7.748357003536654464e-01
-3.702019213430909339e-01
-1.498549009372438512e-01
-4.775917778814154357e-01
7.672226929860920253e-02
-3.618995498229482521e-02
-6.995037552871677389e-02
-8.057357053455369567e-01
-3.719973401497997934e-01
-2.753723970042856184e-01
-1.859718309078142728e-01
7.776852030952882133e-01
8.877830938500863578e-03
1.395706764367267150e-01
8.516735497756432460e-01
3.351666184413245042e-01
-5.491749166065724719e-01
1.868379846200445560e-01
1.334164414353622985e-01
9.457204631781820359e-01
-6.240621791493319304e-01
2.289611227364534707e-01
4.313399154767504351e-01
-6.522274473604410261e-01
2.198170147919674688e-01
-2.645102107072493380e-01
9.135094790938785847e-02
-2.831889807120550051e-01
7.334190066229711036e-01
-4.827976020862723150e-02
6.753572050513851899e-01
6.374120041253356073e-02
4.729258198399851620e-01
-1.527174549621881372e-01
6.801679963998745748e-01
4.342745479927339614e-01
-8.020715295843483528e-01
-2.900370238587429150e-01
-4.034598792435523107e-01
-1.675805568113987176e-01
6.567062967261299011e-01
4.710973333191066370e-01
-3.939342179287603773e-01
-1.118366283928945437e-02
-3.880576481130064148e-01
-8.886370310786440019e-02
-8.076949239980665274e-01
4.906183800961843033e-01
5.140978366512206632e-01
-6.468572940447019359e-01
-1.276236991949352140e-01
-5.875508652071201876e-01
-3.631527128482933131e-01
-5.554984937401439282e-01
-8.317016209720013986e-01
-6.789915753503183993e-01
6.493233918070814292e-01
-3.127079598272569649e-01
-4.518522519472488730e-01
-3.081149152798162705e-01
-3.177208273412579498e-02
4.048070443523918982e-01
7.766507813914813596e-01
-4.120837996185151564e-01
2.691737342955051182e-01
-6.276684546573569889e-01
5.411886533930609922e-01
-2.908458632540793509e-01
-5.910464384498421708e-01
-5.543168734877115256e-01
8.837607999611947207e-01
7.267395474109549225e-01
1.650787527192801862e-01
1.981406648118718694e-01
8.620048995377355139e-02
-3.829133087847920169e-01
4.900475012810532882e-01
9.867010607713224690e-01
-6.684942405333627047e-01
-5.538935985296630227e-01
-2.465531320230914258e-01
1.051090034063051348e-02
-7.605662204414884719e-01
-9.103472845380160550e-01
-1.004950363617349018e-01
1.065209260116147250e-01
-4.138480354005696915e-02
-4.889588970108926791e-01
-4.385580771786795617e-02
4.030316719484470789e-01
-3.504619446041899455e-01
5.559315594881388822e-01
-1.284693417309415442e-01
-2.817334331425470073e-01
-6.430359818123465576e-01
7.716206122248605581e-01
4.448632465298491545e-01
-1.715819826944589566e-01
-6.314849538651814975e-02
7.749935355748602817e-01
-3.340432741631481073e-01
6.463891477150587317e-01
-4.246101460742047196e-01
4.526646795913782384e-01
2.628554878898964331e-02
-2.273369215822865774e-01
8.859093081338614839e-02
3.040238891197044602e-01
-7.059156899160139442e-01
-6.557974419230835350e-01
6.182358917224881067e-02
1.715710788687120347e-01
6.124585926133356839e-01
-1.404603948193052232e-01
-1.705258764407501237e-01
-4.258871405320443504e-01
2.200477548093271452e-04
5.161917393283641520e-01
-4.859815955257790199e-01
-8.097690740616232397e-01
1.421596474871422155e-01
4.492783845105599028e-01
-3.177020944778203293e-01
5.734977661316049691e-01
-6.899961433081739370e-01
4.275596573690023661e-01
-6.276310744694864052e-01
-5.166422042571323647e-01
1.427571652044391792e-01
3.500896596411411932e-01
-1.871801891828009934e-01
-5.881784806512735386e-02
3.025790943725451543e-01
-5.600789020395035012e-01
-8.983467983404356261e-01
-5.372218826224584021e-01
2.583505994152515695e-01
-5.930318551737716604e-01
-5.230847154890780892e-01
-3.757450234241964671e-01
-3.135356334902749120e-01
5.265953416694781897e-01
-2.676959147696163499e-01
6.522903401237442611e-02
2.772080434949081296e-01
-4.889468034427362220e-01
-8.757598599170373088e-01
-3.396405128098212156e-02
5.764125791973289115e-01
1.699738843192947213e-01
-2.302321943254404535e-01
3.943260508651978968e-01
3.913509704017514856e-01
1.377809784902296886e-01
4.291493912055845961e-01
-4.910314051460232254e-01
2.817988499595291962e-01
-7.943772685452300808e-02
-2.995430115034487528e-01
2.473781127730318441e-01
4.016618266214502242e-01
2.708802362386282803e-01
-3.661932469425555614e-01
5.052336696287296203e-03
7.889959607571528366e-01
-4.496306236052041161e-01
8.120927218615857646e-01
5.395269716477117949e-01
1.670536089007776948e-01
-7.284624570572633129e-01
5.842009114255595215e-01
-2.749014209411803078e-01
2.818081324820539413e-01
-9.180765296946185039e-01
3.066114822795169559e-01
6.088303574915323590e-01
-1.736298874075484222e-02
7.465320237018404637e-01
5.266243375786556769e-01
-6.259002979755725615e-01
-2.542015306893191107e-01
5.181815334202036771e-01
8.428192138787544696e-01
-4.047792909085174973e-01
-6.684397693797287099e-01
-5.746767852025973511e-01
8.158519899979934653e-01
5.486178493839357628e-01
2.942838060399901590e-01
-5.999160027346228663e-02
1.907329617992085113e-01
-4.001137333306549193e-01
4.680853487564684556e-01
1.778248103149825954e-01
1.929630071565711091e-01
3.637512709618372919e-01
8.015091629244515126e-01
-6.450103678618412939e-01
-9.313409325233323877e-02
2.814930688004552151e-02
3.863618182270762702e-01
-3.338008707634511074e-01
4.676790568279749483e-01
5.869764052347026251e-02
-7.524994471291368558e-01
4.949561478160716121e-01
-2.313121050725202577e-01
2.408207019885832412e-01
6.741232831581440710e-01
4.641654418641125712e-01
4.259416636268782419e-01
2.740612146111491287e-01
5.043367091352353171e-01
-3.608197751371106099e-01
-3.019063348444472883e-01
5.703348263554260944e-01
6.858940525201460137e-01
-1.742980026019078643e-01
3.920567082018084903e-01
-5.635639908363323514e-01
2.871725630606247748e-02
4.690821875085282588e-01
9.904566105162404543e-02
3.170939256309634469e-01
1.883312305663025210e-01
1.656916466362410856e-01
-1.016520506958688980e-01
3.593550340748431493e-01
2.165680392001391452e-01
5.596937895235902793e-01
-3.824440173273999655e-01
-3.971754039572517048e-02
-5.920823990450849728e-01
-7.180487003272564284e-01
1.569393710994128610e-01
6.650771324461470790e-01
-4.040440738735452397e-01
7.143822566987831912e-01
-4.539877725661209951e-01
6.971007834134163028e-01
3.253069898366779400e-01
6.801452938812613258e-01
4.567151609556461822e-01
9.600861676775085396e-02
-3.065283145055248681e-01
1.610988921052483591e-01
-7.041435049606795671e-01
1.551152247272606366e-01
