-5.628619039540864399e+00
-2.130358206031080570e+01
-3.797819701843081219e+01
-2.897860569078827830e-01
-5.417789041825086471e+00
-2.725699491292305154e+01
1.426633260651944468e+01
2.593326156404816629e+01
3.192176570875288988e+01
4.905260710448697381e+01
-1.432270214111157003e+01
5.929537295930514773e+01
1.058417477350299407e+01
3.516824679805091591e+01
-1.920206990986648421e+01
2.124163214780922360e+01
4.326450506429549847e+01
-9.727080457472315800e+01
-8.408386615957734733e+00
-3.444725129644618988e+01
-4.289063601298509809e+01
-5.249174067059104054e+00
4.192425959765447629e+00
3.928252762998102554e+01
-1.342241736153980547e+01
-4.489538132890839250e+01
-7.810609057788668963e+01
-5.210901736942482643e+01
7.559430475352624512e+01
3.444662201694949744e+01
-4.227221975670627785e+01
-3.106506690730747700e+00
6.467779558606410184e+00
1.360136245240168851e-01
-2.573720372337255569e+01
-6.896829305603252180e+01
5.272045415127543322e+01
1.859417538348697008e+01
-7.568165004372735893e+01
2.158694492699320477e+01
5.470395134230673762e+01
1.041266553190946986e+01
-2.595732653068921181e+01
1.739673314695376760e+01
2.488941209615445627e-01
6.486372767048424137e+00
6.193079735906661387e-01
2.627857427711006366e+01
5.442812258527004587e+01
3.350198883394073590e+01
5.902660327524792905e+01
3.868216333543345087e+01
-5.847951344333542778e+01
-6.872350645188481622e+01
-5.375461772253822090e+01
2.383417919600790924e+01
-4.301633214751203127e+01
-1.221028252672159908e+01
-4.134820205047314801e+01
3.420228779194369650e+01
-1.587896131114012555e+01
2.245189786550004740e+01
-3.719266252808647266e+01
2.087122650272589297e+01
2.055284574238132933e+01
-6.736169297553900037e+01
7.623468285046577364e-01
3.442269573009898664e+00
-3.982607490381369075e+01
-2.933329589596158726e+01
-3.023900895207663453e+01
-5.005037674603412867e+00
2.922950435424011317e+01
6.341722548090220357e+01
-8.848739129234429868e+01
-3.736657559724035593e+01
-5.189154982631219326e+01
9.960318406860332630e+01
-4.722491711835646200e+00
-3.843331076898157761e+01
-9.209327913399495458e+01
6.426447293502107527e+01
-6.536793051013982847e+01
-5.456031691631589098e+01
1.748641683396817470e+01
2.235427284477006182e+01
2.331561410514417076e+01
-1.463646408757067086e+01
4.112977163725329177e+01
3.121974737556311297e+01
6.594312993277992696e+00
-4.199983837115683372e+01
-4.774947658305129750e+01
-2.367554005290044827e+01
9.185849396459286709e+01
1.704397500693924172e+01
-6.984929573124701108e+01
2.071105916443569228e+01
-2.581627728781924347e+01
7.313123460646744434e+01
-5.272519455202120042e+01
-1.299406673193419692e+01
-4.364819118126715125e+01
-9.452771030076560166e+00
-4.924493546147449763e+01
-5.969451681197426751e+00
-3.015119929983523761e+01
4.606132436192292801e+01
1.764080389204285737e+01
-2.329773792510182773e+01
-8.095972327847188410e+01
-9.267689961048066749e+00
1.883979975123041228e+01
1.944279161388488664e+00
6.273179341199911363e+01
3.024625212042353439e+01
5.327853540802269805e+00
5.120723818596817267e+01
-1.191230780460135321e+02
1.774383361796800074e+01
3.904695088544791304e+01
-1.245052953878285784e+01
1.803009380519829108e+01
-4.757238768733039080e+01
-1.394241358395669295e+01
-6.931671015686582393e+01
-3.831659021092137074e+00
4.788273269680724553e+01
-4.408969072502662812e+01
-1.251473591367928435e+02
9.876807336658018244e+01
-1.909934851652379351e+01
1.564451906567931871e-01
3.544456995428865298e+01
4.162999889740904536e+01
-7.525452762395602235e+01
-1.065428267812396612e+01
-8.438391497272685626e+01
5.290390097473158448e+01
5.883946592949479282e+01
6.766454106428520632e+00
3.685289725649466419e+01
-5.737708015025304320e+01
3.506273835982324982e+01
2.222459591452268413e+01
-1.849429084380384580e+01
-7.426041555007618911e+01
3.450303738332694081e+01
5.542617699290542532e+01
-6.208618245148230130e+01
-2.201301291183798359e+00
1.802222323514109092e+01
1.205940725076755768e+02
2.819428647844560487e+00
1.387903931104817623e+01
2.385137281790418484e+01
-8.603109834704394387e+00
-3.998132366925657522e+01
-1.591205060364990764e+01
-5.377607400302014184e+01
1.510168800261354960e+01
1.180216685847861235e+01
-4.862325925900608325e+01
-6.188373857588258176e+01
5.836186454561793635e-01
-5.219422219575027100e+01
-1.352845286344862252e+01
3.366300761987769619e+01
2.968300938975141801e+00
8.810141457669210752e+01
-8.341038918909410427e+01
2.279625716415289105e+00
2.034882717678720976e+00
-7.145715212412698136e+00
7.536261228347478891e+01
1.190081474820447198e+02
-2.570297699760912735e+01
-4.472481080846907275e+01
6.615260582084675711e+00
1.786303264224692100e+01
2.684833561450161810e+01
2.099207671715405787e+00
4.194859201437007812e+01
7.827272471582918456e+01
-6.583215243052923427e+01
1.408488372608205097e+01
1.140624826973590444e+01
6.021026585443320300e+01
-3.297060521172964798e+01
7.392236344087887545e+00
1.095630484397906201e+01
-2.454816796914621957e+00
-2.879155117009752018e+01
3.194448356367737318e+01
-5.597789756103253467e+01
2.075258626009233254e+01
6.125182660609350904e+01
-4.154281244352044666e+01
6.918857731681920598e+01
7.603643841101828116e+00
1.191248336966019572e+01
-1.282315725981298549e+01
-3.519915102501843762e+01
3.528331008487140963e+01
-3.692804920801642510e+01
-3.474283045811785797e+01
5.204629698106629121e+01
2.137506073914322613e+01
4.830933594985491197e+01
3.899016790072030147e+01
1.346582816247485148e+01
5.796278828345743506e+01
-1.983616870304496871e+01
-3.522548892625248129e+01
-2.148909298225062514e+01
-3.168146576095526967e+01
-8.648998893784653319e+01
7.746922416523727861e+01
3.465605871232076396e+01
-2.415254305573956373e+01
-1.132765419674382912e+01
5.105228871488328224e+01
3.626506559843297595e+01
-5.036304319237266469e+01
3.143222086560729167e+01
-1.473679336242564197e+01
3.494726962714807428e+01
2.021357930616869325e+01
1.581447634832331417e+01
-6.032491698346786535e+01
-1.721248566855993545e+01
-2.233299899365766095e+01
1.500541563610635620e+01
7.274839886738467953e+01
1.253180084124160061e+02
4.472165148423199810e+01
1.081844961017277340e+00
-3.692917400489548641e+01
1.704756556710495730e+01
2.985673179528673415e+01
-4.235240523003289681e+00
-5.637185773332413419e+01
1.715567893386145570e+01
4.896996060312348931e+01
-3.487919563064955497e+01
6.173156257630927257e+01
-5.923863753487632522e+01
-1.338874885408378113e+01
-5.713609534768349363e+01
-6.307421197984805161e+01
-9.425047878450324390e+01
-7.248204199656004931e+00
5.870957657444203903e+01
9.103911214491131432e+01
1.777339985844274395e+01
-2.909863383832033179e+01
-1.088416085613227724e-01
-4.333455148068275520e+01
2.364143926931763673e+01
-4.527126513648239481e+00
3.266029413674943527e+01
-5.622095371343137771e+01
-3.533927344021668304e+00
8.674214590150941717e+01
-3.873050486251866431e+01
