-6.085685731126955211e-01
3.270150515728218465e-01
3.516081045855329879e-01
-2.279917795369416356e-01
1.328764834067202028e-01
-4.973749402689574550e-01
4.369165137741115590e-02
1.797520764135246418e-01
3.956088096569905233e-01
-6.317505316884146627e-01
-3.470875666092947398e-01
3.880199608151488344e-01
1.687623482744723125e-01
-6.760603857910467696e-01
-8.927228605249719617e-01
1.192585926528559881e-01
2.281176724685031465e-01
-6.393244262612338691e-01
1.484441300802674668e-01
-8.264388806044629110e-01
-4.942576175607180655e-01
7.975033303223706405e-01
4.983007865253037405e-01
2.345881043168536184e-01
-1.478009649388422053e-01
1.718256565823488291e-01
-2.375005640601017820e-01
-3.357269276150248172e-01
5.339583275118078287e-01
6.142620573000087125e-01
-2.239598502333376706e-01
2.167499916317234820e-01
2.563712290277245787e-01
-1.672997734591255836e-01
5.680863072041943962e-01
-5.607557230521522662e-01
-5.434722907974822714e-01
-9.057037536194250116e-01
-1.780702230462321012e-01
2.909537593503593866e-01
2.645338908985587212e-01
-1.649191686515313893e-01
-3.114769234157099831e-04
3.029696673904028748e-01
-4.434072061251712604e-01
-5.621392272535767898e-01
5.085780868393077192e-01
4.587503297667636648e-01
1.275869466567419730e-02
4.530103601466793362e-01
-4.533625209195286665e-01
-8.409274352311933987e-01
-7.679736488956517837e-01
-7.975339541658319487e-01
3.013577668125410058e-01
3.605895705483203040e-02
-2.127890353321433281e-01
1.306983699606673044e-01
2.871323444093426547e-01
-2.655461325589317245e-02
2.252636538444365844e-01
-2.136524463186174616e-01
5.074018949088383579e-01
5.485050477851263206e-01
-1.124873892588376112e-01
4.455184216117469287e-01
-1.138856777073939397e-01
7.749602843901376437e-01
-5.401766012523243066e-02
-1.341557199236323994e-01
-5.784588376745365412e-01
-3.768955271364535231e-01
2.646717565011053042e-01
3.850966954770844719e-01
-2.955372499159841793e-01
-1.189052101188435295e-01
-1.549439511125924041e-01
1.428341077022457495e-01
5.175805564795854519e-01
2.356880807234750519e-01
-2.295519759130915105e-02
7.149878422318967086e-02
-2.210377529454479739e-01
-5.231264286897290283e-01
3.933381914651109534e-01
5.449472611373258335e-01
4.949128731027309658e-01
4.959773869349837216e-02
-2.111548068960224511e-01
-6.360990577656007172e-01
-4.050347548440250689e-01
-3.642453556133083414e-01
-2.810668957593602801e-01
6.366625874557556575e-01
-4.199214885989876467e-01
-4.782244478731787485e-01
-3.049245012769271623e-01
8.837602421926182839e-02
6.984637966960741684e-01
-1.558944984365690511e-01
3.979856544201647028e-01
-2.721965129320784715e-01
-5.792759024161631132e-01
1.407800148648952199e-02
5.812114419383058728e-01
3.043147223215433295e-01
-3.524540409981671840e-01
5.569370477719126633e-02
6.561563576991004121e-01
-5.335171735345707322e-01
5.502474192282196253e-01
-3.778520265550724955e-01
-3.566809167270806324e-01
3.157927617043002622e-01
6.601894423801508704e-01
7.276391497221149640e-01
-4.760943477104348509e-01
2.892120927760679638e-01
-2.230245051634215381e-01
2.310385669406259390e-01
-6.557879637057778544e-02
-1.932741639004386114e-01
3.733948311960256783e-01
-6.210168252935326372e-01
7.076190882967662299e-01
3.032130025357805403e-01
-3.985525433846171528e-01
-2.239852964511205857e-01
-5.051242430611946332e-01
-1.926031802590500719e-01
-3.059074380773662005e-01
-5.590085691834330017e-01
-8.196703396773266093e-01
-2.631786250323270293e-01
2.166666503161657487e-01
-5.534596839289995795e-01
-3.897195639812662815e-01
-1.200859583967426869e-01
-6.417577169558101868e-01
6.602353226747612602e-01
7.123149485473085907e-01
-2.071163776133962964e-01
1.333780993667320613e-01
-8.896648441913646010e-01
-1.091795675229561280e-01
-7.005781991642873185e-02
2.758269540274411735e-01
-7.305382043312846907e-01
-2.096554930488934154e-01
-6.624771147002200822e-02
3.254047230500651811e-01
-2.078243665052873501e-01
-5.759006014821512753e-01
-5.413954983859865511e-01
5.063025176627093948e-01
2.707083531025944456e-01
-4.301713481063277333e-01
-4.662799834527406873e-01
3.471600911160094283e-01
-2.529228048011004093e-01
2.267019453112469607e-01
3.289038908564356767e-01
1.033955175029815376e-01
-1.531146662328511932e-01
-3.595332446239833946e-01
1.180541700485147893e-01
-9.512918046674567751e-02
-3.490005942870212929e-01
-1.483520784304666607e-01
-1.427095844101694544e-01
6.566769275417099205e-01
-2.201816867240581344e-01
6.400241421722900892e-01
-1.881124339280977886e-01
-7.637732502704013271e-01
2.316051749234227797e-01
-2.434077270901995882e-01
-3.836413016925468433e-01
1.340525700860578096e-01
4.691583439342774109e-01
3.153334500810237584e-01
4.678216947853133245e-01
-5.778449833912799871e-01
-7.698280490943771870e-01
4.468080505471060393e-01
-3.344804491124329093e-01
-2.816214254141858886e-01
-4.845346385716324811e-01
3.307356077469236766e-02
-3.993848209638498625e-01
-7.960019670683191606e-01
-4.598745473513163873e-01
3.137901202506375442e-02
6.352008259344674723e-01
-2.223356084319615400e-01
2.681026303292057822e-01
-5.168042533409014094e-01
-5.502290794660490425e-01
5.153315002924715449e-01
7.635200247860554068e-01
-3.653036407518184259e-01
2.541872147503705381e-01
2.649481769959293187e-01
2.542730030154890519e-01
3.934799863530640263e-01
-4.931057426203827587e-01
-5.255927422620070288e-01
-8.425702717278141796e-01
-4.899255193443486367e-01
-5.285731527974524280e-01
1.538370817727053308e-01
3.615051663337822685e-01
5.111266836409565917e-01
6.482821334250188361e-01
-7.867625625236613907e-01
-8.000096905296736338e-01
-1.896734692528272426e-01
3.380777337916699987e-01
-5.180282393538477859e-01
6.005894523136845464e-02
-8.128788176036755297e-01
3.135821872409496613e-01
1.805564126762921884e-01
5.700900251378200334e-01
5.873140629269328894e-01
-3.157451577906001949e-01
6.007103873894474866e-01
1.095703982073864824e-01
-5.292082583776280824e-02
-2.917932655399430031e-01
6.387361158672824057e-01
4.929013358240179610e-01
-6.654830075229700714e-01
-2.261260385277653329e-01
-7.389900745612418831e-01
-3.271511585745809914e-01
2.189727919164974335e-01
-4.870821742261946530e-01
5.168389417012153597e-01
-3.013592363922478201e-01
6.859247861474957464e-01
-6.946247805145044918e-02
3.195137496590366721e-02
7.229564952138695100e-01
2.686058723822410954e-01
7.918062526213220931e-01
-4.502931748252738675e-01
5.029738859461596601e-01
9.698848216216136020e-01
-6.328241343008440545e-01
-6.209580690417626503e-02
-2.240947686843825226e-01
7.060454955301456170e-01
-3.730220281261880100e-01
-4.090206321505179821e-01
5.367762277869967402e-01
8.225331446310877315e-01
4.126620870708153088e-01
4.192241145346754516e-01
-3.742734161984279662e-01
-4.955665574437466692e-01
-1.535825493783432028e-01
-3.172822236465926427e-01
-4.141123419667880334e-03
-8.022771951373214305e-02
