-5.465901745987999938e+00
8.499363908657809219e+00
1.551681740780893293e+01
-1.221326549772724768e+01
-1.201502312932198535e+01
8.599017336901537689e-01
-3.310471041421819471e+00
-1.136677763186086665e+01
3.388552323251428788e+01
-8.128446541376870726e+00
3.268538377678933671e+01
1.266076432509583238e+00
7.281722816315246760e+00
2.873380801601366663e+00
2.570234781698038429e+00
-5.199070373015006297e+00
4.460516870721340865e+01
-5.968685122055756409e+00
2.185927742062534662e+01
2.608347072883210416e+01
-8.798472134775455755e-01
-4.018172592391296760e+00
1.369440191722541122e+01
1.857830508551768744e+01
-3.198140940416649425e+00
4.541917560894107808e+00
1.538033261354192760e+01
-8.411745347178245513e-01
-1.606396691949470679e+01
-4.597742295990377670e+01
1.904392930530661232e+01
-1.721232164147570387e+01
4.242238906142577370e+00
1.035007750162184692e+01
4.655448804538808716e+00
-2.470529826339981838e+01
1.171163706606444599e+01
-1.819174639512981884e+01
1.003632588174915696e+01
4.965635793415346555e+00
-3.266817519673226755e+00
-2.637054043497996147e+01
1.891243164909571917e+01
7.664458372610036818e+00
6.838602457665237111e+00
-1.197017972150922382e+01
-1.011673691838988987e+01
-1.440809812508788745e+01
1.495604409744491292e+01
-3.965275044690590889e+00
9.736530840288146749e+00
-1.662612287751446516e+01
2.890562119058830426e+00
1.519178313764303923e+01
2.048748231865518221e+01
-1.707356270815493104e+01
-1.155463630795697583e+01
8.247808684696860126e+00
3.084077573393494731e+01
1.891329443423583712e+01
-2.924005037931817874e+00
3.234976873273340914e+01
-1.945490585251080162e+01
8.366390018195270173e+00
8.358791087625792926e+00
2.664453334198529078e+01
8.645508262761754992e+00
9.887037148977139367e+00
6.471729891826673686e+00
3.735546030898552772e+01
-1.003739488121510881e+01
1.876226569283387136e+01
-6.714618701809391688e+00
2.965512449777367365e+01
-1.233607701232483755e+01
-1.908972722577436443e+01
2.094104348884669520e+01
-2.539836490882412434e+01
-3.090113793837232503e+00
3.817736929230777676e+00
1.809301475642315538e+01
-3.380449973983012057e+01
-8.579826688616147834e+00
2.742752526588397188e+00
-1.382821187096533144e+01
-7.598732111838220504e+00
3.544660419821020980e+01
-1.912751262622929360e+01
-1.399351698490737483e+01
-4.446237800194031919e+00
1.037322061422155528e+01
1.069704398355505859e+01
2.629030751184482639e+01
-1.435151001871982412e+00
-1.599220964407680334e+01
-1.537775136604034287e+01
-4.783966440400408260e+01
-3.185497285057559225e+01
6.419598500320807588e+00
3.999340301513010676e+00
-1.134738838228187419e+01
-4.583566254671299411e+00
1.363575600835513946e+01
1.337481828307090304e+01
3.074033717833437152e+01
-9.508487023742832278e+00
6.598335931319394554e+00
1.505011842568942049e+00
2.276094267426252671e+01
9.913383514659836138e+00
2.463903830038874432e+01
5.594550900198935750e+00
-3.692748954075384393e+00
2.350935267243582061e+01
-6.168454223994753960e+00
7.166544328186252422e+00
-1.979016102009368083e+01
2.334487218892573779e+01
-2.813828709924236193e+01
-5.245652116208841420e+00
-5.161871823660261427e+00
-8.042015980227903427e+00
-1.090468920493000304e+01
-6.951728536605865649e+00
-2.039074539513667972e+01
-5.806466613159622980e+00
-1.689011705891187276e+01
8.280465232537196130e+00
-3.494621920341565868e+01
-1.193082505662264836e+01
1.054570394456416160e+01
1.499193518054204510e+01
-1.025193981275256849e+00
-3.288343605052232732e+01
1.105430828794422382e+01
4.013867301596873993e-01
2.530319407700980250e+01
4.118501397734785741e+00
3.174227931437468797e+01
1.415842774635613566e+01
-2.756177926926404353e+01
1.647625510059995690e+01
1.481862929168844722e+01
-3.016052903179138411e+01
-2.293062692922590529e+01
-7.368698850165773528e+00
7.703661092660340159e+00
1.249764018768862783e+01
4.208346365491071595e+01
-6.312255765842675892e+00
-1.051270611777760777e+01
-2.254377565730136368e+00
-5.493854723432851639e-01
-3.308354079686707916e+00
1.434314503960290921e+01
-3.837892599253224457e+00
-1.426323803370246779e+01
1.166221363278812362e+01
-3.564147049683967339e+01
-6.894511748651746430e+00
-1.393643644702446238e+01
2.414004130389105285e+01
-1.390794564312889925e+01
8.342218508561996870e+00
-6.487276607742712642e+00
2.101307454042047596e+01
1.202955292397278342e+01
3.583006593135807094e+01
2.766036810702093618e+01
-3.508908626900015371e+00
-1.642844491620073910e+01
-2.185350109706288890e+01
2.482815884760330505e+01
-2.827633326432429328e+01
-5.933762240435211055e+00
2.420995051026912037e+01
-1.429632758753675503e+01
2.031472990618806662e+01
-7.441976492861288150e+00
-3.390977580596470631e+01
4.275991104296345213e+01
4.412398324321258336e+00
1.329529954573255068e+01
1.292325593418182272e+01
-2.051189535616770598e+01
-2.198690088231228579e+00
6.784868850689096398e-02
7.424222306372155522e+00
-1.583275655572539797e+00
1.266565320036640019e-01
4.232067833422408398e+01
2.541803294538622993e+01
3.204686031826847881e+01
3.121867246897689352e+00
7.039278768836174649e-01
1.344406843552335928e+01
-6.703449541496862008e-01
5.711017521098066041e+00
-1.135716709180161388e+01
-1.906097776405160005e+01
2.241824725964434606e+01
-1.631888400167335718e+01
3.963239705552954018e+00
2.832916480196929498e+01
3.724235007718843971e+00
2.228565743838213109e+01
9.587440080676756793e+00
-1.400227729601616122e+00
-5.849344023317458507e+00
5.751299781549962908e+00
-1.568012219129927232e+01
-1.442711193105719758e+01
-4.583163637370770260e+00
-1.228893721762695890e+01
1.078803033071867823e+01
-7.147399810894041750e+00
7.727625990340173168e+00
-4.359373236642652749e+00
2.572995979354298868e+01
3.150397085694708554e+00
-1.035553475042383731e+01
-4.362179295155419112e+01
2.128900162239427374e+01
-1.018154238716899229e+01
1.897525028003201442e+01
6.070104539029822277e+00
-1.151604697824207690e+01
4.293472819274013830e+01
1.578324456454381419e+01
9.782295627060074494e+00
-1.873258234144641321e+01
2.374693020255767095e+01
-1.977461149795642115e+01
6.630701902490215183e+00
-4.312067920089522333e-01
-5.106185558170011518e+00
9.421908688896438733e+00
-5.244707336969450573e+00
-1.002101119845788268e+01
9.164455442038029531e+00
-8.949157707945762041e+00
2.947235813332414978e+01
2.879081537483758524e+01
2.074439952361464723e+00
9.187446210695520143e-01
-1.898152299202363480e+01
-1.039382529493510177e+01
-2.472463061209984048e+01
1.756349084643155933e+01
-2.843670834739454278e+01
2.274265421405605281e+01
4.526878904109183033e+00
-2.629358381475349837e+00
2.137775972602288244e-01
-9.122947118350390738e+00
1.703148696195800582e+01
-2.073979919799221960e+01
-1.074533236289568450e+01
2.433076669322426966e+01
-1.650196566139786825e+01
3.718289014771223311e+00
-1.113539302131303721e+01
-3.186930776103045559e+01
-1.120621711165618706e+01
-2.948041665007833245e+01
