-8.279656379130175825e-01
2.170169958715861824e-01
-1.073418562214207839e-01
8.965741401640163755e-01
4.928020427273676063e-01
-8.382923588655215585e-01
-1.276501006126857796e-01
8.151017597551768468e-01
5.469382845704076068e-01
7.015408854815574635e-01
-1.700955526874838863e-01
3.966631236795001847e-01
3.554332788001659527e-01
-7.884181257549558453e-01
-5.416684643748019834e-01
-3.465788202415303054e-01
6.933671638140905813e-01
-2.585966886000701237e-01
-1.895452459227955355e-01
1.981238717364286472e-02
9.974187324203809268e-02
-1.329398841816655796e-01
9.492582395678268448e-01
5.319540135009357407e-01
7.905078875271005501e-01
-9.929991768965793497e-01
7.742950146930986932e-01
3.194684984779150305e-01
2.516661023261497210e-01
5.379921924249073673e-01
8.531103008348861483e-01
1.246615051566117849e-01
-5.249870935870823985e-01
-5.343574686867247348e-01
-8.428347201834642810e-01
-2.370747321350548109e-01
5.410600362086881443e-01
4.597976394785050491e-01
1.076116431877625068e-01
7.081567901602880966e-02
-5.392206854143233308e-02
3.351661181580987137e-01
8.114112240811746091e-01
9.773758450837546352e-01
-4.192254252222431532e-01
4.223635242762393549e-01
-2.947261406499510628e-01
-8.844811582512868142e-02
-2.182230172024812731e-02
5.349129156627165926e-01
-1.550695734641125423e-01
-3.473961606556930093e-01
8.943849194625081989e-01
4.657298818932784634e-01
-6.963748790317869641e-02
-1.508611471245799862e-01
-6.601467062933468188e-01
6.194373625458262644e-01
-5.482938810646322825e-01
-9.818176084042566920e-01
-5.780205653963392809e-01
-6.393839610138076779e-01
-9.144463120713921533e-01
-1.971378433759563009e-01
5.010782063918564067e-01
5.449953238872580208e-01
4.171831033980430981e-01
3.940940661618583807e-01
3.282855439131597830e-01
-4.426154812298845886e-01
-3.738241842365250811e-01
-7.644668858282586132e-01
-9.543081325393403258e-01
-7.846040908565341532e-01
-8.354610620930835729e-01
2.171044889913149589e-01
6.089001386709183006e-01
8.036516378564679819e-01
4.668286560491026194e-01
-5.090952178364136493e-01
-2.739661402197479667e-02
6.036012945958244558e-01
4.464285197277324535e-01
6.189736458338321867e-01
4.844482867037276375e-01
2.077935959474508376e-01
-2.848047020066537538e-01
-5.797652366033345661e-01
-8.790046231354480266e-01
5.835385207102472549e-02
-8.077166614667776745e-01
1.708005489956507805e-01
3.027209166022091225e-01
1.133259007029407961e-02
-4.665606140033249360e-01
-9.516355724905789515e-02
7.075373692253830171e-01
1.437620198594793397e-01
-7.620328914520606567e-01
7.993123458959170424e-01
-8.705270152794311045e-01
8.783045370652828865e-01
-5.346279994650460221e-01
9.690442031170560799e-01
5.056651649646859426e-02
-5.424532923130320761e-02
1.635733873969409391e-01
-6.790079589818693862e-01
-4.888689702820405714e-01
4.496550404855181871e-01
4.506117458054899050e-01
-8.054530415350713568e-01
7.314492062335031797e-02
5.083735076193882652e-01
1.127602323851841781e-01
1.178555350499990162e-01
5.507416137611775842e-01
7.176189130443881847e-01
-9.116123282099719560e-01
5.691246236502007783e-01
-1.224061887424030548e-01
-5.757985068341733292e-01
-4.914519179047895925e-01
3.025136009107809443e-01
-3.208413142622907888e-01
-7.257169177156304052e-01
-4.244986280744369456e-01
1.598270840974447271e-01
-3.375967919763687153e-01
4.581386359274357556e-01
-3.418115377263148957e-01
-8.671978090341589951e-01
4.463708545241966696e-01
-6.868230615795822835e-01
-8.345501078527812755e-01
6.606685446848341581e-01
-5.882660931719574382e-01
4.176519261461153487e-01
2.407027587643617572e-01
-6.875001419761703758e-01
-3.494137218793917921e-01
-2.002474383669066160e-01
-6.991534476011525001e-01
6.989367611782502099e-01
-1.871056077105863746e-01
8.610906863554348423e-01
-2.979888037303863868e-01
-9.551100738853268712e-01
9.693266989089808217e-01
-2.658530297166394885e-01
-3.344066927820137369e-01
2.863351341386437543e-01
-1.950469848986038368e-01
7.259500195569046355e-02
-8.130426748734667086e-01
-7.170517663824944599e-01
1.845142853095163016e-01
8.157653611757671452e-01
5.093554228973216080e-01
-7.719081129577478606e-01
7.357658202786887536e-02
-1.214927670564407425e-01
-2.147820462763738725e-01
4.677769155840809656e-01
-5.959129654312114166e-01
-6.308642205095991162e-01
-9.724702868670049849e-01
-4.194139428358125699e-01
9.668579141947792888e-01
1.871586100115765205e-01
-9.675288936585602073e-01
1.421233920417952490e-02
-4.271007299071110097e-01
1.560387627199300020e-01
-5.289738650232544970e-01
3.201749417111403595e-01
9.000681778569028513e-01
4.136326528183498219e-01
-8.847198460405740761e-01
-9.029088712821897733e-01
7.297048521221145556e-01
6.351426454867175053e-01
-5.751833056068278438e-02
3.802261894256839803e-01
5.547621390190227153e-02
6.422124150654267005e-01
4.738760247655049440e-02
-6.286701142585022772e-01
7.117892822479439108e-01
4.785935805696062140e-01
8.953721873749431737e-01
7.809927804479932512e-01
-6.144993879514906165e-01
4.290021649839821372e-01
9.976482435335969345e-01
-4.457723083910565265e-01
-9.541130807650208823e-01
-4.044409923081406788e-01
-9.673792645346994679e-01
-1.918836561750199010e-01
-1.006841161019815800e-01
1.614160900975267765e-01
-9.988273452441440714e-01
9.107376810208891449e-01
-6.086564886418315279e-01
7.801553213881748938e-01
7.778080704467336126e-01
-8.014979954552479136e-01
-5.372101884260376270e-01
1.425717908514383403e-01
3.764377261848681488e-01
7.773083509926543844e-01
4.638857978944566085e-02
-4.362776762739439818e-03
4.001873387663330561e-01
6.428310691835334989e-01
-3.867605931825384147e-01
-3.687333198459663564e-02
8.368987346149641127e-01
-4.089681376829457093e-01
5.668230937047091800e-02
-1.830648429189247750e-01
5.561219171140339146e-01
-4.562561174116246399e-01
-6.494387084522779130e-01
-4.080174990201315133e-01
-6.379807001167667746e-01
2.443883364919716694e-01
3.035874665042543885e-01
-2.005203960779915473e-01
-3.129323528603695781e-01
-5.620496659886382584e-01
3.959974484626047619e-01
1.093313345393442937e-01
9.409881334173213485e-01
-4.348360388079164363e-01
1.136785758395830737e-01
6.991621631957500860e-01
-4.351401191259232082e-01
8.665257397149785934e-01
-5.493767865018177599e-01
-1.247332776385441377e-01
-7.702449625794602905e-01
-5.035209160334928047e-01
8.606864287246063228e-01
-5.360951897169563551e-02
-2.673531920132325990e-01
-8.356681119095750176e-01
8.709352729349442157e-01
9.563082332260330887e-01
-1.597158926070261220e-01
5.938359586838346527e-01
-7.992416645069544412e-01
5.458512537037583101e-01
8.590376887062549649e-01
3.172543071872233611e-01
-1.315712942843776379e-01
-3.194362396895364942e-01
5.425189554699589856e-01
-8.649648451795521886e-01
2.050769043370159750e-02
-5.214483995482961376e-01
8.953725773006357969e-01
3.324421548124281145e-01
1.741205019713141233e-01
