-8.985364899379923997e-01
-7.042067202065993570e-01
-8.649172801958316947e-01
-4.904004451125511532e-01
-2.120652743637868376e+00
1.782347322697971137e+00
2.093038316167833646e+00
-4.877998155014193205e-01
-2.225674946723046332e+00
3.999602852006078901e-01
1.480628625943194665e+00
4.207666573626596129e-01
1.060102293374852178e-01
-9.746755988902662260e-01
1.997568674932898913e+00
-1.146917169676166637e+00
-2.546275174649474393e-01
5.596976817824228512e-01
-3.489981615850071828e-01
-2.061011179744895117e+00
5.585419384858949510e-01
8.379152538737271172e-01
-2.843787029706134284e+00
1.139323654184924317e+00
2.177905080197731547e+00
-1.689826895124761919e+00
2.568520141215351771e+00
1.399226616982663263e+00
-5.703521432263718438e-01
-1.797340924822014685e+00
4.159984487262979869e-01
1.648767381823431855e+00
2.320853718058775605e+00
9.532109130063597391e-01
-1.180938686699344098e+00
-8.984797643262950606e-01
6.916000293564605883e-01
6.435358404099607021e-01
-2.521633701954438589e+00
-1.395834716448880464e+00
-1.320829342605688073e+00
-2.038187844728671205e+00
1.048429580529136596e-02
-2.433075695255679349e+00
-1.666531695032594795e-01
8.657226414966758821e-01
-3.962688855554858947e-01
1.956190166505157979e+00
-1.481367159194883598e+00
1.894402553317589444e+00
1.525524174142669054e+00
-1.310740999412006058e+00
-1.671876497087524172e+00
-9.473714894355943494e-01
-2.315820449152117266e+00
-1.243325237663413185e+00
-1.922505540659190437e+00
-6.656484541687175405e-01
2.883433716150978654e+00
-5.103292106928813965e-02
-1.767869602407152740e+00
2.488646033356608722e+00
-4.048972697486394878e-01
-4.301517081779070995e-01
-1.549759183436986376e+00
-1.182915856402159571e+00
-1.194388225433198558e+00
-9.917091598657248319e-01
2.032949872200916719e+00
-6.603623982376942703e-01
-4.836601278975172225e-03
-7.870404502962489168e-01
4.564515140385214664e-01
-2.071185098691907367e+00
1.357198979869374877e+00
-9.857323336531285118e-01
6.488822735285773025e-01
3.702781071816807490e-01
-2.233248370134846006e+00
-5.808359855228433233e-01
1.323619494184437917e+00
2.739104728288793922e+00
9.938719438374485904e-01
-4.113920291237908589e-01
-2.745471185340053299e+00
2.902421248709152746e-01
-1.214168807995522403e+00
6.146485717071108468e-01
-1.640641524722942002e+00
-3.840732147045062272e-01
3.970584401134145125e-01
5.651303417194264433e-01
-2.311026692416570327e+00
-1.618429476320370486e-01
-1.045909748061978339e-01
2.679946264050911964e-01
-1.628600008803625876e+00
-1.686302758476773578e+00
4.927527644083186109e-01
-1.039672779242408085e+00
-2.682081826238774669e-02
-1.595880715617985501e+00
1.982071805979480905e-01
8.246601899813714720e-01
2.022577387889279432e+00
-1.481649233647090114e+00
1.267169235440076758e+00
1.816006479734371126e+00
1.530663044924836624e+00
6.511670792487013193e-01
-5.604241456447478509e-01
9.774257573657236797e-01
1.636007310594616571e-01
-4.459810451183137125e-01
-1.119915953008699727e+00
2.388852702008779083e+00
5.675620046454283862e-01
7.804264821720217071e-01
-2.650275706499492512e-01
1.132081499495238619e+00
1.811334512758788318e+00
-1.051689242595039930e+00
-1.427317546818644978e+00
-2.652222687162883452e-01
-1.949332281748386464e+00
-2.197156679431647941e+00
9.719092556465991350e-01
-3.075302487584634648e-01
9.837001993188604354e-01
2.182402502343575357e+00
-1.967906194807012454e+00
8.632769344373620868e-01
6.459182836615230405e-01
6.013282339284939937e-01
-2.306638173910938505e+00
1.028829304345983076e+00
-3.212083312730238394e-01
8.238888606150616134e-01
1.058099895985023631e+00
-3.402080450063812433e-01
1.522378491854589511e+00
-8.602852691344606839e-01
-1.865511876677375058e+00
-6.060370031598241169e-01
1.442689464343710704e+00
-4.871979630370557035e-01
4.240514478264572062e-01
-1.521881301100856732e+00
-4.107633472693739130e-01
4.677430560670940984e-01
2.621098257015983535e+00
-2.245964790449072268e+00
2.397419092724506484e-01
-7.071624999524152022e-01
1.742239915977161324e+00
1.571292979572640247e+00
8.646619815093088413e-01
-1.795272505908362293e+00
-2.377662129418977588e-01
7.510851616535919595e-01
-1.095267947891926719e+00
1.151624182864390056e+00
-1.162600973024450202e+00
1.447496172139373649e-01
-4.906547573791191219e-01
2.053128015143002472e+00
3.637628552491213862e-01
-8.624870520024433551e-01
1.693160976760921033e+00
-1.678844202236492222e+00
-1.258056568350436333e+00
5.028007943555294901e-01
1.237243233521086339e+00
-9.323084866851033548e-01
-3.782867775120576370e-01
1.168613556868620673e+00
-3.976286163516205008e-01
-2.005304943210274082e+00
1.622827370378599143e+00
4.098649555473086181e-01
2.391221056238970188e-01
-1.221159263850170484e+00
9.392521277346106423e-01
7.307830999800254412e-01
-4.501139076095230784e-01
1.660648486452193540e+00
-1.054745493187392302e+00
-1.257614299059666818e+00
-9.638619674640679369e-01
1.373686737570144034e+00
-1.874389069706017041e+00
6.059199380286584002e-01
-4.348092826808401812e-01
5.752441958557212853e-01
8.261980518186318179e-01
-1.564278751801425837e+00
-5.946000050195759945e-02
-1.663859789917059073e+00
1.202050520902234521e+00
1.959415104865581903e+00
-7.377034349932302115e-01
-7.065650481922947090e-01
1.799370505591732838e+00
1.687153198780527275e+00
1.612354163114741112e+00
-1.964061483966864641e+00
9.343712801577149785e-01
1.696613533496554638e+00
-5.800750250797750418e-01
8.587960613201062188e-01
1.588707797700346758e+00
6.462662061651772705e-01
-1.900850489191852510e+00
-1.995614772511034030e-01
6.204214603293942698e-01
2.516837373257982957e+00
-7.363829503754164563e-01
6.438460902405620523e-01
-7.516324613107198127e-01
-2.098542726355999477e+00
-2.081076927650638453e+00
-9.209104538055301603e-02
1.026057700729470223e+00
-8.654984870374199390e-01
-2.413050681823317056e+00
-1.308412627855191523e+00
-1.188092281098245717e+00
-3.845099319426751316e-01
9.839753106441900821e-01
-9.194115241935584271e-01
-7.165999480039589864e-01
2.007856770739628427e+00
-3.158008600764466434e-01
-1.927308833947271316e-01
4.613950769973410582e-01
2.645205157191278911e+00
1.470000539149030949e+00
1.087116053084197009e+00
3.753008590574147263e-01
-1.324759177618853867e+00
-9.057344345749771541e-01
-1.181571459225027709e+00
2.026591992001308906e+00
-2.469908836289689713e+00
8.412823367713156975e-02
-1.000915315892424662e+00
-2.094886051361409818e-01
-2.282365308345307431e-01
9.453313776030455307e-01
-1.497148259653974911e+00
-1.643961467939821119e+00
1.100100772390791182e+00
-1.833300010716619299e+00
-1.619102467338580098e+00
1.363119058244163462e+00
-6.538094709019195427e-01
2.461982514983537262e-01
1.749562869635258033e-01
1.652009570008410311e+00
4.188660217561651633e-01
-1.777597425584691804e+00
-2.185073607354803826e-01
1.950278102687331039e+00
3.263120830641324521e-01
-3.123275887909292003e-01
