6.490326999812225939e-01
1.090791969456705868e+00
-1.271895587030990038e-01
-3.556053935539186250e-01
-1.091121271463665776e+00
-1.760525234312337872e-02
-2.128941538912685782e+00
1.232550749417701486e+00
1.655062215597209452e-01
-7.984770563364468332e-01
-5.746162844123487989e-01
1.878171500838714814e-01
3.469272814332260424e-01
-2.484272491521344051e-01
-1.137623662890147269e+00
-1.316981803444245092e+00
-3.859743656070458995e-01
3.022478314594179150e-01
3.667325688599483158e-01
1.611798661283326828e+00
4.059527633877528241e-01
-4.720593166776193006e-01
-3.440626122577296053e-01
-6.031524074344916109e-01
-8.011252819203900088e-01
6.160440321593813051e-01
-9.905918952742220895e-01
1.679211499653918693e-01
2.377812947391568787e-01
-2.351724001940810327e-01
-5.230960492622235281e-01
2.385722335485991330e-01
-1.243862466562098534e+00
6.909096637326194168e-01
1.306186640782883268e+00
-1.069292653197065901e-01
2.998108156336339869e-01
9.823259602644900390e-01
-4.658551181687002885e-01
5.221055849655638070e-01
6.293497052912176981e-01
-4.474188063334183507e-01
-9.654320577595787434e-02
4.087630018963950285e-02
-1.154714287987353094e+00
-1.137291914738745913e+00
-4.146292757857578115e-01
7.164472324321681240e-01
-4.468485339431603753e-01
-1.295596200862969116e+00
-7.193843212848329838e-01
1.461983961482982819e+00
-6.001040030946016568e-01
-2.018263478198978333e-01
5.577104735326445795e-01
2.055506968803600287e+00
-1.732367157712595418e-01
1.057178232016920072e+00
-1.473569002169778708e+00
1.397051527911040480e+00
-1.571395207975962993e-01
-9.457026122583401806e-01
5.655729363559240941e-01
4.477179602375044309e-01
-2.012623099303059160e-01
5.581134302204144859e-01
4.561977900395907115e-01
-7.471683951348524477e-01
8.449130386879661891e-01
9.650339461115555739e-01
-4.801489969924713774e-01
-6.898858798276807924e-01
-9.322663599988242344e-01
1.452990126458398201e+00
-9.211986504348634863e-01
4.750570950523054226e-01
2.573304681201862287e-01
9.747846313710606392e-01
9.509493673412166004e-01
-2.580545995578307217e-01
-7.166099750707621840e-01
-1.466411652979572988e+00
-1.342472322362382009e+00
-3.225459111651958199e-01
-4.854456058142291863e-01
-6.766439990047674602e-01
-9.452581800239681087e-01
1.944288529265091103e+00
-6.321561512598695698e-01
-1.183782675092215353e-01
1.263982626762770733e+00
-9.842191276455676263e-01
-2.769099235748486709e-01
4.557068429517275865e-01
1.277584916182995523e-01
1.059311075348536413e+00
1.008899661899571587e-01
1.142367002826280231e+00
-7.297284686640104212e-01
-7.887424088338258477e-01
1.405622732471963676e+00
6.081092899960277576e-01
1.486424513384358992e+00
3.237228402812408756e-02
-2.239114485225290885e-01
3.128209282667148150e-01
1.150324841928672237e+00
-1.149194562758544258e-01
2.306893887023262479e-01
-1.556248919936855213e+00
1.215367351395579609e+00
-3.377305741008505002e-01
1.159697533589585827e+00
8.092560033200935088e-02
1.617982690667069789e+00
2.677773961993022978e-01
1.987824441800273290e-01
-5.931060949711525199e-01
5.826854746565022225e-01
9.882274442695480055e-01
-8.582057635298201426e-02
6.949929801771964621e-02
-8.706114594382698968e-01
-4.652301198254051862e-01
-4.243223188402601709e-01
6.323728496746201522e-01
-3.894738263973771542e-01
2.621220549493974428e-02
5.677838070835365958e-01
-5.727296100518211586e-02
3.369357969924096086e-01
-3.413202011211242670e-01
8.914594369953088293e-02
-3.129179772291351691e-01
6.246470962511820879e-01
1.119413163496639996e+00
1.047198782897811764e+00
3.995567269371336216e-03
-4.392340489044093133e-01
2.728625198222811576e-03
1.047837961813860685e+00
-7.121758752149158767e-01
-1.029982037822606333e+00
8.718617180372715270e-01
-1.445625554201570573e+00
2.836056496532501914e-01
-7.902422422417424430e-01
9.239810596525843689e-01
-6.569469428338948758e-01
1.047748144653283253e+00
1.711584894655329814e+00
-1.387182469667779028e+00
-5.850333437730419472e-01
1.146934917452008484e+00
-1.288632778713332261e+00
9.167540048106279649e-01
-1.291307667688093908e+00
7.539159487776375679e-01
1.754509253597899554e-01
7.219405789777288973e-01
-1.405640706150708130e+00
-2.526310209475600921e+00
-1.162875916259148656e+00
5.956463930858792999e-01
4.850590761564123055e-01
-1.682183875440601994e+00
1.782984460453047038e-01
5.729670699225875019e-01
6.719918858325810707e-01
9.799118895373676308e-01
-8.493853902497483510e-02
-1.934053344634977467e+00
-5.937679504516701900e-01
-9.634146482153269631e-01
8.986157195795816399e-01
-4.748252940316648463e-01
-1.186466986289624881e-01
-1.166787532587825194e+00
5.560449623113332684e-01
-1.237066696196239768e+00
3.559178773881285229e-01
1.384720276681522755e+00
7.517994023250835767e-01
-1.153527816726795940e-01
4.789286344105023741e-01
5.095738598499832683e-01
8.560966582493833021e-01
4.104904953802483991e-01
-5.562692039059219384e-01
1.596005542231860863e-01
1.252008171405169179e+00
3.245153285075241811e-02
-6.130476499900350262e-01
-7.462944859806015518e-01
-1.127816908833540577e+00
8.907347735534741906e-01
-7.112792963252052569e-01
1.221221828316218172e+00
-6.179392436893922369e-01
2.717386731090829510e-01
-4.701149689075262428e-01
1.830423977642476885e-01
-6.291820417024067691e-01
1.229181417671045384e+00
4.183160259144993454e-01
-5.047906812979285895e-02
-2.917641711113010405e-01
-1.417761370617160122e+00
-5.089831331645255919e-01
-1.225094571905267493e-01
8.501554728881369760e-01
8.292078316809894378e-01
2.779520705122792701e-01
6.975357609032744044e-01
1.044812484251055551e+00
-1.938199045891868311e+00
3.058967669379467624e-01
-6.347141151824564620e-01
5.053241612398260418e-01
-1.255723079322245139e-01
1.170663202617951537e+00
-1.116002213427275791e+00
1.952590679151493536e-01
1.001274989688207828e-01
2.129911972010751775e-01
8.149256084129308242e-01
2.895963568764509111e-01
1.277603747874656470e+00
-4.921909879287524880e-01
-6.240800156971798573e-02
3.166383983490195231e-02
-8.676610455957928236e-01
3.356490136140255487e-01
-1.330663856730132544e+00
-1.319788403432603285e+00
-4.631326069492381903e-01
-1.018109639947820444e+00
-8.076675720499312261e-01
2.036861582405742332e+00
-8.646268771104625994e-02
-1.152785713795845268e-01
-1.440720188633275223e+00
6.824317949872074074e-01
1.035176249758283706e+00
-3.952656996193995020e-01
1.223197679695386952e-01
-8.346035694400704141e-01
5.609875467686009642e-02
8.997236078921448943e-01
1.272616996651231513e+00
-1.126243468351238786e+00
-1.061293087015485304e+00
-2.569245466382161780e-01
1.795348107498853096e+00
4.931254384867213569e-01
7.444132114010226786e-02
9.174710887195387521e-01
1.076267226143608147e+00
-6.045598727014572793e-02
1.744893128705153451e+00
7.356955390198782752e-02
1.506293316032996099e-01
1.540199295801360835e+00
1.048030947581700900e+00
-2.380133040256012245e-01
