2.233037872447074523e+00
3.491907053135229422e+00
-1.159913591519468135e+01
2.689387962343813854e+01
2.142408218972749623e+01
6.518537788913430830e+00
-1.466131510538039429e+01
5.931429530578524734e+00
-8.679733633242188162e+00
-1.342378945382053423e+01
4.423655647228065391e+01
-1.820536959706862845e+01
-4.878554669120107157e+00
-1.229831919169108723e+01
-1.149977372174700108e+01
2.150071054962220529e+01
8.177696412760575129e+00
4.110870054174522892e+00
-5.102227380969047488e+00
-4.886033816770181115e-01
-3.877589109323221983e+00
1.926879048283994322e+01
4.126443039171021177e+00
5.026540669162885777e+00
-1.816199453874405734e+01
1.000586787076523265e+01
-8.863577216753629751e-01
1.709743930468098227e+01
-2.297303664909629717e+01
1.466356970291288242e+01
-2.073371609225985424e+01
-6.412567572762267076e+00
-2.259066157886859116e+01
-2.519074012367637039e+01
4.116938551882613240e+01
2.114513343312533777e+01
2.912621248514563721e+00
7.476954878476149702e+00
-5.137743657228214289e+01
-1.071021736085240228e+01
2.278007037176817562e+01
-1.871914799818253172e+01
-4.561206649388751089e+00
5.733823441263379728e+00
3.156718341913526960e-01
-1.978204911017710188e+01
-1.304331578817524395e+01
6.124013571732674244e+00
-2.107271570243980463e+01
3.250719313829695256e+00
-8.422809292926862312e+00
-3.424739215397855752e+00
-1.040192746070225915e+01
-8.095026560618357792e+00
5.110665754271165540e+00
1.146449642823258408e+01
9.063515609967733866e+00
-1.117645478319679242e+01
9.919281376809204076e+00
-6.147160694021031269e+00
-1.561455198749703577e+01
-6.249441907290409937e+00
-1.826749496124970307e+01
-1.929116660473674472e+01
2.348580440554989224e+01
-7.410636500891345513e+00
-4.098791596061575504e+00
4.735856215490876764e+00
-1.019861850877401643e+01
-1.657769659243597005e+01
3.649748339680350728e+00
-8.379351935762674231e+00
1.864173840920028358e+00
1.212856393986576009e+01
6.104942928081791287e+00
-1.758270585775751016e+01
8.017951559864638256e+00
1.389924901610294139e+00
4.528839379441421009e+00
-3.556608990631926304e+01
3.391008419079168057e+00
-8.496548517213813767e+00
5.966593359937810703e+00
1.125165330321430446e+01
3.214604585368554979e+00
-4.514807339529419927e+00
1.601434435847967741e+00
-3.250789449373809958e+01
-8.340912126523537751e+00
-2.148907024148798417e+00
-3.280935498235909353e+00
2.068161097262003523e+01
7.000441325361926204e+00
1.392488492664208088e+01
-7.366288825905042081e+00
-1.178665394904692132e+00
-3.706720657283583620e+01
-2.689835974541651797e+00
-1.262687677790349738e+01
-8.566558729238215264e+00
-1.869308651055109394e+01
9.915417562472041979e+00
7.852131075318145470e+00
-6.180235481541217213e-02
-5.362554217312839100e+00
3.446018680253115196e+00
3.796561463084138222e-01
5.475476070940680451e+00
-2.337524655395236906e+01
-4.758744170161300246e+00
2.030284421893469116e+01
1.991189162177283833e+01
-2.235941340655348242e+01
-3.946605565103394664e+00
3.197144013145627461e+00
-5.391342847556484408e+00
8.135501521317429763e+00
1.320569847597686808e+00
-8.972738802760628074e-01
1.281859686667518439e+01
-7.497745311781949695e+00
1.217083899584878459e+01
6.187273763203546828e-01
6.227276013858661585e+00
-2.195591514037329972e+01
-5.926496272110030716e+00
-1.198243619971101204e+01
-2.418146773802247740e+00
9.856656943967076479e-02
1.317059693747473048e+01
1.432036813223860783e+01
1.098417822323105320e+01
5.832107521340287981e+00
9.440700813546561321e+00
-8.550805725306027227e+00
-1.059257993461082492e+01
-6.539471195521810998e+00
-9.078795747891487133e-01
-1.617644608730430633e+01
-4.172799135239046109e+00
1.435943423566388510e+01
1.037664016472550976e+01
5.281489940843701270e+00
1.520131848121008655e+00
-5.618625451336346721e+00
-7.332508772194236357e+00
2.349473040234587362e+00
2.703670731124470450e+01
-1.512531126133491455e+01
-1.547877727998151975e+01
2.056524261155157873e+01
4.762388573087967814e+00
-9.588976210839904368e+00
2.505648279323414496e+00
-4.813930442877403237e+00
1.074425306279181314e+01
-1.783871759144761526e+01
2.042889598679176189e+01
1.484504656389179544e+01
3.156308943929790001e+00
-1.066492887944323087e+01
3.762381396537473499e+00
1.786637550175046663e+00
-1.286814246087194036e+01
-3.548167214912915313e+01
1.478824834384707287e+01
3.399554722448675514e-01
2.568454985125702805e+01
-6.807075960654166202e+00
1.982388170248209791e+00
-4.096108941776391177e+00
-1.606527706240668962e+01
2.675217026352339289e+01
4.340964035080689953e+00
-9.828214379099399878e+00
1.145290885274388870e+01
5.140862408799904415e+00
-4.663400902454027275e+00
6.981203844908328016e+00
-4.282030821583430402e+00
-7.187649984353516430e+00
8.202874993809281534e+00
3.124566898362622780e+01
1.376291802331455871e+00
-1.015939269680798063e+00
-1.374621176552947155e+01
-3.656311671898695437e+00
6.343126994678842223e+00
-1.061776344557303986e+01
-1.508530235019951071e+01
-8.240229549523442998e+00
-1.010769224252485010e+01
-2.703151799921280585e+01
3.687836049086202550e+00
-5.784320014441866498e+00
4.267553530150451024e+00
9.664414611492553320e+00
1.531283546389198946e+01
6.797366790732773723e+00
-1.462472202958404388e+01
9.944194346175304844e+00
1.048896327584513122e+00
-7.449037374723085136e+00
-2.003701849536635748e+01
2.410926008146223154e+01
-4.471221575528504744e+00
-7.318271902331192180e+00
2.635687676624481224e+00
-7.737564699275502278e+00
-2.118229044594896138e+00
5.151995825985274280e+00
4.910341440458644513e+00
3.658686323368337323e+00
1.260596856163717305e+01
-2.072497512419079513e+01
9.918829006736554765e-01
-9.968648610924051301e-01
-1.333734471973848912e+01
-1.990814963373290114e+00
2.621571533842308455e+01
-1.622981558006394920e+01
-9.130669365474157750e-01
5.023119051867269036e+00
1.092576901841137094e+01
-9.637539831903271903e+00
-1.857661306938980683e+00
3.485373814995033737e+00
1.178056041159175926e+01
-2.839126665518013848e+00
4.499844218916702943e+00
-6.682750660332111181e+00
6.947772624729044111e+00
-4.860666783725992701e+00
3.145330457546181790e+00
9.978023747211173244e+00
1.030526886900309513e+01
2.196789565256062815e+01
-8.181633515607373397e+00
-5.153222445213346603e+00
-2.554984558970941677e+00
-1.010228404398053748e+01
1.956355941264171250e+01
1.015902707460890220e+01
1.712386047041525217e+01
2.551197734062974831e+01
3.639927420105039779e+00
-1.200654912246134387e+01
1.521503490964548178e+01
-3.102319130268146985e+00
-2.394160205826864285e+01
2.395806468019748614e+00
-3.897337084492862314e+00
9.332983546948616649e+00
9.478534914686417068e+00
1.973580708569014774e+01
-9.286317292260729772e+00
-8.353164775970167710e+00
2.718773777915440837e-01
1.535281769875587443e+01
-1.551817315512521667e+01
8.535576851321639680e+00
1.432294547504110582e+01
6.003351912114479383e+00
-5.244271354494175696e+00
-6.490116942659163612e+00
