-2.864901264985459939e-01
-7.241666365897447832e-01
-1.386276738349847548e-01
7.199356595139185799e-01
-6.305658670720875048e-01
-2.086855977989245936e-01
-6.603412528650773883e-01
-8.331619826233656045e-01
5.301278949182588462e-01
-7.387502187807628573e-01
-8.454563679435556089e-01
-3.039702762737994668e-01
-9.734011930415258362e-01
-7.525634050426417421e-01
-7.082251100070178218e-01
8.813002301512784520e-01
-4.154355592417444676e-01
2.575311432353011298e-03
1.893923894642286498e-01
-7.275563724958615808e-01
-5.157546049357557560e-01
-5.784608675581572879e-01
-4.546344636011554474e-01
-8.003036350471324223e-01
9.323818381021775625e-01
-9.341432154920981112e-02
-6.176294676555973417e-01
7.169242448443646776e-01
1.450660007607669222e-01
-1.184666522176920367e-01
5.809895981330126524e-02
3.707819099600653256e-01
-8.613689824432912978e-01
7.820007182017032488e-01
-3.054584917029392610e-01
8.720251952206297119e-01
-1.802285732561694775e-01
-4.301634824934168488e-01
-2.911292693519809127e-01
-7.213483974458965164e-01
4.921604609681922149e-01
-9.674866271126163486e-01
7.630876170627054478e-01
1.033486501440075145e-01
9.638523466981439025e-01
-3.129102255958597922e-01
2.834424166245879118e-01
9.912009402557724336e-01
-1.050788523196659607e-01
-2.810697589856303580e-03
-4.151598570979935232e-01
1.277490009663306836e-02
-7.225830459346904711e-01
-3.495791059463626560e-02
3.551769040223569096e-01
4.184055030227673555e-02
1.142139826628549848e-01
9.823451695004179474e-01
7.709754697265247536e-01
-2.008696449625491098e-02
-5.652835165077205737e-01
2.940771783429083630e-01
4.410075972413183276e-01
-7.591554702033085356e-01
-7.802279316295182010e-01
6.714782017706049100e-01
-7.246947803081069672e-01
-8.188521460505793215e-01
5.814740269728317923e-01
1.703881258746815508e-01
8.403030104692492674e-01
1.462132610179267544e-01
4.993129571335155337e-01
7.270794537315972139e-01
1.273481655619952413e-01
-5.314111748291063808e-01
-2.975110574587251921e-01
3.614797711157358151e-03
-6.700550859899339073e-01
-6.408821847977537178e-01
3.678709578235195288e-02
-4.292863342851578334e-01
-4.180081893242599822e-01
-9.322043882972692597e-01
8.111398125398432413e-01
6.111533647279976389e-01
4.212066971586059250e-01
8.321233698051233585e-01
4.277316162053512727e-02
-2.094507868723378685e-01
-6.372952347125324657e-01
9.452414019754880048e-01
3.792086432526442508e-02
7.791177848210046886e-01
4.403103724795374152e-01
-9.248974355015771032e-02
-2.807223146758821564e-01
1.639897684643822906e-01
-2.073517553662826973e-01
-8.036586226154289747e-01
-7.184403613928194154e-01
7.767393532636290843e-02
9.587237617571160442e-01
-6.046138722175853353e-01
5.508948894831868781e-01
-7.836641657129606031e-02
7.243689912513253670e-01
-6.967915690952084518e-01
-1.156642554825195734e-01
-3.020185940589135143e-01
2.163296775120857607e-01
-2.572253664457877509e-01
-7.302816750516147870e-01
3.888838285901552450e-01
-4.103956981757990174e-01
8.738617818012976990e-01
-5.377402292367383652e-02
-1.195899075386395172e-01
9.130453220633816258e-02
-7.082924388446376618e-01
7.315986961141773826e-01
7.507914203704797451e-01
-5.550252481296618079e-01
-2.392471954378136978e-01
5.870260758683274460e-01
3.360628745722582522e-02
5.574120564538438405e-01
9.807976071430823950e-01
-9.177705212400339985e-01
-2.660932347763067529e-01
8.147759689230771318e-01
-2.730118399000047713e-01
8.295051705019751420e-01
9.020719141199990965e-01
1.098423055344022181e-02
-6.988074326397322178e-01
4.211569732388324994e-01
-8.324917550537143107e-01
4.282938572976324743e-02
-4.947397796461756592e-01
-5.653097107918318986e-01
4.569172154527623153e-01
-8.984585532404063546e-01
-2.132486018603234612e-01
-8.176431436141526898e-01
6.938369737807239535e-01
9.265617152334819639e-01
6.362741111514704784e-01
-8.058950641063322706e-03
6.074180858361890589e-01
9.650176131047596417e-01
3.399033759792313703e-02
-6.499778355073291269e-01
8.699972183794104641e-01
2.919571655159289847e-01
5.093122095877045119e-01
-6.426392012782282670e-01
1.975431626503103555e-01
9.517716778867322258e-01
-8.629583438974188780e-01
2.729470790246228962e-01
-8.983989102714964314e-01
4.413664558101562108e-01
2.515003391973522628e-01
3.918092422584211754e-01
-3.393828057742482862e-01
5.027047590439683855e-01
-4.046548960638423065e-01
8.092312815714319818e-01
-2.725544592548447831e-01
7.813877538254865307e-01
-2.297891871979991230e-01
9.370660783106889991e-01
-5.261639198869187961e-01
2.577687538588890881e-02
-8.955536917114113038e-01
3.753650041898541900e-01
-6.227690840219848312e-01
5.239576965386676388e-01
-4.931615113507106241e-01
-7.696392366513404859e-02
3.962447679715657145e-01
6.010326630278897131e-01
2.276649936318533296e-01
-4.600821981957419204e-01
9.139520497609117111e-01
6.848361239985103488e-01
5.860948759790354234e-01
-8.152100123287486788e-01
-1.104428846660292507e-01
5.371096735348881435e-01
5.124937917192959880e-01
9.854641380221063063e-01
-6.345894825288380670e-01
-2.944159662329139948e-01
2.619367222845683241e-01
8.627445518123442181e-01
9.143930230571841733e-01
-9.052748325436930088e-01
-4.925689512837421180e-01
2.396260597908426160e-01
-8.709370828051166136e-02
-6.065147511982322825e-01
-3.653277842001945164e-01
-9.881905153081091964e-01
-8.196441191695946760e-01
-9.859804508247675958e-01
5.739957470454943866e-01
5.622880756122323742e-01
-3.013154664276189720e-01
4.440232057458406434e-01
-3.514706622488399379e-01
8.497532910968181863e-01
-7.515575881812999182e-01
7.954658899061057831e-01
-7.175020334509258912e-01
-8.513404583275008264e-01
1.751698917017652235e-03
1.599096393503220970e-01
-1.060199937835852868e-01
-9.724095903589236034e-01
-8.989857935162255398e-01
7.198792248401475469e-01
6.185946291078947556e-01
5.603049937152368987e-01
-6.172476946146863153e-01
3.424565778413142247e-01
-1.104759989493486749e-01
-2.080674151079895395e-01
9.679451117323842890e-01
9.062459481883466950e-01
8.390251866856639484e-01
-9.836470746088605832e-01
4.222971821692127481e-01
1.333981031211306512e-01
9.495052660272809142e-01
-1.582027218594774798e-01
-2.479386439461581659e-01
4.790953180087835772e-01
1.255256153997390545e-01
-6.960380904819671866e-01
-7.679531059599664644e-02
-1.900534023715574339e-01
4.274152090969343121e-01
6.432019376752009521e-01
-3.603119127455349791e-01
6.451333911007710586e-01
4.171788949000216906e-01
4.010535628288458554e-02
-6.686652553769272256e-01
-1.730900512607169706e-01
-1.464731767109039851e-02
-9.158087240438341770e-01
-2.201239846791227528e-01
-8.009088886705224564e-01
-7.750397800762305334e-01
-1.692618929436209285e-01
3.851396788366645563e-01
2.643723654470035989e-01
9.355149701250780048e-01
3.927273411156904093e-01
-1.373369021593295880e-01
2.527345966907919017e-01
8.848499933626738922e-01
2.993991726918674434e-01
