-1.221053355929866191e+00
1.824539345864605311e-01
-8.417059124683299309e-01
-3.403894525670614346e-02
-9.927683045140460738e-01
-2.821173347065396353e+00
9.284740910449940099e-01
2.327343442827181919e-01
2.644951840953569722e+00
-6.530292504780961238e-01
2.260475320707870939e+00
9.664087696519758630e-01
1.897439220136830862e+00
3.027265897121642624e-01
-6.780815335671148691e-01
-9.027713663806865574e-01
-1.927601792873683717e+00
1.163175476826605603e-02
-1.403131579877625046e-01
6.297788454148790516e-01
7.001501782038350719e-01
-9.776263785697107966e-01
-4.433159622064027916e-01
-4.163148047329442991e-01
6.446646033982242896e-01
-1.663922479725773229e+00
9.491096575162949467e-01
1.352131756266972129e+00
1.380713988348696852e-01
3.676698668281066507e-01
-2.116977351432693388e-01
-1.926541994232524146e+00
3.878380762779622959e-01
-3.911732390575768825e+00
-1.145440582449515077e-01
2.332922063530529222e+00
8.151506959015364373e-01
4.936740714953775644e-01
1.252043369590284616e+00
-1.968068668899358276e+00
5.759182543317811209e-01
-1.285883729991572633e+00
-1.749626241811012006e+00
9.504026725929279884e-01
-1.781780098217186303e+00
4.751854054169733499e-01
1.192693478076203295e+00
-1.185531156042769929e+00
4.109415505441796346e-01
1.457763480899410879e+00
1.089177819462753050e+00
-1.863590159557828585e+00
-1.323430452553318037e+00
1.699005741355668342e-01
6.082776078203344650e-02
-2.513340404252975557e-01
-1.683025595170978272e-01
2.731480755775987479e+00
5.820347110776182831e-01
-3.328868142603248481e-01
1.801158005833478182e+00
-6.951694356861412016e-01
-2.775023762367558433e+00
-2.149633944629628091e-01
-1.942501717438281039e+00
-4.055303271722042746e-01
5.053677438346781958e-01
-2.645927178099933275e-01
-8.050125245980872535e-01
-4.256950825910938985e-01
-9.067147576179672708e-01
8.563754224279467309e-01
1.201922691831990964e+00
-4.092391652230894517e-01
-3.507174850090044593e-01
-1.720596408511989139e+00
-4.037468519764515484e-01
-2.406176000188515740e+00
2.777892138405443578e+00
-2.079103336030240223e-01
2.735244895878846449e+00
1.237557995956644508e+00
2.838473971117149164e-01
-1.250499702934095403e+00
7.675097725620960709e-01
8.584106638672357459e-01
-2.659336462543430812e+00
-7.966336446110868774e-01
1.399438857420760796e+00
-4.808088824194690636e-01
1.151881734280497893e+00
1.719066272955210195e+00
1.513567985746246403e-01
-9.653952352297932027e-01
-2.353451806998750895e-01
5.964107015485318186e-01
6.745170826058597413e-01
4.412930214869378309e-01
4.509773535716478099e-01
-1.171409164827791560e+00
-7.128244122601996580e-01
6.011390269225380667e-01
-1.427426754634917305e+00
6.862217521318185742e-01
6.808597849536074387e-01
-2.426577120832720702e+00
2.720841004955145692e+00
-5.792376460109255332e-02
-5.304341280071425135e-01
-1.654672632969303114e+00
1.859373785865954032e+00
9.871371132864521503e-01
2.071613141306852146e+00
2.813369852869236354e-01
-5.683627605822034745e-01
2.557592539976153656e+00
7.257539739169183157e-01
-9.261348668623158309e-01
-4.763880178670695797e-01
-9.228953389954677178e-01
4.457533315708121502e-01
2.685511026299426618e+00
3.009191312049834366e+00
2.422066444603253044e-01
1.946694618216872341e-01
1.002898199447486149e+00
1.891944954901243481e+00
9.068752438479453781e-01
1.048121752856459310e-01
1.509018089982913757e+00
1.385266680554922303e+00
2.126465252589132326e+00
2.137297895189428587e+00
6.745780149263944647e-01
1.961257727961421837e-01
6.036081581878636193e-01
-1.252065895345598312e+00
2.210847848513268765e+00
1.214172638212764443e+00
-4.027187064799965244e-01
-3.603182716573297695e-01
-2.215088635099985659e+00
2.386396973590421133e-01
1.203676608111331481e-01
-1.217930045655687632e+00
-6.344919297206753628e-01
6.786907821075602865e-01
-8.962075498420501996e-01
8.261729964780071267e-01
2.845618299843689636e-01
8.980532253942526966e-01
1.119882173291519845e-02
-1.013681486176650104e+00
-1.693304618271407769e+00
1.794644310630460149e+00
1.361702373074825667e+00
1.754078212543939141e+00
1.924527704887239343e+00
5.643347232371426214e-01
-7.755176393419853653e-01
-1.759314410856435140e+00
-2.359889993927700491e+00
-3.412118068687119976e-01
4.928517110722490102e-01
1.513695155399193304e+00
-6.199482651603496208e-01
-1.129515681561777729e+00
1.757531441002070371e+00
6.819044609098825482e-01
8.230113398653718937e-01
-1.103232462717062212e+00
-1.155905647688825200e-01
-5.647343476380262128e-02
1.883792942780753377e+00
7.316621264219907994e-01
-1.876833557747374925e+00
-3.536410530651540318e-01
8.868882490830534149e-01
-1.989595851670201920e+00
-1.458794213103526971e-01
2.967718601542740364e-01
-2.510561525729051446e+00
1.931087787587509208e+00
-1.768321344698690956e+00
2.364825618067595836e-01
-3.468354674203784072e-01
-8.481043644597509035e-01
6.805112380214735079e-01
-1.154388823677996889e+00
2.019088359301210556e+00
-6.533219262660840965e-01
-1.119619217938028211e+00
7.989205085754426117e-01
1.026266118902161129e+00
1.143772673332089873e+00
-1.518268082191438495e-01
-2.525206924603068614e+00
1.623112038091332865e+00
9.035299826490772457e-01
1.814627363099371671e+00
1.018335545415693044e+00
-1.555953080122883803e+00
1.879849062794553549e-01
-2.344048161554955101e+00
1.133185247691353537e+00
-1.033680931707720685e+00
2.913348512399178247e+00
2.910623694790573923e-01
2.633664423670650789e-01
-1.436994809043745658e-01
8.519532653641338493e-01
1.455710693374263398e+00
-6.170746300005972573e-01
-1.104148043557717562e+00
-1.811370533511784675e+00
-2.249861888855537284e+00
-2.306748214325728519e+00
-1.409672296767360278e-01
5.900571381641259716e-01
5.431553178540998728e-01
8.132241193829350401e-01
8.714817547457680558e-01
-1.011682691435908943e+00
-1.127979444790454533e-01
8.622201873915341652e-01
1.234821372459105060e+00
1.145771486514932658e+00
2.325161285371868392e-02
2.602256580645533335e-01
7.663283029982012051e-01
7.376103272069303163e-01
-1.547384347884224631e+00
1.712441161138638535e+00
6.954971651830970103e-01
-2.405043485724450147e-01
-1.917429892700245775e+00
-1.334575614336686589e-01
8.668368776602690673e-01
7.962104460378862658e-01
1.320600378447621015e+00
3.304453251739405961e-01
3.076645893114714481e-01
2.576521177086286696e-01
2.268195836252285824e-01
4.721039633675766511e-01
-1.514916819234469525e+00
-6.436866178838982488e-01
7.689585285296591799e-01
1.900745058143257227e-01
1.147341458634713485e+00
4.376582569311282533e-01
9.968919919090952764e-01
1.270981990360088520e+00
-9.943491370783950067e-01
7.589834619737889643e-02
1.357468683705265855e+00
-2.200680110468563377e+00
-1.040311222898423482e+00
2.002744071870911302e+00
-1.674968873337907782e+00
2.091916361590852702e+00
-6.344373797540648896e-01
-2.270478673844780193e+00
1.010910069076263795e+00
-5.225518334743533000e-01
