9.167363776347969839e-01
1.323596776072935022e-01
8.111926513791039017e-01
-7.360694985033502391e-01
1.781326368476245925e-01
6.038442929798195635e-01
8.666085284812792278e-01
4.665854957785688928e-01
-5.453696723365712984e-01
3.806815559535619009e-01
3.491740816393489322e-01
-7.698707969543396867e-01
2.696129293251749992e-01
8.368569641518868174e-01
-2.160703603657199157e-01
-8.843567521333759451e-01
7.102004538788047050e-01
-8.465659376449916618e-01
-8.516730742935820775e-01
9.743349043841833534e-01
4.947374063173630709e-01
8.902761793290814296e-02
7.258745396263202032e-01
9.686654992117083030e-01
6.852757483625750989e-01
-3.368403230045968755e-01
2.013650257081334161e-03
-6.091486544189332886e-01
3.324693310701634097e-01
-5.758331708535506799e-01
-1.800207125376926953e-01
5.287018461388528490e-01
-7.662984393322138654e-01
1.966958382321293275e-01
-1.706087548767543094e-01
-6.352041092313867043e-01
-5.552140294051406411e-01
-6.198196182903037421e-01
3.782562825675632734e-01
-7.603248046962827189e-01
6.863579392551439895e-01
7.374498003967799864e-01
6.044816660215970305e-01
-2.698729089023590433e-01
1.049008844152028441e-01
-5.099248038762134172e-01
-4.891954657191524003e-01
9.749409872883796346e-01
1.943876222269620424e-01
6.631111784661805064e-01
4.626261652665681900e-01
-6.695018371405558888e-01
2.196695795406400364e-01
-9.481647247597373429e-01
-8.112344423186073072e-01
-7.057526865499303970e-01
9.611850236852468310e-01
3.142604465397622615e-01
2.211925571733035500e-01
6.275907001404315011e-01
5.208845413441089978e-01
-7.790819464258325056e-02
7.191797119826002227e-01
-5.507091670125112692e-01
-8.425504880490852777e-02
9.850721578400489786e-01
-4.264435121842411469e-01
3.671071646552490630e-01
-6.066734717151094358e-01
2.540339629818133549e-01
5.195114603386286056e-01
-9.019845475715271288e-01
6.211366126310609026e-01
9.733837163637213408e-01
9.600335199148612997e-01
7.437671223291708600e-02
3.910028228729069966e-01
-8.810176068272530525e-01
-4.933729264919142210e-01
-3.807188525048605943e-01
-3.818929266506321252e-01
-4.780921977669507772e-01
-6.086858352532473759e-01
-5.999051397353918347e-01
-2.310726813272006019e-01
-5.109321033747411533e-01
6.829204905910581935e-01
8.551548109017463872e-01
7.785095098782068845e-01
5.194200042181398302e-01
-9.317843347496372886e-01
4.518225431617919341e-01
7.937320194409376306e-01
7.878137138428940034e-01
-6.626977090845569407e-01
4.679158226902793150e-01
-7.569789027665227987e-01
-2.945201339182432765e-01
3.349148196983107173e-01
-5.254497626134955190e-01
-7.188045234044440068e-01
-6.987151856484419277e-01
5.225889770335234719e-01
3.995724278505898841e-01
7.771656440785201791e-01
3.335281342670066707e-01
-6.481086226717009957e-01
-6.850789550432780928e-01
3.304027997909180225e-01
6.263158310790570837e-01
9.787017765297205685e-01
3.574021291750726359e-01
5.533058538296711237e-01
-6.388957254684077824e-01
8.024853582748499026e-01
-9.110387042512686495e-01
-5.906439914770489352e-01
-5.195931762360233019e-01
3.183024903252424931e-01
2.120292947455784116e-01
6.890097034269928589e-01
-7.340318741927909230e-01
-6.555168062405820617e-01
-4.260623512054009243e-01
-6.934615554013805472e-01
8.534573030851768660e-01
-7.155868996182115360e-01
-8.486625406435428509e-01
-1.741972368003292804e-01
-4.160982511848907439e-01
5.677920415605020033e-02
-9.691251404747924791e-01
-4.985386265590197041e-03
8.042054400613236620e-01
-5.208927727601559976e-01
6.660007395058609170e-02
8.286972424015415228e-02
-3.178127087120345973e-01
-6.349868350386134175e-02
-4.531906284085440717e-02
-2.169771570638328040e-01
-7.481260351769614125e-01
3.515174731365613425e-01
9.631540519271664103e-01
4.967232743245100224e-01
-9.900508355981221253e-01
-1.788849747577838656e-01
-6.681416442424779056e-01
1.409947422410520179e-01
-5.861299583749701725e-03
-1.354370588376461182e-01
8.924408085446164929e-01
-9.271791304252086086e-02
-1.623934927419798946e-01
9.170657024891313291e-01
-4.130739297994627801e-01
-2.071150812895221627e-01
7.365401077210105285e-01
-1.283941719559880124e-01
5.319837704529943867e-01
-3.236679395095389822e-01
-4.952013675131676784e-01
-1.740855307117155082e-01
-4.715775195164240152e-02
4.423838406370865783e-01
-4.881431578920114589e-01
8.456610945015474723e-01
6.296177376880256471e-01
9.575677703848382016e-01
2.341186982480469858e-01
-9.178411311225953551e-01
8.988211716295257947e-01
7.682798583454153452e-02
7.860605179220745420e-01
-8.604338128613484571e-01
6.268706207160570365e-01
-5.362101827919198982e-01
-4.286343512302370762e-01
-4.264677639645557683e-01
-7.971023117947617642e-01
-1.798083371928766994e-01
-2.214392768387021260e-01
-6.875973849121084225e-01
6.940436459439913719e-01
-6.696315683858444778e-02
-2.214787921996019815e-01
6.017336514756246313e-01
-1.511510423064987840e-02
-6.016672385743968565e-01
9.759318423753524652e-01
-2.082136218891994517e-02
-1.025893765938987734e-01
5.818177751208082338e-01
-9.042980186467668435e-01
6.374977410659643517e-02
-9.741726157935133301e-01
5.583918910656333612e-01
-6.814410087233528923e-01
2.529882289459177702e-01
6.328617278156463133e-01
9.384567202981017875e-01
-2.498718991032113923e-01
3.691538039865400744e-01
-2.897170700391535902e-01
8.615694336198846948e-01
1.832046617140823397e-01
3.265837297560063579e-01
-3.816776470458018711e-01
7.417036074699403514e-01
-4.580032787441288278e-01
9.649096948435276211e-02
1.552795853148758454e-02
-7.676341011776832701e-02
-4.256227535542171925e-01
-8.053231273022121162e-01
-5.849915891802643930e-01
6.355414316403513730e-01
9.073465646218228375e-01
5.011354161627432635e-01
3.385592983522660582e-01
-7.178508038871507235e-01
-2.129606068936280572e-01
9.995215133401089691e-01
4.580730020215517673e-01
8.446434881426043706e-01
-7.192252822301399284e-01
-1.290565144216428983e-01
-8.475803235744376884e-01
7.097581928011018615e-01
-2.258647359946637234e-01
6.247399495238279421e-01
-3.992211663681219935e-01
6.146572335166682333e-01
-4.594355972945092237e-01
2.888836811922770309e-01
2.377420921780364349e-01
7.410797769826078518e-01
4.261306270733205004e-01
3.525810148114099096e-01
-7.752521379484680342e-01
-5.308843213275762363e-01
1.692463328564806080e-01
-3.322003208904327209e-01
-5.869334277659659094e-01
-5.028088777087948991e-01
-1.152742765468983688e-01
3.735150970261735814e-01
4.838055094820505886e-01
8.630828541518620334e-02
-3.354954276254085155e-01
-9.572147509352753048e-01
-7.766540882057741957e-01
-6.298471354181249815e-01
1.917772564651409883e-01
8.896352665347542210e-01
-5.215118482869267602e-01
-5.115488430554799848e-01
-8.003147718895498031e-01
-9.555726087374898370e-01
8.357167938138816421e-01
-5.116008923047918877e-01
-7.138388043903260982e-01
5.529541527016847979e-01
4.189528539381059957e-01
7.313369036247001631e-01
