-3.904909341020014857e+00
-1.727226605319022390e+00
7.553644154312209480e+00
2.463723435850840193e+00
1.767946392806243239e+01
-3.155396753585168579e+00
-7.787368079645565544e+00
-1.208213576034770043e+01
-5.290578104447090091e+00
-6.863591127249218715e+00
-4.752628208349396033e+00
1.492210792493103710e+01
1.137413161646360038e+01
-2.788371234932356657e+01
-5.234769883262289980e+00
-1.055658368934286884e+00
-2.582958244790534152e+01
-1.046693720634334568e+01
5.159008598804055268e+00
-6.806079660905543172e+00
1.008446173537922874e+01
1.888871518349452572e+01
3.132418370279913233e+01
9.309145741873686708e-01
-1.752285407440558629e+01
-2.206142962630428528e+01
-5.158746982649436319e+00
6.238602558782230467e+00
-9.804612006617976050e+00
-4.787800233380717252e+00
7.848943825010348263e-01
3.294067722049041080e+00
1.568082650997251370e+01
-6.639981383762997069e+00
-8.645274057604392937e+00
1.142475229558980132e+01
-2.508755026628518081e+01
-1.853452665798690902e+01
9.040216638771019220e+00
1.005929604068148464e+01
1.111155640193812921e+01
1.438919480193318101e+01
7.959932587207307009e+00
-1.984706165128888600e+01
1.655259604904856685e+00
-7.208460360257480382e-01
2.772277029047318653e+00
-4.260278489079248665e+00
7.793408743535824357e+00
-1.511755358819827499e+01
1.588700007061813224e+01
-7.903613641235230247e+00
-6.483540199310735552e+00
-8.396791319462760583e+00
-2.364004179775052705e+01
-2.560275397457871804e+00
-1.892448241389962504e+01
-8.736703450102801582e+00
7.821401909542675668e+00
2.238332904662893696e+01
-1.132029730859736816e+01
1.370450658135190025e+01
2.755550006127304741e+01
-2.896180166688440139e+00
9.678396010047800146e+00
9.799914468453689409e+00
-7.506268765941742416e+00
-2.367724697275305878e+00
-2.458504175666162084e+00
4.145899175472143483e+00
-7.101848124593632683e+00
-1.931851004342259515e+01
1.956674022798536328e+01
-9.206093352837587673e+00
1.217033916562741425e+01
7.831445778078448328e+00
2.099824326993932644e+01
-3.728591886010980683e-01
-1.022002261801332779e+01
-1.974141202316669563e+00
1.560477299753748426e+01
1.932876151436442669e+01
1.261511381840767942e+00
-1.949347074021722914e+00
1.541595004605980890e+01
1.342723866561111734e+01
5.138946115723893371e+00
2.714697738852043685e+01
4.380067392439726426e+00
-2.868208956134849785e+01
8.788008551363775567e+00
2.313312549155568831e+01
-5.714047371658548258e+00
1.838352925827105722e+01
1.462801031753600967e+01
-6.788760065256565390e+00
-8.061543544167305342e+00
-7.881671637790788054e-01
9.215356594157093184e+00
-8.662038857670577130e+00
2.873281642626032362e+00
1.376584235949364299e+01
-4.655881847125541206e+00
7.447683264188426300e+00
2.455963791953677244e+01
1.511187177858687924e+01
1.042394999970512082e+01
-1.437784640394687230e+01
-4.379197064200498701e+00
-1.641118831295421998e+01
2.086805886253552345e+01
-1.067696520658237880e+01
-3.931013131367308233e+00
-1.423293226067134931e+00
-5.805790272836051535e+00
-1.341893569374141215e+01
1.112140656674262829e+01
-9.879055652828776957e+00
-2.961554872368491687e+01
5.555482250214620166e+00
-1.982889011404934720e+01
-9.364720401171441111e+00
-1.641004683878688297e+01
-2.246875680028674793e+01
-2.190414398098625148e-01
-1.096223960336738479e+01
8.981503928308011808e+00
4.256471419500639897e+00
-2.344357256395201539e+00
1.355548158133786707e+01
-1.901351058916592862e+01
-1.420339045675291167e+01
-2.649918805752667694e+00
-1.028248700681238326e+01
-1.395273903240188673e+01
8.622223171360072769e+00
-2.890711656284329578e+00
-2.149627770604155330e+01
2.375804723301860655e+00
1.166408421628003289e+00
-1.847944768191684162e+01
1.969949234397805427e+01
-7.627680394329422242e+00
-8.600333962075188410e+00
1.853469453958687652e+01
6.529159027194477716e+00
2.493797482249740849e+00
8.294419982997162322e+00
-9.804527629559586899e+00
-9.506030090850414282e+00
1.132178132698936679e+01
-5.486937391256452301e+00
-1.976530751336201064e+01
-4.487404332582722866e-01
-9.326316511261426356e+00
2.758598223223969015e+01
-1.413976441707237441e+01
9.338341731334498519e+00
5.024650024962296513e+00
-1.801080559050096852e+01
-4.838315343970342575e+00
1.330663923344139121e+01
7.651755324163784788e-01
2.594618719728337553e+01
2.477440598988096454e+01
-2.605669609224552019e+01
7.915604708578815263e+00
-6.716492488212305823e+00
6.806198582525405882e+00
-3.221186961998839138e+00
-1.881893659179626610e+01
9.833127555765081240e+00
-4.486348813215463416e+00
1.513556755405585363e+01
7.068497710211327778e-01
-1.293651369677177243e+01
-6.051735786280172391e-01
1.607649826725863207e+01
-2.701478635737702305e+00
-9.980820090962674307e-01
2.899070950805677782e+01
2.464723976416365758e+00
-3.207078557744364389e+01
3.069324299953168378e+01
2.542901846357104034e+01
7.705360238093727610e+00
1.324955290487226200e+01
1.309393438379813723e+01
7.193996819396246245e+00
2.772954478280822244e+01
-7.443597907770064026e+00
-8.951172936359048649e+00
-8.022762893553813113e-01
-5.664795271124310361e+00
9.966340408294012576e+00
1.308678386597714649e+01
1.239692848770302369e+01
3.825239435455456416e+00
4.878542030934149842e+00
-2.358287350314316910e+01
-5.488498456416052385e+00
1.841708852772360672e+01
1.823188508959605869e+01
1.552839648842799036e+01
-2.389905666818000540e+01
-7.871082046931103804e+00
2.057162695978354350e+01
8.953648327312048183e-01
-6.095758430322911536e+00
1.705089345078317109e+01
1.653668292900754722e+01
1.096787730195087107e+01
-3.113932726322328648e+00
1.372367764984571537e+01
-8.906210727955881978e+00
6.970386263736774168e+00
-1.875633516921248578e+00
-2.821575581718319015e+01
-2.924309725698683593e+01
-6.792492199409019271e+00
-7.117834378333506962e+00
2.696732225837460639e+00
-4.883833604737606748e+00
8.041887028429618667e+00
7.887260032438403456e+00
-5.757690443842944816e+00
-1.256857642100366412e+01
1.373256147863967058e+01
5.292083011752994892e+00
2.549477925310441861e+01
-1.461690217612499865e+01
8.882472581449164295e+00
-1.600965466078256227e+01
-5.391666307068903485e+00
-1.359767629037850512e+01
-6.690166457597618077e+00
-5.208559999113949068e+00
1.931543840073321050e+01
1.628814910857741438e+01
-4.697547786504439049e-01
1.064644173432448859e+01
1.822588472082358280e+01
-1.699272713104674093e+00
1.599160608514731940e+01
-7.192998507028724120e+00
-6.562186742178268695e+00
8.975919457608982910e+00
-1.873867135399940054e+01
6.405342880085736823e+00
-5.160659411362668036e-01
8.043061882223371484e+00
1.206596714228886924e+01
-4.079352659053761698e+01
8.315504477521807658e+00
-7.588425720033049604e-01
-1.654981535208680299e+01
3.514518929519955748e+01
1.700490063469239743e+01
-4.856279317506951188e+00
4.740215841192782165e+00
-1.060055754832505492e+01
2.310289236563137649e+01
-2.190010006723071356e+01
2.554222351462168028e+00
-1.887972439448249062e+01
