-1.733185326266825532e+00
1.577328795714884491e+00
-1.058627220024565219e+00
-1.719061844820827911e+00
-2.051900052585942991e+00
1.035098972679210361e+00
1.081387095903448170e+00
1.642409426536423911e-01
-2.648557920301462532e-01
-1.031456285406943785e+00
6.457482881617729320e-02
6.668370125236237067e-01
-1.607414131133603430e+00
1.935364488906742508e+00
-4.545242517590504239e-01
-7.039959343596338126e-01
1.472646558952788176e+00
1.567517750137131571e+00
8.318782203783898765e-01
-8.529439256689712590e-01
4.231959018473314127e-01
-1.023873637938162773e+00
-1.188156868590107829e+00
-1.025506178527129109e-01
-3.959038956990394986e-01
-1.475800946524864932e+00
2.420849670127826481e-01
5.186316278041899208e-01
-2.155433536154613527e+00
-8.373461618376595306e-01
-3.926904291687360882e-01
1.053815676799607415e+00
1.927683668481261492e-01
1.089617155289203776e+00
-1.515735999297208814e+00
6.920688513962376387e-01
-1.186503322012431472e+00
2.003616958426280625e+00
-9.430976054674137243e-01
1.592924022281722252e+00
1.336933659780115136e-01
-1.866134934733870931e+00
-1.422143945400176079e+00
-1.255625385714090658e+00
-1.505763129241298071e+00
-6.922824525391223505e-01
-1.590754932596723847e+00
1.303713504294089942e+00
2.248491639490104443e-01
9.685367341511088579e-01
2.021547827757096405e-01
1.148411416958182718e-01
-1.456649556936160383e+00
-9.811571233483756815e-01
-3.801162106113362693e-01
3.991428725549945877e-01
7.843287509712391081e-01
-4.554671268036878384e-01
-1.388628070498043043e-01
-1.482673483511005585e-01
-1.447685575553982140e+00
5.217667996325017210e-01
-3.820802550712867895e-01
-8.120658854218161249e-01
1.541485061831360692e+00
-8.686058861215021354e-01
-3.329888335499406882e-01
1.224311198489083319e+00
-8.826743849406283315e-01
4.970880941389360652e-02
-1.028443974757117241e+00
-1.109117432812438242e+00
-6.981007329401710537e-01
6.645413352661361239e-02
7.775779560074833618e-01
2.376543739109453490e+00
1.017753708345213726e+00
-1.019855406155254052e+00
1.127906413623050108e+00
-5.574668690398822957e-01
-1.928746703057153455e+00
-1.706918511081039647e+00
-6.007163697892947685e-01
7.842672646665659331e-01
-2.070026773740734960e+00
1.342989789328795647e-01
-8.209660851279949600e-01
5.743621186794052313e-01
-9.445458163761393244e-01
-4.707553271339565137e-02
-1.723719107069578982e+00
-1.744548758948608169e+00
5.293906474898589787e-01
-1.876898331943954723e-01
-1.268839078819057109e+00
-1.307604764168688760e+00
-1.139869955840959959e+00
-5.574816891074185765e-01
-9.367990251821216585e-01
-4.499243593435813260e-01
6.229801832449209931e-01
1.715909916799799872e-01
1.489841611980658787e+00
-3.798882339312190659e-01
1.435163143473452196e+00
-7.789492234278161398e-01
-2.105136600278152859e+00
-1.035819611042728461e+00
1.269275657069990348e+00
1.548135133805246255e+00
-8.603581192073410655e-01
7.144191317736232616e-01
8.388883275868854739e-01
1.970615954718305085e+00
6.725782104972420905e-01
-1.138011156308688321e+00
-1.961190595329063147e+00
-1.603219373628566480e+00
4.777674686386313985e-01
-1.341161094298154444e-01
-5.497244015547406715e-01
-4.669427131485842652e-02
1.550827521031730383e+00
1.215163771110113533e+00
1.266567072481650014e+00
1.550185303888292010e+00
-4.833379947193548465e-01
-6.847785715163831055e-01
-4.530441308390735777e-01
7.096842393728903797e-01
5.993663014628700658e-01
4.276499082977787136e-01
-1.377261054248467786e+00
7.089548424260363468e-01
-5.274473432745097057e-01
-5.167824886100793602e-01
-1.141582993232780341e+00
-7.950441269802812627e-01
-1.439824304974357094e+00
5.230659284352211502e-01
-5.462040274252688565e-01
7.765247184281588444e-01
1.875460490732363761e+00
-4.544101955426776973e-01
1.905427063494424367e+00
3.143830131341008860e-01
1.091833785898328024e+00
1.236255777124108723e+00
1.303031211255245791e+00
1.067392174877494160e+00
-1.278536217256667218e-01
1.410763200645994697e+00
9.523616160871231640e-02
-7.198426654298999416e-01
-3.217227686355595973e-01
9.627250331895571556e-01
3.328837521161422952e-01
2.730424811420444908e-01
8.283527538212298591e-01
3.875906203912807269e-02
7.991105811585343943e-01
2.059389432269374431e+00
-9.631494440141183944e-01
-1.574251796339638076e+00
-2.429513178985976740e+00
-5.871534088099253923e-01
1.332049221243555959e+00
6.926056243982153804e-02
-4.555544221971762342e-01
-1.859577384474311867e-01
-1.760425327884022728e+00
1.810797867018854590e-01
1.213983741024556862e+00
2.118299969511861502e-01
-8.766227651255669162e-01
1.606980915138075172e+00
-2.324125870906676994e+00
2.062733021639198694e-02
-2.650207208214570009e-01
6.017668713052004570e-01
-8.298007775926612428e-01
3.660342923877638599e-01
-2.139157349931342933e-01
-1.125205886704901737e+00
-9.586931064672971070e-01
7.362179749311201782e-01
1.116656476382982710e+00
-1.365680326288106317e+00
4.946445676341402198e-01
7.146255460011372573e-01
-8.970784097664747936e-01
-2.502200456912521687e-01
-1.172076414765620189e+00
4.701020600292203921e-01
2.238524105604300374e-01
-9.151946543291544778e-01
1.764065805969615930e+00
1.618405197127897877e-01
-2.579244546887393685e-01
1.038281913885335417e+00
-8.050379992740696045e-01
-1.102109429828313614e+00
-3.781538651001004059e-02
-1.370817726340416653e+00
-4.882702339417988036e-01
1.597773271837891862e+00
-6.149575069268599092e-01
3.458167861586540770e-01
2.171322796724773685e+00
1.940079483113973102e-01
-2.997748629613296023e-01
-1.435296867092970552e-01
1.134319474562416330e+00
-3.060747195572284807e-01
1.187091097685484264e+00
-7.298190196962333065e-01
7.902745158103253731e-01
1.702322367738606235e-01
1.229315240404887044e+00
9.188471754415815651e-01
1.201376816491923405e+00
-3.815714291899920951e-01
-1.027141348219718475e+00
7.934189889556167441e-02
2.446750662927329456e-01
-1.289530363338545760e+00
3.775001718400924355e-01
-5.789337011595157012e-01
-1.164036694662564209e+00
1.680889732590878927e-01
-6.696016359995745626e-01
1.572038988808368565e-01
-2.866520689736336003e-01
7.915926802004443763e-01
-1.262546218825276290e+00
-3.057760539921228204e-02
1.096955002832897819e+00
-2.061184199111235904e-01
-1.503400750292441135e+00
5.924850214021699646e-01
-1.207570352643973610e+00
-1.911965980237809060e+00
-2.754097469007676935e-04
2.877032497540160660e-01
-2.582101129546157670e-02
-4.720018901949784018e-01
-1.111703235072609708e-01
1.295972130329154481e+00
3.652325887072040977e-01
-1.545488659837096712e+00
-8.304908282938450181e-03
-1.728721135345564486e-01
2.610517083624316892e-01
7.538198827530884216e-02
-2.738786225315631429e-01
1.161611266931337205e-01
-5.010704397615621808e-01
1.249213773522019455e+00
-3.825307100376330594e-01
8.729039502763449310e-01
-1.374860241100595015e+00
-6.239616317912350940e-01
3.442795037721742002e-01
9.544584452216564596e-01
-1.130494393761706240e+00
