1.506721280572294042e-01
-7.681612757911508993e-01
7.561942337137617098e-01
4.213763722543013568e-01
2.698443898353923842e-01
6.830291953577178887e-01
-1.127209458060884906e-02
-2.941445108110141149e-02
6.015904909113338750e-01
-2.456475062384113617e-01
-2.664406172696249797e-01
3.225307811404833913e-01
6.983471625819557271e-01
9.651154009126385880e-01
-7.236211300244879130e-01
6.333162745071119204e-03
-7.558690183981429112e-01
-5.781176266290735111e-01
4.052598734636772004e-01
8.818104655347602794e-02
-4.359747002882379263e-01
4.045696400540965687e-01
-2.736486210499120553e-01
-6.392989267726600922e-01
6.013256515351428355e-01
1.078483537118961610e-01
7.044853363814773672e-02
-3.493920171162627764e-01
-1.469234759245487965e-01
-8.390895049568423136e-01
-6.335656481175280241e-01
-2.918516941800142206e-02
-2.845427153077637605e-01
9.818479882518982294e-02
8.756108887339513203e-01
-5.866232836236358050e-01
-6.893790753088000489e-01
6.716115705114344969e-01
7.696016294908565314e-01
-5.895018544781875924e-01
-1.940291303773433729e-01
4.400590378792810231e-01
9.598396773768225199e-01
7.097949267318492961e-01
-2.095540602489773807e-01
-8.308643023138240213e-01
9.387404559690852857e-01
-1.191250812034854167e-01
-1.898779592015444884e-01
-2.286020454127430934e-01
-9.894491152328397376e-01
7.181822723354667204e-01
6.516789388392403293e-01
-4.226798658609973725e-01
-8.730227608571798914e-01
2.987725984961953074e-02
-9.736227041700140639e-02
2.905600589329104810e-01
-1.427084744157547380e-01
-4.602399149899227826e-01
4.029227059919406884e-01
1.355406738748756723e-01
-4.887149698157682298e-01
-5.740261635939032381e-01
-7.794463330447907179e-01
-5.438521947645120758e-01
-6.423790870392231955e-01
-1.315675587492994847e-01
5.300681717894593081e-01
-7.346566431496281968e-01
7.551639317802045781e-01
-5.428069088778479934e-01
-7.305035932489156725e-01
8.750471018939232071e-01
-2.442399213749097964e-01
-2.533202491523136590e-01
-2.027528392636905874e-01
-7.416225600610104607e-01
-7.031809284257903858e-01
-1.202971191047856880e-01
8.676602803835160582e-01
-6.993506757449401423e-01
7.924971671918339400e-01
-6.318881434745025061e-01
-4.156939504978174327e-02
1.077384951323674400e-01
-5.871661485302936967e-02
-2.719492364414970442e-01
9.121167865366519578e-02
8.722746172180120272e-01
6.962710721713027961e-01
-6.036981617105818820e-02
3.329015633833010135e-02
-5.405158694361849037e-01
-5.782760162336464393e-01
-9.381394999188457096e-01
8.408352621734072052e-02
-3.214526429243140804e-01
8.641175410546497737e-02
-5.736154467864373885e-02
-6.014856862680517668e-01
5.985434753824787624e-01
8.617515833631221867e-01
5.697400779078158894e-01
5.846748865264685957e-01
3.516540377056311950e-01
7.573617761952353700e-01
9.715789038634035091e-01
4.347694342644876642e-01
2.142797200879118513e-01
8.709486449135441788e-01
-2.559628550090933263e-01
-5.879962086482390937e-01
8.672679467034656309e-01
-4.375477441989794603e-01
7.337159543838689402e-02
-1.666826720086962421e-01
-8.140171278618983930e-01
-4.404171843385846774e-01
-7.103058062893830016e-01
6.072490808291537423e-01
-8.743555619122522771e-02
-3.514740621013072719e-01
8.093091912320715675e-01
-6.283576701588413638e-01
5.378908035451104297e-01
-6.433493715417191172e-01
1.625792303614226331e-01
-5.021322059449182529e-01
4.991359634277168222e-01
7.806032668786115902e-01
4.962974627440779329e-01
-2.360569796196165804e-01
8.246177249976516244e-02
-4.137457486508913096e-01
-2.985332379554459514e-01
-6.815627913030313234e-01
-8.536693898015292881e-01
3.798305767408123312e-01
-2.599131335729361059e-01
-5.779975115885600534e-01
3.075228980907143139e-01
3.034602010449840570e-01
-9.182278809890076499e-01
8.767217600793446586e-01
1.611863352715356967e-01
-2.230301741552020989e-01
6.059173338664802788e-01
6.322419001663170945e-02
5.386224560075469903e-02
1.872402718006263012e-01
6.228900868751678921e-01
-1.263810239927767309e-01
-6.816235568064497041e-01
-5.304235816224180944e-01
-9.627960921963967245e-01
2.323040468719039797e-01
-4.966682237376573994e-02
8.342651369990845556e-01
8.649246101282068722e-01
1.647823051813119832e-01
3.634629777030284892e-02
-3.130022079457983608e-02
7.497994142728048317e-02
-6.060930148013086161e-01
-9.375396447745238948e-01
-6.278952053658533039e-01
7.789214183718309314e-01
1.798404747504969148e-01
-6.438696844221383220e-01
-8.099761108374472496e-01
6.925177337608430239e-01
2.144153345897941154e-01
-1.296653265110858655e-02
-7.176532019672237084e-01
2.488747061070253341e-01
-1.871204220521847095e-01
-9.386902637856191500e-01
1.109517623955111887e-01
-8.661477640681503054e-02
5.157284935296739814e-01
1.961865525382526787e-01
-8.991751278690118809e-01
4.642359601294561156e-01
-9.840706164219408247e-01
2.181454103269573341e-01
6.480482983721880252e-01
9.622917639020822644e-01
1.407967598228605510e-01
9.716225633082393731e-01
6.395939814262630030e-01
-3.095080868924431350e-01
3.201865763200510973e-01
-7.712846004132711819e-02
-3.781224880321760740e-01
-1.614218621196961134e-01
1.950198918716843366e-01
1.229623085800322091e-01
-7.807270207390804018e-01
7.540957711833180532e-01
-8.159994709036875182e-01
7.384270525154068565e-01
-7.219684776997570275e-01
-4.945923796326539001e-01
3.517432602225560867e-01
-8.053844386294886082e-01
-3.722594764675180024e-02
8.570905776118673547e-01
-5.074707101990731939e-01
-8.838202806067669837e-01
-3.131782794109632118e-01
3.742713365458771868e-01
4.259547402634733526e-01
4.445541757270372596e-01
7.881958783324414242e-01
-3.552494679511755127e-01
-4.542110012566002997e-01
3.244564694390872361e-02
6.835573099191931679e-01
6.588041109992275324e-01
-3.299912416977841545e-01
7.750871371218182038e-01
-1.061790893778193912e-01
-7.777216359193084294e-02
-4.007825460851497379e-01
7.668213879451153403e-01
-1.365968008801992095e-01
-3.301346492953023404e-01
-5.393815659251166572e-01
-5.239113762636173899e-01
5.448730154730152542e-02
8.680067325781171128e-01
-7.062405116286107898e-02
6.649210158129887915e-01
3.702246875648620428e-01
-1.616156932561920723e-01
6.580049025556626852e-01
-9.354927800215728784e-01
4.850584353958977690e-01
3.559493199390559859e-01
7.234106697357436389e-01
8.525800606891165145e-01
3.023497196294155920e-02
-6.262280246099674041e-01
-6.413704362375138857e-02
-4.910486965969202977e-01
-2.776742661858144778e-02
2.874887086896598110e-01
-4.503774198483463387e-01
-3.759639610516256614e-01
2.635344356920956699e-01
7.199817146947911084e-01
-3.525874666693507020e-01
3.541033053976174738e-01
-9.396343601174406146e-01
-8.438677986331797332e-01
5.409865583940156597e-01
-3.068015711033766912e-02
2.159091671381323518e-01
-8.278999020300470413e-01
-6.404739420288130258e-01
7.243566453779970438e-01
4.154846316271507689e-01
-8.715166305332624486e-01
-2.931606997448359397e-01
