-4.373387539401893953e-01
9.000418310703506286e-02
-1.927997284294975522e-01
8.373808555452246782e-01
-9.139270139899173806e-01
-2.465407989660903798e-01
-4.429623119032728429e-01
-6.702738504877507886e-01
-5.587965209346064110e-01
8.493999479433995692e-01
2.718499740453061975e-02
2.560331364656400766e-01
-4.003736265984807474e-01
-5.927074909519411960e-01
3.613780042409349136e-01
-5.926247611359301004e-01
-8.232158399628706213e-01
-4.479223361501121214e-01
4.932477667944179522e-01
9.890173826024444281e-01
5.850096063956700121e-02
6.337435926393473196e-01
3.777993952586764514e-01
4.423970300252721977e-02
3.732700103508033163e-01
8.198960971503876927e-01
-1.025449652001932943e-01
-6.388572494227982013e-01
6.330565460643526876e-01
-9.802988575119462311e-01
2.546749931634304520e-01
2.029871302054959692e-01
-2.775958537206637544e-01
6.714923356408499799e-01
9.677927174125628973e-01
-2.508648247466511716e-01
2.388792540777304740e-01
-8.294177540140910132e-01
-8.650406892666273606e-02
-2.752491764137023900e-01
7.076353724797344036e-01
-1.792137248239720204e-01
2.440064362276326282e-01
2.578889505153816319e-01
-3.832779298087876096e-01
1.955196780032517623e-01
-9.167073322690320047e-01
-9.076136566119248350e-01
3.012041396738014409e-01
2.409670701550543637e-01
2.029916765317631988e-01
6.166549786671284838e-01
-5.116680352410911681e-01
-5.200596916704003370e-02
-1.605505333083840913e-01
-9.844074737904540129e-02
-8.005527774211884662e-02
-4.199478911841647566e-01
2.848331064104849819e-01
4.461306115739223088e-01
1.396065728334057177e-01
-8.123799706279521970e-02
-1.547091831026385922e-01
-8.572048371099367792e-01
-4.430527902014262942e-01
9.349513571447973792e-01
-4.350069739014175152e-01
-5.234693210449379297e-01
4.331035031208083641e-01
1.820190069369698183e-01
-4.883955846132397305e-01
-6.833635837196463392e-01
-8.049060878965437205e-01
-5.644169474967597466e-01
5.666794610633196783e-01
2.335107998923997563e-01
-8.647955307405736924e-01
4.078490279533915075e-01
-2.351442467534603509e-02
-3.756970705560129797e-01
8.569983848148468031e-01
4.282399189485410762e-01
2.384276939811116325e-01
-3.756018060541528314e-01
-5.268566807288499465e-01
4.888525201774400752e-01
-7.244769319549975162e-01
3.476328460907636142e-01
1.549639482675388980e-01
3.450333346503140497e-01
1.360814345296739170e-01
6.375753496776497276e-01
5.366764585744583371e-01
2.023419476649146453e-02
-8.917524959852387578e-01
9.920804592892706886e-02
-7.512157583323293419e-01
-9.889887731862572195e-01
6.349503823107804923e-01
8.316172753218908920e-01
4.113925461708458631e-01
-9.528504477624168967e-01
-9.737788376368110566e-01
-2.599976105579147045e-01
7.037449901293584276e-01
7.249672296847209374e-01
7.036176365290278678e-01
-1.125319447853989629e-02
3.363329410469571012e-01
7.985727258002137674e-01
-9.800575980487307159e-01
9.100378738059469175e-01
-5.404910843830323941e-03
1.571308234522581504e-01
3.139827912565507084e-01
-1.995539438877160787e-01
5.413682116273388356e-01
4.308724165087589597e-01
-9.255598930792006129e-01
-3.025613628995773574e-01
5.472855508483065456e-01
1.252311960007801428e-01
-6.901206361766547559e-01
-1.911867857957540995e-01
-5.008832589285625581e-01
3.856623456022583163e-01
5.752863841448194737e-01
-3.619580116921212731e-01
9.199019212679357960e-01
2.699683543748265802e-01
-9.651734156650955132e-01
4.768671650754157110e-01
-4.895172584410143468e-01
8.737644746720909517e-01
-8.952656250018713457e-01
9.126766803797243810e-01
-4.144661177835624599e-01
3.220875363718360695e-01
-5.873988272585031201e-01
-9.715378407216646028e-01
-8.848329895019011460e-01
1.886409380673155223e-01
-9.411595433442663250e-01
-9.661189773602396613e-02
-9.205137213838134880e-01
1.861385512476840809e-01
-1.126712222853123446e-01
-4.141231415466857246e-01
-4.564529162643082838e-01
5.318879670254501590e-01
-8.335839133233216014e-01
-4.094535071565299500e-01
8.342287923945690409e-01
6.849460534301696768e-01
-5.169547990919420855e-01
-2.486741766181430613e-01
7.062777879882298215e-01
-6.887239127196274069e-01
-1.226013069672169387e-01
-9.802115597854881290e-01
9.788389579324281442e-01
6.589593748456168409e-01
-3.915539677816819442e-01
8.811397329107213405e-01
-8.807316924700170357e-01
1.054602897019638608e-01
-2.808118367131231530e-01
-9.452473193179677935e-02
-9.514046590922737856e-01
-6.414652272118217535e-01
-6.421520307983950016e-01
6.239113793306225730e-01
1.050435292131184362e-01
-4.304575862288857468e-01
-5.740922463160877953e-01
4.854475058334517534e-01
-8.219467903609416481e-01
3.740866384294756486e-01
-2.765366663533617153e-01
-3.234047226031122602e-01
-2.218707879021299956e-01
-8.634708076919472841e-01
7.679077200436181805e-01
-1.080825484861143160e-01
1.618011496083930911e-01
-6.535489148042989971e-01
9.501794675816435110e-01
6.173908761912325627e-01
-7.715594464205133285e-02
3.582844825563666902e-01
6.872381935652389640e-01
4.975291363300287095e-01
3.739519966913134041e-01
5.919197894189844877e-01
2.769627101382396983e-01
4.879140407497453147e-01
4.825681388864739851e-01
-4.744914642008686290e-01
-9.125762820843574818e-01
1.048573549603741828e-01
4.299733734759521031e-01
-9.551411576649659896e-01
4.561753705522906266e-01
-6.717706407232928445e-01
6.179436316116468930e-01
-3.392941580588038075e-01
6.948771467924845791e-01
3.404250795668801732e-01
6.006245855865768313e-01
2.739999643258199669e-01
4.202898098230716251e-01
-1.099103137218371273e-02
4.067336888452466326e-02
-5.815446699519999374e-01
6.675499566604166102e-01
-1.857005895677867890e-01
-1.114470228635355831e-02
-7.804650644253723346e-01
-4.492239767387473659e-01
7.502496682997186195e-01
-9.910941305621761011e-01
2.809543079247163178e-01
-4.278677852944343663e-01
7.819749062026783992e-01
9.236511094271286915e-01
-2.354523951917286695e-02
-4.202956345260548954e-01
-2.261436647590506777e-01
-5.840999210501440775e-01
7.910194928117337820e-01
-8.463811918544921209e-01
-7.278130266439584162e-01
2.705672736857334115e-02
-2.297121931288281793e-01
-6.543534804181423414e-01
8.237822514568986509e-01
-7.393219972831133191e-01
3.014657131447058269e-01
5.859749547023520577e-01
1.461495751574881652e-02
5.567278121721286333e-02
7.238419000267706238e-01
2.417989213417959249e-02
8.061868900288671203e-01
9.673715925754313716e-01
6.229009609222084798e-01
5.032053386376751369e-01
-2.236769419804669479e-01
6.502889247395520211e-01
-8.787672634275023320e-01
1.181767685982471061e-01
5.680680348080884290e-01
-1.300749343355320775e-01
-4.592271126782356827e-01
-9.410692829607565368e-01
8.665087773904867063e-02
3.229939864786812720e-03
-7.034752054672643862e-01
9.370279657453768341e-01
9.380364213734799783e-01
-9.712746303742001430e-01
-6.082840507477600411e-01
-1.460699056023884168e-01
-5.152294522217539807e-01
-3.199586560477889474e-01
