-8.610971501143900309e-01
-9.584979896707712665e-01
4.499488570726086767e-01
7.189133594893666324e-01
5.317295373071053710e-01
5.644024587095581857e-01
-6.582647744572729387e-01
3.387276619959496138e-01
-5.677355363617806461e-01
-7.029433072255510950e-01
-7.957509535869671247e-01
1.854463266954111678e-01
-2.757346411641208306e-01
-6.918243578743743516e-01
9.706692763505406774e-01
-7.538785858178116417e-01
-4.517244063956133981e-01
4.486490469860682229e-01
-6.838758333351615537e-01
5.189056885071547942e-01
7.284035097807222137e-01
-6.962719679298465802e-01
-9.648277496712436285e-01
-2.821680625162490408e-01
-3.753583249783010167e-02
-8.393335672747559428e-02
2.933358876686908978e-01
5.010311805105223115e-01
5.560117956060035560e-01
9.181484967350712623e-01
-9.813027816362356326e-01
-2.154711542739671248e-01
-9.948040168597485078e-01
6.200225159320671420e-01
5.707548637138257774e-01
7.916449241166017003e-01
-6.886859549944741588e-01
8.302988066252590116e-01
3.328593348771522464e-01
-5.846898724926496982e-02
1.358310613750384199e-01
-6.306822361053168180e-01
2.926487475587769005e-02
8.156544134804475377e-01
9.702750700020419394e-01
-7.550706788076173570e-01
8.295331455345866800e-01
3.216063946250091732e-01
-9.814479965882665358e-01
5.096929600189079590e-01
5.629094662523712600e-01
-9.811983374709267736e-01
4.382163829543668232e-01
3.459172942694523911e-01
6.154984281140958302e-01
-5.712469483838233941e-01
-1.706914479380279293e-01
7.307029949429773019e-01
9.314201269927828708e-01
-3.826889340869781275e-01
-1.169094345104437771e-01
-2.866357591375612301e-02
-5.627818384583036515e-01
4.077160631367722221e-01
-7.724658187636626039e-01
-4.652253522233456007e-01
4.682276373221423427e-01
5.502022106295656467e-01
9.180996351751071760e-01
5.608648181400581745e-01
-5.910844881231558379e-01
3.937396600443987538e-01
-6.469066079319052420e-02
-8.036180313014085197e-01
1.295843271638370542e-01
-2.736562188833717713e-01
-9.013950253380631494e-01
3.897106793239459854e-01
-9.859285333241984972e-02
7.513770377162696246e-01
-5.692987132596094568e-02
1.609928986665658535e-01
9.981669182064161205e-01
-2.491962570159349522e-01
1.831539662139129998e-01
-4.443420324026050583e-01
1.428041646633029238e-01
2.458318969931967413e-01
-7.299169261192770541e-01
-6.612179977567307354e-01
-3.563619812398932662e-01
1.002119763320543644e-01
3.457903495220473467e-01
2.956553454157557770e-01
2.770378875883183767e-01
-2.382314456784080381e-01
9.860474562371972507e-01
7.670962492807362754e-01
8.606226585171015131e-01
-7.991173355864680250e-01
4.087003425528594747e-01
9.914165676602402222e-01
-1.767669006984280422e-01
8.431470661744773221e-01
3.588064041183716135e-01
-5.996263744809224860e-01
-6.765126908632466129e-01
5.272932503773113400e-01
-8.036237249139051020e-01
-3.482628638610010263e-01
-4.115446945697469605e-01
7.479880020527580609e-01
6.440291336424186497e-02
-3.829900374948780328e-01
-9.761350178801058153e-01
2.612787391031341500e-01
-9.846328215150088603e-01
-5.897280607341086611e-01
5.042725018171241302e-01
4.409779640504152276e-01
-6.739997595479956249e-01
-7.300525028150477436e-01
-8.872988060686748391e-01
-2.905562440766913390e-01
2.249604926337103183e-01
-4.525599644855748949e-01
4.135318832080105977e-01
-6.690333594910475856e-01
5.614332579335674644e-01
-3.305130394192923315e-01
2.289043500321963354e-01
6.515574310363778654e-01
8.807304631076089407e-01
-2.920429265733579527e-01
-6.860847741241513642e-01
-9.950129952214139539e-01
-8.739266096989237731e-01
4.121462678515217526e-01
-9.626475774387222017e-01
5.011768072253528494e-01
-5.210795324131334283e-01
7.408979210447197428e-01
-4.617103322506626029e-01
-2.153869186434176353e-01
-6.460542229446777363e-01
-6.519478775976923490e-01
-9.538496327461920554e-01
-6.358343861528730212e-01
-1.409350021518551710e-01
-1.013686149887074173e-01
-9.113735574301009557e-01
-8.021184536518775055e-01
-8.532799329868510085e-01
8.426283770082125812e-01
-1.415923121382638428e-01
-2.687519421622419635e-02
2.608469652438973885e-01
-7.516682118828763581e-01
3.380743336183655856e-03
-2.777687729337439126e-01
-4.127965523330272557e-01
-7.249389139454556208e-01
-9.177740864390124820e-01
-4.111240056102840601e-01
-9.104802914843144190e-01
-4.358893927921383415e-01
3.999975264862560831e-01
3.433342151930001140e-01
-9.689363830903123809e-01
-3.606518182278850571e-01
-8.535716760488960553e-01
3.078356070734113992e-01
-2.198815282989199371e-01
-8.127273235238436921e-01
9.867850647702547384e-01
-5.464722322423156697e-01
1.382788261539729113e-01
-7.212205911756139898e-01
2.271202853441367520e-01
5.690352685667896537e-01
8.493236843957521209e-01
5.911189898219646466e-01
3.421686879939938031e-01
-9.484578189873806853e-01
-6.521211582679737884e-01
8.999817201775899278e-01
-4.232278544574263890e-01
-7.748834150526366926e-01
6.160688237543006096e-01
3.902818375266767781e-01
-4.845508890489558240e-01
-4.313506558297763860e-03
9.544386031353100375e-01
4.686824967953004961e-01
-3.958268320030651211e-01
8.656634854756073416e-01
-4.149115302159795959e-01
5.131702670186322202e-01
-3.447619279834222006e-01
-6.349145686595949467e-01
-4.981126124557748724e-01
-1.523686925893457111e-01
-7.098444647208062008e-01
-4.301816093375314676e-01
-5.137241178580820300e-01
-8.770242108015202653e-01
-5.257974227224038177e-01
2.483520789584177102e-01
1.250652454170924077e-01
2.145897814163664208e-01
5.464496527537394677e-01
3.399509141570951076e-01
3.631572551242405744e-01
8.184214990631848430e-01
8.064957085132129500e-01
4.942231823582163841e-01
9.463170806691787451e-01
-2.433634697088122856e-01
5.044600555897384986e-01
-3.238860131685019628e-01
-5.081851083196904373e-01
8.256897874081450261e-01
3.024277254825271655e-01
9.308550980096441663e-01
4.510082997075270939e-02
-2.038484570226533066e-01
-3.390877610149223287e-01
1.609056696381265805e-01
9.321200509353755326e-01
7.713509595143592801e-01
-8.051247199151128076e-01
-8.583104029350978603e-01
2.432639507332212681e-02
4.116566863951651722e-01
8.124311975973497191e-02
-4.257536152438323729e-01
1.167255910548379294e-01
-9.623160009576932072e-01
-1.013237983690538080e-01
-1.305837923865094119e-02
7.841558405449413627e-01
-3.129884753937699493e-01
1.203159649712455259e-01
7.715961525484589245e-01
4.085638321021209940e-01
8.677559768866267564e-01
8.152306019676325288e-01
5.399835142538078614e-02
-7.578775242914415067e-02
3.187820638286664732e-02
-9.703135541524483543e-01
-6.823737828985461107e-01
-5.622858570110367271e-01
-2.315059326537451945e-01
1.037865531422683674e-01
-6.004967601246531395e-01
-7.472243718894404640e-01
8.788584490531030635e-01
-9.060782960858693169e-01
5.870808570197003640e-01
-5.037355364878215447e-01
-3.339872934677581284e-01
4.340406555755784712e-01
2.789257780196123804e-01
8.240996927318682275e-01
