3.627140848527742989e+00
3.202547194129782326e+01
-2.532616953817437633e+01
-2.282069053540456860e+00
1.104177159472965908e+00
-9.365682426177993847e+00
5.376955027908149276e+00
-1.063089191192609917e+01
-1.536744843702590657e+01
9.705578373483874088e+00
-1.067312662592718908e+01
-1.142356845599008253e+01
2.583662140763451465e+00
-1.194232548368229807e+01
4.527708202601494314e+00
-7.294181220515714159e-01
-5.552239209246728535e+00
1.120709748047280030e+01
2.049792522901634939e+01
2.704060070595938825e+01
-3.004946320248359504e-01
-2.022108724128434076e+01
6.218930779832176903e-01
1.005789360367161223e+01
-1.581890237077678130e+01
-7.846343505446789379e+00
7.707444760614480472e+00
-8.655955296330871462e+00
-4.195596113419660433e+00
-8.815891561248133002e+00
2.583826192727651971e+01
-1.413813461385639414e+01
7.138330814092633148e+00
-8.102828192902970628e+00
-1.543311178450155374e+01
3.067420340029425319e+01
-1.771006087989069044e+01
-8.564791490230691196e+00
-1.682704943716774082e+01
-3.772708928183428068e+00
-1.023077125038949475e+01
2.287193263658692644e+01
1.086378606147823511e+01
-1.629808430231771155e+01
7.170301866689946735e+00
1.168100211821855083e+01
2.474372109996436819e+01
7.036879627824658812e+00
1.915500389895444044e+01
3.963672551509510811e+00
8.140333126104176031e+00
1.363189937067256530e+01
-5.863293750584552377e+00
3.499040395415911320e+01
-6.529682283858350367e+00
-5.501085950957965487e+00
2.948919750915461879e+00
-2.708711423653417327e+00
-1.968377604044101759e+01
-6.133237222322167170e+00
-2.798804411667121173e+01
4.593245828587585677e+00
-1.443786358564047667e+01
-8.105507452791481882e+00
4.406428304177220312e+00
2.886421566939040417e+01
-3.514435283290142653e-01
4.109873738782610086e-01
5.485408349099349934e+00
1.391210978615706972e+00
3.397232778950478593e+00
1.446558983615482497e+01
-2.157860343639516731e+00
-4.441841863694797610e+00
1.087001584636952067e+01
-1.102116203274414019e+01
2.106975408543091532e+01
2.260905637421068803e+01
9.838789548553404929e-01
6.755071113505466407e+00
-1.093842867056987345e+01
1.565742434676877437e+01
-1.879699762922001138e+00
-2.113494677213453521e+00
1.645084529495008274e+00
2.083212698111362471e+01
4.955481842193131925e+00
8.965076695899750092e+00
-1.634430267655018909e+01
-1.164753999223999159e+01
4.588239014638446633e+00
1.170090140194443329e+01
1.778853606031265144e+01
-1.703244424460422790e+00
-1.954900676652204439e+01
2.527969653202132250e+01
-2.243357498903998248e+01
8.321706469151026297e+00
7.921458887009849015e-01
5.660675199671391766e+00
8.313453238560773784e+00
-7.544931787479852936e+00
3.041725363298592999e+00
-8.778584459478659952e+00
-1.193112330650525266e+01
5.787651452702416321e+00
-1.123462413481305333e+01
-3.397150663928115488e+00
-1.373730856743222439e+01
-1.404635659428672056e+01
-1.989022147854645084e+01
-1.930754003953392939e+01
3.726748096052617143e+01
1.172202505487308066e+01
3.929953166556631849e+00
3.069131228450470417e+01
-1.818496343380069291e+01
-1.493467144835873839e+01
-4.412628499073859345e+00
-2.794791729063469177e+01
2.685848025852513743e+01
-1.401634322762924256e+01
1.645379902624615909e+01
1.401020251846806275e+01
1.548849217406567647e+01
-6.517062328207143374e+00
-5.221155074798340401e+00
-1.165791862668415924e+01
-3.457913174572630766e+01
1.545328466528705036e+01
-8.827102458001231611e+00
1.714984238121192561e+01
-5.532622124747176073e+00
-9.226346041377725626e+00
-3.658736315471153411e+00
1.399831641587087461e+01
1.380266591456942527e+00
-7.872805044010777742e-01
2.668177981379470598e+00
-5.599450040531179340e+00
2.153214480646689566e+01
1.731456224670760236e+01
2.765600472229782270e+01
-1.831170482916473219e+01
1.384098383746622218e+01
5.678520997425987815e+00
-3.133471000823739772e+01
-1.936634864007293899e+00
-8.713764827210360053e+00
-8.312792800449992470e+00
1.899047032659544598e+01
-2.180146926014026221e+01
-3.341508186597621055e+00
-1.392700927785679177e+01
-6.974830296704749522e+00
1.051581503434507070e+01
2.431714791109559926e+01
-4.470202479064043111e+00
-6.323708205163537599e+00
-3.966616735674443106e+01
1.162771482886122598e+01
-5.360006114430510671e+00
-1.092210685721690844e+01
-1.429051697789428310e+00
-1.468382080495264752e+00
-2.334548110157030010e+01
2.261429032081305479e+01
-1.484784106580041652e+01
6.912876279729594842e+00
2.218725087216512648e+01
4.565848206406819543e-01
-1.588525722807514473e-01
-2.611386020099173866e+00
8.823173968358787533e+00
3.575896886616849901e+00
5.292235908859248106e+00
3.050554008648585835e+00
-3.412440601472145119e+00
-1.884377316065071639e+01
4.589123946292171041e+01
-2.458885980490776291e+01
1.300235007464182502e+01
3.919068537619150305e+00
2.222940288693302691e+01
-5.849842191955901605e+00
8.044527612364638092e-02
3.843282562672476388e+01
-2.042339414810026454e+01
4.553957790887326329e-01
-4.699770090692759750e-01
1.057142459105732257e+01
-1.469306433145508706e+01
2.915677967566799200e+00
2.567985734605402914e+00
8.001321891572727552e+00
-1.195096624237584670e+01
2.461493930706080846e+01
1.033575306898355350e+01
8.995300284128870061e+00
-1.101780518247202600e+01
-1.623557586149301812e+01
7.152754218101656569e+00
-1.781752471981665309e+01
-9.555523956118715745e+00
1.062613652275581799e+01
-1.226110471617168329e+01
-2.572607700897680161e+01
1.237393200439862895e+01
-2.589864164033444993e+01
-2.965499674938603114e+00
-1.596058051990518578e+01
9.712854143416004504e+00
-2.423040474397009536e+00
2.306676290116088524e+01
-1.454820328973918109e+00
2.478981555463485531e+00
-6.533271944597158765e+00
-3.308032472090910403e+01
4.850090251467069180e+00
1.292243571315719208e+01
-3.243213437553809797e+01
1.164931006516527923e+01
8.156474295156746379e+00
1.844953630507323794e+01
6.229505859889371777e+00
-2.815740437522205042e+01
-8.388389346325784146e-01
1.695891067824688125e+00
6.286402237534439941e+00
2.347615633134883595e+01
-1.294274815058493644e+01
-6.237117166815441038e+00
1.542375485107339017e+00
5.700837431923098109e-01
-1.517725198631751304e+01
3.215548350959998913e+00
-3.810811771973135365e+00
1.191437903046799285e+01
-3.985857352875282977e+00
-1.431000239150262310e+01
1.388244057356751426e+01
8.225287888076556087e+00
1.892493604008949504e+01
-3.073565050191842118e+00
-2.974558136893331817e+00
3.306491101788215303e+01
2.088480866084699272e+01
-2.070887051808185220e+01
1.415067200489736088e+01
6.050490508196874728e+00
1.475615371874359916e+01
2.194954245833143691e+00
-3.537793036208848108e+00
5.134958843120941197e+00
-2.753383635354578729e+01
-1.398800547807489458e+01
9.449683990841219128e+00
1.589424058456658795e+00
1.215934122430915920e+01
2.809893831370149542e+01
1.631334138271039080e+01
-1.135873121199248104e+01
-4.206337981289704153e+00
-3.720937921434415596e+00
5.910485916055389310e+00
