-1.081343584089928100e+02
3.534514813931572519e+01
2.509356323191452276e+01
-5.641653479714120323e+01
2.071888356360364014e+01
3.965367393938436891e+01
3.536989529358888973e+01
5.023623400791137072e+01
-4.348852698816314977e+00
6.572076529744857964e+01
-1.067993753291875514e+00
-9.695054615861264935e+00
-2.163676118015023420e+01
-3.396305634058676137e+00
2.071376854855914118e+01
-7.625076492008241758e+01
1.002914635303880608e+01
-2.070808342425882032e+01
-2.214115849675449965e+01
-1.221017865918921252e+01
-1.192327967699945290e+01
4.970165414271804138e+01
-7.240085801455209413e-01
-3.108628367157031747e+01
2.093129827187078718e+01
3.358540775135424639e+01
2.812010274411125366e+01
1.015110940467875622e+01
7.291855689739031732e+01
-1.089962543128684302e+02
1.209704949406507168e+01
-3.286861928137730704e+00
2.226278444849981852e+01
-5.637860863314479332e+00
-9.220640797012997769e-01
-3.408556612077965298e+01
3.124918937226392757e+01
1.388374284993662577e+01
-6.222596073085174595e+00
6.816654979956194182e+00
1.669589796672573012e+00
4.872551873784151155e+01
-3.310299101888604412e+01
-9.855292744025763341e+01
-1.047156755815923077e+02
6.977361379731530633e+01
-3.099497743062979893e+01
-6.986105354329194483e+01
-3.442899619476752804e+01
5.408723635599683632e+01
-2.136358831579439865e+01
-6.830123901748547155e+01
3.368632481736720052e+01
5.667032725701730556e+01
-3.832843103710034427e+01
5.716106936461616073e+01
-3.645956196508792146e+01
-3.636131429267737047e+01
1.089624536275683298e+01
-2.147168528786210828e+01
-4.276165660329733242e+01
-4.535288680237797365e+01
-8.462736050589239767e+01
-6.013158677173606037e+01
-2.022634382854309010e+01
5.457542373462534613e+01
4.479123442317743553e+01
4.096666835962719233e+01
2.663608649275181861e+01
1.503325113658213574e+01
3.126352994747784830e+00
8.911135766425103100e+01
4.303047536037830412e+01
-1.646468995221100684e+01
2.640894239810578359e+00
1.532237469149451581e+00
8.878022393262095591e+01
-3.524284236761426570e+01
2.121565239934529856e+01
-7.661313691369646506e+01
2.802110673665191243e+01
-3.376596172705101484e+00
-6.259366357489458466e+01
6.406920314409185835e+01
1.822525527267389123e+01
8.299099057908460964e+01
-1.343902746889849631e+01
5.295251331820911389e+01
-1.112799815238119017e+01
4.390214118703904944e+01
5.155588528774209323e+01
-2.429313687735936966e+01
-4.859927153513517339e+01
-2.054018802970531077e+00
-4.692526655102632560e+01
-3.577672545535226334e+01
1.586703055905984741e+02
6.267410218487494689e+00
6.946598395783198043e+01
3.018642887586682022e+01
-9.337515430252628645e-01
-9.774483713191997936e+00
3.176930005049221251e+01
-7.160251602766912526e+01
-7.913587521214031995e+01
6.026353298271887127e+01
3.137265831127431071e+01
4.050170094284601063e+00
1.432343698263360068e+02
1.115687062114635886e+01
-4.116507345351340774e+01
-3.649128764515311474e+01
4.309241341652985113e+00
-1.102550105466571040e+01
-4.887733168087305557e+01
8.398087104629212263e+01
-1.951050299562217916e+01
2.996618458064018853e+01
-1.460141134838420029e+01
-5.359399404696568325e+01
-1.971334160888568476e+01
-4.639274198946185379e+01
1.563992666164086209e+01
3.594934448693217632e+01
4.065263304694213709e+00
1.315754968748387910e+01
-1.187181909005440161e+02
-9.078781447971920215e+01
3.010264586390246677e+01
1.111830774765676608e+02
-5.227361911535351169e+01
-2.322627103342521337e+01
3.712098215690049585e+01
1.066803195236617263e+01
9.885126402213361985e+01
-1.501785551207549219e+01
-1.462634191257444094e+01
6.989060652365544080e+00
-3.468953386038574394e+01
-1.882872945129693321e+01
5.783461960827718684e+00
7.124815530888384707e+00
4.584533635566799603e+01
2.854874102806173042e+01
4.348181728715571381e+01
-4.894993504609408319e+01
7.745027487987265147e+00
-6.386802896371638560e+00
9.020480299715973160e+01
2.090528306935155456e+01
-1.945848275409348460e+01
-1.056093987023343459e+02
7.983908050025344494e+01
-2.491063410763305086e+01
3.915041331524361112e+01
1.955274448676696153e+01
6.572652009151094710e+00
1.605376371243118072e+01
9.424096076751347084e+00
-1.390259775872313597e+01
-6.996507725902129948e+01
-1.967093947401567888e+01
-1.544696730828607123e+01
-3.147460389102615608e+00
2.671820992392321159e+01
4.863294701231152573e+01
-3.461399141272581659e+01
1.800566925151420250e+01
3.384083791809437969e+00
-5.682669261126810767e+01
5.559078917109452789e+01
-5.967338916226833589e+01
1.182010420724086019e+00
1.013099060874861124e+00
-2.465787699000352617e+01
1.695288373598701170e+01
-8.465672657303247917e+00
3.117578209190035210e+01
-1.118714357324613395e+01
-4.538317693994738944e-01
-5.293268602104548393e+01
-4.319939451219637050e+01
-2.798817747934335642e+01
5.590204137482337643e+01
5.186212829076927733e+01
-6.180418541026735824e+01
1.028348513480214308e+02
-3.502871609665780284e+01
-4.654827240516365094e+01
-7.115817441504793806e+01
-4.148731539657182310e+01
1.674372172800077152e+01
1.107056654913641864e+02
1.753441549652409392e+01
2.199020358154757915e+01
-1.418589810562108688e+01
-1.155273684874872231e+02
1.490858357742004436e+01
3.452060785312111335e+01
2.822767927943155186e+01
-2.973809236852804361e+01
-9.604764967846089974e+01
3.513608061980654451e+00
-7.570748717533687966e+01
-8.593575058837876668e+01
-9.349968879289208701e+01
9.402656429104742131e+01
-9.014452179480134220e+00
4.845810298109666547e+01
4.530915603480607956e+01
2.463414208583009746e+00
-9.232979440755395117e+00
-5.833273741242624766e+01
6.619705108576437169e+01
-5.248857560589728166e+01
3.702625436077647159e+00
4.323215725762209871e+01
2.284030121183059947e+01
3.421272248846941011e+01
5.298218119466730514e+01
6.869359503983778836e+01
1.139175628658052908e+01
4.370577227802478859e+01
2.929368094489181473e+01
-5.415388276523484734e+01
-4.216367628261259171e+01
-1.543905582764923956e+01
3.512925591444666207e+00
3.766104864456523416e+01
9.182421857894776451e+01
-3.464365075561973839e+01
5.718056224548478284e+00
2.609362924723672705e+01
6.704491659945863091e+01
5.764897740046364305e+01
5.630924948572552324e+01
-3.028675599411039698e+01
-2.036371598039493591e+01
6.975318253565529858e+01
-5.188714239352970026e+01
9.705491403224627334e+00
-1.143987573769262944e+01
3.820343510702972623e+01
1.102449106512722210e+00
4.696854879476700440e+00
1.615125820878118956e+00
1.162098750486831733e+01
-1.366042995726103904e+01
-2.369154042727158327e+01
-9.715971788607424386e+00
-3.730246727989000988e+01
4.940039342185357896e+01
-2.224044202789066915e+01
-4.233345844029009442e+01
2.049087327355770327e+01
-7.496796019305806169e+01
4.192322120928047013e+01
-7.028546102760117265e+00
6.575769058946814027e+01
3.636124379679285568e+01
5.130415230295335505e+01
7.397003435808527172e+01
3.262771266487310839e+01
5.052796651534458761e+01
-7.021306685899547873e+00
