-1.531790858935193622e-01
-6.610112649389754402e+00
-6.875611743412179955e+00
-2.755469532868108473e+00
-1.780061135967810682e+00
5.183750393255011524e+00
-1.750342130307676669e+01
-1.529290806285221072e+00
2.204450511910938104e+00
5.063044859349203897e-01
-5.343959383418983577e+00
1.714202528888707988e+01
6.735503273668560276e+00
1.640411967704339169e+00
1.550095249990740331e+00
-8.563079322384579584e+00
3.910514088049188874e+00
-4.528011484883603721e+00
1.252129060374950065e+01
1.159252472774598530e+01
1.710607895518552635e+00
2.875130703470489379e+00
1.617950227339906633e+01
-1.094265149941491089e+01
1.030837141556736825e+01
7.980602224945140044e+00
-3.534187582796517013e+00
-7.986900798041526528e+00
1.302777090037752572e+01
2.607605587123323243e+00
-1.343650270454094553e+01
1.968049992312034391e+01
-1.043062564977292261e+01
2.331599882308903915e+00
-7.709464642852045912e+00
-1.093748117549809606e+01
-7.544956109150047219e+00
8.964764629218827663e-01
1.495323550159299852e+00
-4.329773304790132116e+00
2.252937295713011601e+00
-8.713464685112365382e-01
1.011425368264444025e+01
-2.928185154410302804e+00
-4.848408009155022569e+00
-1.226234421433618316e+01
-2.406485816383661103e+00
-9.480383818187641864e+00
-1.002798106955825119e+01
-8.580188804961152993e-01
-1.270767904514751834e+01
-3.382647772902483752e+00
3.412257636651121473e+00
-3.244008035817082636e+00
3.400094065969557988e+00
1.366518050264290451e+01
1.584988485534852387e+01
-1.061082735943076782e+00
-4.431071673387522836e+00
2.440212260316973136e+00
1.334887553128072746e+01
4.855249678059172069e+00
-7.887568324841800482e+00
-3.926618318055013823e+00
-5.507794065029386621e-02
-2.667640502523371815e+00
-3.083455999764975974e+00
-5.968300396995104506e+00
1.075393541236740091e+01
-1.233786333585112249e+00
-1.287466110561133981e+01
-1.660674433134669670e+01
4.310660657091974102e+00
-7.476424070144917167e+00
3.899553499412782287e+00
6.769104860133934309e+00
5.030353641514322405e+00
8.658148271905497850e+00
6.464036711903965227e+00
-1.546983160888160924e+01
5.141306125941261129e+00
-6.058105445076235718e+00
1.654623925341942581e+01
-4.921377179532179014e+00
4.055401472756500425e+00
-7.039099070723041862e+00
-6.117396005078028054e+00
-1.027783904310220464e+01
1.297221733378037367e+00
1.202564348489793744e+01
-1.643246928001005713e+01
-7.439885942527198814e+00
1.741111999094865936e+01
-2.031697376349470119e+00
-8.327946745836785070e+00
-2.860272777985525039e+00
-3.344124668086477126e+00
-1.077758439420505709e+01
1.113339213418874651e+00
1.018488123455899341e+00
-9.511016654662011405e+00
-1.496524783082968657e-01
-1.967820685575011552e+00
-5.904853515449666190e+00
-4.321599620702317068e+00
-4.108455224274197626e+00
-9.068182654768069284e+00
5.750780136240889462e+00
6.106477184102017119e-01
-6.764744947765008121e+00
2.350989897675828555e+00
7.040504196044081731e+00
9.841542699987362752e+00
1.547563010216103585e+01
-4.230743290668897316e+00
1.722296683640990755e+00
-7.614847672490945296e-01
-1.635075621760031694e+01
2.084017357718787267e+00
9.041116090358926272e+00
-9.310333880038065502e+00
1.085314376747407827e+00
2.018917503591191931e+00
-9.344256512357180355e+00
1.271717536213005850e+01
1.399477424497827727e+01
-4.378347516718704924e+00
4.102325082490880348e+00
-1.957334403882006413e+01
-9.612477624961833556e+00
-1.831388785111257356e+00
-5.979282651627297440e+00
-1.240026594051813014e+01
-1.916974837515020180e+00
-1.331364556955974621e+01
-3.993932760531444526e-01
1.996363805524710600e+00
2.011280537517827582e+01
7.643575068879354006e+00
-6.082185491244093356e+00
-6.239665479573339724e-01
8.433300437110844427e+00
2.823960695796148723e+00
1.208438093282538484e+00
3.138935348596576524e+00
-1.462934356073945885e+01
1.524701745935844066e+01
1.449439069996360452e+01
-2.190404721666630650e+01
-7.407158707104057882e-01
1.079241883707567240e+01
-8.450534642576545963e+00
6.845998183504255152e+00
8.565414167194223438e+00
1.009224445786862656e+00
-1.759002576233916315e+01
-1.393179313850409784e+01
-1.768663323803177079e+01
1.118629589805651037e+01
-2.039743572998492738e+00
2.884854861044167329e+00
-5.323606554703962601e+00
2.526143348482372986e+00
-3.376677839750295895e+00
1.384626139191998639e+01
9.621331249485491899e-01
3.613220536040506303e+00
-3.757948923171309019e+00
6.156383996871381825e+00
-1.111120510225781643e+01
-1.903112559773582646e+01
6.064600860974278973e+00
7.751877973645617814e+00
-4.073212393180239310e+00
-5.389461455721633598e+00
-1.358859232346689083e+01
9.237405960212035083e+00
-1.168408939377675537e+01
-9.157639536735732833e+00
2.788762701798210841e+00
-8.773327178865010012e+00
-2.248487618259062515e+00
-1.889172704429974425e+00
-9.077458226710156453e+00
7.867678324041034621e+00
-1.048398997230880925e+00
6.587271831618197737e+00
-6.360791094090427755e+00
-1.288948804238151169e+01
-4.150406655018875846e+00
-2.096056918702224436e+00
-3.976017174748636585e+00
7.903927736284658501e+00
-3.372297576067282421e-01
-1.241765298515125693e+01
2.246225617480764214e+00
1.210800635019104377e+01
3.683324187823228790e+00
6.241537208007263082e+00
8.472607140474115894e+00
3.484810119295845610e+00
2.439446764551093771e+00
-1.043312811738529255e+01
1.896040655858120161e+01
-8.041031496190855776e+00
-1.467709149218520892e+01
-3.921946186964626602e+00
-5.624444619923258948e+00
1.451388972078584416e+01
6.206311238279898390e+00
-2.086101923564350713e+01
-1.896687061349924264e-01
4.693254557058177845e+00
5.762575994504910426e-01
2.083377682132655551e+01
5.690672786232286562e+00
-9.269463355657489245e+00
-2.559492476832447849e+00
1.263208731283988051e+01
-1.393727389449786713e+01
1.405851132374257517e+00
5.857935172467739093e+00
1.225295424112321463e+01
6.171033890342096484e+00
-9.925896426329363642e-01
2.825545439575922302e+00
3.004951529984515535e+00
-1.592628101044261868e+01
5.705965069771270493e+00
9.239893856303410757e+00
3.066166124924060821e+00
7.055100790402904387e+00
-2.004874943118140518e+00
-1.563944432372836202e+00
-7.672523986767915360e+00
-4.610696347009199059e+00
1.641931760239772720e+00
-1.663911349395921668e+00
4.783240213092363469e+00
1.165081911080296351e+01
1.629686773394382016e+01
5.228074463787877324e-01
1.917627907985056979e+01
-1.651198960716837583e+00
-4.799569525820812643e+00
1.136218836410051836e+01
-2.755648563610002100e+00
-2.774938595852687317e-01
-1.194982271097829596e+01
-1.149260257429000731e+01
-1.473681656501570814e+01
-7.102509408814854375e+00
1.736327764277594277e+00
-3.799996106959244280e+00
-1.163072330928002884e+00
3.453807199051560417e+00
1.023345430268130407e+01
-2.352566494091623550e+00
1.511816090015774172e+01
6.236888089455108641e+00
1.849814507424809307e+01
1.032488394974292767e+01
-6.584055756737624776e+00
-1.652432866268880307e-01
1.737324494769258365e+01
