-2.139065695699855496e-01
4.065767476023517624e+00
-6.849113389724323930e-01
-2.758616852739672609e+00
1.988144779163712128e+00
-2.222649847849011984e+00
-7.412872895721698274e-01
1.712211791795878124e+00
2.993891645450540651e+00
1.837071621261253007e+00
2.890040972437057931e+00
1.140853691476491516e+00
-9.949195105645711745e-01
1.490401455738466163e+00
-1.241880071065531332e+00
2.556824299074784257e+00
-2.112732511619956011e+00
1.998363565500975436e-02
3.106341653854717055e+00
3.232455215758435751e-01
-1.027062477892531467e+00
1.151222316937345447e+00
3.431207420674148079e+00
3.811936435714222249e+00
-9.358321053943765566e-01
2.801759796008408188e+00
1.629895418939763641e+00
-1.582840509875047541e+00
-4.571652358973925523e-01
4.015142790362001612e+00
-3.907369304558307999e-01
-8.918036996524701943e-01
2.049618605764424117e+00
-3.189004593376586483e-01
-2.026227612160701463e-01
-1.928751703168853249e+00
1.026823879403536033e+00
4.653824007523976181e-01
-2.712205979954769752e+00
-7.577624393679276427e-01
9.057168647692011298e-02
1.506199675851406461e+00
1.274677202374140395e+00
4.162764748878645449e+00
2.589838692055694835e+00
-2.516970931614199714e+00
-3.370533840529132519e+00
-2.387577467166080769e+00
-1.798200421810894678e+00
1.308727001561588832e+00
1.724001861322215445e+00
-2.898313927497741194e+00
1.266213740855374192e-01
-2.319825544651512139e+00
2.573389392803557385e+00
2.726303851003388790e+00
-6.008338324553490484e-01
-5.167260642205757648e+00
2.165511079732946875e+00
1.398627375433526776e+00
7.818527006166526849e-01
-1.696808501219494447e+00
2.408422923561308604e+00
-2.567854313433599600e+00
5.304443367075871718e-01
-6.887801986331258952e-01
3.023563626910791058e+00
1.519977073924550615e+00
2.348210493138425115e+00
3.595976360184184983e+00
-1.934537543620584277e+00
3.135939965598341317e+00
9.119491671385637765e-01
-1.773094172222011045e+00
-4.583315776421281740e-02
-1.541917976546741009e+00
2.809095839720908483e+00
1.285092479120552023e+00
-1.129963155809569741e+00
-1.341825411604401941e+00
2.285789726228250274e+00
-1.797724197426462833e+00
2.776445238156975748e+00
-1.341503470888107286e+00
-2.425057850395131442e+00
3.564061868982226766e-01
1.126158077492637855e+00
1.230835473431709293e+00
-2.819124667636324411e+00
-2.469283274286581786e+00
3.992489360828895606e+00
2.776563017342604134e+00
-2.291616419811868255e+00
1.778334251233078644e+00
2.713873982250253336e-01
1.968018485235426995e+00
-7.443543224374611356e-01
-3.007506863424798671e-01
2.722355554940794065e+00
-4.226850684555199855e+00
-7.803728574998364254e-01
8.734419649231445204e-01
-9.742434567694840952e-02
-1.044594623668054556e+00
9.825587201752181699e-01
-8.233634282060571241e-01
-1.562944452977264920e+00
1.639699003193801907e-01
-4.247891508955215834e+00
3.421840141009438341e+00
6.209011084936084668e-01
3.150705427561109939e+00
4.646960691372019614e-01
-9.815252200734811971e-01
3.167245572735028603e+00
-1.064978320330031147e+00
3.912950151143665956e-01
2.912906533848112822e+00
1.566675905929010737e+00
8.693808666350043568e-01
5.412625013696120702e-01
4.552772929093269472e-01
2.262536974798413425e+00
3.770596123003184363e+00
7.210317785633457710e-02
9.350762757630171063e-02
2.266121127085976572e-01
-3.346122477538678197e+00
-3.491369997294823779e+00
1.844750183844491076e+00
-2.541487278186853160e+00
6.384238088054683402e-02
3.602030670317733829e+00
2.365412139408644698e+00
2.185734920621591915e+00
3.942689187787102867e+00
-1.861911147036472647e+00
-1.044192719895285393e+00
-1.545561609783363766e+00
3.121325603209952337e+00
-8.761241028293781374e-01
2.168658098238273713e+00
-3.080590430198801855e-01
-2.759776207357291788e+00
-2.708624527124099401e+00
4.913243661691248931e-01
4.123833955013245234e-01
-1.402258075394335668e+00
-3.879010070258993026e-01
-2.175209702013970681e+00
1.558132781995153815e+00
2.504606156243464277e+00
1.672187386819305122e+00
9.487380734107464519e-01
1.923168918689903417e-01
2.912162150519399972e+00
-3.592245424321807157e+00
1.318985798472664506e+00
1.071088238063021780e+00
-3.790831174171933160e+00
-1.236451513182532103e-01
-1.793194180862037301e+00
2.172454129544425072e+00
-1.974111899808677073e+00
-1.616602286060548455e+00
-2.150428135426247334e+00
2.449183318738689330e+00
1.387727092640699045e+00
7.446731260490955240e-01
-2.400431291807016976e+00
-1.225448109724232904e+00
2.284451844478405658e+00
2.955500737310146064e+00
3.321509330679800476e-01
6.536598100714419157e-01
2.082205344551518067e+00
-3.502665993247927823e+00
1.052252697485067223e+00
6.902856899963834003e-01
-2.358478455116199246e+00
-2.553528147756666034e+00
1.208536196220192149e+00
2.077625914827549103e+00
-7.821987097667718603e-01
4.588387208733869294e+00
5.256786434006706088e-01
-2.501297852406957345e-01
-2.348271108254066597e+00
2.781133107375886038e+00
-3.298052440787948569e+00
5.003525367369190402e-01
-2.362923921457638077e+00
-3.628703942738121135e+00
8.574349365923998878e-01
2.164712898750253078e+00
-1.529340895846960091e+00
5.731219297982304006e-02
1.564589511761415475e+00
-2.303091876642521019e+00
-1.960177226787647164e+00
-1.679407998868303942e+00
8.926977213467148786e-01
1.763140305680336528e+00
3.446279697886494464e+00
1.463084793127569450e+00
-2.348354274999790547e+00
-2.865411044729193613e+00
-4.183648479143683652e+00
3.834095841555012818e+00
-2.027690265961619609e+00
-1.465545820835497892e+00
8.339087452824889279e-01
4.629991418596007158e+00
2.149482915232857394e+00
2.752073805685824048e+00
-3.217242331409388534e+00
-3.450412978436918188e+00
1.268137383636722904e+00
1.707070344239528081e+00
-1.132741162413270636e-01
1.556638115562887892e+00
3.305720807613655943e+00
3.375699279912096173e+00
-4.426915140107707813e-01
-1.309949190396107799e+00
-2.291364121479146920e+00
-5.031246913367866114e-01
1.220151182842402315e+00
-1.238054366464569789e+00
-1.208700701144068024e+00
3.075429805667060812e+00
4.574973118912885717e+00
1.799617923335586900e+00
2.436824887759676095e+00
-1.189796422787049446e-01
4.529234986807062491e-01
-1.580105356612380607e+00
1.856737399755624685e+00
2.228673199289436635e+00
4.250372246401991738e+00
-1.065766279609177136e+00
-6.848281368728897922e-01
1.586342163350372925e+00
-3.132259481630901732e+00
5.691972957602950522e+00
1.130234194542499626e+00
-3.067240523699814148e+00
8.328141399256231425e-01
5.606641526448172819e-01
3.834749151367270681e+00
-2.382579731602749717e+00
-2.759681428197066744e+00
5.057676282865056550e+00
-5.132399358572398151e-02
-5.978827523199027605e-02
-8.276074837426061759e-01
2.731249318950302651e+00
-1.651750520273680189e+00
3.590746702358434961e-01
1.122003422726442379e+00
-6.675508964609582208e-01
-3.954920982971855903e+00
1.200007513092825384e+00
1.676957872897246737e-01
-2.332011413852931092e+00
