-2.163511705918872963e+01
2.118239276524597301e+02
-3.661535703744951320e+02
-1.164547751797331046e+02
-2.266791154201526695e+02
-2.546130607759637883e+02
1.301460731842896656e+01
-5.036338470455329031e+01
-6.514178055883236595e+01
9.354277144323244642e+00
-7.602193017207869730e+01
-2.470727221546345334e+02
-4.566908760986773785e+01
1.326476487723472815e+02
1.783594582640698789e+01
-3.644101179694212789e+01
-3.010460557381400122e+02
1.521588893637897684e+02
-7.216223060509909715e+01
1.751861340957929656e+02
1.745429036237325420e+02
-2.189496868671489551e+02
-7.918339540224260986e+01
2.637843596425431087e+02
4.561375050827792421e+01
1.879726999327679096e+02
2.109301223442141122e+02
-3.929103624695363237e+02
7.682719436173431404e+01
-4.310219384775032125e+01
2.584970306295812748e+02
1.074668669484732675e+02
-4.613532245721501113e-01
2.567536594500908365e+01
1.093323985820437230e+02
-1.568021832942869587e+01
1.169336207180656686e+02
1.570182388828727227e+01
-3.716537548498757104e+01
-8.103184504122314991e+01
-1.747503248775770999e+02
-8.902251650173559483e+01
-3.909037405596948247e+02
3.031624878068706721e+02
3.164071586201874879e+02
-9.400083579518448573e+01
-9.262089614227228651e+01
-1.135062797756697677e+02
-2.514254556887895262e+02
-4.035435926785281424e+01
6.751141462332026322e+01
-1.414680328507319302e+02
9.394692995097509325e+00
-5.375158001627928428e+01
1.011744166802424729e+02
-9.387620521376167915e+01
-7.851009639898880721e+01
-1.322355195692829284e+02
-1.066666000344147847e+02
-1.734127872476374819e+02
7.124618166210672143e+01
2.640510331852944432e+02
4.699883523085661707e+00
3.015591942027493033e+01
3.102923854716648862e+02
-2.066693399171808210e+01
-1.396599498928910918e+02
1.957981765933228928e+02
5.903065306095718512e+01
1.259528857770504402e+02
-3.801768741016564945e+02
-2.012653092423272483e+02
-4.224723501429680255e+02
-9.056627411542208961e+01
-3.162441386051870040e+02
2.654137338421201164e+01
1.306220355601620611e+02
-1.716174842651863841e+01
8.478144358623990229e+01
1.982145344760089927e+02
2.025688872463662449e+02
3.997779088192650931e+01
-1.604907388010703428e+00
-1.195156818443945639e+02
-1.252954161453509982e+02
-4.090652846351188998e+01
9.714642910944183996e+01
-3.068206338196340539e+02
-2.510278426081409577e+02
-8.993755636722275071e+00
-1.979237058308996211e+02
-7.281446910474939216e+01
1.860206823346570673e+02
-3.783454412742065642e+01
-3.471433402114568025e+02
1.155260140214159605e+02
-6.693947422610970932e+01
1.170668190159897790e+02
-2.088139330771400353e+02
2.835592490623033157e+01
1.142415137319110841e+02
2.790519231399797562e+01
-7.250735192430819609e+01
1.131446727145547371e+01
-3.055157228207212370e+02
1.929457093495973083e+02
2.365502799421570614e+02
3.818383357768408928e+02
-1.109696855042373613e+02
3.323065520951987395e+01
-2.785603387454529525e+02
4.500179063559802728e+01
3.014149042981761895e+00
-2.494990873521992825e+01
-1.750356590837100725e+02
6.017468787513323747e+01
-2.528169968253016009e+02
-2.949937787562485596e+02
3.224055646812690270e+02
3.405012199468455378e+02
1.302642600846223786e+02
1.430537466475455801e+02
5.042105826851468464e+00
-4.365517107975148292e+01
1.402336371472823942e+02
2.999477745634711141e+02
9.600378183742202509e+01
1.904851243372234535e+02
-8.327043384047655650e+01
1.453967841707495623e+01
9.708020204030702871e-01
-2.216248144942654505e+02
5.452231521554686822e+01
-7.288040838040994629e+01
-1.195161055129993741e+02
-1.563842658204114855e+02
1.877843556523961013e+02
-2.394118795466530258e+01
1.579338164906045279e+02
2.609029010250942520e+02
-1.168297442538719082e+02
-1.131789520085492882e+02
-1.863702596341078959e+02
-9.315797356331930246e+01
-5.172095866012518428e+01
-5.020699226429497344e+02
3.323375692515039646e+02
8.092368542278601140e+00
-8.914985974657879808e+01
-2.112534746930697906e+02
-7.074601419629978238e+01
6.300890074332063939e+00
-1.289630996855136971e+02
3.104949153210391160e+02
4.939777548823602871e+01
1.491393547883962754e+02
-3.369752546117215388e+02
8.156362737062067936e+01
-9.447255452831383593e+01
-1.815788976661024492e+02
-7.932671298136419580e+01
1.413835774424937313e+02
2.645217120323803783e+02
2.093324391818471497e+02
-1.847276241953981355e+02
1.467779311098160235e+02
6.262547258094784297e+01
2.710673860451047972e+02
6.478932709236008236e+01
2.585213656414882166e+01
-3.024297585204248549e+02
1.328202846389273191e+02
1.872349392091621780e+02
-1.262792248001497910e+02
-6.932039638717220953e+01
-2.453305950515089933e+02
-3.716984278346916426e+02
-5.552983424428655326e+02
3.124726849874611503e+02
1.285612296848295841e+02
6.402960863600627306e+01
3.115653174112988566e+01
-3.182992973077047054e+02
-2.997373418722373231e+02
-7.311551901615517579e+01
1.909838341573521170e+00
-7.573414710609954170e+01
-2.371668956249974940e+02
-2.931083094707932091e+01
-1.309125583003686586e+02
1.313712951206263426e+02
-8.950896825326095652e+00
-2.038892869283499749e+02
1.610682360460035341e+02
2.300715380175157065e+02
-4.370492926232408593e+01
7.303882117123499995e+01
2.707348396435360769e+02
-3.412991952290786202e+01
2.086831571300567134e+02
1.027179821936297230e+02
-1.592398646493039394e+02
-8.886651215462811138e+01
2.598693205427255180e+02
5.485622433306626533e+01
-1.997509958560492294e+02
-4.081089028454082523e+01
-8.020810757624730059e+01
-2.000082984852021184e+02
2.408957185644524301e+01
-5.932153268168149651e+01
5.033908072775272302e+01
1.380101904556000818e+02
-4.863843519837369911e+01
2.114763465210321556e+02
-1.289649331900597531e+02
-2.713324829750068830e+02
-1.587060596440808879e+01
5.658706018785089498e+00
-9.582554188440215626e+01
-2.058305334511258025e+02
8.165401002286306209e+01
-2.092633353963053366e+02
2.670585806015504886e+02
2.286172565866138129e+01
2.433169325727142507e+02
-1.879890761326951463e+02
2.388541594821189733e+02
1.882840079761877803e+02
-3.851900810678539244e+01
-1.797322036878090614e+02
-5.354029078289342714e+00
2.455839570406610406e+01
2.115785686518196940e+02
-6.056427097973400464e+01
-7.268249054916385887e+01
1.744335655016554369e+02
-1.113312755959332456e+01
-1.278647933775581862e+02
2.699770424992997775e+01
1.639741775543463564e+00
-8.432481026825254133e+00
1.070319098651759333e+02
-4.580272935702795145e+00
1.586433449880550768e+02
-7.186020612127140339e+01
8.233048771863710158e+01
6.847630453942541351e+01
-1.016903926172454504e+02
1.609717107248450816e+02
3.154611381139409900e+02
-2.592414358273267112e+02
-6.088055800486656466e+01
-1.778135807759425973e+02
-7.380183577909475900e+01
1.434822054909748203e+02
1.776134196680692696e+02
-1.993528241324450505e+02
-3.219843561748355114e+02
5.322386067765959439e+01
6.481058756220858186e+01
-9.669196154782734709e+01
1.102621687197120792e+02
1.355829340464279369e+02
3.996387598794655105e+02
