-2.540412859726074757e+01
3.144771068669791134e+02
-5.585966152384204406e+02
-1.887949456192045545e+02
-3.589843906025299134e+02
-3.798271512183601999e+02
1.990167022191671720e+01
-7.368383384897462918e+01
-9.528337585683880206e+01
-1.790210771070349871e+00
-9.845940184071609735e+01
-3.671903745465335192e+02
-5.693094671989207711e+01
1.931836725273540480e+02
9.514864080807416968e+00
-4.880156275133059296e+01
-4.551049728931541267e+02
2.239202040708880475e+02
-1.008557469707694878e+02
2.833455725578438091e+02
2.556310345652517242e+02
-3.165346791095400363e+02
-1.504387713337500543e+02
4.213166566195480982e+02
4.238607444246128608e+01
2.854622549312633168e+02
3.284536122240244254e+02
-5.648454240871163847e+02
1.076833508224907945e+02
-7.411791321141235755e+01
4.177998005888928787e+02
1.652338522865031223e+02
6.087156923073336223e+00
2.912350639084062820e+01
1.613027472191964193e+02
-2.195953708515236613e+01
1.848986941664171582e+02
2.605398774136894957e+01
-3.728272625461067946e+01
-1.382639085097509337e+02
-2.603849441879533515e+02
-9.977802312232842041e+01
-5.736869847357352228e+02
4.755113978278246805e+02
4.598811488371762266e+02
-1.332526344985356843e+02
-1.562158633128260590e+02
-1.669569694432730671e+02
-3.795367960027225536e+02
-6.224544375136633789e+01
9.496505555251592057e+01
-2.134636957198804339e+02
1.972478805713570083e+01
-8.019107882524939157e+01
1.270091838386304204e+02
-1.556628876193823885e+02
-1.255190046739558767e+02
-2.211975446413084114e+02
-1.467954175156483814e+02
-2.464596575988176994e+02
1.114924516552946585e+02
3.817236114570927157e+02
6.669060368670157501e+00
4.256817462826971621e+01
4.735380601405101402e+02
-4.591898394433741259e+01
-1.934460326307501532e+02
2.980012885500577795e+02
1.080804367240510544e+02
2.123014560658431265e+02
-5.785979197851185063e+02
-2.833289578604154713e+02
-6.103799244371934947e+02
-1.318653000079814035e+02
-4.565185660899814479e+02
6.278058138862920856e+01
2.076018089767715367e+02
-4.049815200011965288e+01
1.299857558640765376e+02
2.997232958236742775e+02
3.097742366492407768e+02
8.826469978617105028e+01
-9.892023883663368267e+00
-1.835569223662527918e+02
-1.821115215322662380e+02
-6.078798163812909650e+01
1.599900319491810592e+02
-4.191977446612764311e+02
-3.614891119116819596e+02
-2.139301027704171432e+01
-2.884502151891348376e+02
-9.557615654390905036e+01
2.830782219679176706e+02
-4.531872527937890283e+01
-5.102849705667924241e+02
1.426472274290372582e+02
-8.090218834341796139e+01
1.694082586927552825e+02
-3.106998861151506048e+02
1.886452056265327570e+01
1.825260998658033884e+02
4.743788628040979916e+01
-1.105655053605974842e+02
4.410429778977951543e+01
-4.333202744726858668e+02
3.128642901987155369e+02
3.505142029778042456e+02
5.815713764894165934e+02
-1.759762052301459789e+02
5.320599288423196072e+01
-4.152426718961439178e+02
6.715792314259749674e+01
4.628637721145357986e+00
-3.832363615699899384e+01
-2.525228427742522399e+02
9.028471225982120529e+01
-3.926517282343075976e+02
-4.477458616215589018e+02
4.630742575766566915e+02
5.199806111965951914e+02
2.163282339123981330e+02
2.058301403440815989e+02
1.086224389956882241e+01
-5.115571659059288834e+01
2.126643436787707344e+02
4.479887781286302584e+02
1.398366968561517183e+02
2.941550676967429467e+02
-1.249814101361547500e+02
6.697490219833450276e+00
1.894336360566067912e+00
-3.556554734031327030e+02
9.919713752859080103e+01
-1.157957309701262574e+02
-1.578014367220662280e+02
-2.286331829208075419e+02
2.553365707035267747e+02
-4.897356004062646662e+01
2.324079016119408436e+02
3.768849698757508691e+02
-1.822315609502392419e+02
-1.838645373891398265e+02
-2.760414320983341554e+02
-1.351423004750491828e+02
-7.289187655430006885e+01
-7.465252216044091256e+02
5.041794759489812350e+02
3.310240916232506692e+01
-1.216429841078982150e+02
-3.091527333385330394e+02
-1.024355642481010307e+02
2.316466097450668116e+00
-1.989912374338234144e+02
4.819390280775399447e+02
7.191527520144371977e+01
2.040133459183478521e+02
-5.363380637304754828e+02
1.388647459608990857e+02
-1.600278982773638461e+02
-2.517260790421048284e+02
-1.299158261560663732e+02
2.035706000293550630e+02
3.966714985346853268e+02
3.116667047478635482e+02
-2.834606518264519082e+02
2.136593929899202351e+02
1.109216630041230900e+02
4.202510706203389077e+02
9.975550515745474911e+01
2.148938571552485044e+01
-4.550016500520929981e+02
2.245709496489376988e+02
2.638651740844248366e+02
-1.836426739092291882e+02
-1.292302032903837414e+02
-3.683830153257950428e+02
-5.551066669165298890e+02
-8.121733468387496941e+02
4.386136347690036814e+02
1.864687219980367843e+02
8.811136953639534397e+01
4.716499612027494948e+01
-4.865009508328499237e+02
-4.423522610877009811e+02
-9.642246122143897935e+01
5.668963599440111523e+00
-1.332650204479554930e+02
-3.545230964259997677e+02
-2.894857345799893622e+01
-2.019609325438312055e+02
1.831225441021193490e+02
-2.874887607101188891e+01
-3.060002777150091902e+02
2.526374226811061590e+02
3.485178748786298684e+02
-5.877116871732773262e+01
1.053529180875104743e+02
4.285115329873254382e+02
-4.543684179186263350e+01
3.013378668659595974e+02
1.504028996678387955e+02
-2.212127927052789289e+02
-1.389315205870426837e+02
3.789340570353094790e+02
8.908949862755879678e+01
-3.055367653089201099e+02
-6.328480056208275073e+01
-1.161336709056298986e+02
-2.872259659824682103e+02
4.838181184822840919e+01
-5.197644202247875000e+01
8.168368470978286666e+01
2.040295757939216799e+02
-7.037845919779013570e+01
3.020077438678513886e+02
-1.973778285452271177e+02
-4.273920874502086917e+02
-1.236160806500748954e+01
6.017678102402464368e+00
-1.364385619632885778e+02
-3.074826791710576117e+02
1.529829869098464314e+02
-3.365172259865592537e+02
4.175025905866414746e+02
2.191171899201207296e+01
3.652580003007616938e+02
-2.973155497783980650e+02
3.404599212250022902e+02
2.830919622782109286e+02
-9.108427430219839493e+01
-2.714237770949655442e+02
-2.239311270498035711e+01
3.411635490816451011e+01
3.170138235785329357e+02
-9.868601466324912508e+01
-1.132316654631552950e+02
2.478775326831600978e+02
4.177746157066201782e+00
-1.888556112224712820e+02
5.221753425390578229e+01
2.017240907633501390e+00
-8.219715555452662414e+00
1.547642803558270828e+02
-3.954201975727296059e+01
2.487501375898159495e+02
-1.060305132867736546e+02
1.533603656474496688e+02
7.530724035174618791e+01
-1.271930277431727916e+02
2.360585323490235794e+02
4.794170312974050603e+02
-3.805844600341746968e+02
-1.000042201533503743e+02
-2.554182733733967154e+02
-8.488886441508864777e+01
2.223734623058375064e+02
2.473473084131931614e+02
-2.731209611806537509e+02
-4.876740719234147718e+02
8.032902839241963022e+01
1.058508053273955483e+02
-1.719971068812791657e+02
1.807509561255323547e+02
1.852327899295404450e+02
6.046886518087267177e+02
