-6.991515528167435889e+01
1.962016355819099545e+01
2.408691963609253861e+01
-1.730221544295318665e+02
-2.229072623661717785e+02
3.203254921877977779e+01
-4.228299563494891089e+01
7.510058346601059043e+01
1.007483325568444883e+02
4.375572123646563938e+01
-1.581931072757987522e+02
-6.605860956745223689e+01
-8.216272108375187455e-02
-8.868433949088884560e+01
-4.740079245797565122e+00
-5.498410963089055059e+01
3.617342028246572028e+00
8.388543175913413563e+01
1.359385091080539780e+02
-1.430933873454670291e+01
1.084818201637480968e+02
1.615386963335579367e+02
-4.334355611881278492e+01
-7.705153216286430506e+01
2.128723340676969258e+02
5.380761346725108751e+01
-1.688307977215633287e+02
-7.537440889175107372e+01
-1.509926044705652828e+02
5.558844009083802007e+01
-3.467838697800311820e+01
-1.323884001463404729e+02
-8.497761442612139149e+01
1.281295375774156931e+01
1.345427309376123333e+02
9.579112281698004949e+01
-4.980148651098038215e+01
-4.082107373470606149e+01
-2.930302303525079211e+01
-1.341461759709485513e+01
7.622402782786426911e+00
-2.663056410961432263e+01
-6.662049234478912751e+01
4.912194731491921118e+01
-2.064237553426548573e+02
-1.184941562478656429e+01
5.038480363064482503e+01
1.477625525664608972e+02
-6.068868281553631761e+01
-8.079594933038517013e+01
6.890560609727172903e+01
-1.012958046006607127e+01
2.723919265428993697e+01
-1.519027828434588230e+02
5.412983567463029289e+01
-7.480128607596687118e+01
2.229087918256914591e+01
6.386060741650707939e+01
2.993261045079582416e+01
4.060354648223185592e+01
4.625950708131241385e+01
-3.191390605197668506e+01
1.033703085903719199e+01
-2.712222962489719436e+01
4.993762673293463905e+01
8.407511897652717892e+01
1.315779118026995889e+02
6.064353396927108975e+01
-7.131617580014101065e+01
-1.138044814374157596e+02
9.305464889061755684e+01
3.535011981870881215e+01
-1.663891871719191684e+01
-6.185110908153514941e+01
-6.543630018056590814e+01
1.486914076882404245e+01
1.283223381066434570e+02
-8.930365630967300206e+01
2.556017978698746518e+01
-1.106030242063503266e+02
9.770461193279406586e+01
1.677469953733795904e+01
1.002936255560318983e+02
-1.333779235752153909e+02
2.815878390872861559e+01
6.497751757854854304e+01
5.482939888184820809e+00
1.539855682559792172e+02
6.509933598561788415e+01
1.024134040420236715e+02
3.582207463813528392e+01
2.331382225496795257e+01
-2.056948548961278433e+01
6.444002858896013208e+01
5.044939218190906871e+01
-1.148586860541661849e+02
7.598674926968297427e+01
1.068739814062662496e+01
6.149769854957678206e+01
3.605703831909037405e+01
-3.569505736352148517e+01
-7.220726891896151756e+01
-2.123539048056418821e+01
5.872257694555195684e+01
-3.924705656440052337e+01
-3.233014621160147328e+01
1.186488897145544108e+01
7.844237551520289564e+00
-2.050238002241292534e+01
-2.986075167426029964e+01
5.885403008527904944e+01
1.819905425799600351e+00
8.555878927233223408e+01
1.452410481413823362e+01
-7.576967807375443442e+01
-5.138800083580175482e+01
4.812605471627539799e+01
-7.463581100114912203e+01
1.635806071162477693e+01
-8.037175685313243889e+01
1.138673678555582569e+02
-7.615301736939950672e+01
-8.997375807122227798e+01
1.104263917877526211e+02
-4.192554946412176520e+01
-2.468986735617314565e+01
-1.550487864206260156e+02
-1.915149989659827856e-01
1.310590562594805704e+02
-1.347823724180138640e+02
1.253934256025080884e+02
-5.874748516392521225e+01
-1.632562986818731687e+00
-1.002489768409335511e+02
-6.654196276197495763e+01
9.704562387932905665e+01
-2.046639307771982175e+01
1.121269439254871081e+01
-5.411953132399897726e+01
1.394841948575847468e+01
-8.739002059943985046e+00
-2.370906999627621659e+01
-1.183018357327580929e+02
6.109257684845022851e+01
-1.574774381461127746e+02
-1.754910375783921594e+01
-4.497826021311614397e+01
-1.349584896477519464e+02
1.198652645933929506e+02
1.343037711990204741e+02
-1.356040707813957269e+01
-1.181963019294074790e+01
-2.714126095743179121e+02
-1.765569505842666445e+02
-7.077745867423064396e+01
6.425094665330520627e+01
-7.638852089940336043e+01
5.977983822995386731e+01
5.174693364227796621e+01
7.509439171017390890e+01
1.019203233571247296e+02
-1.847051076453099583e+01
-2.451522664542245522e+01
1.149890001295075592e+02
-1.081255013062126125e+02
-9.310122783203857466e+01
5.693262595733431652e+01
-9.798932584913902843e+00
7.418780986514002507e+01
2.332671033254548476e+01
-4.900095837999341342e+01
-1.663647633146854687e+01
-6.363871265450915615e+01
6.534363708830304063e+01
4.146138916842893707e+00
-4.245919302853521771e+01
5.998716294017933848e+01
-1.525318783310424919e+02
1.800043280425895986e+01
-6.594561319414619049e+01
-2.809169072720346207e+02
-1.533533745388283762e+02
1.230493925995562137e+02
6.079907490960200001e+00
-9.016453968291367005e+01
-3.823739252332955374e+01
2.720292162682441273e+01
3.593924767641879470e+01
-5.113620478794493351e+01
8.591193322125157295e+01
-1.005133504747579138e+02
-1.674017233388133263e+02
-7.421069621264156524e+01
1.014743697764472046e+02
1.154678797292268086e+02
-9.696557491095600767e+01
2.015534072277461064e+01
-2.361096136911476151e+02
-1.108697493770078211e+02
-2.620566064539670847e+01
2.897244468770622561e+01
6.580013409044799744e+01
7.460916554997309902e+01
1.202505977996797526e+01
2.900292316512406288e+01
-3.458784983189374174e+01
2.079341430228741672e+02
2.288125811147090616e+01
4.261433412825407885e+01
-8.606884427395122827e+01
-1.134469130395400072e+01
-1.023706081907657364e+02
3.738514722268755008e+01
-2.878268970839818763e+01
-9.381155757095177350e+00
-9.067211270627483088e+01
-5.859879906776553327e+01
1.564155320439358832e+02
1.179244681580997707e+02
2.882830702459933292e+01
-5.222410201948726893e+01
1.844688756111442842e+02
-7.681987929005995852e+01
-7.179919241695874632e+01
-1.521886285451746517e+02
8.671020772876607907e+01
-6.216165166713900447e+01
-8.832531702786792493e+01
5.185550682640597842e+01
-7.308307247412267316e+01
3.497047338362725100e+01
-7.914447330297234373e+01
-6.858641768295132124e+01
5.799030173698086799e+01
-4.788163204729305278e+01
-8.427924338393155779e+01
-4.875702766631105334e+01
7.190133752269105116e+01
-1.928296040588577753e+01
-6.482720568531025407e+00
2.810365039698233591e+00
-1.969594996426422284e+01
7.908671526322328305e+01
-4.571691072349560159e+01
-6.661051119522855402e+01
-1.236617659011616723e+02
1.099401105597033634e+00
-8.627062773011982699e+01
4.131549369913896541e+00
1.074462271581022748e+02
1.141920203205979618e+02
3.637959087994702401e+01
-8.883071592521400106e+00
6.490690009549402362e+01
-1.707048385188554676e+02
7.729950209438231745e+00
1.132943743321147849e+02
5.788200364114010199e+01
-5.177011689772713510e+01
6.517734306902210051e+01
6.132280413872762459e+00
-1.911090702457628083e+02
1.670112626972417047e+01
-1.897523504604269817e+01
6.747171753778266634e+01
