-3.586607610571777016e-01
-4.232702691453776311e-01
-7.052760005978165880e-01
-7.617687607404375338e-01
7.363116914113629896e-01
2.072332810920952895e+00
1.432833902498498846e+00
2.086584870376889000e+00
-8.261453863422918431e-01
-1.465736461905243981e+00
1.147779690543140774e+00
1.701497594681061321e+00
-1.752239225688039026e+00
-1.558539047143920886e+00
1.467362522459178642e+00
2.247055456473678881e+00
2.441235085363850033e+00
-2.650088056048267138e+00
-8.566711098950257064e-01
2.319401027502888901e+00
2.304524551016307932e+00
6.519103583716263639e-01
-2.713096547243632806e+00
-1.493614800213538096e+00
-1.567076055989833572e+00
-2.394781431532007510e+00
2.343854037465496476e-01
8.216610864164282102e-01
-1.725536181141395176e+00
-1.154372578458237486e+00
7.575611592872246725e-01
1.559280003344307497e+00
-3.946657722557466719e-01
1.349525577763462492e+00
2.375639023527133187e+00
-1.404115682816624577e+00
-5.759712124599625227e-02
-6.134199528581436578e-01
-1.416741528113217408e+00
3.714000190508794375e-01
5.676383836002460992e-01
2.083318592180641304e-01
1.578904753066845412e+00
1.171893175895245109e+00
-2.657964065207280679e+00
-1.154742451147599658e+00
-4.167828647498360017e-01
1.131958297538377733e+00
3.322491317344143269e+00
3.699728503004021118e-01
-1.737204287363947497e+00
-2.855308086463955064e+00
1.720161248213290639e+00
-2.388594334468876035e+00
-2.446066814996727956e+00
4.825715003446567897e-02
6.894789113401700309e-01
-8.073820253411785330e-01
-1.913311347112544247e+00
-2.061129375347264592e+00
-2.974066668779789424e+00
1.893051470098261024e+00
7.804998537770465594e-01
-6.691417178516112507e-01
-8.337998929355356914e-01
-2.143765355655485649e+00
-1.617306342871324354e+00
4.692095670675616170e-01
1.981408350968493437e+00
2.051635840859352022e+00
6.785379082064229017e-01
8.175636371398375957e-01
6.426535823475134634e-01
-1.193849118789896524e+00
-1.822510619766847029e+00
-1.196809956401373221e+00
3.514266203958683055e-01
-1.490419085621047524e+00
1.403130462980301862e+00
-1.914021964165483647e+00
-2.854174316972107217e+00
6.234544757448376995e-01
1.048218828883078046e+00
1.718092431194729652e+00
-1.297490330142591297e+00
-2.615610523809318799e+00
-2.874614419987386427e+00
-1.725554844228086138e+00
2.811933266277339083e+00
-8.528799971257772228e-01
1.574558819555404554e+00
-7.329700303280488605e-01
-1.671424208766448594e+00
-1.954449705939731441e-01
1.370162878938908868e+00
2.291717745942462581e-01
3.074631381278946640e-01
-3.700660625491836164e-01
2.293629379143244940e-01
7.255503349031611204e-01
-1.254602768888047892e+00
2.580831583407312113e+00
-1.794766667685201156e-01
1.803984920273616233e+00
2.310396645806568561e+00
1.727452285238730401e+00
-2.297555158662118568e+00
2.116851940595184445e+00
4.273248686971309329e-02
-1.830674208620688859e+00
-7.561339515774464504e-01
-1.674610158873288679e-01
1.688594001601027017e+00
9.471864270671621622e-01
-1.782696085092468907e-01
4.999526340296904792e-01
-1.818457658272128574e+00
-9.700196473665519958e-01
1.519450705978043548e+00
2.718065196360200386e-01
-1.433904409795246027e+00
-2.413792318314680330e+00
-2.098766912976534726e+00
-2.857805123425498195e+00
-8.798047025597584003e-01
-1.742663943548282468e+00
1.491034596405409252e+00
1.731336555456274962e+00
2.854692539676037644e+00
-3.741595199694218721e-01
-1.061113982856990434e+00
-1.267659274552849213e-01
1.950551623950604441e+00
-1.067379629104765471e+00
-1.744802582513909073e+00
2.663448368882587403e+00
2.667776959951655424e+00
2.124460358778224478e+00
-6.022861166196606941e-01
-2.080616018932095468e+00
-1.574956923438202372e+00
2.062394478822438426e+00
-6.929651140044189583e-01
9.983092020619679374e-01
1.043250955970813187e+00
-1.502347234970366152e+00
2.212089581026558616e+00
5.628531359159109071e-01
1.967337134335035653e+00
2.242389886613138650e+00
-1.083471207450540597e+00
-2.517947361746118773e+00
-1.443629574367235047e-01
-8.354081903851198199e-01
1.143672907928847016e+00
-1.736578874463263311e+00
-7.685572379650060792e-01
1.336819724292317657e+00
-8.212667268522942932e-01
-4.606830465656456819e-01
-2.753725696552294933e-01
-4.524263173226371060e-01
2.808929598552009299e+00
1.583802912039513178e+00
2.724780075985973937e+00
-2.416288790317335788e+00
-1.646392572520293474e+00
2.324574427884706029e+00
1.897200998084723755e+00
-1.563890752901825110e+00
-2.488174834672414626e+00
3.410303383236618080e-01
7.234629184110750177e-01
1.071482943697441126e+00
-1.887496772957074409e+00
-7.815409856502697483e-01
-2.121542322156155791e-01
-2.561068618508665296e+00
-6.039815435889962503e-01
-1.331192753691648134e+00
2.167919564634021690e+00
1.944775571192393082e+00
-7.013387114386713250e-01
-1.375887213733459902e+00
-1.720895361999787987e+00
2.728499131264129351e-01
2.567806101033913713e+00
-3.800710748274980788e-01
2.938916859334620213e+00
1.574713863906372024e+00
6.938105752395680170e-01
-1.350683757816167230e+00
-1.676892180489465645e+00
1.294493615572926970e-01
2.197843939794322243e-01
-1.496532946352236548e+00
-2.380935755134998111e+00
-1.005898168891535605e+00
-2.086242185783407699e+00
3.887062814999615590e-01
-1.561878156379203908e+00
-2.111117519157777456e-01
2.243883610719669131e-01
-3.215811853579398916e-01
-2.760451391673273136e-01
-9.616732716841311923e-01
2.792456285346245792e+00
-1.963303513742617801e+00
-5.786960776590277522e-01
-2.033727076028696068e+00
-3.125842984007913383e+00
1.581017442864879996e+00
-4.463486851248743559e-02
-1.651891273421231654e+00
1.311075810377085205e+00
3.026560703171386368e+00
-1.902180236535314428e+00
-1.054081348942285112e+00
-1.334306708529762187e+00
-6.754581235231682523e-02
-6.253790902524418716e-01
-3.919100929245971088e-01
-1.699890327831496739e+00
1.524846837144594236e+00
1.530682570558104194e+00
-7.036061835832357891e-02
-1.121647190908700464e+00
-2.722704764736368910e-01
1.763482254631640433e+00
-9.758353977616734953e-02
1.235249516955881921e+00
1.123164332426415779e+00
-1.363463753068811402e+00
-1.930255558764646162e+00
-1.631449559374454461e+00
2.092742870347449879e-01
-1.429264000577653571e-01
-7.221472513866307175e-01
-1.651623967776486790e+00
-8.837916591139807210e-01
-1.512004034107418793e+00
-1.494912471043754909e+00
-9.983830882283181163e-01
-1.923069801761498665e+00
9.296781265553266671e-01
-7.078378821995457981e-01
-4.488964730685185422e-02
-8.125541708982060296e-01
-4.622836024350911455e-01
-2.466350655851081264e+00
2.458519522149383629e+00
1.815013181974892920e+00
1.880548127043450757e+00
1.022144320142781559e-02
9.174077915366700697e-01
-1.648385409482311825e+00
1.956121310749716624e+00
8.741332761584976740e-01
2.260928064732540488e+00
1.635005597854807036e+00
8.242690285396090388e-01
-5.499729208679874359e-01
-3.852534078849600974e-02
-8.544077841874393453e-01
2.093766600819938706e+00
