-1.894921910082927319e-01
6.416596035664934305e-02
5.554358504810470443e-01
2.810720887230311327e-02
4.627589326760022104e-01
-3.592782078912273303e-01
-8.550980866032098504e-01
-1.726439996175999081e-01
8.095237134635036025e-01
5.365234046805702484e-01
-6.195080501449694577e-01
-8.013298250028120240e-01
1.487646140347191892e-01
-1.468397781095762689e-01
4.126641592904167766e-02
-4.104768473885134217e-01
-9.029519397539136349e-01
-2.666788730126945506e-01
4.683915634810094097e-01
3.902613094756901546e-01
-3.538960880734325354e-01
6.622072651819463918e-01
4.953886459194067893e-01
1.200683273311791144e-01
1.926431920929356778e-01
-2.814300226467740806e-01
4.002822053281567261e-01
-6.003410008918574903e-02
-9.645028051824746651e-01
-3.640787153221560768e-01
-8.272244341220911235e-01
6.400093198211109780e-05
-2.732535736917949265e-01
-6.189464756872935514e-01
8.921019869415802717e-01
-5.167920013817499658e-01
-5.108380824335458925e-01
4.862459743118539013e-01
-4.577172600342027664e-02
-3.090471394930600635e-01
3.888230355217892065e-01
7.830132333229355979e-01
-9.516838001442915473e-01
-1.141978494936866095e-01
9.320596204947209085e-01
6.142257379963962372e-01
-8.361907334800184888e-01
-6.183618660803462674e-01
-2.393446339130673728e-01
9.158423161374740218e-01
6.795869032135437582e-01
-9.617112813879988842e-01
-8.928204041188467777e-01
-8.694145263181451977e-01
-5.016755939192529823e-02
9.569371644663899890e-01
2.600600638199781489e-01
1.986051675262310301e-01
1.926422342438702806e-01
-1.180774712072381050e-01
8.900302458212048240e-01
-2.176932775819266919e-01
5.485542654663457807e-01
8.303222540046444333e-01
-3.971514835922382858e-01
9.514550399603907138e-01
5.956108613202597546e-01
-9.330849400558354212e-01
-8.983993888858852195e-01
3.062404953267003904e-01
9.532634606959580204e-01
-3.073948559272379200e-01
6.129915760916673229e-01
7.246287421312453958e-01
4.586290462364490672e-01
-7.770091052617824623e-01
-6.947323478309774814e-01
2.319180402595861779e-01
2.152695779412643340e-01
1.919621541992431180e-01
-9.514632875370927501e-01
9.363146381412470465e-01
1.309665640609063431e-01
-3.108202655512994905e-01
-7.542902010333585316e-02
6.680506458068102837e-02
-8.192373145598079720e-01
4.396871835513798121e-01
8.714166691932814235e-01
-8.330530152551525180e-01
-5.479927735011158596e-02
7.166801495942392020e-01
-2.769817601422506215e-01
-7.135709648186017162e-01
6.733986444478285982e-01
5.898282061585571334e-01
-4.101963585375534294e-01
8.895419835773776818e-01
-3.183136369373635866e-01
-3.155020617195385402e-01
-7.965883658481207608e-01
-4.411027583415667586e-01
-5.748583018377033671e-01
4.151806890353506585e-01
2.517941894869446529e-01
2.047792037281277455e-01
-3.619183840157698118e-01
4.902698635036228936e-03
7.300407850835941570e-01
5.777131137657285365e-01
-1.436545205807679970e-01
8.532503259067005796e-01
-7.144802214997845180e-01
-5.443340068067330506e-01
4.309595216584396482e-01
-6.062904829474908830e-01
-4.074128464165283070e-01
-1.096973833653802632e-01
-5.558595174055414034e-01
-1.320966345724097213e-01
-1.930231578913086388e-01
4.411345311146914749e-01
-9.365902492195925522e-01
7.624006690292788324e-01
-9.964672957578379897e-01
-3.567907269343328913e-01
-3.382943458980722795e-01
-8.139024296578571960e-01
1.250876294118776766e-01
8.344257750217054515e-02
9.493803491069052747e-02
-7.586040983951984895e-01
-7.306547704573289614e-01
-2.846751600345214239e-01
7.761776355597174160e-01
4.661890546268021573e-01
-7.943223846900648866e-02
5.058939135305808854e-01
-8.700645786238114798e-01
-8.347861964972960180e-01
-3.602802132908740074e-01
-4.381555588241483612e-01
-2.002426023981154213e-01
-5.689234072004429876e-01
7.802887636215567468e-01
2.018115454897939642e-03
-3.680462517218572316e-01
-6.932994168285495640e-01
-1.936868222546397345e-01
-4.274572246111751905e-01
-2.962070705623287559e-02
-1.296610286071826490e-01
-7.675048389018435113e-01
1.518104856459423502e-04
-6.641753385114597119e-01
9.599468807760056510e-01
-8.413963719254247131e-01
7.076287328554990985e-01
8.444721798830721049e-01
5.908935278585103479e-01
7.876706815812293261e-01
8.035194410309416391e-01
-8.701019654883583865e-01
6.323149250942048383e-01
-4.032552265139490721e-01
8.796666288566368230e-01
7.643674742161634672e-01
-7.949390994855543013e-02
-8.858172318732606687e-01
-7.343122060035804921e-01
-5.347502326884017165e-01
2.303260405351021944e-01
8.930775155833197143e-01
-9.407039969507844379e-01
5.805390042665716788e-01
-9.716845452733959831e-01
-4.241144030567454148e-01
9.168452646995803867e-01
-5.549254961014331577e-01
-6.925086783396228185e-02
9.047694824200573915e-01
-4.474598676938199571e-01
6.109910361576502691e-01
1.272188227795729709e-01
5.050954512232295190e-01
1.804085160661728082e-02
4.507891299563833165e-01
3.429890538875111083e-01
-7.856967787718849294e-02
5.379632551313466848e-01
7.374628778304113119e-01
3.231383170044157538e-01
-2.991965570063754853e-01
-8.073435339356063167e-01
4.448984544875727032e-01
7.238360683667754980e-01
-3.213599652007987917e-01
1.189354922724872310e-01
-4.526474134106650560e-02
9.818678892764969302e-01
8.982001648452029308e-01
9.866144127394302910e-01
5.074888450462053946e-01
8.808793258536289361e-01
-3.910827713111464377e-02
1.845872399888788262e-01
2.061435514960086035e-01
3.272373426357491066e-01
4.334126368520963002e-01
-2.378521131704443015e-01
-1.857075458673158597e-01
3.740256789522367065e-01
7.285832401338769859e-01
8.511857235338120553e-01
-3.145731750383773395e-01
8.058746005078385455e-01
-7.197259665210244961e-01
1.827937746211938386e-01
-1.768516938122521864e-02
3.357222300640283486e-02
-9.246340295901216422e-01
-2.775226529038024026e-01
-3.541515367537071413e-01
6.395721456032714691e-01
5.240390097076657039e-01
-1.293350742967618316e-01
8.447210569694083571e-01
3.454752921967496615e-01
3.215196185845683452e-01
-3.414982966441573176e-01
-6.612203746666314164e-01
9.031675770706195649e-01
7.505489138018179851e-01
-7.456916275021221452e-01
9.284382433432625259e-01
-7.833405825945745082e-01
-6.809798623912728388e-01
1.931866742259653602e-01
-3.668320107222498017e-01
-1.027954429161110905e-01
8.341071992748614328e-01
-5.316928212588740710e-01
7.136652715549218762e-01
4.650938494363765496e-01
-3.287632820719645910e-01
-1.179634557390147886e-01
8.685038412654306761e-01
6.748071693075743394e-01
1.317942791963926386e-01
-6.789683567672148978e-01
-8.609811247484322472e-01
5.231599249860754419e-01
-9.733717886264221519e-01
5.882421447306571682e-01
-4.278585156085945584e-02
4.700064517437569922e-01
-8.416571032545796527e-01
-5.482187500620132603e-01
-3.700498647986674161e-01
6.090551470719569593e-01
-7.204156835858979147e-01
1.054258383974027158e-01
-6.630198276108514310e-01
4.010143445716312094e-01
-9.595541852712432540e-01
