3.955077321740680052e+00
2.653521652109428475e-01
-1.502147391551207356e-01
-3.133286830304151671e-01
-5.064644704874508851e-02
-2.704141485191984273e+00
-2.549160016975218213e+00
1.861489059149983083e+00
2.642567425079707377e-02
-2.398398292157088108e+00
2.801811514330751152e+00
1.382810439018976822e+00
1.737367175618623527e+00
-4.465452645771870621e+00
-1.198034299406359082e+00
1.389989534546586025e+00
-1.363971019274806129e-01
-1.538654392788532110e+00
1.880749361076268888e+00
-1.098297270772328860e+00
-8.661828987308225480e-01
-1.235063255299015506e+00
1.242112795226644417e+00
-2.184769234551350081e+00
-1.368192071172578572e+00
-3.042239778960519558e+00
2.021701566166172359e+00
-4.042887788956118555e+00
2.337700711524579589e+00
2.677475854858925253e+00
5.808825964161933086e+00
-1.231121408970595077e+00
-3.021856418255957522e+00
2.188026423952050159e+00
-5.159489140430502552e+00
-3.683932403300657632e-02
4.883488077345188860e-01
-1.947906227009493785e-01
1.733631140916224833e+00
5.034229964866585028e-02
-1.411663649599131709e+00
-3.989675537577418662e+00
3.017763703991431345e+00
5.680787979824226674e+00
-3.808045164605717847e-01
5.012114561198364182e-01
-5.913127265064641591e+00
1.496000536511833845e+00
-5.485553116627014170e+00
3.575560499314460738e+00
-2.851465908295663265e+00
-1.610265040586483232e-01
-5.599636299994773303e+00
1.460731568681977066e+00
-4.964977299037207636e+00
-4.519876330759116989e+00
-1.833796392016547649e+00
-6.895186816478197755e+00
1.732804859674744957e+00
-2.116077098589160155e+00
4.455836690994552818e+00
-6.146609269665527009e+00
-1.557011119314091641e+00
5.704144108611839847e+00
7.550277385469868818e+00
-3.062955568122433192e+00
-1.158867735044244451e+00
6.646965927167400423e+00
1.365895230794400006e-01
-3.175523301977116297e+00
-1.882953176157565967e+00
1.255870071128658561e+00
6.332512671237283897e+00
1.891175481160904948e+00
5.554200333832271852e+00
-3.661845775422780669e+00
1.689528405487760621e+00
3.674168773861793191e+00
-5.676028765554498534e+00
3.326856738871137420e+00
-2.074933276842045426e+00
6.214556377248166008e+00
-1.799092659326686494e+00
-7.382453449758654696e-01
-1.153175257088095096e+00
4.039300211481322123e+00
8.185345610437220198e-01
-6.719709050148933827e+00
-5.767666727246517411e+00
-4.674460958721466497e+00
-7.007247326041716740e-01
-5.869110954094410637e+00
1.721130894391796895e+00
-4.613529618793676956e-01
-1.864283190338586138e+00
3.064778523234847896e+00
2.049222805877815468e+00
1.497659641010979037e+00
-6.404634523728517381e-01
3.161209452658155783e+00
-2.403715140499892655e+00
-1.741456030335913896e+00
4.670939214098722481e+00
4.771011692232792534e+00
3.534219024968887068e-01
3.897101563091519560e-01
-2.115544042802149083e-01
1.313680754637805759e+00
-4.425891240202034282e+00
-3.130368611263207868e+00
-1.683932257046356407e+00
3.923054273527838198e+00
-2.247222232567176903e+00
-2.791187009052211287e+00
-1.616326586918840347e+00
-2.330017112843596749e-01
8.078918364395718532e-01
-5.030534443506384790e+00
-2.141759824433637327e+00
-3.561502410540566543e-02
5.889192543566694749e-01
1.607697122063682205e+00
-4.852041055722590812e+00
4.363058102429076435e+00
-6.527929568314490005e-01
-4.315600289940630496e+00
-1.907880854508048063e-01
-4.457988942760882090e+00
3.245799954658178610e+00
2.372126309786023235e+00
3.961501202833836555e+00
2.597908630142457653e+00
-3.535952160468957217e+00
1.719989952295393865e+00
-2.818703894554261957e+00
1.035781454660898326e+00
1.810071795651030380e+00
-3.879244818073816159e+00
-8.023727549774446466e-01
4.463633873116948259e+00
-6.471541076953388760e-01
2.055108499043868164e+00
-5.944624229892050415e-01
-1.719499754726169893e+00
-6.765604981091526415e-01
4.331151094597687212e-01
2.777077035459849075e+00
4.637526951656440133e+00
3.995719446610399017e-01
-1.316256270054466659e-02
5.680067807626318022e+00
2.924395614606762450e+00
-5.337095681843040396e-01
-1.866679335174836751e-01
5.489141455380517343e+00
-1.093934622996272754e+00
-6.818594954564343169e+00
6.353066431986700735e+00
-1.495439622215868791e+00
-8.429167625460843860e-01
1.793839123045626316e-01
3.938728209697319294e+00
7.260036671694813926e-01
-1.359143428409597565e+00
1.673931980291987198e+00
-1.915499644570409332e+00
-1.937379805081268724e+00
1.414967807768822583e+00
-6.217093476100357563e+00
3.489084411839371125e+00
2.804696614049910330e+00
-7.914883914662251385e+00
4.091009899259191229e+00
-2.227700512357491114e+00
-1.716712276945576265e+00
-6.636999657049170054e+00
-6.508188195706074985e+00
1.030450674102934894e+00
-5.290857063135225857e-01
-1.468571782739603648e+00
1.133705791533824669e+00
1.435243892464957982e-01
1.335930093682319297e+00
-5.596815947733004393e+00
4.019606832667599328e+00
-5.838487989229880881e+00
5.700614031326309838e-01
5.902161627813413247e+00
4.866058731043788832e+00
-4.604846525223443621e+00
-1.219935944749213741e+00
-1.588886654563955503e+00
4.543927263741688094e+00
-5.430792963856298172e+00
4.138529496340778380e+00
3.048342996186398146e+00
7.402855393681427643e+00
2.934686442502668413e+00
3.696150013135167889e+00
-8.552938359416163427e-01
3.690422155102373036e+00
-3.398524563418895195e+00
-5.668786736457875008e+00
-7.316729519437085827e+00
-1.038944565648843410e+00
-2.450230069879955508e+00
1.286510306116171787e+00
1.707041672297470392e+00
-3.681672461715152611e+00
1.810065591900300586e+00
4.839988948389970957e+00
2.541217823541883192e+00
1.880471244408949749e+00
1.686208723053556069e+00
-3.155094608347022600e+00
-1.262944765709212103e+00
-2.207448457086598648e+00
4.578379783042106355e-01
6.682207316627321703e+00
-8.949555869801142927e-02
1.578604090499086343e+00
2.355282219767807383e+00
-6.958299857119013332e+00
3.667721834221359778e+00
2.716330121637367867e+00
2.435227467006467528e+00
7.495267209131774022e-01
-4.699775939556334770e+00
8.658098928683615192e-01
-5.846179976291732139e-01
-3.401647346573011821e-01
1.919925883159291580e+00
5.198729532801452891e+00
-1.004144530557788073e+00
6.311714293030558309e+00
-4.705013215845345265e+00
-5.029929299918864061e+00
4.249298227227454205e+00
-6.323414703207356879e+00
2.778440036480717801e+00
-4.003674082267030698e+00
-3.035660381964624399e+00
3.547217369690964794e+00
-5.197022881713040832e+00
1.321664072205204876e+00
1.473151474418531004e+00
1.462398552874504265e+00
-5.789076901396040808e-01
-3.264620067171022377e+00
-6.145038860983897067e+00
-5.831081491608404832e+00
-4.834315410657016088e+00
-3.126238494593244432e+00
2.565681436728528553e+00
4.221103640820874858e+00
-1.188181825500207234e+00
-6.233883370137807134e+00
-2.521890583910679773e+00
2.470698694613294943e+00
1.008741120070137054e+00
-2.221644148726674928e+00
-1.692420777467347648e+00
5.360317922062854734e+00
2.352730575385384881e+00
-3.013737826793429164e+00
