4.186948336895768286e-01
9.699343235256681073e-01
-8.798355150432219940e-01
-9.425996825371203425e-01
1.941978586939088203e-01
-9.943214321100921627e-01
-9.750962385906947194e-01
-6.924032655140439640e-01
-9.130742005249299353e-01
-2.469420103127597521e-01
2.107575649548372176e-01
9.806270214883101577e-01
4.639835084217405203e-01
-9.392130358910681931e-01
2.552800777277268729e-01
-5.731925053431519146e-01
2.942954640313126813e-01
-9.571204623441846859e-01
-5.094020078160181875e-01
1.843380827795157995e-01
-9.869959311836062898e-01
-5.837429617926908065e-01
8.312527150271538101e-01
6.151211970168606324e-01
-6.786495072247074045e-01
-1.891620085898526593e-01
4.529909826393245798e-01
5.963826175089683712e-01
2.438848803148692124e-01
-6.972456290048407723e-01
-8.667009285643767491e-01
-6.876641560164176159e-01
7.792275043208181096e-01
8.066370602534855827e-02
4.870121140907199830e-01
-9.870232998335906061e-01
-7.591598215003991790e-02
2.219681511871465229e-01
8.000009497954383431e-01
-7.738241878342571045e-01
5.331955168955748725e-02
-7.458363996309125277e-01
-5.183399304444045175e-01
-3.309200269430565555e-01
-7.105368808112517698e-01
7.084653616040545998e-01
-9.618620923130174472e-01
3.945415401311900272e-01
9.621295624117167655e-01
-3.555692347438537126e-01
9.309152569914187492e-01
4.974892011993119478e-01
2.862076478340709329e-01
-5.219139214182022535e-01
-3.298352290341042270e-01
-7.753506048386229477e-01
6.675195842809857893e-01
-2.256482458663737756e-01
-4.973461937824175116e-02
9.220541040615035655e-01
1.057755796861510333e-01
7.305762825395665239e-01
-2.091793478041861221e-01
6.028130251563017517e-01
8.641210406308763581e-01
5.561802604276744333e-02
4.138805924189010721e-01
-7.088663346233539109e-01
4.845354564853039392e-01
-9.416987291535974247e-01
4.399243391192773078e-01
8.061175048936064513e-01
-8.908825777279831826e-01
8.420871336154438502e-01
-1.897764766995722052e-01
1.924291610877393310e-01
-6.358738089858719800e-01
-1.593198937369659784e-01
-7.195262203757437636e-01
-6.750324701381309467e-01
-2.419850785707742258e-01
9.553128167979394458e-01
-8.829631387945011678e-01
4.164015453755045559e-01
-3.352235623179633528e-01
9.019891779852493574e-01
-5.911080861803332809e-01
1.814784416177395165e-02
-3.822648073177918882e-01
1.718767044047320169e-02
-3.437015529859879237e-01
2.806774367750515253e-01
8.146287032246897208e-01
-6.346780170708326008e-01
-3.962921454285028844e-01
-6.358478669253688764e-01
-7.972966832720311814e-01
4.613840865681742009e-01
-1.642403452868472780e-01
-6.403922791464913278e-01
9.009496633743037108e-01
-1.382383012049741566e-01
8.676727903896408467e-01
-3.018125767452244368e-01
-7.750796792589467188e-01
-1.269066696976388631e-01
1.743640005902300505e-01
5.843812014780214170e-02
3.684110906507751526e-01
-2.249773480947903082e-02
-9.167986396194161003e-02
9.720451343112690434e-01
7.535719593191589905e-01
8.103605055815670255e-01
8.506577893993843009e-01
4.903000440258677983e-01
-5.063359417552848463e-01
5.509182067702509400e-01
8.345295981007321284e-01
-2.404209786004682936e-01
8.824389072304128501e-01
-3.428415712086450018e-01
8.088733246809587385e-02
7.731271200654621367e-01
2.108610763201117511e-01
-5.885101508111936219e-01
-1.873092203626831598e-01
2.511130834172363713e-01
-1.023450215775478789e-02
7.359593153593422254e-01
6.935709561525555955e-01
2.551230120629057740e-01
2.811865603137440051e-01
4.747633855036819117e-01
7.812208145772949752e-01
-5.908542709186996866e-01
6.448993065530992386e-01
2.165180827960253573e-01
-1.591808075539515865e-01
-5.053426454354614794e-01
-9.101752945107206560e-01
-9.089065980139610090e-01
-6.775591295779688217e-01
-4.328478936000594857e-01
4.986143901017503488e-02
-1.857837333247580602e-01
3.578982748069903241e-01
3.601739096990663747e-02
-8.093105701773188887e-01
-7.890538241992217650e-01
5.002162439979920272e-01
1.377741064216775335e-01
2.768485304341838926e-01
-5.585375497349369667e-01
2.306911891114167279e-01
6.690766923852982107e-01
7.739922739005176133e-01
-3.194033568435672432e-01
-2.016216237020753699e-01
3.690817110787762978e-01
-8.187900896800623940e-01
-7.916678063266675558e-01
8.792558733806392635e-01
9.844379369849549644e-01
6.524084926906938975e-01
9.286279802245593906e-01
-7.138707582074015345e-01
7.408110633675446532e-01
-4.538532637915138057e-01
6.474974932506347702e-01
-7.584507847875248121e-01
-6.562245946036451283e-01
-6.129347935630806710e-01
-5.301379009367290784e-01
3.037011439727532736e-01
3.676278535163524097e-01
-6.293485500896918161e-01
-2.579320089908656577e-01
-4.084167885980487522e-01
5.438237559732426174e-01
-9.840809783973241132e-01
5.141821970382052243e-01
-9.100939790871842572e-01
4.852466011176614913e-03
5.701116905144421043e-01
2.803099237351407425e-01
-9.273634148241993724e-01
1.036964044244246264e-01
8.637317097316614678e-01
1.800118315719092532e-01
-6.804875811212633963e-01
7.479776452947946019e-01
-4.391748339006522617e-01
-6.943460004169446087e-01
3.650210328076255450e-01
1.881162498539601380e-01
6.826940118981366101e-01
-1.190613761287435679e-01
9.650107340138438516e-01
2.602386768600133404e-01
7.327634852561535350e-01
7.254617804496543698e-03
4.834403696040607823e-01
-9.055924806289370466e-01
-3.619834253370290966e-01
-9.836283450558318542e-01
-7.609253777368185645e-01
4.402895211874833237e-01
2.565303206281661641e-01
-4.058188723961682065e-01
4.591446854243770304e-01
-9.103658055948813388e-01
7.816749087638807936e-02
2.777241083828148049e-01
5.594383581951529738e-01
-6.777328609625958844e-01
-6.161085827318912855e-02
-7.116503296871612427e-02
5.091369882211460585e-02
-1.722170732185039910e-01
-2.631515820296865815e-01
7.564478482416265859e-01
-2.405786262800526654e-01
3.604412846294526851e-01
-1.992379443814378259e-01
-1.150779716593202107e-01
-4.755794705553779700e-01
5.056109345099539798e-01
8.819400720942820460e-01
-8.940211296536957342e-01
-5.208445952617395402e-01
-7.142847879990457116e-01
-9.048450927310813796e-02
-9.813089245100328206e-01
9.210412774034153482e-01
-4.251593946271678970e-01
2.607926018407147328e-01
2.918237398200089761e-01
2.741029457432553329e-01
-4.256961813366115788e-01
-4.324609594315826921e-01
9.992114334575405987e-01
-8.704322069065899559e-01
-9.976683695942007990e-01
-9.064156716532234537e-01
-4.636003572303477593e-01
-9.495228839843239399e-02
2.868442374810364903e-01
4.288365156340494533e-01
7.695942651281906244e-02
1.378860210308940903e-01
1.041892414174188097e-01
-4.892219090908578316e-01
1.802116528535280260e-01
-1.235749125986786989e-01
-3.749821239192159261e-01
2.189599739265006839e-01
8.506567549996717492e-01
9.415429977926268457e-01
6.811159090226757140e-01
-6.002567272562433498e-01
7.344265274186279058e-01
-4.906449835518618130e-01
-2.913415475607639138e-01
-9.191066981465956243e-01
