4.355041413267635164e-01
-3.061970475995259289e-01
4.156405660412267888e-01
-3.271530119436543149e-01
-8.148677720053760787e-01
-8.922532354243948305e-01
8.878064255441178165e-01
5.735720995617121787e-02
5.462634604855318710e-01
6.246706503486598727e-02
8.162919314666270409e-01
3.819519613948298975e-01
6.755193688242497885e-01
-2.097052754748880421e-01
-8.197360673346187898e-01
-3.245490478625656650e-02
9.930561237030999244e-01
-9.027970737089519027e-02
1.463040043367185294e-01
-6.254457654374681042e-01
3.411086294268319552e-01
9.527702611177601977e-01
5.332780103455143639e-01
-4.954762304850546251e-02
-1.422573596080152214e-01
-8.354030427286420757e-01
-9.229307334598377821e-01
7.728723745884296115e-01
8.497226799239498973e-01
5.535307686907255942e-01
-4.105586196076560501e-01
-9.508895770987944029e-01
9.692251576405177538e-01
-4.322596641362628223e-01
4.266561020273129667e-01
7.809144057404424633e-01
-6.253400488494471610e-01
6.687764849453838867e-01
2.733662976663044919e-01
-8.198655063666153708e-01
2.507421519332480031e-01
-8.658065925505320504e-01
-6.418156794588836256e-01
1.122380212109530540e-01
6.385711006028973458e-01
1.823937566966609136e-01
9.102935410297303687e-01
8.572124132450773537e-01
-9.038967675933973211e-02
1.208085037819641716e-01
-8.499790221752665520e-01
7.044024493165554901e-01
-3.745371502274363884e-02
9.043015119440274141e-01
-7.754569276232741171e-01
-7.531011300261343244e-01
-8.287486184311905202e-01
7.090565326271378588e-01
8.597965025340268408e-01
-2.158315082984072486e-01
6.553414822771006509e-01
-7.505058229974350681e-01
9.838038060501776982e-01
-1.786200295935225224e-01
-7.583011447509733216e-01
-7.865125299417199400e-01
-6.823552321644423824e-01
1.898601273561255631e-01
7.318815865705410317e-01
-1.822094773278273294e-01
9.934734556459461352e-01
8.627974131139932723e-01
-8.440889260805009009e-01
-1.366433962032334026e-01
2.450856472926552510e-01
1.495583779633453680e-01
8.229896756521972723e-01
7.582270118160117089e-01
-2.456627271771183452e-02
4.795042761955317090e-01
2.334536103243003424e-01
5.584288129747161378e-02
-6.206578721903359686e-01
9.176271427476605513e-01
3.926038762805219573e-01
2.949726060189321597e-01
9.761837589302435614e-01
1.272981169624274322e-01
-9.953525993160219354e-01
-6.540663519273408610e-01
5.176638991373103682e-01
6.469855293547421837e-02
5.540896702626216808e-01
3.748321363214128787e-01
-4.399677664618462103e-01
-7.463302738815482673e-01
1.103977976829302321e-01
2.509005375568302831e-01
-5.496550783039224619e-01
3.412986900993228989e-01
-2.952153705555820018e-01
-2.612383707079160011e-01
5.497920905160706972e-01
1.062701476043681481e-01
4.742665604290996484e-02
-4.226429629789596465e-01
-4.944879397932302467e-01
-5.422283814981172512e-01
3.624585696588418227e-01
6.572768625733376169e-01
-7.617284260978305355e-01
6.533159600036404502e-01
-7.055566903082648444e-01
-7.447132510820591023e-01
3.922326837742036165e-01
8.586935523886884969e-01
5.347358490184586088e-01
-5.002146347600959775e-01
1.531717918495290043e-01
-6.506259381344747794e-02
-3.036094298696014882e-01
-4.556535179673675273e-01
-6.425636131027341325e-01
6.511815336619863892e-02
8.652056314220335498e-01
-9.657931927176834908e-01
9.966678202760743677e-01
-9.484712980912417546e-01
-7.156874740472849439e-01
-1.134911158640039552e-01
3.738385823395331542e-01
-5.463620610286317181e-01
9.610616942307048660e-02
8.438621471602856250e-01
-1.270788560680300439e-01
-8.687216901500296462e-01
-3.834202097575014623e-01
3.256476862545236717e-01
4.303517355277259870e-01
3.404605047604432055e-01
7.869132955209334757e-01
-7.379623505445904730e-01
-7.807140676069539431e-01
-8.400780964672516227e-01
7.372250530940169799e-01
-1.796120409558266129e-01
8.936955513738031875e-01
-3.983055103147801201e-01
9.319050218468214464e-01
1.244461663106501970e-01
-8.935084651844926729e-01
-5.616398639336490639e-01
-2.401428888618895030e-02
9.753545156094360902e-01
-5.497020169703215053e-01
-5.060717602921163127e-01
-9.997935823980719228e-02
-2.574244365572713189e-01
-5.021348891896681987e-01
2.944799591369853253e-01
-1.510977640437634051e-01
6.200113490704779462e-01
-5.353820261581443418e-01
6.524101202718768366e-01
4.212565460449544386e-01
-1.348889449813932551e-01
2.690368958403053234e-01
-7.836964914090869261e-01
7.332344675033353187e-01
-3.393352688763986436e-01
6.012388564886723685e-01
9.906439446591914777e-01
1.160412439537117368e-01
-5.758726137372143228e-01
-7.127353030846383941e-01
-2.108862272294942386e-01
-2.110345107949012089e-01
1.097208048417073201e-01
-2.653899200614309173e-01
6.894868701718370740e-01
-5.224079258771612277e-01
9.100968778220812627e-01
4.767437669175318415e-01
3.693591333318955172e-01
-3.059550744407637524e-01
8.768062417746256276e-01
3.108683116715869055e-01
-6.043316913323584227e-01
1.969265635420656135e-01
9.391886445728319099e-01
9.295550810032546796e-01
-1.612381028290823526e-01
-7.741847215718595798e-01
4.663865993127234155e-01
-1.199316160842536227e-01
-2.072070102651082379e-01
6.667736077564829777e-01
4.426163197719670261e-01
-7.352010423722752375e-01
8.429475143533642356e-01
-1.945744592937836970e-01
-1.490132671401416253e-01
-5.464727394152379958e-03
-3.604725553905581137e-01
-5.220432942963399991e-01
9.069904531202563902e-01
7.033059176882314745e-01
-2.851396342787322347e-01
-8.598737800554179245e-01
-5.266948890519249638e-01
-7.945443512901624317e-01
9.828132337790778106e-01
2.230935869109420544e-01
-1.894142165815249079e-02
5.950279805004290434e-01
-4.792808314409202630e-01
-6.083637257948046884e-01
1.450302236009566315e-01
-9.373574257562244938e-01
3.702935325629224117e-01
-1.140396540832113725e-01
1.731114376397631105e-01
-9.055578015718301899e-01
-6.388859371822477318e-01
7.587376800531673293e-01
-4.656016273798715410e-01
6.016699439836370455e-01
4.362430059560979956e-01
-9.095911845115431937e-01
8.107543584284069293e-01
-9.584598557209011993e-01
-9.914009086636303980e-01
4.862323289617158650e-01
-9.102373927572042778e-01
1.618237608431276620e-01
2.871377502997529696e-02
-2.409569161787477043e-01
3.997313424467694443e-01
4.711408302464961118e-01
-7.591111113246495901e-01
6.957194357256981654e-01
9.253559799006838560e-01
-4.351424655910629546e-02
1.126368000976984973e-01
6.161299822541632665e-02
-1.822241270210360753e-01
-7.590800269064352790e-01
-6.184115677546122569e-01
6.989426285894320134e-01
-6.015461646684736596e-01
1.518256315580139848e-01
-2.608819946242710852e-01
8.571342047280063881e-01
8.912029956472948822e-01
-6.274265080667928984e-02
-1.652860092620727084e-01
-1.711923850048744367e-01
-8.403662697357972000e-02
9.535300990247310704e-01
-6.827017293672612563e-01
2.610247553883404681e-01
-3.745028432229442483e-01
3.636869917516953876e-01
9.091244334828063600e-01
-4.538641724250198628e-01
