4.572134515398094123e-01
1.653332145199948755e+00
-3.959155373850342663e-02
-1.847341802290092705e+00
1.561434457872421522e-01
-2.265986942553320560e+00
1.285527035628234671e+00
-2.394712711343289335e+00
-1.597420753140901706e+00
-2.106622146182543176e+00
-1.042181729999400730e+00
-1.627316108887945312e+00
-1.140088844993840445e+00
-1.119013281367731594e+00
-5.976726568974450871e-01
-1.735785816117545732e-01
-6.114012417052605564e-02
-9.221590028987578513e-01
-1.997945876317672731e+00
2.468559172984505778e+00
1.795361364377440871e+00
1.146888963979292964e+00
1.036799228484136304e+00
-7.600929264065259261e-02
-2.852705455111124166e-01
-3.409234928258960462e+00
9.921985835090098016e-01
-1.481412346155708826e-01
1.078568609420911484e+00
2.727587107224626273e+00
-2.946627407199171600e+00
9.245309794123959257e-01
-9.926445616930996696e-01
3.244331015028751874e-01
2.669972362266356036e+00
5.384291942185437385e-02
-3.462170684264544995e-01
2.106806005382532376e+00
4.146246514479661194e+00
-2.328775537483103619e+00
-2.271879399536366861e+00
-2.288951138797523654e+00
-3.273119577136492930e-01
-9.004456933656408424e-01
-2.842825253803145658e-01
1.244559447804558072e+00
1.949079246521166375e+00
-2.061977206712282129e+00
1.759141202483021527e+00
8.677372345517020413e-01
-7.530802935075671112e-01
-3.040955595260203204e+00
7.764976251826118947e-01
3.207627575710667589e-01
-4.238892868752941467e+00
3.916564484572746530e+00
1.224052020430788090e+00
-3.429721099041427301e-01
9.009952386706525651e-01
4.022337260651319690e-01
3.371809956431752742e-01
-2.770912272121862419e+00
5.550314610909774515e-01
1.265798202923499094e+00
1.486004424871085305e+00
1.487316785308190115e+00
3.573744799712264886e+00
2.558074190934158665e-01
1.145971951977426517e+00
3.254749454321636204e+00
2.057348086616530125e+00
-5.510672360833090977e-01
-2.981639528483071011e-02
-9.101138404513640090e-01
-1.169769341162839149e+00
4.105732420555516238e-01
3.056667806807513710e-01
-1.101712673262400966e+00
-1.701910381197819122e+00
1.184522238129647409e+00
-3.637169597259082288e-01
1.250783940617391066e+00
-2.150215710552908277e+00
4.081542135829532847e-01
-1.238544581712949677e+00
2.331225998355287210e+00
1.001117098577415154e+00
1.564219142776213323e+00
1.966954823055883983e+00
1.825910787625119713e+00
-1.501979194719396116e+00
2.363421785757977567e+00
2.204573154386940015e+00
-1.286576590468286874e-01
3.213896341905142506e-01
-1.765514465568879476e+00
-9.701967396482182870e-01
-6.300533300220867439e-01
2.434360282634251416e+00
-1.989080908973275830e-01
-2.267049171054331680e-01
-5.623901185213714404e-02
2.157406690683553840e+00
1.378049489483524681e+00
5.206635314800567294e-01
-5.534043751516903864e-01
2.550667301465218806e+00
-1.310743194947434187e+00
2.619458040525492137e+00
1.996888003964465419e+00
-3.315345265762425608e+00
-5.636912898364948576e-01
-8.677849644751491898e-01
-4.067682564986961680e+00
-1.840798337606985857e+00
9.468171487517735851e-01
-1.110112825248612545e+00
2.916882097708080490e+00
7.290385064085176392e-01
1.698645908706663654e+00
-9.160567682759583885e-01
-1.652186095358043616e-02
2.902053788972512649e+00
-2.611169000897016534e+00
1.040714473303661514e+00
-1.843788651932465328e+00
3.969504410301913477e+00
1.652867720949368291e+00
-2.061779370526735544e+00
-2.251819753849393813e+00
1.604163536263686574e+00
-2.252787771665424099e+00
-1.642892688541739865e+00
-4.841652420716878069e+00
5.258127354567924128e-01
8.566859082613199616e-01
1.790586247369443829e+00
-3.663662017563267703e+00
-1.243949684026914193e+00
-3.626456484779662315e+00
-3.096008795581818074e+00
-1.148114911863914234e+00
-1.109126437168397761e+00
-4.336161486002378496e+00
6.793835870609015171e-01
1.170778092010265281e+00
-4.838385318540372459e-01
-1.695055016701690231e+00
-1.248147334115533802e+00
8.935644404327702794e-01
-5.080257620469792457e-01
2.148567999174725518e+00
-1.590712901349325747e+00
1.402670212747897660e-01
1.026926762457230025e+00
-1.798532552100029491e-01
1.408552616116068190e+00
1.736804232918504276e+00
3.163167934342062004e+00
-2.880691125801931651e+00
4.092224884253282013e+00
-1.392418436616670752e+00
1.881938495246771037e+00
6.231293190327928944e-01
1.236398539521292861e+00
1.923263291613205750e+00
9.383622346719300289e-01
-2.252399078046583014e+00
2.633381653171557701e+00
1.640592363520815056e+00
-7.168291748008674968e-01
-3.082572226627477097e+00
1.034723140876606218e+00
-1.764674188587511017e+00
-2.544998078667848329e-01
-4.247943435673761314e+00
-2.103424962367957285e+00
9.988253372063282676e-01
-2.411348524747049193e+00
-1.073452367545216113e+00
2.084247290116668427e+00
-1.662070504873095711e+00
2.980102962105146691e-01
1.260566132777372061e+00
-3.287378104341645457e+00
4.207644140640280916e-01
2.940599484205356440e+00
-6.915148435236373459e-02
-4.838989654621191905e-01
-4.360956963656762442e-01
-9.829658788838264716e-01
-2.137717924386450530e-01
-1.041954038752817224e+00
-1.419612672605259585e+00
-3.787289155432506771e+00
3.304800719472352544e+00
-2.235690780362359575e+00
-1.403537274706383009e+00
1.737010828673737795e+00
-8.051032868055010283e-01
2.597904853619541932e+00
-2.518007420526909179e+00
-1.717860745430919711e-01
9.985520456744807483e-01
-2.089793325633142906e+00
-1.482505662109213418e+00
2.684096801719349834e+00
1.477603496766792368e+00
-8.021631774667040693e-01
1.269061102992300905e+00
1.641154622226093096e+00
1.876642157634742514e-01
-9.043020923219110552e-01
2.908549869230784068e+00
-6.305300525577277604e-01
-2.755974708497458181e+00
2.497859051771825545e+00
-1.628975874449495986e+00
5.035494296904254874e-01
1.294922195007730092e+00
2.778659986257744130e+00
-2.435874335083310083e+00
1.266954236430669622e-01
6.658678628070149319e-01
-7.792648858836315195e-01
-1.023568687069774885e+00
4.915914927267843737e-01
3.196837628118877728e+00
-2.337596793223702729e+00
3.169247096616968573e+00
-2.418176882798561689e-01
-2.461617353545896503e+00
-3.358093043460320892e+00
2.670279680430128755e-01
-2.376492790850718073e+00
-1.312946570716305938e+00
-2.459170392255719761e+00
-3.605686801549842890e+00
-7.132122695525136002e-01
2.596690736051344928e+00
-6.224683116774358815e-01
-4.583064997308246014e+00
-1.898001380938971749e-01
1.245035760273930592e+00
5.098490310647742163e+00
1.776064067861476525e+00
2.464221810481381503e-01
2.785171954625017321e+00
2.068850668975625862e+00
3.201154043725712217e+00
3.290610820132495729e+00
2.261511923943817504e-01
3.735232968171192880e+00
-4.515562880353113151e+00
2.625990457959415103e-01
-3.162039933580963691e+00
4.308143693578869282e+00
-4.496818855874398224e-01
2.582371429294203491e+00
-1.558555509459842447e+00
8.205409888854864331e-01
3.922428077469014340e+00
1.728890226262011387e+00
-1.337621491566766130e+00
-1.316883265828987515e-01
