-9.952135704123432625e-02
8.094328713096989869e-01
-9.893626751077961856e-01
5.475118932394453797e-01
2.278298239120517543e-01
1.372014012525304416e-01
2.498500384835249388e-01
1.876294802762190628e-03
-2.407552320573003168e-01
-5.798536638321742931e-01
3.639390166978100360e-01
8.082610121471940356e-01
6.357572896415621955e-01
7.999430858677381018e-02
-6.509350074581503609e-01
-8.593532928533968995e-01
9.824306739625332519e-02
1.126539472869989567e-01
5.967540079218029980e-01
-1.030957009346433750e-02
4.946122574122171489e-01
-2.325905533222434318e-01
-6.341801908954192157e-01
-6.375755330538201981e-01
-7.400705696457290372e-01
8.694426695432211361e-01
-2.706902002861042433e-01
9.880656974746724330e-01
-9.176555428452257690e-01
-2.252440844237262318e-01
-4.142023572915238816e-01
-2.374637901721814437e-01
-9.835622297769974764e-02
-3.558022436340491090e-02
-1.093581169086674798e-01
7.444487170472309234e-01
-4.754778409685238572e-01
5.973112235900763789e-01
9.060508480485505167e-01
3.813444118930089388e-01
3.104923216753818771e-01
9.435209880496198132e-02
3.647615285482797010e-01
-3.360397301070410236e-01
8.088273883409176079e-01
6.560817217398251522e-02
8.640701873594598403e-01
-9.589442411128563659e-01
-8.870524519983686851e-01
-7.239895953628192604e-01
-5.557373598705854789e-01
9.671083236803657002e-01
5.073219565817388421e-01
8.216035673665142980e-01
7.046448631594899314e-01
-8.209337432891865571e-01
4.716008404018585676e-01
2.833895210495049888e-01
-3.933333675249839345e-03
-9.048715842665078224e-01
-8.812065959035613183e-01
9.851042276627661742e-01
5.390772340768219539e-01
8.599152147393473999e-01
8.758410166775190131e-01
8.515107911224339965e-01
8.602722141188283711e-01
5.557774629470357830e-01
9.750286552259828099e-01
-9.234330305531044392e-01
-8.172626259823652095e-01
-2.574065956371891506e-01
-2.349221235242728856e-01
9.332922020342049318e-01
-1.215514019621246611e-01
-9.953157896838593643e-01
-2.721715649395326508e-01
3.995081793180037533e-01
-9.301695818168336238e-01
6.736612854273960060e-01
1.286757865724192929e-01
-6.857014335598519139e-01
-4.327902408556891789e-01
6.417353565015935235e-01
6.458473495834142764e-01
-1.461131680662322019e-01
4.635061197680427902e-01
8.462810128313558167e-01
-5.855238160514004697e-01
-6.940037194095709516e-01
6.821187197002214209e-01
5.680560142170261173e-01
3.677901440071118522e-01
-1.709202082056160421e-01
6.884518775300874083e-02
-6.787492465481854698e-01
-4.501085419006944921e-01
-3.054356742929915658e-01
-8.683428346764887618e-01
4.071534396165321645e-02
-4.676321146550943553e-02
-6.096058687725254277e-01
-4.337345012569850944e-01
8.768267033004730759e-01
5.729829529104537578e-01
3.404509535865174463e-02
5.845275246807344338e-01
-6.064799906069289204e-01
-7.146225912546868564e-01
-6.568422669637243860e-01
-7.974276966166016223e-01
1.318550220482577195e-01
-5.454626144254959286e-03
4.106336197315136882e-01
1.250444260628618132e-01
-8.466526920505230702e-01
4.376270269019435499e-01
1.216110932732892280e-01
-9.467143843595593466e-04
-9.621260107927964711e-01
-1.679588614872022934e-01
8.845222717406231450e-01
-4.158330041576476788e-01
-1.383626027694671023e-01
-6.043744927346550444e-01
4.985243600323283619e-01
-1.104117427105713034e-01
-9.371380521246399642e-01
-9.650179928428987974e-01
-8.449468977246412660e-01
-4.443953976698049591e-01
-5.629843041175268681e-01
9.895131059023614117e-01
6.046321854812701790e-01
7.242746546336884528e-01
2.703984445649578738e-01
2.411967408610764529e-01
4.728509010070833796e-01
-2.705258194787232284e-01
2.132215257135605668e-01
7.600422167123930262e-01
2.737708489597645567e-02
-6.881290725299131772e-01
7.341054454965088016e-01
7.939327034460157417e-01
-4.248983974781332940e-01
9.314058235992157542e-01
-5.521313084489694045e-01
-4.926123380718108180e-01
-1.330244856095963435e-02
7.406267213365982371e-01
-7.476305909459195487e-01
2.094603178222924633e-01
6.725025082492410711e-01
-4.409455851917736258e-01
-3.667397832339125419e-01
2.663617617683065042e-01
-2.649642382187951117e-01
5.109691190636735936e-01
4.693577098138532744e-01
-3.197556163190073963e-01
-3.948574383766785267e-01
6.252581224237265811e-01
4.536919093606517350e-02
-8.781804385721949657e-01
-3.171281670913692619e-01
-5.809284473751956668e-01
6.683857333108367271e-02
2.004292291281792870e-01
9.488662627282351547e-01
-6.403687930254193805e-01
1.777533210263735342e-01
-2.583710282623732368e-01
9.625694001311793091e-01
2.758656364483216272e-01
-6.366519530562839702e-01
-1.655755747986389359e-01
6.368098434292739363e-01
6.846029832238105239e-01
3.982664721971338473e-01
6.550991433915975826e-02
-1.105367636447578406e-01
2.616058868584079100e-01
-4.893363902144618471e-01
-4.779552574595824499e-01
5.869669135679487226e-01
3.576207167703087109e-01
7.646280277710235662e-01
3.526397556218718865e-01
4.840053052014230417e-01
-1.420977163487107120e-01
-5.010462602105427710e-01
-2.909267676569606831e-01
6.034735949944074473e-01
7.334577398893182831e-02
-3.089488449567601158e-02
7.255525694244511214e-01
7.038471347297057257e-01
-5.139204898221003681e-01
-5.313969877222122218e-01
-9.582371299584042657e-01
-4.567539482049656208e-01
-3.816332489919509463e-01
6.737322293516159188e-01
-7.326893561464646876e-01
4.482112768741646214e-01
-9.417173816781663209e-01
-1.792914350507015531e-01
2.343128586235256883e-01
-2.129898657874100820e-01
1.487023446976154517e-01
7.491273443681143451e-01
3.628126622170890769e-01
8.216719026812973059e-01
-2.315546130056527208e-01
-5.249177398011604101e-01
-2.611890579398150614e-01
-6.880119171463996430e-01
6.782665729426706758e-01
-8.011499810260105381e-01
-1.116244551156975184e-02
-6.601366329912734532e-01
7.438838293230851662e-01
-4.937147698345443203e-01
-6.184220936509583488e-01
-5.284747084662873018e-01
7.094785861418633210e-01
5.940410441151067200e-01
8.195674748210644012e-01
7.537319352148899032e-01
-9.487527121856147438e-01
-3.666399554789867565e-03
-1.368030674993352402e-01
3.280510510190226547e-01
3.941912512102214716e-01
-8.380060399636035662e-01
-9.097255947537949972e-01
5.664166290064971410e-01
7.203237919888012541e-01
3.908062615202922974e-01
5.631664674805820781e-01
-7.259775172833884405e-01
4.670987167624758296e-01
1.274843537010026395e-01
-7.618033481678443408e-03
-3.088451076337721535e-01
-3.313140310760889218e-01
7.405797734861210291e-01
2.968370229797701043e-01
3.811543966861719035e-02
-7.224374468295289287e-01
1.526918465055187024e-01
7.539675613770282503e-01
-2.720924067685204228e-01
-3.898922795850250367e-01
9.326379665464119562e-01
5.895569150052994978e-01
6.427784758567200996e-02
-1.842155763612780550e-01
-6.777654212847623594e-01
4.403069154217948977e-01
-4.339001638058670451e-02
4.700700623892535290e-01
8.835832353146579887e-01
1.519338916551800089e-01
