1.340807941675184467e-02
-4.246406864924638924e+00
-5.092502742211431066e-01
2.144850577620540655e+00
2.482627674181213884e+00
-1.160484938573321578e+00
-1.042510458538765672e+00
-3.174430979588118706e+00
3.838549632241613718e+00
-2.153973244581439239e+00
-3.381669753277042112e+00
-2.445367514735927283e+00
2.713733183430303342e+00
1.345848807942419123e+00
6.470653522191039952e-01
1.081641452133372372e+00
-3.674374539189990685e+00
3.925048304153573864e-01
-3.854378438658402573e+00
1.096728752998274992e+00
1.769571445001982546e-01
-4.540040484994177561e+00
2.359811795931937795e+00
-2.112564359105075784e+00
-1.534798664753531439e+00
-4.094507944884557382e+00
-8.243315470096068687e-01
-3.920169635218402338e-01
-9.796725744557237547e-01
5.614685787553517216e-01
-2.695400300896579004e+00
-2.869661329593593990e+00
-5.174892139728556550e+00
2.728608154312250456e+00
-4.694342803369567108e+00
-9.473979104982122035e-01
3.812583508552127576e+00
1.381372723874796815e+00
5.222589621138201466e+00
3.489389867816613311e+00
3.286340301896118365e+00
-5.118232840538691208e-01
-3.329503713891411198e+00
-3.001500945017216426e-01
-3.024715983441959466e+00
3.472181268974462443e-01
3.460650779712048930e+00
-2.850011900278220933e-01
3.875320180503105227e+00
1.203811351141361730e+00
-5.474826013980568007e+00
-2.893636993908814681e+00
-4.188952178088254374e-01
-1.145876055338186816e+00
-1.851549054431008479e+00
1.938354455364893481e+00
-2.599601025349651984e+00
9.496131634905125019e-02
8.408920733758797894e-01
-9.239127664888637792e-01
1.756729677152198077e+00
-2.396763631340769418e+00
1.019781360546515359e+00
2.479034560612032312e+00
8.049361815603364168e-01
1.936386497816316110e+00
2.440744587903961538e+00
2.368985044025530229e+00
2.441326890791831516e+00
-2.320452536417102696e+00
2.535801535922257988e-01
4.577139473776956180e+00
-3.352218712890652874e+00
5.533245785671768502e+00
-4.070510068440746032e+00
1.383587898440971520e+00
5.118520800980335572e+00
-4.041031838217234551e+00
4.088566042252949478e-02
1.388486564899567455e+00
-2.140413954778382088e-02
8.391285514192956541e-01
-9.018825499867957896e-02
8.957100529869808092e-01
2.625676304473771427e+00
-7.891956864684537276e-01
-1.405083782611554977e+00
1.279559447899885294e+00
1.747711773527905077e+00
4.275146516892593951e-01
9.835335387554484665e-01
6.186701243873740652e-02
-4.607463246583666461e+00
1.249642224771595478e+00
3.131213631751471382e+00
-1.384954978874217424e-01
2.237210553163570204e+00
2.582318888301162740e-01
-3.856267109369091450e+00
2.289520403364229573e+00
1.227031565020825776e-01
-5.801327306596477662e-01
9.231645382826717539e-01
-4.718612607228940825e-01
5.548559234395631368e-01
-2.012434132084118588e+00
3.745005191220589058e+00
-2.010138502034875874e+00
1.454852055376082420e+00
-4.130405433880096622e-01
1.002637750591323540e+00
2.550465226932073115e+00
5.446984339570035694e+00
1.330229100179759483e+00
-3.453873901221998555e+00
-2.807529114114497570e-01
-4.070697289866929136e-01
-1.971814699773158486e+00
5.220390922752056184e+00
-3.153633316877608728e-01
-3.126990397445084113e+00
4.237813932340064871e-02
3.730994519831783318e+00
-3.193342692100243241e+00
-4.897667465916771823e-01
2.393685537132088370e-02
-2.463558805310318789e+00
5.711820350855824069e-01
2.823305327080530169e+00
-4.154679204977568929e+00
-3.486969993319773753e+00
1.728804196521928294e+00
-6.521725418305945876e-01
-3.462286799936332704e-01
-6.292754522727977973e-01
1.822293846937422579e+00
-3.543947870928424670e+00
1.745806181765695297e-01
2.496057319238414784e+00
-2.859227309523907135e+00
4.425691462503406060e-01
-3.297008633312749626e-01
4.093208908672775759e-01
-1.358207431253347641e-01
-2.335282522727363030e+00
-2.081614456719222073e+00
2.583887991427143982e-01
-1.615983405037101361e+00
-4.401841548902614143e+00
-4.575600264135048612e+00
-2.009137028329469388e+00
4.694653237784045530e+00
6.774449969019354922e-01
-2.491313267126336051e+00
2.588306823562085413e+00
1.826171614790072395e+00
-6.240825930770359520e-01
-4.032482992963948298e-01
1.786801341495170448e+00
2.915824379772334662e+00
-1.377708561481017169e+00
-2.115170005673707720e+00
5.440017026099367436e-01
-3.714965624043252035e+00
-6.498801526155653097e-01
-2.984727808357146461e+00
9.389993508778521347e-01
1.379756794023887068e+00
-3.417580259452656088e-01
-1.935782272504964929e+00
-1.627204032627638242e+00
3.570059376757236613e+00
3.846796913688955044e+00
1.590059856888406786e+00
5.271171736477864300e+00
-1.270123601954255832e-01
2.407674235374915317e-01
1.892078084171346042e+00
3.134211975038005527e+00
-9.457051028421038508e-01
-5.870227782261175919e-01
2.260217616108570304e+00
4.417301905187605016e+00
9.310475337848417299e-02
2.219627377195200202e-01
-1.037173127572345033e+00
-1.064151294092073596e-01
2.304050184125883582e+00
2.506667532243157304e+00
-4.284583619996873871e+00
2.311859202313334194e+00
5.766119018803510521e+00
-3.418730908683460079e+00
3.472593706373591438e+00
-1.021652408878142237e+00
1.746743964883437972e+00
-5.411660078943647534e-01
4.178051384589211992e+00
-1.030519889507676368e+00
6.662213439999532527e-01
-1.525476568637954833e-01
-3.801458228099160674e+00
-5.081707112468628829e+00
1.362912815662196797e+00
1.064522762109297194e+00
-2.513967944773785490e+00
2.896507275517780311e+00
-6.841227681133591476e-01
-8.939078548645215672e-02
-2.749903905661809311e+00
-4.103023783524801793e-01
-2.828165558264353674e+00
-3.810819771506452902e-01
-2.017164068604423655e+00
-2.898696502734094516e+00
-7.636053665273672131e-01
-4.647980292726924922e+00
-1.711272046382377732e-01
-4.445162167768126338e-01
7.461433674619587508e-01
3.555753473691162236e-01
7.644354732474425429e-01
-2.370383911474144512e+00
3.751753508768736478e-01
1.028635150192828140e+00
-9.585875517932012091e-01
-1.257064956632864439e+00
2.673369277819884982e+00
2.795902242434857854e+00
-2.592320096783424788e+00
-5.111933203706652940e+00
-4.772054127821623304e+00
1.167753782663853324e+00
8.309659378381653028e-01
3.017746350898269925e-01
4.752688191832635800e-01
-1.898219490096073603e+00
3.002651151471820712e-01
-3.634870042926822975e-02
-1.484496741062510672e-01
-2.223487224923597627e-01
1.228672878367187277e-01
3.847058779163814890e+00
-2.377938981007538199e+00
-3.140363005973510369e+00
-1.766680206806308107e+00
2.520197191635797029e+00
1.809931735182942036e+00
2.646225847505107698e+00
-2.301579297203181440e+00
-9.763253453716580488e-02
-4.459539847451337913e+00
-2.255886048874152561e+00
2.309665524583678575e+00
1.879874914575302647e+00
-4.341985189438601012e+00
-1.607189916493137360e+00
2.782685039775666391e-01
3.027395855487741372e+00
2.844320508549645243e+00
-8.200230166927846565e-01
6.661975469749991108e-01
-1.427618014921863576e+00
-1.327432407439610884e+00
-2.470590201578391376e+00
