2.343099621821890910e+00
-6.188271183509060691e+00
6.521141092473311529e-01
5.834019522997959672e-01
-2.515363718308527119e+00
-4.141786830910832995e-01
-2.921329200048687902e+00
4.057943319261698711e+00
1.071762222401354236e+01
-9.295116410634576276e-01
-2.074717044585374204e+00
-5.130127258693085501e+00
-3.274463147395349605e+00
-1.582857932318315397e+00
-2.006503766187284654e+00
-2.882880161652931483e-01
6.304246358032141728e+00
2.198075600358162518e+00
-3.935301964402923236e+00
-2.316324082289324959e+00
-5.201962870018143059e-01
-9.703390259013089381e-01
-1.876214449987706478e+00
-3.679472291130302608e+00
6.957289131581568142e+00
-7.437819734597699295e+00
-6.424709425335530355e+00
-5.132871316751556279e+00
-2.655297028734226128e+00
-5.293718058651613489e+00
2.467551991456416349e+00
-2.354156842281873274e+00
-4.325831413667388325e+00
-4.705027710480969461e+00
-1.364974524486317398e+00
7.463129761365641990e+00
-6.455620031284864169e+00
1.133801904649416770e+01
5.173156253317971576e+00
-2.769284283038437433e+00
-3.936670672221021849e+00
2.648324366484251513e+00
-1.523400805686998538e+00
-4.181340534991201174e+00
-4.160925153582763159e+00
2.847241017137549068e+00
-5.520065090652945816e-01
-6.681997203681898867e+00
7.453791500048075669e+00
-8.476685770754203375e+00
-1.951191600100456558e+00
-4.428887825024499847e+00
-2.125041184033627406e+00
2.933267042636844568e+00
3.721622438863807503e-01
-4.454497758059928536e+00
8.084701729894780087e+00
-8.864413388537848437e-01
8.605274798594811259e+00
2.065785480923305162e+00
5.951347193670491365e+00
-3.088720312729814399e+00
4.135309669832199830e+00
-3.367775568770591033e+00
-1.029335235156789263e+00
3.240242320913599983e+00
2.269022929109864251e+00
4.981710988295859899e+00
-4.484979065102566054e+00
2.076838004383031677e+00
-6.735037547119576473e+00
-1.605973566781647488e+00
-4.010535249265656077e+00
3.237871890318158918e+00
5.858514634124555975e+00
-5.157324264197265862e+00
-8.958100358629536686e+00
6.397688635529847900e+00
4.358022689708827890e+00
-4.495754871159844512e+00
5.723192041630781324e-02
-6.227030435875271941e+00
-4.967970674857858926e-01
-4.674266233845229657e+00
1.274933267918969992e+00
1.981400003888693639e-01
3.307093463430543778e+00
3.833999802191469186e+00
4.650870865101103924e+00
4.968201159509442633e+00
-5.696912177571848979e+00
-2.491301758040979308e+00
-4.858839919237471605e+00
-6.507676752977444856e+00
3.613182160244859276e+00
-8.259371407760214723e+00
1.570733975241372926e-01
-3.303437712361083634e+00
1.549752415121431026e+00
4.424442310737473072e-01
5.258707038790695343e-01
8.274892303917541270e+00
5.975586781573906769e+00
-7.832297399885244094e-01
-8.635633340026954485e+00
3.479987273910777335e-01
-1.327067701480791340e-01
7.675829450288179423e+00
6.813028613036380854e+00
-2.965007961261528990e+00
4.913971095506318498e+00
-2.479718715874475343e+00
-3.293507047807902044e-01
-5.006784244936965500e+00
5.898476444636354898e+00
-8.492448215889233154e+00
-5.258756531275196267e+00
-5.207150374139072335e-01
2.895471620825504910e+00
-3.410797024675939149e+00
-9.272400856972524252e+00
-5.137225690974416281e-01
3.540268606946378238e+00
3.462823609085523113e+00
-8.231199718964191447e+00
1.460275956931814445e+00
-3.906989188280652670e+00
-5.759644893016117040e-01
8.035522657617578446e+00
-8.384156541832965104e+00
-1.263830652656292020e-02
-4.159011975822259899e+00
1.836576440171250990e+00
-5.753587725702780986e+00
4.855542408413818123e+00
-6.109594486523468593e-01
-2.324146014678903693e+00
3.006166524604865664e+00
3.752176927304402554e+00
2.849012382157595002e+00
-4.214716597077389437e+00
9.373248670910182767e+00
-6.291967658259815188e+00
-2.981027085956013067e+00
-3.583555268407291328e-01
3.630153485597018559e+00
-3.598820012901010834e+00
2.808539963493304370e+00
6.841154575060367726e+00
1.768730679707670728e+00
-5.442657105606539147e+00
-4.895153660343489754e+00
3.666261170408312786e+00
-5.250743298362522404e-01
1.546258411390406540e+00
-2.824087568962617922e+00
-2.553762314803037725e+00
4.230134806504288747e+00
1.592970919828188947e+00
5.720747813887318678e+00
-3.337954909253328051e+00
-6.621574308292289546e-01
-1.284067491661514460e+00
1.760377170166140370e+00
-4.593539090135842606e+00
-3.087791459244751291e+00
1.468815130100781019e+00
-9.264487033388162374e+00
4.271656042107930595e+00
-3.866403892962704258e+00
7.140428098911397292e+00
-7.301735979761317274e+00
-3.779988939995693631e+00
2.920436542791814194e+00
-8.715335824028548117e+00
2.087252644423661430e+00
2.708924852056280308e+00
-1.671375986284667770e+00
-1.973113583706343821e+00
8.840000278490387942e+00
2.048021122121994164e+00
2.695015344746181540e+00
-1.004094538427010352e+00
-2.409562684988508785e+00
3.855382076641206357e+00
4.859332608028584133e+00
-5.014797173424083709e+00
-4.699931514474838146e+00
8.221551816850968919e+00
2.046628920906409022e+00
2.311831013892892805e+00
3.958001820735836063e+00
7.970608632654104575e+00
2.502360340686705431e+00
-3.911177757767037910e+00
-5.561965827535317430e+00
-6.930269331761770957e+00
-1.739775532503188948e+00
3.932758060684929280e+00
-9.958494291085967731e+00
1.537551132386293595e+00
6.772044542317686933e+00
-1.106553488792641593e+00
2.443381009532371806e+00
-1.185964702044260299e+01
4.775536664344896209e+00
5.841339698098576783e+00
1.222182733238959540e-01
-6.446309901397050623e+00
-9.722163766784935879e-01
-2.724533344412183311e+00
-1.853938071042416480e+00
5.361197768663517493e+00
-5.566883791027197326e-01
-5.851745796871361982e+00
-2.830872065507686219e+00
7.740176090428482425e+00
-1.415000030158982458e+00
9.201976321176139617e-01
8.396792776156152271e-01
-5.382959635425260458e+00
2.879948625366268278e+00
-6.635477824183168005e-01
-1.682470847540693315e+00
4.861424992721551597e+00
-1.032978163417090833e+01
4.830011946190595928e+00
6.416280958256523448e+00
4.621372944184727771e+00
8.213022739855158072e-01
-8.011933495171451369e+00
2.993777394639417277e+00
6.387574328796143952e+00
-6.075135674921725570e-01
-5.140587513717661317e+00
2.654163005233836081e+00
-6.354952343333446940e+00
-2.866515563414478773e+00
5.311529105346920687e+00
3.634112418982318182e+00
-8.430260934793945893e+00
2.087139470367942007e+00
-1.106168231794506074e+00
-5.816656212580265439e+00
-4.948877014907529848e+00
6.760756684676522354e+00
-3.311732868322435408e+00
-3.232333463424274633e+00
-3.371009730003906579e+00
-5.284370840658734636e+00
-4.636380463596523782e+00
5.434139104587010216e-02
-4.162500014802770210e+00
2.874316389851511166e-01
-2.836693381988218743e+00
-1.533514271817946195e+00
-2.612413731846418008e-01
5.365370311265899694e+00
5.017246107444195857e+00
-3.846595200917347412e+00
9.100680013212091524e+00
-9.534305129690276104e+00
-2.909664828031371941e-01
-8.923753076636437243e+00
-1.586972120780461015e+00
