-4.018800122129348118e+00
-2.941936418424807576e-01
2.531495713066229669e+00
-1.505979235632851410e+00
1.711308620051134044e-01
-1.793297315940038272e+00
6.098093016472546424e+00
-1.677134116797765806e+00
3.618300753435853778e+00
6.087132997175014104e+00
-3.888985908423530979e+00
-2.518537641444735353e+00
5.087484791381411853e+00
-3.742582516433423656e+00
4.303327906216767751e+00
3.754774720519249875e+00
-3.139389236256828308e+00
2.661871805837470184e+00
-4.968418211236052540e-01
-3.414441251657800880e+00
2.389983978556505129e+00
4.044905903640322542e+00
9.615488968509302570e-01
-3.003919340123747950e-01
-2.213672688573816050e+00
-7.676769466279249610e-01
-3.983352253317701930e+00
-5.112562927826360237e+00
-1.059533129667253215e+00
2.814043943122821911e+00
3.895922411242641048e-01
8.810962712105747663e-01
5.868304732464162399e+00
-7.147950304283825496e+00
8.620285612123199659e-01
2.246739758282217281e+00
-2.100022162559208816e+00
2.775253637244385896e-01
-3.390769824874600769e+00
-3.653629680497718191e+00
-2.717745207694949983e+00
-4.856210268719772571e+00
1.457736425821758441e+00
-3.233073954853368903e+00
-3.907780455664936703e+00
5.447415305363698224e+00
7.867612428795305313e-01
-1.347721745397540305e+00
-2.054973355815405522e+00
1.839749197279241244e+00
-1.363631012826370226e+00
-3.476038601677128526e+00
1.054418284241721349e+00
-6.088689727862424128e-01
1.700439026639744000e+00
-1.486172162745903247e+00
-1.618809666685530613e-01
4.289860056160665458e+00
1.007875730558453364e+00
4.810348619986276830e+00
-1.767427192810583580e+00
-2.145608533401429874e+00
-2.887452479009708917e-01
-1.951564375151130903e+00
2.584942446485864131e+00
8.896419522039555883e-01
2.982327979500156268e+00
1.941839328977148282e+00
-1.343835188494665989e+00
-1.453630935405499258e+00
2.029467111815805302e-01
1.143154654970294004e+00
6.908881371131259108e-01
1.218336095320686763e+00
-2.296583866599191115e-01
8.380936778921126429e-01
2.154369009774776522e+00
-5.248470566957291750e-02
-5.209601352304225941e+00
2.208281166035328091e+00
-4.089326415870941367e-01
1.126829406813193657e+00
-1.339207913170314401e-01
2.809146904901862030e+00
4.026715429050785389e+00
-2.505405176627238717e+00
-4.673144259926415023e-01
-1.378584419623295698e+00
3.208480726840561292e-01
1.943839927726169758e+00
8.402304751184519471e-01
4.037970308284242194e+00
-4.419202755366054447e+00
6.294849808373822242e+00
2.354088389117823255e+00
-8.196160130897924834e-01
1.310854704654927261e+00
4.439045802484423930e+00
1.734918327525907911e+00
4.129117201454855390e+00
1.517345442640297026e+00
2.129464841814046494e+00
4.527903082438056614e+00
3.753476684314352330e+00
-6.015659059333267500e+00
-4.093984111673961479e+00
5.726741034806995145e+00
3.663727717366572989e+00
1.008412287857336359e-01
1.072333450331494215e-01
-9.803131156109501365e-01
2.486435541854104869e+00
-5.142530288534363780e-01
-1.865953060672144836e+00
-2.200298093201427108e+00
6.381918860738791111e-01
-5.013111724388245038e-01
-1.121723259558756736e+00
3.204776043372910443e+00
4.032847259461770584e+00
-3.925734036372866775e+00
-3.620762232940049508e+00
-5.088482693846605898e+00
-1.207927846032927022e+00
2.907727571806251743e-01
7.462613239062568793e-01
1.460376931563340142e+00
4.248056079369540328e+00
3.973724439370724504e+00
-3.121025321716708767e+00
4.652988812178580069e+00
-2.966488523222959195e+00
6.938155950965804175e-01
4.993562563602424120e+00
-9.124418229295822025e-01
7.050989539663186534e+00
-3.414196904395442100e+00
4.343648408423367857e-01
-3.890495274532003389e+00
-1.537751672467754238e+00
3.105202334611564252e-01
2.015352973269693759e+00
5.315230954663082708e-01
6.993849559728453347e-01
-1.924989074366263653e+00
3.886168471065641672e+00
8.609155211289545306e-01
-6.108917871518833920e+00
-2.417602282084197363e+00
4.327955250249981844e+00
-4.305826095419222455e+00
-6.901625540872055709e+00
3.883315358016273144e+00
2.592359111621135526e+00
1.169459782203936093e+00
1.505299744038778531e+00
3.780720537221675670e-01
3.806003480058496091e+00
-8.663165609966938518e+00
2.515471241109813683e+00
-1.995821287290540091e+00
4.716516015704327103e+00
3.744910610740923018e-01
2.661287869373291093e-01
-1.816310421495412442e+00
-4.575201725210468418e+00
-1.549075896136651531e+00
-1.036393106154456456e+00
-1.256461033275594552e+00
-5.224245792036338543e+00
-3.683221494031564180e+00
1.452692357867497452e-01
-5.518408284771922467e+00
5.517266115994132747e-01
-6.858859576366901578e+00
-1.390728548319219104e+00
-2.735057308106943474e-01
-1.081765710185888851e+00
-6.567804317246205004e-02
-1.491890204572856593e+00
4.056738327299507674e+00
3.652370903736706698e+00
6.410822973508785161e-01
7.126149909043081543e+00
-3.404434362664428892e+00
-2.653451263181520581e+00
5.301296117463584201e-01
4.681928992317619276e+00
3.078752299384999613e+00
2.869014631361916035e+00
-2.285715504929766995e-01
1.290944077014988700e+00
-1.089425859124640183e+00
-3.801561070796131148e+00
3.736793468311177424e+00
-8.607435308345887659e-01
-3.759593059254123570e+00
-3.747023040200918143e+00
-7.885667309913199086e-01
3.500733295695091840e+00
-2.341173911479134340e+00
6.512441069588273734e+00
-5.043294229561676723e-01
-7.804817135285911922e-01
-3.830990380397780282e+00
-4.023590007879419339e+00
-3.635925879019016982e+00
8.047398391754188030e-01
3.841324804396824888e+00
7.503098849429151729e-01
-4.195354797977773331e-01
2.803953235174462044e+00
3.713074182806688772e-01
3.834635849791975470e+00
8.414348291632328669e-01
-1.171312620521145931e+00
-2.060107903816964292e+00
1.656704741440848450e+00
-6.054225230960922133e+00
3.738062672574489653e+00
-4.703064841734197365e+00
-2.192061448320598682e+00
4.063533226667010112e+00
8.085291123767875954e-01
-5.020056347998519186e+00
6.380457812944245077e+00
1.424861242665235839e+00
5.329051281887694280e+00
-5.787813979159605715e+00
-5.512808287706643995e+00
-2.930780481275133020e+00
4.483337901240017409e+00
-5.341677922402960021e+00
2.050351267213199158e+00
2.063925287860161717e+00
-2.184013599075361967e+00
-1.679699210698683665e+00
3.518218431051178374e+00
-3.897720025113037501e+00
5.815258404763522293e+00
5.653606439416059004e+00
-1.462369244202422980e+00
7.118281279945640749e-01
3.127158235623986648e+00
5.656976836905782235e+00
-5.929042973234850855e+00
1.602182051217138081e+00
-2.827515142338111964e+00
-3.602407363222728254e-01
2.271717770001981052e+00
1.769052361947425211e+00
2.170574765035839349e+00
-6.229233913904082875e+00
-4.898557057369538725e+00
6.453186675342261758e-01
1.697964692806083864e+00
5.851093636495399153e+00
-2.531048317087154942e+00
5.049954616128358609e+00
9.852085861421587543e-02
2.886454036783955290e-01
4.097192037136725418e+00
-5.763105960226031499e+00
4.435131936705458244e+00
3.792137154289388690e+00
