-5.255047941034926673e+00
4.204520574685953704e+01
-5.261381729896633175e+01
3.143990470230809464e+01
-6.042849610467231791e+00
-5.656915916342158113e+01
1.733683187609486254e+01
-5.091631500186446146e+01
3.906080250232239592e+00
4.232262058459223542e-01
8.166614752563988944e+00
1.834667996263855372e+01
1.991390090589755246e+01
-7.722163752919136925e+01
-1.552768849145958008e+01
2.271877982441965216e+01
5.412969011574399758e+01
4.523339247068147984e+01
-7.871625612907969582e+01
1.549228027823997955e+01
-1.646304094837395482e+01
2.963911958879292285e+01
1.385714364602281456e+01
-1.188699422533978378e+01
1.640207301668616680e+01
-4.098087670111618763e+01
-6.549922090788554918e+00
-4.228519762396553006e+01
3.850735088633951619e+01
1.589467598460144160e+01
-3.001984677066060314e+01
-1.009673775228837656e+01
2.729508149971493935e+01
3.711070357792996788e+01
-6.079618168901397723e+01
-7.022257865883557315e+01
1.990024801993257242e+01
6.932434025286561052e+01
1.273335576336800301e+01
-9.455931193752938668e+00
-3.179027824985818995e+01
2.532181958806202005e+00
4.177327358917117373e+00
-1.286165846080580977e+01
-8.130999108008987619e+00
1.168296184589141973e+01
-3.627034113590731579e+01
-2.637911067948282451e+01
8.149460962920528573e+01
9.864187115451988674e+00
2.364033139312899578e+01
-2.397722979317638092e+01
2.522146069395313361e+01
5.486191577593812951e+01
8.552275224845741874e+00
1.606974527995216562e+01
-4.139909104445158761e+01
-4.484344444606671587e+00
2.734820898178554671e+01
-3.641086957754868081e+01
-4.217100201753207500e+01
4.451855042269249196e+01
-4.432113178639148288e+01
1.677387192350258971e+01
1.931021142847601624e+01
-3.365227635652598082e+01
6.724186827538004252e+01
-5.368975759572036566e+01
2.799100443770843327e+01
-9.568055470166790144e+00
4.269064581704131456e+01
3.250730909133948643e+01
3.455173425182344005e+01
3.243412110940924720e+01
2.891416423357628318e+01
-5.088041719120600703e+01
-3.331964267390191026e+00
-4.696552622517773834e+00
1.989767054222692622e+01
-2.637031067037259291e+01
-2.597204141378460918e+01
-1.749687288792234696e+01
-5.895206983805576328e+01
5.342868916661918988e+00
-2.381141244114597555e+01
-1.919545723654773184e+01
2.017106484879236561e+01
-5.315632465094155101e+00
7.436003015854153375e+01
-6.007090894765573097e+01
5.445336669352712988e+01
1.766136832032138004e+00
1.259743799933335495e+01
7.014734881182678627e+00
7.118744334043791699e-01
6.682420098474061376e+01
6.238532324454489242e+00
-6.174073628836649164e+01
3.749995757283534203e+01
-6.085845936402045453e+01
-2.513684940749990204e+01
-7.852494579862982960e+01
4.335838416653139404e+01
-2.358178734400102172e+01
1.517466804440400630e+01
3.041474840654102962e+01
5.364944343657568737e+01
1.498268395148957843e+01
-2.303537942048432541e+01
-1.099663010527815743e+01
1.849565659079512159e+01
1.197880516999800804e+00
-1.594802780249585616e+01
6.942061644940571874e+00
-1.630665329068384350e+00
-3.828888393808055923e+01
-2.941466510044605798e+01
-3.209732670178367187e+01
4.652777649345980393e+01
3.355809157446687863e+01
3.535913199945602514e+01
3.997783229132563321e+01
4.601423923577225139e+01
-2.454365408670094784e+00
3.400803181505953177e+01
2.082672553341115673e+01
5.232837750192550708e+00
6.365936279431463163e+01
3.503414971479422491e+01
-2.749686018038424251e+01
1.494866165507573363e+01
4.083366536022609239e+00
-3.404680772118013721e+01
-1.650795731242937769e+00
-7.574017746910807602e+01
1.502220268880121878e+01
2.545526573130427650e+01
-5.634150940329334389e+00
-4.862938638743798947e+01
3.895445699160171671e+01
1.659083099716344023e+01
-3.659331784443354252e+01
7.744905854952244795e+01
9.434974389995488764e+01
-8.104437875855616369e+00
-4.943178720161655093e+01
3.863580542502634074e+01
-3.315705414267843310e+01
-2.875800018640495637e+01
1.862752848910912817e+01
3.503955683796083775e+01
-4.472041321401020753e+01
2.282549758055987255e+01
-3.590522451502204859e+01
-1.006376434153752264e+01
1.488899887292193469e+01
8.717902460440598134e+01
-5.357804473963182801e+01
-2.147714867167780284e+01
-6.252385603512721701e+01
-3.708502682891566593e+01
-3.779026258518598524e+01
-4.261534023171500984e-01
6.251489681567141687e+00
-5.894700822197853540e+01
1.456244637934939057e+01
-6.731411256489730022e+01
2.884161497899785687e+01
2.077648805708626867e+01
5.347544971891768739e+01
-1.154186185786694629e+01
-2.056243842680950706e+01
2.478297604625103645e+01
4.631162702738480164e+01
-6.915401395830326869e+00
-4.386367509561476652e+01
-4.033330504750686885e+01
-2.776930353876261393e+01
-6.112479543500491275e+00
-2.274851351797677879e+01
2.170383013968724129e+01
3.421864657682720434e+01
-1.632199284079990775e+01
-2.101395136281305298e+01
-3.247338597043873420e+01
2.218385385009527866e+00
-7.763651969314484091e+00
-2.763189602789912058e+01
-2.360267362741545227e+01
-1.553669741378971292e+00
2.620366367569968347e+01
-3.233558640871519430e+01
-1.809204622155805708e+01
-3.810767233688794420e+01
-5.227766301623827161e+01
-1.627191773142283182e+01
1.109284342394686149e+02
2.405047434895554304e+01
-3.966142972182824877e+01
-2.452802503931260247e+01
-1.752483496792764939e+01
-3.799515249016404361e+00
-1.918593969497105789e+01
-1.614385884696218909e+00
6.745932976543599580e+01
-3.065050703235956320e+01
2.039503730425208516e+01
9.969587614782696505e+00
-2.070593187375562394e+01
2.483280047656741729e+01
-2.967819401022868320e+01
-6.441997819226914146e+01
4.460506773652380730e+01
-1.535492907538334606e+01
2.177451446363509291e+00
-2.257446865576229200e+00
2.067488731852604289e+01
-1.181268721820540257e+01
2.245175629601670408e+01
8.093351578989008033e+00
1.988230675346995824e+01
-6.104022207953441637e+01
5.829009694856148371e+01
4.179332374924472404e+00
-1.109964306844656257e+01
-2.399105720690292642e+01
3.412130797526042869e+01
8.128992552162944207e+01
-5.328870135124427065e+01
-1.144070079874266099e+01
1.470193252343474644e+00
3.870819875376182750e+01
6.846426565061740632e+01
4.535932782832050947e+01
1.282371795632992395e+01
-1.106578393046146935e+01
-1.222038933134088268e+01
-3.370668248045557647e+00
1.932972089967868001e+01
2.046965438149163319e+01
-3.282423831274776660e+01
6.661613615189400761e+00
2.455355917363424567e-01
-2.699476965121407446e+01
-1.583935071157122287e+01
1.157672673312481315e+01
-1.775405100283180104e+01
-1.195511750552808827e+01
7.073608419855287366e+01
1.005096173248363201e+01
2.249072257358654170e+01
-2.164479969177261509e+01
-3.021153822282828827e+01
-4.486086838524766307e+00
1.267709489022772029e+00
-9.438652248757517782e+01
-5.764253979363770952e+01
-6.642545221033139491e+00
1.240201908619511784e+01
1.435527844842412293e+01
-6.581981030815207134e+01
-2.475435854684927861e+01
6.956799232824769419e+00
2.530826875924599051e+01
-5.526885135364927493e+01
