-5.593271067266527563e-01
-8.138152619759728701e-01
-2.074852655951916702e+00
2.598212900608498632e+00
-4.765471972559627289e+00
2.428920175062012632e+00
1.257562814744962898e+00
2.392797768928631719e+00
4.176226713701640669e-01
3.122639722289244912e-01
-1.120124659015331314e-02
6.120499473023147674e-01
7.873348493562104533e-01
3.866934175289916675e-01
-5.912243629915244769e-01
6.613186027389794219e+00
8.225712481670749199e+00
-1.255123631777568693e+00
-1.922053524294469629e+00
1.371494579537812841e+00
-1.113598630880918927e+00
-2.758780526271046973e+00
-1.937477000722338749e+00
1.990250590919885987e+00
-1.319454546287784691e+00
5.178810261953287197e-01
-2.365478374697070230e+00
-3.537419408577482827e+00
-1.892292358782579287e+00
1.728263553675498443e+00
9.108709813663850019e-01
3.550227230734966932e-01
-1.183491737319183112e+00
1.003581894746306213e+00
2.154425190865208339e+00
2.273762775304135619e+00
2.134446228596462714e-01
-2.393251034960297119e+00
-1.150348067586320910e-01
-1.913900472349784998e+00
5.510186756745801828e-01
-1.082682673742030310e-01
1.389256334220693168e-01
-3.539166684078539848e+00
-6.231987529541264115e-01
3.289095909303974885e+00
-1.068569210541180592e+00
5.870414083021618934e-01
5.692921234672723152e-01
6.212724733278642830e-01
-1.927787637721052327e+00
1.546894370730075297e+00
3.805409068419202123e-02
1.841898572737496576e+00
-1.513922349258513211e+00
-7.584328526645411905e-01
1.172591840425431631e+00
-2.956261230614043445e-01
-3.209425508954982242e-01
-1.804614525383346546e+00
-1.363252051325923198e+00
2.076274527010081528e+00
-2.320146869520752997e+00
-3.476911919660920502e-01
1.911541993565783581e+00
-9.423955403388546426e-01
-3.293408255833420450e-01
7.014445526161618982e-01
8.702383423023283271e-01
5.024101055323284548e-01
-1.636704121292547054e+00
2.498761735911801729e+00
4.546549056909871545e-01
1.837280822737227703e+00
2.167780645641719794e-01
-1.409839974974439247e+00
-1.424479933886141358e+00
4.251549283023685177e+00
1.116437885881102376e+00
-3.829682756645421904e+00
-8.292619632309001787e-01
-2.338446248740938316e+00
2.774724353365221052e-01
-2.049853138632582450e+00
6.698132929503237687e-01
-4.776527543914444784e+00
-2.425943460816418984e+00
1.700162836861708771e+00
2.881267147707333720e+00
1.626318479550018292e+00
1.203832218548841704e+00
2.225025482484502604e+00
-6.241474003717665253e-01
-1.983895108584001754e-01
-3.113058897921383572e-01
-2.728941982657059562e+00
1.508699983386233567e-01
-2.331330729684203629e+00
-7.448902831703401173e-01
-2.371228408408210253e-01
3.416669308322620502e+00
-1.477021752635657492e+00
3.742490414756893813e-01
2.626659367528251465e+00
-7.133407550245294271e-01
3.130403107975151311e+00
-2.105741054664138190e+00
1.260414498031444008e+00
3.954622377678221334e-01
4.881009348249655266e-01
1.163535231995521446e+00
1.503146526439859798e+00
7.713701389786049578e-01
-1.021836498974416418e+00
2.315525106841157310e+00
-2.756968040159986089e+00
-4.018459907918678908e+00
-7.003884996391235296e-01
1.487961308135870020e+00
1.107549740644348857e+00
-1.459902363835331895e+00
3.641605889070096969e-01
1.208188999138980257e+00
3.847138375624529205e-01
2.331367365134202618e+00
-2.949019051599882424e+00
-2.736685816048501252e+00
-9.090988365458902987e-01
-1.886348669570816705e+00
-4.855972579443814219e+00
1.431341412712246353e+00
-8.533453608757162190e-01
9.145999346499235072e-01
-2.053431712020787892e-01
1.444636845848242812e+00
9.648716815106838096e-01
3.907622080650605678e-01
-6.818330128745636598e-01
2.923539856540214199e+00
1.145037309820131410e+00
4.629436794349318651e-01
-3.748604751905402210e+00
9.178660794878765739e-01
-2.540916685894514693e+00
-6.838292554873419693e-01
2.515163399961610757e+00
2.093120821940773091e+00
9.731358327070496195e-01
4.609607779147961715e-01
1.857217798247270846e+00
-2.901514188347390721e+00
7.643671460983009203e-01
2.154435200808456408e+00
1.454004491328818816e+00
5.343481658334484630e-01
5.730414776916603614e-04
-1.319840988428400974e-01
1.152458423121192510e+00
2.341770253997471074e-01
6.950452608095829543e-01
-1.501744453375516652e+00
1.821872877610187125e+00
2.529451070459413309e+00
-9.129964465857085543e-01
2.444387950285173083e+00
-2.147127105774797595e+00
1.761970604977027843e+00
1.774850711813651172e+00
-2.210540765226600424e-01
-2.671282341638167690e+00
-6.922507794783281376e-01
1.788639284882642233e+00
4.073361447435466687e+00
-6.716509876055344330e-01
-9.388424269792526866e-01
3.051105369745579776e-01
-1.916451586734182477e+00
-8.583186055973589523e-01
-1.173652493122350648e+00
1.959290549794289626e+00
4.917648952252645644e-02
-1.133563634789426677e+00
1.743140005199242948e-01
3.839022077299036884e-01
-8.935309706388698814e-01
-3.621330898860864345e+00
-1.191679632718228188e+00
3.178162088298269738e-01
9.214336863843075598e-01
4.247397094685954611e-01
-3.275222905098497672e-01
-2.433317738780272244e+00
-3.082110840440414279e+00
-4.782620820496186198e-02
3.880789531055038877e-01
2.535029386680626384e+00
1.128498525407948039e+00
1.519089382095607510e-01
1.273377259713654341e+00
-2.057087265516013730e+00
-1.139404305245406146e+00
1.719516842463591377e+00
4.137570289706872906e+00
-1.902836025986785362e+00
-1.336833972890157651e-01
2.350706222921126187e-01
-3.721919097675612242e-01
-4.610857944186853019e-01
1.030078067294692756e+00
-1.980920805367884618e+00
-8.340915898090763836e-01
-4.138671493017981318e-01
-6.557134887823077296e-01
1.649449318758468452e+00
2.662997595271103801e+00
-2.202721635991515825e-01
2.900917053702131154e-01
-9.772445905699821411e-01
1.415275331324658215e+00
-1.441814918016674163e+00
-3.084064176454293094e-01
-8.635430351757831247e-01
1.826899343766564821e-01
-6.565247043724549147e-01
-4.175261099843521895e-01
2.498133849354453595e+00
-4.987355820046525667e-01
-2.548127120544232960e-01
4.753848455944857387e-01
8.349095464732991800e-02
-1.213479216220884283e+00
4.673836298897564578e-01
-1.846470834892403046e-01
-1.949949004630728400e+00
2.011907277860029097e+00
-1.346971710196892325e+00
3.134921185102582886e+00
5.758617126350407123e-01
-2.322570663340885577e+00
-4.820071249008950343e-01
1.968496064591926942e-01
4.939342811384276888e-01
-1.549706433848213327e-01
-4.126533851448753176e-01
1.367944548004867089e+00
5.275246647175733106e-01
-3.352621238591339536e-01
7.172468791579791336e-01
-1.537840477077126566e+00
2.260209502865118569e+00
-1.859984767755006096e+00
-1.839571545396436969e+00
-4.102036907921582376e+00
1.693088596490654352e+00
-3.619268090110253078e-01
-5.855219265083126956e-01
6.837642039314413278e-01
2.018591271480738136e+00
6.903910857120292288e-01
-2.003697278853364239e+00
4.206548706748114985e-01
8.138642496858141673e-01
-1.118691206344132105e+00
-2.724682313270196943e-01
-4.911088295992128705e-01
