8.594443721084066290e-02
-7.770016622887654378e-01
-7.010392710287980389e-01
-5.896181461972975768e-01
-8.281601951618433599e-01
6.221508338885677336e-01
2.828013892192091649e-01
-2.503148253031419745e-01
3.277815707758411357e-01
-8.645032309749429711e-01
-7.505205831350731938e-01
-8.890240363695398607e-01
-2.133303262810275491e-01
9.765372411938568753e-01
-3.648338190463125130e-01
6.122189137297373573e-01
7.476178797525010467e-01
-1.819956272362246441e-01
-8.032932279273079512e-01
-3.759355781765849613e-02
-6.471103412719996228e-01
1.059720852087986387e-02
8.185407783905878087e-01
-1.918607707795416673e-02
-5.499879691130657999e-01
1.725655210748278101e-01
-8.099993690451419148e-01
1.609697452593956690e-01
-3.912895099025204271e-01
-5.360374900663433806e-03
-4.237384847620431216e-01
8.985352203748193656e-01
4.099879635330672123e-01
-7.516274336185646554e-01
3.652151766639175623e-01
4.203632200493032656e-01
-2.768520869381478899e-01
-8.184323025421820219e-01
6.252764856741201971e-01
-4.129911874285074891e-01
-6.531943958906980541e-01
3.090339824098486954e-01
-8.325703982521066582e-01
-7.214868703819958817e-01
-1.224455126610806133e-01
8.372866579435518375e-01
-1.036086441658543578e-01
-2.877553898890272688e-01
2.711360877600605956e-01
2.894017790532921186e-01
-1.130078649616397257e-01
-9.576701993610023944e-01
9.096168440005580891e-01
6.954141534950790682e-01
1.441786658368664487e-01
-1.893913884605082920e-01
-2.633658720914424656e-01
6.219153524850011827e-01
-7.832801140208249802e-01
3.665990243659498216e-01
4.726849273293658449e-01
-7.011301726432179748e-01
1.253296323561887693e-01
-2.438825243664488607e-01
1.602461189762793836e-01
-9.397912362538833886e-01
9.779531907571359373e-01
-4.672697742478828520e-01
4.507352063380416496e-01
-3.463421759055682614e-01
-3.698457305327509381e-01
6.854200665016536576e-01
5.064482828995564567e-01
-6.218914956682000117e-01
-8.572394565702381453e-01
5.655084905327147915e-01
7.797962570653791392e-01
5.209160339267051576e-01
-8.702671664144805419e-01
6.799681170478839576e-01
-8.373384893775233095e-01
-1.776589337454881345e-02
8.447423319295348509e-01
7.116829352168705380e-01
8.395872067645644421e-01
6.162989851820694920e-01
-3.793193685005180615e-01
-3.990263121210575470e-01
8.585889515040543429e-01
-8.443033931301708872e-01
-8.814467621243027295e-01
-2.020542887399858767e-01
-4.938766428572964884e-01
-3.161969507835367121e-01
-7.146058388966047836e-01
-9.465786835027250046e-01
-5.868125733934401733e-01
1.582870740724533487e-01
8.312017484988900584e-01
-3.089045886899928206e-01
6.452459820656009093e-02
1.400746124463607689e-01
7.742671892535835099e-01
-1.487068102048867413e-01
8.281405999793625128e-01
-9.520729389216615601e-01
1.620168073849259649e-02
2.703251128347607946e-01
-4.672730399124735978e-01
-1.303236416452944191e-01
5.860781713174485485e-01
-4.521331563361072892e-01
8.567058576725194996e-01
-7.292695318730646470e-02
6.638549106245645870e-01
-6.970202385957857683e-01
-4.621853248095990629e-01
7.276760260671344405e-01
-7.203818968102404519e-02
5.645786181649188329e-01
-8.313811554483498956e-01
-4.194154940645278273e-02
5.171351154488390556e-02
-6.214945340502775473e-01
-9.297485542549475124e-01
2.729757468239064622e-01
2.285845651840179293e-02
3.635929364536614194e-01
-8.801770094704113312e-01
3.360840833689267004e-01
9.602935610907656905e-01
1.078095696189973474e-02
-9.545877576631052186e-01
-6.568154270701074271e-01
5.717833606420286152e-01
-4.975572463986368543e-01
-5.852213967863533206e-01
-2.014204105517964916e-01
-3.796888904992996583e-01
-3.372532816147197909e-01
-6.069436217167361036e-01
-9.984651343620920549e-01
-6.664069777442545028e-01
4.442944455223942768e-01
-2.959952210197744904e-01
-1.837895300481113825e-01
7.274945681451252533e-01
-7.390298926391769552e-01
-4.743396112720987823e-01
4.869658283275761779e-01
-3.751106169193794138e-01
-3.845764303343048862e-01
-7.053973126629748958e-01
9.895493991269974643e-01
1.391315243316386674e-01
-1.600662805922565823e-01
-3.628380497123935289e-01
4.162355611801560329e-01
-3.331703045376379624e-01
-4.575917820339505671e-01
-6.674157650407668285e-01
1.058297206985090444e-01
4.379423341828305727e-01
4.984462433472214293e-02
2.219986138479317361e-01
-6.331970802210478144e-01
2.163000500167453488e-01
-8.187516036923403462e-02
1.834781994894951751e-01
9.838221251504508658e-01
-4.266520629139356480e-01
-8.168390504776612548e-01
6.475599839208887598e-01
1.145316385291081929e-01
2.269389368432530585e-01
5.367086370734768241e-01
8.232923595164542974e-02
2.697629921089306215e-02
5.620285449248809684e-01
-7.967657019973439780e-01
-6.437872678751932476e-01
6.417412119341203702e-01
5.625909507307964574e-01
1.372494946438318486e-01
-8.194579889082391766e-01
-6.131500231766444653e-01
3.635593423176193273e-01
-4.178569280748061221e-01
5.063055070180322303e-02
3.596978743488192798e-01
7.836822574107007444e-01
9.969624018003893084e-01
4.681519584125504174e-01
9.246654960594253847e-01
-7.151915853617507590e-01
2.100679034392189948e-01
-8.648207421972673448e-01
1.623154157860071667e-01
-9.770460609523232698e-01
4.377857154982236487e-01
-3.200318047208612349e-01
-2.986056626759181487e-01
7.998868684399944584e-01
-6.209510270228908446e-01
-9.766550798061652827e-01
4.761616216504527266e-02
6.177554785275058968e-01
9.490885955771339866e-01
-2.309209386408888065e-01
-5.618281184358830949e-02
7.359767928011520244e-01
5.642436775385208936e-01
9.516112499103859257e-01
7.235309256724264948e-02
-5.470280151769260080e-01
9.598619767686347171e-01
5.583488621823446962e-01
-7.266680056779994956e-01
-5.695912732674057732e-01
-4.656375267343793034e-02
-6.755518880492872302e-01
-1.972416452621628125e-01
4.467046587069138930e-01
7.807397032837322115e-01
5.802382065694944302e-01
-9.762077120247951711e-01
7.683566559217063219e-01
-2.855953117983607292e-01
2.498868854999458655e-02
-3.966971050905732099e-02
-7.412588779627542479e-01
4.987915537038474234e-01
-5.586258520917601889e-01
6.529466972948636538e-01
8.135755404250808454e-01
-2.718980365748464578e-01
-9.843101464120773691e-01
-1.888722651734322522e-01
8.062504563870460661e-01
-1.565233344107139768e-01
-8.637240032503989973e-02
-2.028497209199808804e-01
-3.125636991619062943e-01
6.075064279071600293e-01
6.866655565921886417e-01
-1.950630964727817496e-01
1.252346885641093532e-01
3.532375685108930519e-01
7.150766274681552570e-01
4.841265608562077549e-01
-7.253285059219560793e-02
-1.812204031358397582e-01
6.678814261344070413e-01
1.527544954964745738e-01
1.601035852762064948e-01
8.893165548587811386e-02
-7.460817825378707191e-02
-4.626566397304299194e-02
-7.072114688719786102e-01
5.365511148550983211e-01
2.395059874048706128e-01
-3.517277618757570501e-01
2.224223345960618659e-02
3.861511456696173905e-01
3.451808808080352176e-01
