1.998140952012961158e-02
8.823624888042851389e-01
3.282185597783886521e-01
-3.595326827009734938e-01
-9.102576804832804847e-01
-5.859662244134642428e-01
-5.636767354134786245e-01
-7.241158647336005671e-01
-6.973089450197518246e-01
9.254959276372876076e-02
5.510120871635684203e-01
-6.575853506279627503e-02
4.392703196778942054e-01
-1.818124983039515197e-01
1.777301126994550451e-01
4.044237927803286947e-01
3.850583790983661547e-01
9.633314215071375752e-01
1.315599316554738607e-01
-8.766100160615204473e-01
-7.529648099147367990e-01
3.821686920177660429e-01
-5.335401530278374160e-01
-2.940696398503235276e-01
7.603599569431178651e-01
-5.992254054661041440e-01
-6.537522447782406765e-02
8.510630017026981076e-01
-2.975597357687647104e-01
1.985334297363852141e-01
-3.130512589058822570e-01
5.425664745945781853e-01
-7.999875685135440229e-01
-7.683398223943367356e-01
6.487507326062560420e-01
1.196583110109619152e-01
1.929674739974702735e-01
1.979463486459993593e-01
9.822990550265850995e-01
-4.590416737496028077e-01
5.899522637391543256e-01
2.630074535620696707e-03
-3.001605854919930927e-01
1.143837045244917583e-01
-7.333488651316089069e-02
2.811477524139387452e-01
9.148236800975484417e-01
-5.992437388557192435e-02
4.866103778944901315e-01
-2.551773517308302264e-01
8.254684126828579771e-01
5.239472392321573579e-01
4.939109315490555208e-01
3.231846496273869107e-01
5.962010093369241037e-01
-1.313963344848723125e-02
-7.719342879557269388e-01
3.940995693488096308e-01
2.744622393842768293e-01
9.830440899790751086e-01
5.544968507525844803e-01
5.196260085759065728e-01
1.827420802860912907e-02
-7.612119943509703113e-01
9.902979817693147169e-02
2.899623130599635612e-01
4.540443031141312424e-01
9.966995210413289730e-01
8.680749576422452929e-01
7.064774889439076055e-01
6.738897149894340632e-01
8.196074308288434640e-01
4.114152743399539514e-01
-1.097480390637455283e-01
-2.690114490117645474e-01
-5.595156413705615339e-01
-8.826776846134571919e-01
-8.452506818735399108e-01
1.830202726304754890e-01
9.178592190974532716e-01
3.014154440389571477e-01
7.543012224625023077e-01
1.854134268600371449e-02
9.649984245937008875e-01
-1.553502688640473473e-02
-8.238604180008954891e-01
6.915203875244904097e-01
4.474752156324821595e-01
-6.456447595684633445e-01
6.353940922734406804e-01
6.852374689530327245e-02
-5.346258090892774817e-01
6.734371196349233646e-01
8.744766213780361674e-01
3.991981239346846788e-01
-5.943963776539373800e-01
-3.812816159877814304e-01
1.593928862749922626e-01
-1.946983949561027494e-01
-9.707669926004824923e-01
1.221948299450035247e-01
6.867791587490690297e-02
-1.730123507059679877e-01
1.376063346251816810e-01
-9.770752980563786050e-01
8.858736669500344441e-02
8.883667868369096166e-01
7.586946253772326454e-01
-7.413307745674857507e-01
2.933825471121682682e-01
-7.867319991937131718e-01
5.989413296828673960e-01
-1.646317466205782232e-02
3.767816617851171834e-02
9.067206420842457426e-01
6.471997212613991302e-01
2.278965336048965895e-01
2.085223994720506457e-01
7.453812653907927466e-01
-6.836859617597776939e-01
4.747976021127149338e-01
9.362720132170456733e-01
6.016565389686359122e-01
5.317992598787071312e-01
2.240591932159710087e-01
-1.826503624188786645e-01
-2.519944903567734595e-01
9.306482979085421992e-01
3.602699404048552712e-01
-2.619718547570348832e-02
-2.876384410061567642e-01
6.222836180211186452e-01
-5.867626243733983227e-01
-6.077489016089141494e-01
1.660464174535036808e-01
8.443048162723756356e-01
-4.557266278974354545e-01
-2.689436535604972089e-01
5.314411367223605964e-01
9.016872119588044132e-01
8.083053320674549180e-01
8.406038340407895326e-01
2.995869394812817887e-01
-8.911885183975722935e-01
8.351453262346852924e-02
3.170279999141478733e-01
5.420695438257983056e-02
-2.071528922445240450e-01
-9.071900420762071260e-01
4.443964366753727635e-01
-6.722903409466338687e-01
-9.570315988518840467e-01
9.985377719692953846e-01
-7.695703526394965799e-01
4.530043623294899291e-03
-6.776093065866355403e-01
5.454215924567966667e-01
6.608376669626390143e-01
2.999336732141115736e-01
2.521355224480315016e-02
4.850761441359483506e-01
-1.682167320646714703e-01
-6.182722636138171524e-02
3.623624258689519539e-01
3.124839135024051195e-01
5.100309486737466536e-01
1.288163490353237961e-01
2.508945685208667786e-01
-5.121540464130873715e-01
-7.141336260973007999e-01
-6.550757659528754218e-01
-3.533680951685562732e-01
-7.292897972443412868e-01
2.531966824234399560e-01
-7.771431889949715899e-01
7.543371062668664528e-01
-7.126109485200224913e-01
-9.668634759948770974e-01
-9.359702236988800550e-01
8.236242540636036225e-01
-7.959988143728669030e-02
7.859149547922370527e-01
2.241409639005835785e-01
-7.942842253674435860e-01
6.803460500170910308e-02
8.525955090456425189e-01
5.317345418600560869e-02
6.333413908055431918e-01
-1.282375089030962645e-01
-3.455607482755729265e-02
6.726916029570788602e-01
-5.884936607278958842e-01
1.881343885877722055e-01
-9.821887880042619035e-01
3.873049321206221141e-01
5.534846974826046484e-01
4.884160589920605311e-02
-1.532045056133148897e-01
4.625434710828002505e-01
-3.040504897378450977e-01
7.217021321227081732e-01
2.715994215165262737e-01
-1.263820672458979555e-01
9.426142118713656259e-01
6.898803295517410561e-01
8.328614381801420219e-01
5.587671198939228034e-01
8.011634535614116093e-01
7.158105644063510464e-01
7.551148230129391958e-01
-6.335256300033145216e-01
-4.554609831852967083e-01
2.956654467287438415e-01
6.868449838607821878e-01
-1.178315260900193451e-01
1.215047899544670074e-01
8.823922900697822591e-01
9.769295880749782057e-01
-9.148241614496732677e-01
6.911654926115096131e-01
6.626584385801082000e-01
-1.624682257202936242e-01
-5.274873888936237876e-02
-5.608027596794709080e-01
-2.128188158366068894e-01
-8.931987632348936668e-01
-3.619197021969500216e-01
8.506701074053470979e-01
5.094736159512374130e-01
-8.987507792005544616e-02
8.488584024022993724e-01
4.752936795801316894e-01
-1.182051152411254247e-01
9.644424238061095611e-01
-5.034722676650815743e-02
7.835577792717194345e-01
2.714375803986461833e-01
6.813557510251657678e-01
-3.367040594023078537e-01
-1.447106133157114449e-01
-3.961311714401070105e-01
-2.353610480838668195e-01
3.771798722133055115e-01
4.085248244349948266e-02
4.718274820890400179e-02
-2.419047800264144676e-01
7.126465599115383576e-02
4.231082173767253263e-01
8.781734079542256044e-01
-6.908337741170351709e-01
-9.470735570922350632e-01
-5.236524504809791924e-01
3.439751774558352793e-02
-4.826518880771575315e-01
-6.017753798198506310e-01
-3.449279417357598021e-02
-2.082925195078688674e-02
4.430662249575989531e-01
8.793591801388063178e-01
-3.919098756538907935e-01
2.205600960630924590e-01
-7.258342876215406747e-01
7.547326472562609911e-01
-2.205073534929022916e-01
1.900135388269759140e-01
