1.161579554734927022e+01
3.683535698629695876e+00
2.921125032560717649e+00
5.623457524547199604e+00
-1.696176468286978212e+00
2.284408471799783236e+00
-7.282555758651844791e+00
-5.196377752462840505e+00
-7.055021193456186168e+00
1.096189360766851806e+01
1.407604069641353206e+00
7.714442923088419057e+00
-5.382926104472279150e+00
3.831517477033275831e+00
8.570348914330542245e-01
-3.417454253593672497e+00
-3.137955180721526682e-01
-2.700729888993227412e+00
1.043397546122180941e+01
3.923946142910519796e+00
2.431254091001954443e+00
3.503272642666197978e+00
5.733227453302250254e+00
2.357707562809080670e+00
-3.158650105578541201e+00
-7.505034145198613338e+00
-9.570656396683799860e-01
9.055046134557922954e+00
-4.282296520165238540e+00
3.085020544897739136e-01
7.031550027967234051e+00
4.933322619357013217e+00
5.093008709573263459e+00
9.968344173062643421e+00
9.004380054618621454e-03
2.549874377694612559e-01
-2.582069511642243853e+00
8.442144602377245732e+00
1.746617240964849049e+00
4.960339428722193578e-02
-4.928564036615805222e+00
1.871614938252523341e+00
-5.651940306288350868e+00
6.277583149749453639e+00
3.117340058574439077e+00
1.149138588595039856e+01
-2.341705454228018013e+00
7.338733119369933000e+00
-4.975187323039017784e+00
-6.812555225457447960e+00
-5.773451199936668665e+00
-3.970599014839965690e+00
-5.574115658136765461e+00
-8.758166091832004341e+00
-8.063707080293872620e-01
1.111590554684989962e-01
-4.097683302723805099e+00
-3.050125245576800648e+00
5.494824504554073563e+00
-7.132220546158582586e+00
1.718432280856145189e+00
5.899541263766436394e+00
6.648321232506251732e+00
1.885393570923592055e+00
1.044916914937037866e+01
-1.322133176855938119e+00
3.580502542969910884e+00
5.307085410681201765e+00
6.484430630504512960e-01
1.565780537956598550e+00
3.277207511227329118e+00
3.652884264389249847e+00
7.100340034350274721e+00
3.315657981848362024e+00
-2.941192493594675827e+00
4.464094920761764840e+00
-4.808399265342648832e-01
-5.539651668310352051e+00
-1.618474406804998322e+00
6.068964324335526683e+00
-4.381428409579052996e+00
-1.597967255851686641e+00
-2.634398456801018362e+00
-5.235402291154225729e+00
4.471864817843937523e+00
-2.820996367672153893e-01
4.771841679257978086e+00
4.382117720880316369e+00
-2.223124231944200169e+00
4.063561676148623292e+00
-1.181631114707798424e+01
5.435588904775752184e-01
2.775319550866684359e+00
-2.772298764948297745e+00
6.769813685577379392e-01
4.523671646241844257e+00
2.580870828068947631e+00
-3.739278437071205552e+00
1.666180296758486890e+00
3.948910531642560340e+00
-9.446307600269982174e+00
-1.336720159906435335e+00
-1.297558370098057523e+00
-3.213306026161272810e-01
6.718564977100810687e+00
-1.669670744182142119e+00
-4.377287314375241323e+00
1.029208834999314259e+00
-5.078309528814902052e+00
-1.048993600915930458e+01
-9.734168475778679053e+00
9.529936651269036219e+00
6.508144849844767599e+00
-1.912766650925751932e+00
-1.052081165160990395e+01
-2.653392478769971863e+00
1.015918851847855464e+00
-2.196052474500740370e-01
2.720850198253512264e+00
-5.217076291343881067e+00
-3.407502253508895240e+00
-3.074019007253027347e+00
7.115264122004971270e+00
-4.701368771365489252e+00
4.430714634782923156e+00
2.926131655025762335e+00
-7.219692874255126291e+00
1.521285297039852713e-01
6.736607836745378108e+00
-5.607413265809010561e+00
-3.439372304891152865e+00
3.039275250520671268e+00
-1.120197208461118166e+01
-4.794800078204219496e+00
-5.422349964089286267e+00
-8.618748500285404734e-01
-4.806596815562883762e+00
7.404421150709158184e+00
9.439585032296710310e+00
5.660525087472441541e+00
3.482200510273357530e+00
-1.702401389762324413e-01
1.050547076993566442e+01
6.648887749055774954e+00
5.243207024381884906e+00
4.048224892388939011e+00
2.623327368863568765e+00
8.855217633800842592e+00
-8.572443648024066221e+00
3.297000226222936092e+00
-7.812383360791119280e+00
-8.912126528693949723e+00
-4.676000875794818157e+00
-6.508711385505762115e-01
4.628010864077295672e+00
4.136272062238543157e+00
-8.499962969061641616e+00
-3.411622606147270087e+00
8.954825631876783376e+00
-6.273680931120333426e+00
1.494558252949194754e+00
-5.463830020594771852e+00
5.576641846709412320e+00
-2.440120966746469389e+00
-1.078246708769205853e+01
-7.017659687642891164e+00
-5.947406267280368475e+00
-2.016547499048406245e+00
9.679061887802034581e-02
-4.376094513075438286e+00
6.644971851212427616e+00
-8.979287671778696023e+00
-1.221750820929078607e+00
6.914599741083438111e+00
1.454710775889912266e+00
-5.148065355171000945e+00
-1.366288534544614963e+00
1.012781863269739269e+01
-1.637547287599416812e-02
-9.241909255846888271e+00
4.703556336385847914e+00
5.404426973442802762e+00
1.741365121906689684e+00
2.251587997266438101e+00
3.460298443065811025e+00
2.395929705049429259e+00
-4.786539941108628682e+00
8.097022567998328757e-01
-1.214200210505004263e+00
7.897038859763443774e+00
5.257060944074525288e+00
-3.214204943344394660e+00
-5.551376986491747267e+00
-4.753178020219464006e-01
2.695919719927638347e+00
-3.023456827806077829e+00
-1.023304887746392833e+00
9.406175149486461606e+00
-4.206007944026724843e+00
8.082264269438052651e+00
-8.098532610502938711e-01
1.009325736854198796e+00
-3.810953700124470878e+00
6.895970711829544797e+00
-6.046190116731851916e+00
-4.691848335319813046e+00
2.382445830591958247e-01
3.145853946693015768e+00
6.990399003782631349e-01
-6.732408779364686069e+00
-1.127596896681675176e+00
-9.505064862019555250e+00
-1.301493345035334759e+00
5.132964027795599016e+00
-7.184217448171638765e+00
-1.106857480509527569e+01
1.048874591777299692e+01
-5.944991414918701977e+00
-6.802372309064927514e+00
-9.053122938883619852e+00
2.339779018797814913e+00
-5.673119873763539545e+00
6.033182360263202426e+00
-1.320660511076081178e+00
8.050045634267480210e+00
-5.032827942563551371e-01
-4.479963896406092161e+00
-2.125201082899411453e+00
-3.586154487283564674e+00
-3.261044049148656421e-01
-8.516233590560034372e+00
4.348228935655825467e+00
6.241791942891261158e+00
5.349223720698049078e+00
1.203005576705781010e+00
9.110315425470452144e-01
-3.013934206294761609e+00
-2.195677832189780743e-01
3.209363107164854512e+00
6.060380428241941786e+00
-6.652540760680484944e+00
8.031761355907189426e+00
-1.116198505221007498e+00
6.332092861506061432e+00
-8.709841327153965196e+00
6.219017729487366530e+00
-9.692061817420614123e-01
-1.290023843425854189e+00
-3.510886898873013973e+00
-4.961251830060628976e-01
3.404060947651165847e+00
1.099284292322194467e+01
-1.786812201345714612e+00
-6.371722662313343832e+00
6.269815235790277441e+00
-6.568016690435825033e-01
5.846607662485755696e+00
7.584905049171851488e+00
3.435479299492861127e+00
3.310941105332512180e+00
1.619921193508979229e+00
-1.238037687358026417e+01
-7.192629045509681518e+00
-8.098367367136054540e+00
5.193071853515369263e+00
