-1.623762999002140717e+00
3.266970991932980350e+00
-2.736765539620038545e+00
-1.598817363040854200e+00
3.163036377566354584e+00
-5.151401890633947822e+00
3.499911852397965539e+00
-1.443130347418719595e-03
8.468265212596335356e-01
-4.033464509131968079e+00
-5.768598070356265595e+00
1.425530320897407277e+00
3.355602604377927456e-01
-2.109133370672542918e-01
-3.787263278944119627e+00
3.128733466428841758e+00
3.537552256777147797e+00
-1.198081463278283021e+00
6.485639931765661004e-01
-5.359681176038939565e-01
5.219403511762887860e+00
-1.258331460383067091e+00
-2.002386405228369970e+00
2.261357889602642057e+00
1.401157698588833433e+00
-4.635291734957037946e+00
2.247784714192153199e+00
1.982366504744177194e+00
4.431638457858147362e+00
1.595141990221963457e+00
-7.339934177715279340e-01
-1.023440690969557476e+00
3.437204226687111674e+00
4.234136164967422289e+00
3.218414872063195542e+00
-3.708738463598539425e+00
4.305521923958282926e+00
-8.125029404106728137e+00
-1.464660626817729572e+00
1.581143872251729587e-01
-3.826598033877526284e+00
-3.816230722018003174e+00
5.393325285336396213e+00
-2.348896504861783363e+00
3.849471337434637430e+00
-1.329007332294731336e+00
-2.385074558943559797e+00
3.991466568409634430e+00
-9.134639644847959428e-01
-3.633629169664689851e+00
5.489878707455572382e+00
5.302096596156583352e+00
7.999518218836179084e-01
3.929034518385179808e+00
3.516086669803797804e+00
3.061944696068159999e+00
4.575826496588025094e+00
-1.888011752394308740e+00
-5.543931812674911530e-01
-4.103021622303632654e+00
4.429828727479081962e+00
3.876159788312529386e+00
-3.904808356581484841e+00
3.575537981709609792e+00
1.929215410056057234e+00
2.638204854396016819e-01
3.022767289742035679e+00
-7.202513831608226003e-01
1.057270427776984129e-01
-6.688730734764601671e+00
-1.259111852636452422e+00
3.589178871733142095e+00
3.319502156753252331e-01
3.977601151023656634e+00
-1.819994762969875612e+00
1.850452115654352081e+00
2.132821279548193338e+00
1.287838156529552247e+00
3.787764585870890599e+00
-1.855581813195754437e+00
-6.133460569909764182e+00
3.542596825581538322e+00
3.608416358044563399e+00
7.595741667872093483e-01
1.355007196615992671e-01
-1.121912208075314776e+00
2.346035608921305471e+00
-2.223883249109945393e+00
-3.167946015014813099e-01
-5.095224458815252433e+00
2.280941462498381700e+00
2.698504647778976473e+00
-2.119699817948727638e+00
5.655615719555163068e+00
-7.271255906490872611e+00
1.461664344316456310e+00
-2.648196511730727121e+00
-2.935490269494768434e+00
2.931510179740998145e-01
3.733323034644489447e+00
1.959402642668806482e+00
1.811354482913201558e+00
-3.189997070867678364e+00
-1.283127256511818470e-01
-3.556300538387439758e+00
5.164056697726973510e+00
1.497542299138463262e+00
3.981556614131051219e+00
4.847562035868942409e+00
7.845643356044428529e+00
2.634223434678085063e+00
-1.080204522957309177e+00
-1.345837369979440590e+00
4.037625082721207903e+00
3.898528861787970534e+00
-8.779514233082423846e-01
2.330775641407957788e-01
3.741494921046342625e+00
-1.963170762984733253e+00
2.087833176255895928e+00
4.406985915527815934e+00
1.432581481708506299e+00
-1.073514449308234919e+00
4.190750370120367663e+00
1.748888283259249610e+00
6.863359916461623911e+00
-5.092133632938262267e+00
2.921670974213266270e+00
-1.549954125833873153e+00
-2.784122674329723601e+00
1.963027694324467887e-01
1.981936624646498224e+00
2.623158400696093406e-02
-4.235918409038000654e+00
2.909892994902230079e+00
2.501040706509408906e+00
2.009704676121864431e+00
2.024498747632861861e-01
-5.331270525383977610e-01
-2.404411545563774233e+00
-1.069928041735344615e-01
6.209723246521333451e+00
-4.073363577916674139e+00
1.160073104967812352e+00
1.686859509468241480e+00
7.885520892781407998e-01
3.403834400397941717e+00
5.850419917113647283e-01
-2.019634842644067341e+00
-3.831337344400998379e+00
5.650252329100183601e+00
4.935279343853055778e+00
3.367189229778829951e+00
-3.618462744906853157e+00
-2.700781345030931480e+00
2.220228540971807440e+00
-2.918753093692241229e+00
2.644043809978319004e+00
-1.691129705056357846e+00
-4.988287538795979081e+00
4.723291026476473142e+00
-7.669442410279136979e-02
-7.975792945609635476e-01
3.967989651891136726e-01
-3.918716392753077926e+00
2.037263323337149767e+00
2.385212702219522196e+00
1.128468952962835781e+00
7.818768957779469453e+00
1.993277215373887135e+00
-5.673888113647892695e+00
-3.378289514280079509e-01
4.007891875693060157e+00
-3.512063331168185698e+00
-1.707974985381562227e+00
1.623806086256365688e+00
-4.305014621255581986e+00
2.409619263036413273e+00
-5.842070332780769704e+00
4.791800545035704850e-01
-4.485735782968870211e+00
-1.161353888120187250e+00
-1.728560452142652082e+00
2.550595264737273826e+00
2.841918672600804552e+00
-1.817891111607309595e-01
-1.351476636710315038e+00
1.132255897128315314e-01
1.090803717399745076e-03
-3.229554578519207020e+00
-6.033639351096743653e+00
-4.525933503346139197e+00
3.542954294334078380e+00
-1.503078793301510396e+00
-1.148322847801454216e+00
-3.159073914730220256e+00
3.188314184758173297e+00
5.141145950749952398e+00
7.080674895723750861e-01
-7.219634872381102575e+00
8.155454456638274507e+00
4.725912492566013867e+00
3.129027602758250204e+00
1.972449001693088233e+00
-4.138616039820399717e-01
-5.338850475996129719e-01
-2.153547649132692587e+00
-1.702810576964332245e+00
-5.951478854942479080e-01
-1.872695717976824437e-01
-8.095967099952346979e-01
-2.171530404958541993e+00
-5.057863964624848663e+00
2.008969506694945562e+00
1.115527219429242933e+00
2.703221794988187376e+00
-4.589974765751414942e+00
-1.073960036594602041e+00
-6.786966970879956484e+00
8.353802710749989036e-01
-1.536159784074339729e+00
6.142087676009102104e+00
2.855996419857250057e+00
3.262293251176609399e+00
8.427081079605494018e-01
-2.753275977359129101e+00
-7.363242589833566276e-01
-3.456591223674107205e+00
-2.054284830287094188e+00
-3.701518923824586249e+00
6.634576085048745853e+00
1.392225696361379716e+00
2.784814327571839776e+00
-2.108799870274109811e-01
-1.208422875302012756e+00
-4.652433688239673515e+00
6.249737061723207532e+00
-1.393434012198021987e+00
-3.347597021112413085e+00
1.621262819644451625e+00
1.507169113065328636e+00
-5.526341402650167822e+00
-4.226541986507928783e+00
1.923997644359922266e+00
1.102113478323141660e+00
-2.210345210120721049e+00
2.103991908668114696e+00
-1.586893255435298244e-01
2.250626989142866741e+00
-2.728320108058801541e+00
-3.640488062337449371e+00
6.589897077647954404e+00
9.139984334415091061e-01
1.183147914744041573e+00
8.841736247979470331e-01
2.007557428987839732e+00
-9.873790086085556528e-01
1.223209498132729944e+00
5.233855237600648636e+00
-3.430789851320634742e+00
6.097696959488854596e+00
-3.361290185241831541e+00
-6.616421682887787981e+00
6.032107750078599118e-01
-6.889685921112604916e+00
