4.976396146948327548e-01
-2.961627344002077944e-01
4.203894730265820279e-01
8.033130333259685951e-01
-1.692348986298579661e-01
-9.589148738927377735e-01
-5.985493722539778627e-01
6.146285103957607188e-01
7.295782662681780106e-01
-2.378168571279697385e-01
3.929208068356644379e-01
4.309393818519735575e-01
-6.338048547523318366e-01
-4.217732427212037560e-01
-9.402916891852504122e-01
3.134388659874989269e-01
-5.991049864074140530e-01
-2.984630114485586905e-01
3.241182675193265972e-01
6.641614177797630081e-01
1.165949653358673288e-01
7.122202667581969404e-01
1.460798722173370923e-01
-8.744765692225060505e-01
7.040694574689467800e-01
3.547751781371022428e-01
2.125922319967510354e-01
-3.574124153636999424e-01
1.570344227629147937e-01
-6.802877437058578725e-01
4.569736727693411993e-01
-2.157515758122501293e-01
4.173357830102437660e-01
3.306123467139800987e-01
2.941510055707428073e-01
9.706010603047723340e-01
9.281483576048974449e-01
9.475176516760981382e-01
3.405616826238133665e-01
-7.067434629369502286e-01
5.568890704607984965e-01
5.904822507846629875e-01
-5.320678690417028900e-01
-5.038009370661593600e-01
-4.456928364914192198e-01
-4.094966820726360091e-01
-8.743504389929297460e-01
-1.613614149909949891e-01
6.697162438136885498e-01
4.237050273973246295e-01
-8.688723898631183218e-01
7.735414433346539109e-01
3.055978440455042744e-01
-9.007283021546010904e-01
-7.996885456822675486e-01
-9.888115253525597836e-02
-3.313470302061238826e-01
2.856318292097470568e-02
-1.902543026276264371e-01
-5.049367172898953093e-01
1.025124350958341868e-01
-7.099218340513959724e-01
3.458434655490849607e-01
5.450337612011704191e-01
-4.680725877946521063e-01
4.785061442797018394e-01
-1.497820835035585940e-01
8.756062828872146486e-01
8.722752217653446660e-01
-2.928838177409409660e-02
8.675814259801730710e-01
-4.243491607235132523e-01
1.600501376286520561e-01
6.435729788719004585e-01
6.947004286208429136e-01
-7.892128802252036390e-01
-5.173418165699810167e-01
9.172562067125942242e-01
9.038259686975269602e-02
-1.878718537790677878e-01
-2.972077456945654284e-01
4.254206116080943012e-01
2.999102151541517269e-01
-7.111557600457893979e-01
-7.347754763155383007e-01
5.947209395818444655e-01
-2.195954868979566044e-01
-6.771811358104948830e-01
-7.251872132588064179e-01
4.126562589784974477e-01
6.743554058793514994e-01
9.737590128501489861e-01
-3.809236001026676810e-01
3.850975956235480613e-01
-4.159330247618215903e-01
-4.320429171886681630e-01
7.487399953642541739e-01
4.698209103673529619e-01
9.177702442710544695e-01
1.370771835753761270e-01
5.321478882896708562e-01
3.696694975488896695e-01
-6.750013305666671126e-01
-7.693726377441196806e-01
-2.536873564090078581e-01
3.186783167668689742e-01
-8.231486679240227478e-01
5.463941098126583462e-01
-5.113175983224624854e-01
-8.458313886130814918e-01
1.057628628159867912e-01
8.134598275389395283e-01
-4.554787802296922372e-01
1.821320401830917035e-02
-8.872446866610124161e-01
5.753490219167984865e-01
-7.769911871054020480e-01
-7.376292797140169277e-01
-3.162201078076773975e-01
-4.742622816006010211e-01
-5.092836475701718602e-01
7.670844436507766595e-01
-7.490607849332406865e-01
-7.070394250856257834e-01
6.350598500612281150e-02
6.937773543286602784e-01
-1.129060404018407127e-01
-4.480226509170697202e-01
1.091427405722600330e-01
7.542313402684925894e-01
3.206268291071561194e-01
-7.973666303116222487e-01
3.019280027397917010e-01
-8.976049197868496421e-02
-6.034645503431288471e-01
-9.787423588796650975e-01
-9.768946696100013760e-01
5.647704323965636597e-01
-9.136371430117002923e-01
2.825024356550653870e-02
-6.713965770102792163e-02
-5.194954906468471911e-01
-5.051436073901938162e-01
1.879082200126336311e-01
3.097373574406221408e-01
-1.065170011008402806e-01
-5.720716568419952353e-01
9.845699324735484037e-01
1.521885983530628650e-01
-6.120575266574634909e-02
9.417490138098776331e-01
5.545130905708282043e-01
-3.669010247803055069e-01
9.736991280445252972e-01
2.936901972943926076e-01
7.248566090531503026e-01
4.394782038110625066e-01
6.736793029491254803e-01
6.136127898082710530e-02
-1.857360754648795798e-02
-4.560633763178945088e-02
-7.806009440648482567e-01
-9.270874470168843917e-01
-8.516675036116081454e-01
5.307830957849741793e-01
7.188566250847394645e-01
6.336491901929135473e-01
-8.238212098154527041e-01
6.216936008499263089e-01
3.742925910090164621e-01
6.590976169292153131e-01
-7.789260854917645638e-01
-7.018625118295667153e-01
-4.126920053358817952e-01
8.972279049323232947e-01
-5.188370268377044958e-01
-9.004030815653187858e-01
-2.577936133496037119e-01
-5.212384092916892975e-01
3.577366360936637957e-01
1.619126031153357292e-01
1.620119025770314636e-01
8.419633465979636799e-01
-2.421920204334000459e-01
8.692012368890353891e-01
8.370726463035100817e-01
5.327652358063714733e-01
-2.173035992642069480e-01
7.053247563928644048e-02
6.094899378640461496e-01
-4.776685714088779733e-02
-1.216401287441326584e-01
1.094128712228670253e-02
-8.157748668730888664e-01
-4.053699496638623057e-01
5.324476574690655273e-01
7.987476244689211136e-01
3.337140058037948442e-01
-3.998370937197848196e-01
2.231349642042903536e-01
-3.431663911494871044e-01
-3.635869763933459176e-01
-5.560907085420385698e-01
5.412035430335695452e-01
6.184090866045586221e-01
8.293776153494276659e-01
7.826930624662875591e-01
-9.643884487700602470e-01
-2.608254057669425752e-01
3.620274305286501626e-01
1.305112235594747538e-01
-1.203923070091355019e-01
3.364927586782895386e-01
-3.545688101684940641e-02
8.475995197634287326e-01
-9.906211874647170568e-01
3.295865937728437167e-02
-3.045469923813419744e-01
-5.946156752541482682e-01
-7.299555940528119624e-01
1.246181424071055588e-01
-4.299229046399057896e-01
4.353277816119935917e-01
2.273860601565658168e-01
7.806245119332462234e-01
9.343325652562239902e-02
-3.437369571207371521e-01
-6.075367375307543227e-01
-1.919184010279795238e-02
2.276778959841092576e-01
-1.121363922831348781e-01
-9.719136776136880762e-01
-2.633744082674951414e-01
5.411113785477819071e-01
7.834051738938281328e-01
3.948371264414090032e-01
-1.079956721817691978e-01
1.628838673770705014e-02
-1.907731601231283936e-01
-5.177476878889784029e-01
-5.520657329484999210e-01
-2.882033226039315554e-01
-3.435181083291587445e-01
6.971657499549241965e-01
7.838301703383665497e-02
8.539017302812867971e-01
-1.478889216982139931e-01
-6.277018325302567980e-01
-6.563295000496571774e-02
6.126969430529509708e-01
4.011553382738419771e-02
-1.718669731134472300e-01
2.641578231573513680e-01
9.134899845547193031e-01
-7.437409576387343790e-01
-6.546008730609451653e-01
4.732746881678249196e-01
9.646262712667932337e-01
-6.824445438184549850e-01
2.242440929792897109e-01
-7.988660296540537331e-01
-4.267935347647711097e-01
2.176490936070558657e-01
-2.152301412380579482e-01
-6.850943825721680369e-01
