9.913284126330466073e-01
2.156318226862883325e-01
-3.834705017238575486e-01
-5.117771554661205702e-01
-1.750143983567873374e-01
-8.485466843799065462e-01
7.287855619824143982e-01
7.113179964840710134e-01
6.052117438960991080e-02
-1.634056269748727086e-01
-8.169700038533385111e-01
9.488307112201874727e-01
8.143761406984881823e-01
-7.072360851721282149e-01
3.651195060030461015e-01
5.889597482986392851e-01
-1.321570109363414680e-01
-7.211602547263913365e-01
4.555989424882607164e-01
7.707522613298714020e-01
8.889568905596818560e-01
-1.245742917735652711e-01
4.501519447862853962e-01
8.364085920446207023e-01
5.706525114305112112e-01
-4.369051938588630613e-02
-1.534817762614402170e-01
5.071926649511102614e-01
7.812447031575784351e-01
-1.922383778721761249e-01
2.928025204220001676e-01
-2.224701801301280923e-01
5.982543517347282958e-03
4.595661290809265331e-01
-8.852517641241774982e-02
5.794921676859960957e-01
-6.424685396120533021e-02
1.416996931919034530e-01
3.758528498626618752e-01
1.012099872145317825e-01
5.587992141668163271e-01
-5.980148137945231479e-01
-5.314546399339796778e-01
6.552968705023358709e-01
9.524537214092492210e-01
-7.898325171642768261e-01
5.319715664971138569e-01
-7.416398928937295576e-01
2.047495878713849748e-01
-3.260135630088207837e-01
3.872894061246485720e-01
-3.675097855159294991e-01
-5.598333105239503560e-01
7.625015413511770923e-01
-3.346253596724224622e-01
8.754861354647631710e-01
4.125541906140988146e-01
-1.428155809111597563e-02
3.559206534987482407e-01
2.151477488957735940e-01
-6.210452671441260009e-01
7.627585907773388740e-01
-5.963236625957084591e-01
8.226048493736837219e-01
-6.530438605937154417e-01
-9.236706505992893224e-01
-9.462851241304239824e-01
-4.951593256030963897e-01
7.091018904222172736e-01
9.558391730441240242e-02
2.994721046679018617e-01
-5.877702440142646978e-01
3.740114269578203032e-01
-8.056922069720420243e-01
5.013092736600626154e-01
7.806429334815434551e-02
9.883273663865232983e-01
-4.075106586643550965e-01
5.156226580648359814e-02
-5.931761735277061298e-01
-2.503152007003632828e-01
-6.125371935391443756e-01
6.753570873391403495e-01
-6.133730644466388604e-01
4.859683672887211703e-01
-4.855632395872295781e-01
1.944683796891628624e-01
2.370757575112800719e-01
6.408772234880844021e-01
-5.786398942920918387e-01
-9.479913777344304293e-01
2.611241008519931128e-01
-8.873365799933090603e-01
1.878613776757163123e-01
-5.603828221616420358e-01
-3.881927353851237772e-01
4.704241742121682002e-01
-8.709156511574296378e-01
2.532554395933814817e-01
-4.865004662880547670e-01
-5.622149803917113609e-01
4.467587713320699816e-01
-3.135312169710089414e-01
-1.175220103901246649e-01
3.371410196162079043e-01
-8.330805064581487951e-01
3.206096272405525305e-01
2.244659600551626166e-01
9.981158334328954496e-01
9.110776685205583814e-01
-8.519391425169120513e-01
1.373944622162035500e-01
-5.406716233740445077e-01
-2.906810393341321408e-01
-4.517779960069139289e-01
3.360595005139821456e-01
-9.948090241472296036e-01
-8.759371823717931882e-02
7.393087224525818346e-01
5.207593527790881360e-01
7.822927718797949570e-01
-3.825001634097433545e-01
7.677863507655113828e-01
-1.110737746692618266e-01
6.187223450442187467e-01
3.959869696165763120e-01
2.643696943506825825e-01
-1.881208800052656116e-01
1.146128182631358516e-01
-5.627020356677028268e-01
8.475076256839431110e-02
-7.070035497251028200e-01
-5.440439029853898489e-01
-7.499703137215107951e-02
4.652719404693690386e-01
-2.010509098276467288e-01
-6.548185177768008902e-01
3.725520848240537752e-02
-6.543669067698421049e-01
6.925411725456005474e-01
5.737255368750602269e-01
5.197277394233250636e-01
7.568580054979070493e-01
7.788990815930976197e-01
9.824767832254566180e-01
8.847923756255615668e-01
1.447295311962331077e-01
1.360616342944345192e-01
-8.733260333622774318e-01
-2.293172408158234976e-01
8.787733556226671183e-01
-7.734909717215843195e-01
-3.648485467978257457e-01
-5.856708333610558537e-01
-6.792143563425192543e-01
-3.155145463870134837e-01
-9.152848880113024777e-01
4.628536938112075561e-01
-8.797667541216525056e-01
-7.194252831762217859e-01
9.255831772496032617e-01
9.032362072071744574e-01
2.788858608093898184e-01
8.074048503099859886e-01
1.708580145672822237e-01
-1.429180663380678062e-01
5.297934247071998115e-01
4.258350061518594298e-01
-1.140733200879973097e-01
-6.310338255480996139e-02
-8.116257108370459328e-01
5.416439163851436422e-01
-9.267403238776610319e-01
-4.991708484274757218e-01
4.610499377556429579e-01
9.926724881681536772e-02
6.490907090640893884e-01
-8.078855918711624895e-02
-2.232408173567661525e-01
6.636013838738024084e-01
-3.889060351064630439e-01
4.717026355564597484e-01
4.026363187567154611e-01
2.690252036191853602e-01
-7.709293865966848625e-01
-2.278282787554821720e-01
7.806104198364693936e-02
-7.663768759822531251e-01
-2.936489509368769291e-01
-9.866570092316351293e-01
-5.340685483916862708e-01
7.700083714624210707e-01
2.980383324118123234e-01
-4.756764525293164514e-01
3.359495846676445741e-01
-4.041210459775241848e-01
4.715213939219025097e-01
2.402968915405450101e-01
3.243615036951326136e-01
-9.526638723093858729e-01
1.706389290900145461e-01
-2.412789868124660675e-01
-1.161455918588567560e-01
3.972514722590054781e-01
-5.013815479221148674e-01
4.989969065889736655e-01
1.352643476531503186e-01
-2.799075215612873979e-01
-8.134595501214221258e-01
-4.288748784868843256e-01
-6.445736052311819009e-01
-7.707477493353553921e-01
-2.727254043089011315e-01
7.964098519250664143e-01
-1.541898314121215030e-02
1.927009396598933222e-01
-5.867556540647052010e-01
1.386594334296893383e-01
-8.346986045060824644e-01
-7.028735051363497188e-01
3.587227453835919455e-01
-5.454560610389174169e-01
7.811516987949771451e-01
-4.605837231009746180e-01
8.450920045281362647e-03
7.600185497216627173e-01
-8.397388688765117237e-02
-3.386138669166778303e-01
-2.520194869380707470e-01
6.238701830773873969e-01
-5.441978333645069998e-01
8.329630407236958689e-01
7.212400937002250156e-01
6.990385686383793207e-01
-7.849553152902279951e-01
-6.908089932180259130e-01
-1.829999337854697483e-01
1.860551500227161092e-01
9.599047586187550163e-01
-6.843395600369206466e-01
-4.074068455111059528e-01
-5.968914451018847434e-01
-2.741546083263279865e-01
7.297850267495769039e-01
-9.081484494200469104e-01
-7.852429078993079514e-01
8.127035245420370924e-01
8.088528965131462911e-01
-7.372471065082366604e-01
-4.009273696897919237e-02
4.584751429496389807e-01
-8.424066195194934714e-01
9.978985105575537418e-01
-7.494252730558368381e-01
-8.016073410556405765e-01
4.021658503619085501e-01
-2.963054422012707523e-01
3.811385284419375186e-01
-4.373867154962556292e-01
5.705102117754143887e-01
-1.350536044998069674e-01
-7.138429560410177732e-01
2.370409357304081865e-02
5.637782700383131562e-01
-9.288087120702765986e-01
