-4.741180935844324651e-01
9.302635772710861062e-01
-9.459664092608210950e-01
-4.396823022051137286e-01
-6.849108068506799540e-01
5.002876343531041936e-01
6.358297784956943310e-01
2.866698549311919031e-01
1.696131955976580841e-01
-7.237537251842194319e-01
3.359134226154969483e-02
-5.509630236286844340e-01
-6.596323072828269574e-01
-1.008228880472270550e-01
-5.192012620262633771e-01
-7.924347394073849582e-01
3.081198450211166673e-01
-1.241614167508744426e-01
-6.993100504325364675e-01
5.975845043961036662e-01
-2.864899108980134557e-02
-6.916275036610430860e-02
-6.717282511954354440e-01
7.692542343408326211e-01
-8.378596884185851579e-03
1.665224695354337037e-01
-4.833689360823210102e-01
-7.465875145829523607e-01
3.630066249846448656e-01
-3.514468141527300471e-01
6.885371383281366775e-01
-3.989362949861834373e-01
-9.092102260455883211e-01
2.341973637425496246e-01
1.793440034674631534e-01
-6.090838719510802690e-01
9.756073578262673962e-01
2.811690754821967175e-01
3.241555724823625972e-01
-9.266237727178257000e-01
-3.062185464553706105e-01
-7.892611508852021007e-01
-6.956587003863561325e-01
5.975859343542422319e-01
-1.536555627676876590e-01
7.648701969897193642e-01
9.563430107963586391e-01
-2.176751393804292611e-01
-3.776232421274516859e-02
2.346565780308171867e-01
-6.171061514048625796e-02
-4.259421627329331717e-01
-3.441940571902326607e-01
-9.608191520921611772e-01
-8.403344854662866403e-01
6.048528990888430990e-01
-8.056203823061045544e-01
9.410919357346529956e-01
9.194582677299190099e-01
-8.392021162624565545e-01
7.594009898327198638e-01
2.368189626229464384e-01
-4.263735130494232806e-01
2.146453375039742983e-01
4.053565530885672175e-02
9.261935498581541637e-01
9.558458008616583790e-01
7.240260515701304467e-01
-9.931250104986522054e-02
-2.718450620817014496e-02
-9.806673337113209765e-01
8.486397019506584094e-01
-3.097952108618979850e-01
-4.816829692679340802e-01
3.112466148401740185e-01
4.815056036827696229e-01
9.327366182578900045e-01
7.226546503140647282e-01
-5.556976245955680405e-02
7.530843822303556756e-01
-5.977024592610453713e-01
-8.013564720018215848e-01
9.510113658450789487e-01
-1.729339916093091123e-01
2.753514653039255133e-01
-3.483819114172472808e-01
8.837938452787346133e-01
-4.367105592046660600e-01
-3.123449140854253070e-01
-4.497432710823272561e-01
-2.640277723208697136e-01
3.092623833313621340e-01
9.473568268722187824e-01
1.004718439849450196e-01
-5.446129296732566960e-01
9.737817310713718921e-01
-8.921967542187718703e-01
-3.801635172098434268e-01
1.384214443599540711e-01
-2.432132373312778650e-01
-8.972868996094085503e-01
-5.793214775854298448e-01
3.151378876386246031e-01
-3.542093679146813834e-01
2.300033515400212725e-01
6.359397993049404896e-01
-1.511662972658607274e-01
4.025981473351711859e-01
-8.375646381633294890e-01
-6.187419543549188550e-01
8.490228234040306798e-01
-8.624843411172586904e-01
-6.461304534462402049e-01
8.509285340367969130e-01
9.825880512669993294e-02
-2.592957478597850418e-01
-1.555336652953458465e-01
2.442007988367578264e-03
-2.632006200612302393e-02
8.893057072729675383e-01
6.784213376556924580e-01
-1.027402475173855301e-02
7.755018399378481586e-01
6.830380046000450456e-02
-2.481131839647736648e-01
-2.877719765263389018e-01
8.723127991109549395e-01
3.224796816701247515e-02
5.010930336979451116e-01
-6.111624395774457597e-01
2.567277362359823289e-01
-4.147485212079973227e-01
-1.896415047429838019e-01
-4.856001617388565617e-01
-3.498988065728569907e-02
-7.224873257798982706e-01
-6.962383610927611599e-01
-2.563509959886935974e-01
3.085195924395849332e-01
-1.398895538557765050e-01
9.199340521711765195e-01
2.751256157430541638e-01
5.047749447771350262e-01
4.431605195178716095e-01
4.785486829470668724e-01
-6.230393845734738534e-01
2.004625579012142556e-01
-4.819799275208294098e-01
4.684943961108323229e-01
-2.867868319020903112e-01
9.239793689351023520e-01
1.202904535093400895e-01
8.978754207153740730e-01
9.713634556775927464e-01
-4.650712552186515580e-01
1.598061540297857075e-01
-9.859339335380725711e-01
-2.936447683097831440e-01
-4.798981070996226617e-01
-7.350751414355214397e-01
6.573263207657917828e-01
8.687178946541820324e-01
8.638910733623370586e-01
6.815686123696447218e-01
8.213391339512694511e-01
-8.773385305043004401e-01
2.418442953484929436e-01
8.340794297713722827e-01
3.209579683213030776e-01
-1.209341363342804065e-01
3.076982287965028817e-01
-8.274195167820412866e-01
-3.084018094160856371e-01
6.519967101319594782e-01
-1.691458798916198880e-01
7.842962675391964567e-01
-4.576505979906153598e-02
9.925903906287250056e-01
-1.338924887086814230e-01
9.743086319736260492e-01
-2.557681832053131377e-01
-7.180339019532988587e-01
7.894685880401959288e-01
-4.221009495807925838e-01
1.933735690508424643e-01
8.085488370006870262e-01
8.091041236218849964e-01
-1.622474120941852505e-01
-3.623275300458406178e-02
-8.037719421397193642e-02
5.366976986266289718e-01
-2.152380601210270861e-01
6.730591515094166422e-01
-8.723438619728778320e-01
-1.325880435468169694e-01
7.909393729723965816e-01
4.634413006141153701e-01
1.006432588992454136e-01
-7.802029437014401658e-01
-7.012493728937898574e-01
8.757987289418411869e-02
2.245786405741403424e-01
1.217738856321093355e-01
-8.620254122585397916e-01
8.885067039575933467e-01
6.792542421387555152e-01
-6.120384015382185350e-01
-4.349967174787370272e-01
3.425912212926442990e-01
-5.689921327823099784e-01
-8.629064058460060860e-01
-4.539794761241191523e-01
-4.477409833378915849e-01
9.508132462765601645e-01
4.006783143698535721e-01
-9.404363822137808970e-01
-1.508280913440060989e-01
3.841985674278547425e-01
-9.023187254061095786e-01
-2.160162590112861825e-01
5.380834182400329180e-01
2.123506134735522188e-01
6.322602683046911753e-01
-2.973089604288590149e-01
-8.876186384425708287e-01
-8.170356037002912686e-02
-2.628032068511394481e-01
-5.129527107323681445e-01
-2.421115132063793585e-01
8.543503160896872561e-01
-9.365541810190471939e-01
-1.404872296102901430e-01
9.172686694706913002e-01
1.395733013459399263e-01
-4.782505381202746264e-01
-5.739064190822038558e-01
-5.866914241624738846e-01
2.238288468939462206e-01
9.602370396243742334e-02
-5.702445683840680068e-01
6.288775210763661860e-01
1.853525530198718574e-01
-5.102778521568589465e-01
-2.070262294676683545e-02
-7.247543927092527927e-01
8.737865460955820396e-01
6.451781967655745298e-02
-1.645271039951425873e-01
4.595375283150837653e-02
2.205838779791517990e-01
9.250075717517582952e-01
-1.476142910522970642e-01
2.858690202628668686e-01
-3.896577072886375781e-01
4.633571038623904847e-01
-9.932511384179840697e-01
-2.918259781128820229e-01
9.820410386576281514e-01
9.312438129751290372e-01
-8.844430726259999709e-02
3.123128631144302947e-01
9.838060145301681381e-01
-3.973998771527003093e-01
-2.767519250944501241e-01
7.798748473069250231e-01
