-2.369949028017302695e+01
1.061773558899873748e+01
-3.013735302539453098e+00
1.416987908976592259e+01
-8.121477070006472232e+00
-1.364678459496711049e+01
5.976652837468082069e+00
2.034230545189010897e+01
8.285326600805554165e+00
-6.531958235624792053e+00
-4.236371542835136950e+00
3.364422334111489388e+00
-1.093174863753781700e+01
7.089190716155089333e+00
1.015355891427138069e+01
6.631516541820724697e+00
-8.084846207314576816e+00
8.424294766535290080e+00
1.200277761170685409e+01
-1.754105939761738142e+01
-3.818786179228909727e+00
-6.194447662808426180e+00
-9.149450784894526123e+00
-2.445218464873349706e+00
-1.542920269652915799e+01
9.484144643543693576e+00
2.590555470263104620e+00
6.829863072765262721e+00
7.646855951855618727e+00
1.644107469705088320e+01
-8.141573618751394292e+00
1.509226325075153419e+00
2.116624224753710592e+01
8.339969140505763434e+00
1.064141829782790083e+01
3.863309277960480959e+00
-1.853084979756187778e+01
1.730731562344328367e+01
7.891664001901109060e+00
-1.066059222434475373e+01
-1.744830640439129388e+00
1.284451701896683851e+01
1.872082245784949528e+00
8.470803973520184549e-01
1.131436167222834577e+01
7.307340793073528573e+00
-8.420665146132671808e+00
1.466668184327099311e+01
-2.219531303559302837e-01
-2.845902245202660108e+00
-4.642433734354361796e+00
8.984599687874652574e+00
-1.189037014201713482e+00
7.164890122409172335e+00
9.673087052638823735e+00
5.661446478585888897e+00
-8.558576680533672487e+00
2.378780488263352755e+00
1.934126536370316529e+01
1.652644868129993938e+01
6.135920867234655240e+00
-7.903356208692693841e+00
-1.422821519514761235e+01
-6.196660241401190206e+00
9.133711518120778194e+00
6.165626064992190791e+00
2.736117897697298851e+00
3.345206563844959735e+00
1.200609155069380485e+00
6.916424793387316861e+00
-1.430740353003361776e+00
4.615693319810404205e+00
5.972113087045677560e+00
-1.351209011123876813e+01
-3.404020055103651465e+00
-6.083704832788582095e+00
1.302630100222745213e+01
7.259473401021695693e+00
2.279040004162895983e+00
-2.139440559160895816e+00
-1.432734287446949573e+01
3.846455999478766596e+00
2.622237252145928466e+01
4.335909747280208393e+00
1.155622723953899289e+01
6.971092740623249462e+00
8.901365485973082414e+00
-1.739876911793375669e+00
1.422872307061522790e+01
-1.075932903333576718e+00
1.230884681956289128e+01
7.385093728445436767e+00
5.768536800584016522e-01
1.101743859583361518e+00
1.528618792402357229e+01
-1.505754124064842969e+01
3.502947251898429926e+00
-6.163474730345001262e+00
-1.340473186077393297e+00
7.921104619529550916e+00
6.082540310896604296e+00
2.253693967954379929e+00
5.078368491102143167e+00
1.407295800379132800e+01
1.504142657105231073e+01
-9.290221658501421231e+00
-1.426819224333535985e+01
-1.151377565261639724e+01
-8.493887540085703236e+00
5.526121092029822712e+00
3.521288400020727849e+00
3.604671766697449264e+00
2.443333814617435706e+01
-4.383164692978223975e+00
3.758870314288781378e-02
8.520389338935792978e+00
-6.442309375495741008e+00
1.125683242692044672e+01
1.577416982940789403e+01
8.207135584373561610e-01
-1.724920105267997172e+01
5.495441909243797163e+00
1.000862731651747062e+01
8.350883759601460454e+00
8.981363245248545013e+00
-1.654027772830789900e+01
6.002424689202626062e+00
-5.600115627520779737e-01
9.204970136919049528e-01
-1.955507153493351780e+01
-1.626023175978444613e+01
-2.677594051238772366e+00
1.509761589784285318e+00
4.972864951960643154e+00
3.733768809753661433e+00
8.170504354284668480e+00
1.519526098401738601e+01
9.298795651888459801e+00
1.169920383513622042e+01
-1.296367016822768292e+01
-1.659422355451154019e+00
-3.248685870534946929e+01
-9.333030780998019083e+00
1.144918049486154032e+01
-2.225270752497180649e+00
8.407346997326488047e-01
3.522294501079948903e-01
9.769024966960019540e+00
-2.514293401474625256e+01
6.596045805046358623e+00
8.606503350665665408e+00
-1.912639317247341875e-01
-6.448700064973263757e+00
-7.916039377584542791e-01
-1.573975553575515463e+01
-1.191206300644543248e+00
1.606693005568406551e+00
-5.259011034172500487e-01
-6.231360662982437404e+00
-1.675480726902064621e+00
1.591232519081825991e+01
6.860868883773466820e+00
-4.921502958483785939e+00
1.196916322347469475e+01
1.430440769351580599e+01
1.122414989815220210e+01
-2.539763572028104477e+01
-1.675580628627080682e+00
-8.919645266788027271e+00
1.743973328798586664e+01
-4.124113858736890847e+00
-5.793481430284439959e+00
4.623643848855420124e+00
-6.070196399622098227e+00
-1.724902272428650107e+01
-1.429503009150999659e+01
5.975505724653592310e+00
-8.915182318568888320e+00
-7.739710969732776391e+00
-8.735056009633995089e+00
1.095276920121802000e+00
-1.410720596942416805e+00
-1.042816490706272603e+01
-7.366918239910918764e+00
2.669069541628832809e+01
1.200678130633721885e+01
-8.416073173430778098e+00
-6.966115592181759908e+00
1.746136888439146162e+00
-4.683208156432524305e+00
-1.189106139917109672e+01
8.886811764273797820e+00
1.500855141187836361e+00
7.710893704055543196e+00
-3.079518468208176429e+00
-9.829912413480352384e+00
-2.202328232700088595e+00
1.351850844278601826e+01
5.850553034654154771e+00
5.757759422637266589e+00
-1.141741155531438956e+01
1.616666177452277608e+01
1.008407424445340617e+01
1.638469595105704002e+01
-3.787294313666591528e+00
-2.484534112745877721e+01
-1.248114182066647970e+01
-1.422680800825998126e+01
9.908107344437077302e+00
-8.454009667070628842e-01
-3.499046056159761608e+00
4.465362734880470086e+00
-9.818913588913165569e+00
-1.350157694410160580e+01
-5.836095103670145612e+00
-2.503279378518453502e+00
-8.279319622987118876e+00
-4.495869207810666568e-01
9.594059106644501345e-01
-7.932879525366115736e+00
-1.630850074137078609e+00
1.166391724327575297e+01
-2.291084010388130565e+01
2.401160031520197080e+00
-1.242367956464609335e+01
1.431076006981741644e+00
-1.660264590972228760e+01
-8.655644012921981378e-01
6.854068006735853480e+00
6.609089294780932100e+00
-4.275315309443645795e+00
-4.210902069317894458e-01
3.866398167641642125e+00
2.053815043814246266e+01
2.584928011734259012e+00
-1.606711935351792420e+01
1.120965701028617367e+01
-3.154917758515268789e-02
-6.004080879347597488e+00
9.819928841315457291e+00
-1.860084944136342955e+01
-4.564299953308585067e+00
1.157748932727896651e+01
-1.120416891723746389e+01
-1.062381527765404599e+01
-4.173954078799185119e+00
-1.474958446029055104e+01
2.409311833319011775e+00
-1.183253631136841477e+01
5.730036485413159575e+00
1.185481060166597800e+01
-6.895639586373769170e+00
-1.054495517992087628e+01
2.926295850371358309e+00
4.189837334271968583e-01
6.570311580924270700e-01
1.781340856025905239e+01
-1.385792943354057449e+00
-8.437479137882657909e+00
2.134316315692054644e+01
1.328734250472416667e+00
-5.551283469279982619e+00
5.333076368008783597e+00
1.919588651831137227e+01
-2.000142525876591915e+00
