8.507154373357297406e-01
2.896644610938372555e-01
6.479489072333664001e-01
6.519584746518973795e-01
-6.308536721895083854e-01
-4.775783887722599985e-01
7.399509857425432546e-01
8.205181953524625094e-01
6.624671241367581231e-01
-8.519100571570075164e-01
4.586408924487976879e-01
1.248269062358382531e-01
9.468695684375276755e-01
7.189704455739793776e-01
-3.256172079603676384e-01
-9.875597574582828386e-01
9.035375822751599006e-01
-5.037256109447365571e-01
6.957353408743935930e-01
9.586149356245554642e-02
4.832829375199525490e-01
-4.527405766072951643e-01
-3.853494278333671197e-01
3.047753830211090698e-01
5.011683643866859938e-02
-7.910571175205889372e-01
-3.325558472140752730e-01
6.201071347670725764e-01
7.138192700934187229e-03
-8.837076119673967778e-01
4.891862453165736202e-01
-1.248786561071406620e-01
1.561419023320813615e-01
-6.364525755314391908e-01
-6.371161488122301098e-01
-5.903137152348796324e-01
4.097110205643861303e-01
-8.375580036079466328e-01
1.383141742381612804e-01
-3.739745661553719458e-01
4.566799648659047861e-01
3.296188821616385933e-01
-3.856290296821491825e-01
-3.467066838366683612e-02
1.486386975916660358e-01
-3.541065819579329865e-01
7.764054992388480514e-01
-4.442698870063053196e-01
-5.161624652030176730e-01
-4.022127062504496919e-01
9.022641302864100599e-01
-2.636483974415497755e-01
9.542089030421307960e-01
-6.590414253255638677e-01
-9.412912299125699711e-01
-4.214408171527053160e-01
-1.462949484878830475e-01
-6.459498953707207836e-01
-8.851699190788346883e-01
-9.215115052011901842e-01
8.557184139701115022e-01
4.025815199889295481e-01
-2.028193961575150972e-01
9.359568587955799934e-01
3.541288496389480844e-01
1.504140567878706758e-01
-3.661219383980531816e-01
-6.467157148492452823e-01
7.814997777761996112e-01
-9.188402508033961524e-01
-2.355051021465821570e-01
4.598069609704293903e-01
-8.186548981597390195e-01
-7.711744001790268310e-01
6.761317025256028401e-01
-5.583183988526085884e-02
-5.243586873580974306e-02
6.806548144948973977e-01
-5.869018682415343413e-01
-6.247598433028285214e-01
9.456855728828863494e-01
-2.520350646615527879e-01
3.683319324555611729e-01
8.250777445747279337e-01
-5.226826348295559033e-01
-3.133050904702090467e-01
-7.331806179158590897e-01
8.615414448597282782e-01
5.835709796439210173e-01
8.599781753482818036e-01
5.677875125266380607e-01
9.242983982812158494e-02
-2.155344827065239777e-01
-5.306744947998616180e-01
-4.594332659521758178e-01
6.662519842108729495e-01
8.970876439189923168e-01
-2.383119776773732212e-01
-3.175156136816230656e-01
2.444614948304291158e-01
-3.392335780027799785e-01
-3.370936834334237187e-01
-6.683961956562662898e-01
-1.486724239023302641e-01
8.698584227798820123e-01
-5.136890810154923770e-01
-9.028532058558258466e-01
4.447448788720074209e-01
7.853431329058835342e-01
6.013255046188483721e-01
-9.277374719521571667e-01
2.060597693967749500e-01
-5.916380859057928099e-01
-8.830196117626887276e-01
6.947532008018793004e-01
1.857043158284743534e-02
-8.769681796774599913e-01
5.335959557080069970e-01
-9.409310804170609721e-01
-7.963883469766779299e-01
8.009531611018072539e-02
9.598121232758110022e-01
-1.925660598886591579e-02
1.540750918335143105e-02
-8.164925039141277541e-01
4.852914228145712716e-01
3.246238940954018215e-01
3.302567187922602621e-01
4.941374719040820818e-01
-3.883100688838143633e-01
1.686118376456020584e-01
-1.024811099742759524e-01
-8.922933637076910784e-01
-9.287115660274731788e-01
9.758118890234035447e-03
8.755877841233421499e-01
4.044711538025578257e-01
1.739285213301282607e-01
3.993840828785633068e-01
-5.532531588575613224e-01
-4.853640171349042909e-01
8.208813893142514750e-01
8.468812639561345001e-01
-5.392869483793849561e-02
-5.954064328126451588e-01
-9.371598453091589676e-02
9.922969940800276945e-01
8.324952763493165264e-01
1.290582405100761942e-01
7.628550499289818987e-01
-8.272869405071514581e-01
1.644792336635123586e-01
-5.258557360238951262e-01
5.675585477961127001e-01
-9.887079053762579672e-01
-6.898602527560799835e-01
6.550289110341454002e-01
-2.597767084903184198e-01
7.542457562763440482e-01
8.735772480502310700e-01
9.875678663462195139e-01
-8.576960864048963629e-01
-5.520817409497826844e-01
-6.357294754047935204e-01
4.680925584118611482e-01
1.306961031311784094e-01
1.610329552701508238e-01
-1.744396982851066369e-01
-4.034812914423040464e-01
6.655004006595945931e-01
-4.653960959192566804e-01
-3.460325715007217529e-01
-7.996263961350891236e-01
-2.726568297081841674e-01
-9.806367396026132166e-01
-6.351680224640987582e-02
-5.028469310985734797e-01
-4.707304598738670798e-02
-4.029248355340464549e-01
3.093984031864360773e-01
6.355635584132202087e-01
3.187287889690215703e-01
-8.212388826262300157e-01
-4.153834063339212346e-01
5.317244332863024781e-01
4.854053515500995619e-01
6.639679303612695538e-01
-8.842397308363088015e-01
3.453177597114416297e-01
4.794820951461025160e-01
-9.699868189171196864e-01
4.049836663173305151e-01
-5.314723693053298170e-01
1.911998548141764509e-01
-8.988281461325575705e-01
-2.793254729782768120e-01
4.696481662834197657e-01
4.729221402963830201e-01
-2.324727174463099288e-01
2.821298472129147861e-01
8.335012671630328551e-01
-2.055974525451667034e-01
8.355095856777381425e-01
-2.036802513412119264e-01
-8.458254434967817925e-01
4.111540207185360174e-01
-7.004856940850154867e-01
7.439546746232352792e-01
3.196159144471109048e-01
-2.054018223877154270e-01
-7.485938466903172550e-01
4.289625694764276354e-01
2.643113163388333131e-01
-8.788080109332696566e-02
-4.360514468744780547e-01
-7.393039904094178549e-01
5.120003838981379563e-01
2.080659102030590901e-04
2.744268205196136456e-01
-8.241127413156112969e-01
6.431311853582282190e-01
-1.676515508263325405e-01
1.332000863087641207e-01
3.660406243656233460e-01
-2.507445823121761119e-01
4.146668695574726726e-01
-3.046535577752296220e-01
-4.156784466916385590e-01
7.348203493006311149e-01
-9.054316759073897103e-01
-5.450623994776835346e-01
-7.267175673500423372e-01
-8.511066377976015396e-01
-4.841269289116683083e-01
3.699542037800671590e-01
-7.362894378844337950e-01
4.522858648456067332e-01
9.365939467487141012e-01
-5.589021481798535085e-01
2.675595219896291788e-01
-1.968208696852991046e-02
-8.484056354524891486e-01
2.137992419551792977e-02
3.057469973955422304e-01
5.577007432440719281e-01
-2.104977049918739240e-01
-7.803152832105091363e-01
-6.887857497958989050e-01
9.457602870143997364e-01
5.296439955178235959e-01
-5.357667356829316496e-01
6.803081687319645354e-01
-8.683620839314103446e-01
-1.277009545775362742e-01
-1.883258109530254742e-01
5.425004923610714513e-01
-5.302131045215814353e-01
6.321549711073550792e-01
-8.563576807205697250e-02
-6.263476426681138243e-01
-7.642053933091423890e-01
-1.277050309687923768e-01
9.879730550185221727e-01
5.957492872688014973e-01
5.900332488052686397e-01
