-4.785920648480788131e-01
-3.772778105555096850e-01
-8.243397847562137226e-01
-6.700092752881576796e-01
3.259822700753360891e-01
3.000193235731125618e-01
3.716717550513188861e-01
4.219544893982820621e-01
3.244488847653523855e-01
-9.193754984527444662e-01
8.575928283809020058e-02
-7.630938995971345840e-01
7.589402058402343609e-01
-5.409115562040571756e-01
7.494127465435833635e-01
-7.766483958958707579e-01
7.813087453035230112e-01
-9.356438703388425537e-02
-9.428562858095337340e-01
-9.159306573341936542e-01
-6.380341851786688334e-01
7.224681890712538745e-01
7.007277837010308374e-01
2.224133369556597906e-01
-1.775316515990681410e-01
5.218120229839180446e-01
-5.806619563361279379e-01
-3.558332898305947012e-01
-4.278932748830652777e-01
5.873911992169356111e-02
6.805291358759224529e-02
-8.724694609850442983e-01
3.713107215086073332e-01
-3.303768986063149171e-01
4.595882888426587876e-01
-9.439858084899199753e-02
-3.151102701036001541e-01
-2.416397613709657666e-01
1.558686427755819892e-01
9.259991286128874677e-01
-5.033198001152363599e-01
-7.327886266033289964e-01
9.478730128603747307e-01
9.276365496223268892e-01
9.947349413079962233e-01
7.655067541007680720e-01
7.212317597589410489e-01
-4.462443156896780394e-01
-7.750475626441508670e-01
-4.666290667028154537e-01
1.462608973460817197e-01
5.450962644078471975e-01
-4.202286078758308285e-01
-7.188172930406520056e-01
-4.696823305848845109e-01
-6.122658298281722367e-01
5.581366161595486819e-01
3.620774913190163424e-01
3.917199496843117856e-01
-8.698961653729984089e-01
7.524898871480352192e-01
9.105003147225569915e-01
-2.199870779254575748e-01
4.495272554453566549e-02
7.722060786487052741e-01
3.695462797440618452e-02
-7.450354475706630897e-01
2.402651353470397488e-01
-7.261635450657213386e-01
9.461324603678995526e-01
-7.845271835074871802e-01
5.491813473751898655e-01
-1.938387131717611567e-02
-9.326672273276090941e-01
-5.740251822133837223e-01
-2.313402347126123360e-01
-8.645847557642378778e-01
-2.121285862565698288e-01
-5.488755470782569201e-01
5.883623974674316859e-01
5.740488185567689250e-01
9.533473207116638370e-01
6.593165100157523106e-01
-7.177311822623575477e-01
8.187029243692693914e-01
-4.526032589994044564e-02
6.728771059035825175e-01
-3.718292054843927996e-01
-4.371510095613466707e-01
-4.985267952401739588e-01
-9.430789138571975538e-01
-9.494986837006811342e-01
-8.365276873921552170e-01
8.104761159274429527e-01
-3.583979392259306618e-01
-1.827746752360479565e-01
6.275013122036559032e-01
7.664245245885625835e-01
-9.030233876478133137e-01
3.881906291315080360e-01
-6.560872743443932897e-01
2.632037245810339154e-01
-3.196073016980711667e-01
-2.159550562380236904e-01
6.174986255576662142e-01
7.901418489876443907e-01
6.553829128794934622e-01
-1.326132024700699130e-01
-4.922936581184145233e-02
5.899514481435497171e-01
-4.618912501225937994e-01
4.362491407812898458e-01
-9.180267144644966848e-01
-2.320678322051470399e-01
-7.960004650631435918e-01
-5.647264415556274564e-02
-7.286782077477336195e-01
2.262613590320492474e-01
1.132922172703507702e-01
-5.637448366721662385e-01
-6.318556317446801796e-01
9.484252192795090686e-01
-7.955116030479167932e-01
-2.377918404308798639e-01
-9.108318763887544023e-01
-2.423657480255438923e-01
1.211836706919455775e-01
-7.298303183012722073e-01
5.921218418433042974e-01
5.934962836747104120e-03
1.013776162388135837e-02
1.737704812802733922e-01
-7.510862763918837448e-01
8.833296542491735348e-01
-9.826326730516223851e-01
3.205137221639249301e-01
3.557671165971847405e-01
-6.713606546015693510e-01
8.722532634609740931e-01
9.852917889429857468e-02
-9.589068068046824322e-01
-2.124496510139641803e-01
2.442589137686597134e-01
-8.585578858854447937e-01
-9.083555605493454088e-02
-8.736675563069691286e-01
-2.771282917473549823e-01
4.897119088190116099e-01
-1.739486633345033173e-01
9.203789272631788254e-01
1.659394324960667966e-01
-9.638020146251302656e-01
-6.788147003789570810e-01
9.003978904222005308e-01
-7.510420773955990281e-01
6.466319330286363076e-02
-2.002103292950840885e-01
-4.863025996414940266e-01
-7.402909845730456517e-01
3.175287581539250059e-01
9.754285915102858251e-01
1.633479381641120831e-01
-7.318320450609072658e-01
5.165795631008831545e-01
-4.916585508389528236e-01
8.403932239015483585e-01
-1.612023195979941370e-01
8.345062738649966505e-01
6.305758427544903011e-01
-9.749204772804662689e-01
5.384957243539569838e-01
-7.128271189002881592e-01
-7.390504254639307380e-01
2.380636099253137239e-01
-7.153547966443212225e-01
-8.573583735681209461e-01
7.069117283052910317e-01
2.860953768683280884e-01
3.222510535857288083e-01
5.440425708440144170e-01
8.431595391204631529e-01
-8.367992345142356569e-01
3.358407995227210563e-01
5.116423437147450404e-01
6.462580188389921432e-01
4.116985161887951605e-01
-8.536768331124502396e-01
9.905489660964390541e-01
8.778955617058912253e-01
-4.926103145452620513e-01
-9.280927753954957282e-01
-6.873488681361563657e-01
-6.354333182715017347e-01
-9.134655171100722892e-01
3.156198013307487393e-01
-8.525944404442344915e-01
1.145343727216223684e-01
-1.673928329400302673e-01
5.130018842558934367e-01
3.433369667420851368e-01
5.482412124713194057e-01
-5.397418549681811673e-01
4.628726416160027224e-01
7.681678089721966085e-01
2.982901483456179559e-01
9.432136532635835291e-01
-6.748160798144242634e-01
-6.545900557840111933e-01
7.277522124724016273e-01
-9.097448673781023398e-01
-4.185615798586097558e-01
-5.389952255407144399e-01
7.337225964125191346e-01
1.934430570354217505e-01
5.778636970299384501e-01
7.383665779820447472e-01
7.835467914546743184e-01
-5.899862291898183564e-02
-8.627442820285373681e-01
2.239772183227684010e-02
7.481720046674305014e-01
-6.673774497910072157e-01
5.120689109041864917e-01
5.844589655599548017e-01
-9.077227964317815534e-01
-7.861628846209087751e-01
-3.521278258018585294e-01
8.102106172200764789e-01
-4.447787636721691751e-01
9.262852728477846131e-01
-4.942660053413343579e-01
-1.528289981869317415e-01
-9.125991811318099334e-01
-4.677005703047358853e-01
2.992683681196752765e-01
1.465099569509971111e-01
8.267957643924941369e-01
8.340511519613531544e-01
-7.250795227813966459e-01
3.195965662980697619e-01
8.216532692930305082e-01
8.363019134991964698e-01
-1.642872214032662370e-01
4.590407772601998726e-01
3.457480720124221918e-01
-9.895502199055394854e-01
-1.559487523117071284e-01
-5.500353057796403267e-01
-9.857755315220977366e-01
5.761581597662661647e-01
-3.590151750250185625e-01
-4.589025145955731855e-01
-7.297918849772910832e-02
8.086826447167576593e-01
-6.791382177978806389e-01
7.726243389554188212e-04
-6.410614713548197230e-01
-6.288253464325015418e-01
6.707279560729693113e-01
4.836874994991193777e-01
-5.258056120920588938e-01
4.275624595500049363e-01
6.190307551630820360e-01
6.920638725009564673e-01
-6.095237734908347527e-01
