1.887442059389304649e+00
5.310164111589597447e+00
-6.563881687227675066e-01
2.220621394267945359e+00
-3.684907237100190525e+00
-2.689256846767040354e+00
-3.702218842842207813e+00
-2.852152845899062594e+00
3.334864399304865668e+00
-1.126104436098361194e+00
5.093152959921789957e+00
-1.948508488232693514e+00
1.847714410728229506e+00
2.544687463976801567e+00
6.337662240613120002e-01
-2.719004502772323306e+00
-2.253938531598676409e+00
-7.422125858973104284e-01
1.258894662836385514e+00
1.390492864804406148e+00
4.292651425286535982e+00
-2.485116727019599292e+00
8.379606786544542274e-01
7.641905642885324923e-01
-2.299210151176251937e+00
3.664272464667932105e+00
2.580401132174305445e+00
-2.620963776230001763e+00
5.383986712571829925e-01
2.003770782611943968e+00
1.805119760033404797e+00
-3.196316029647433332e+00
-6.422448812953726049e-01
5.495798481461398044e-01
1.673799611023268907e+00
3.718723684572885269e+00
1.050877792150631124e-01
4.647688028097137214e-01
-1.904285683568210708e+00
-1.257863321418172253e+00
-3.289922437185442972e-01
2.674256863191866174e+00
3.327519016362341375e-01
1.244212614849988352e+00
-2.714214631804123812e+00
-3.267911692307507998e+00
2.733289191369927984e+00
1.623190752309817242e+00
-3.125195899383675702e+00
4.890060391960957986e+00
-5.194198482285585783e-01
-1.155821717339391985e-01
1.470691694675209105e+00
3.264563315141446598e+00
4.241393907760046211e+00
-2.637915280909128857e+00
2.927482847868314142e+00
5.824184940068048988e+00
3.967958554169315200e-03
-3.394075346550129435e-02
8.332268093989350088e-01
-1.642748015290679042e+00
1.496097610346435736e-01
4.114032962145786954e+00
4.739710255828956775e+00
-6.633698112708233952e-01
1.203340541582516299e-01
-1.704863510771580604e+00
2.127869665880603112e+00
-1.512367608794253693e+00
3.630394253135767357e+00
-3.037863824529707379e+00
-1.967705221181287989e+00
6.902956837776472732e-01
-1.817893210102208501e+00
-4.037792084739290743e+00
2.090566036165470543e+00
-1.666817313917092758e-01
-2.688084775899019618e+00
-8.734818776097308390e-01
3.586620242085122867e-01
-8.433008898048711677e-01
-3.241551939009228445e-01
1.562504763062022128e+00
1.775128383535111709e-01
-1.471928870776105569e+00
-3.287792410801261944e+00
5.881276794309403533e-02
3.131377769608135520e+00
-4.294613042988269513e-01
3.619210029019388930e+00
1.019129543974005792e+00
-1.316962350809808502e+00
-1.241431450467563646e+00
8.814258189415886680e-01
-4.836588912092599557e+00
2.111917990153245661e+00
-2.667587055182201183e-01
4.606512828229554213e-01
5.180108932056700644e-01
8.996944515662137487e-01
-3.275519202709696209e+00
-1.735240295995026827e+00
-1.763548938218490125e+00
-7.348920377299876794e-01
-5.148979687980015818e+00
2.745212738778910477e+00
-5.536434907615228163e+00
9.737205002020041800e-01
-2.915330093120032107e+00
-1.787705144813349190e+00
5.121450949672466280e+00
3.750417096089799340e+00
-2.186042264784366029e+00
-2.012529607525579411e+00
2.978816811859847924e+00
4.762848364978382598e-01
-1.936377500617810554e+00
5.359274993341660576e-01
-2.131064873351632194e+00
-1.056379111537649962e+00
8.762840671291383110e-01
6.140737073780681010e-01
-2.432365997041015859e+00
-2.191904224195820650e+00
3.343729860951222044e+00
1.109723191167605982e+00
-7.648784979093075087e-01
-1.040791711979502487e+00
-9.685370865721609768e-02
2.525952040142823041e+00
1.194348608908858189e+00
-2.060196878097446671e+00
2.886652687843730192e+00
1.314150915154239430e+00
-3.070814497349572125e+00
1.099278946707615390e+00
3.985541641211519881e+00
5.994792397334565148e-01
1.589068572916895628e+00
1.708412941648300487e+00
-1.489583069284343253e+00
3.290276121241054952e+00
1.592225562697491270e+00
-2.159958688263466708e+00
3.583729065893617172e+00
-9.766270471959082045e-01
-1.252158803694612299e+00
2.317566925645849985e+00
-2.399188927594193554e+00
3.179962323215762332e+00
2.788206948545984609e+00
-2.484781331658330927e+00
-3.071570673807561214e+00
5.047767335294697233e+00
1.311018738848660492e-01
1.087887797110216992e+00
2.994330440886305400e+00
1.953054815324371862e+00
-5.092517211381840880e+00
-3.472818313154053094e+00
-5.884327565045829322e-01
8.656181961098201594e-01
3.162433917139277018e+00
-4.424545070842147432e+00
1.118471183388671575e+00
1.061905895242250653e+00
2.518772239469772245e+00
7.864087470135169289e-01
-1.274972427382539131e+00
1.303078502664987148e-01
1.192830236717428161e+00
-1.836380041360127446e+00
-2.100732124312574278e+00
-2.648225402777136583e+00
-1.324563795760396734e-01
4.463561308230208358e-01
-1.339196928853053192e+00
2.245517965880685196e+00
-2.257156455074618595e+00
-1.562602281115026415e+00
-2.629570439490719114e+00
1.838293341415155879e-01
-1.887491205357127555e+00
-1.271949513388332953e+00
3.063530306113267709e+00
-9.078806968570147795e-01
-2.821970314781291567e+00
1.549393894058278764e+00
4.723634066215243177e-02
-7.205280998752194854e-02
2.737499998715133387e+00
-2.793697994658989270e+00
-2.298773403635617107e+00
-1.910678454297422224e+00
-1.617310966106091374e+00
-1.722115008388206636e+00
3.193671476090861105e+00
1.431578795430275663e+00
1.660054947590732466e+00
1.434676334798326680e+00
1.008179642230699891e+00
-2.571691910199484177e+00
-1.917891716262601076e-01
-2.531933283060622486e+00
-3.547271521776647951e+00
2.344075741756025399e-01
2.694481922100393056e+00
-4.949172376881303403e-01
1.368071584986537470e+00
-3.650639548217910590e+00
-3.697899673451850333e+00
4.655107477885475298e+00
9.287977318472222521e-01
-9.191560105380115475e-01
-4.144752609912203845e+00
1.832222122926407515e+00
-1.607004237998835849e-01
6.198432881251976223e-01
1.858090788123532455e+00
8.600680922392891503e-01
-3.129152253617052182e+00
1.620630456137877040e-01
3.164088330705752128e+00
-5.195903582863871328e+00
1.941895703537216633e+00
-1.633342004805148129e+00
-2.177240377565656804e+00
1.569703125684038358e+00
-2.647043027502767876e-01
-1.358723403792310158e+00
-1.886380242642131888e+00
2.425706690335790672e+00
4.016182267022815111e+00
-4.075004064384677438e-01
4.461268893834265725e+00
-9.799789836243084640e-01
2.016189301196066097e+00
-3.358436601735158789e+00
-3.482326758274167489e+00
1.526061831808610991e+00
-1.609573968422227663e-01
-2.911871628548774460e+00
1.091745905232779368e+00
1.226186598655811366e+00
1.615653640605108521e+00
3.801071077328820547e+00
4.339324374816003749e-01
1.032348443196431376e+00
9.981404768954704743e-02
3.621088511076170913e-01
-3.540780163583739260e+00
5.890076053792767663e-01
-3.375679714661848685e+00
-1.830679561115637899e+00
2.653081789170252502e+00
4.933113175249917326e+00
-3.831443264596622100e+00
-6.545935520323893364e-01
-1.692232300151106816e+00
-2.221687477262510035e-01
5.590491599313732962e+00
6.758306270200549193e-01
5.318208670330928367e-01
1.823586540272337020e+00
