-4.293743189664204207e-01
-6.673974787610206238e-01
2.975890661194408593e-01
-4.197470148005799651e-02
2.915103412526056509e-02
-9.194415572688634519e-01
-1.506252876866321477e+00
-4.858436744943053220e-01
5.466707339806046173e-01
6.069189478001099647e-02
2.664220874737339706e-01
1.853623610612254446e-01
2.475187171855197654e-01
-6.061188294774783047e-01
-7.918716207055145340e-01
4.959866446216342761e-01
-2.281354660403321910e-01
-8.241016410516759372e-01
-2.805478035802042025e-03
3.802518736242078701e-01
-6.361615690391666522e-01
-3.767802876679702401e-02
1.688543369251290782e-01
-1.737028536997286543e-01
9.010770392748375102e-01
-5.020542736840289955e-01
-1.045790578042887997e+00
2.198267965669153945e-01
1.001116349336214073e-01
-7.572539461887984880e-01
-4.795199883630820725e-01
-1.151605403400258298e+00
-1.417788577316652754e+00
2.635166106958823640e-02
-1.186267921492887734e+00
9.154768224241262298e-02
1.287184463223101538e+00
3.232552045148636699e-01
5.662546602680337271e-01
1.073870183714945803e+00
2.341575521987984132e-01
-9.555595201548123807e-01
7.180087726693390460e-01
5.965485404453567675e-01
-4.074010176166350528e-01
8.078845153732796547e-01
-8.913847024443525280e-01
9.646695736163225787e-02
-3.870389237716000963e-01
9.078762875226471796e-02
8.428502586116177753e-01
-4.959404005447639041e-01
7.475622290624303612e-02
-1.296449236551222572e+00
3.919914754197960649e-01
-6.011011142609596902e-01
5.053053411933839945e-01
-1.029096399118675009e+00
1.237104426355919218e+00
-5.526915979558966185e-01
5.875601889417483847e-02
-5.009698239515040369e-02
-1.244667399482660280e-01
7.011704872140127609e-01
3.285467949814642186e-01
2.290299745314142155e-01
4.277617201925560386e-01
-2.164548213400172005e-01
6.725149210361023311e-01
4.752628278722406119e-01
3.702300847853582377e-01
5.292809851424409295e-01
-5.894657653266279773e-01
-2.677957679645851519e-01
1.099286137248637774e+00
8.838749670575081208e-01
1.444993066425245831e-03
-1.464777561714720455e-01
6.807453196647493543e-02
5.033663153598639806e-01
-3.825533929428566182e-01
3.305368283369567450e-01
7.606845258411728539e-01
-4.306030778636715239e-01
1.858352865529604436e-01
5.619584517075381092e-01
8.168457983250447807e-01
3.156086997405074118e-02
-2.253321442023286658e-01
-5.245957780623773381e-01
1.203120691708518403e-01
3.031518247411305600e-01
-7.726090152863454574e-02
2.002062839927851723e-01
2.448971019279264083e-01
8.590269355301203280e-01
-2.241490022624614553e-01
-1.003491096932805915e-01
-6.470269316555179451e-01
-1.071487748091137338e+00
-1.154522564911958593e+00
-8.718970812337990817e-02
1.179610700316158362e-01
-4.156637100458251965e-01
-4.332997968417326984e-01
-1.906722189825285074e-01
7.320581453107792569e-02
1.092419659258226511e-01
-1.057981434678801902e+00
-4.231746843074979947e-01
5.692799667486081461e-02
-4.667091786317136837e-01
-2.009764748312590499e-01
-3.912490251038774902e-01
7.734748402251324650e-01
7.057886069259757811e-01
-2.973064514889327548e-01
-5.067680626330780536e-01
-3.880429658803746795e-01
2.667622910420239801e-01
2.635846239158157189e-01
-5.822502420459682582e-02
-2.783274569255008712e-01
4.254881948738341579e-01
3.730185311955723226e-01
6.731135361155795582e-01
8.820798500765925088e-01
-7.001952181235491235e-01
-3.170099830388850570e-01
1.323538453865967246e-01
4.102961681489294410e-01
-8.339844308790693717e-01
-1.034702996220040250e+00
9.046739330823490022e-01
8.072724670743613995e-01
-9.003277003629164277e-01
1.277705901453416892e+00
4.895575107402000969e-01
4.463667138317573557e-01
-4.722569317877682304e-01
2.538678018781250212e-01
8.030221721069450425e-01
-9.187484428419506743e-01
5.982840323830800333e-01
1.173149913610109341e+00
5.992283510501280469e-02
-9.668412563123857800e-05
4.108761702044676500e-01
-8.035021364454819626e-01
-2.338779078356682528e-01
-1.235240417829730347e-01
6.783343898768620095e-01
2.142261165232039466e-01
1.563161571397067851e-01
6.283743906138967716e-01
-2.409929187434491915e-01
1.821604272175846861e-01
-6.053123916972266150e-01
-9.485859475310552957e-01
-1.383200494672451430e+00
7.661340627965000927e-01
-1.259937621677919006e-01
4.461539219007479851e-01
-1.222677804627128051e+00
-2.904696835505565788e-01
3.105058929437639059e-01
-5.276843904945180963e-01
8.464642646563758088e-01
6.691731702848860430e-02
-3.196067971700833343e-01
-1.808252669692912706e-01
8.257000248047831059e-01
-1.236204152974850201e-01
1.210701576523450118e+00
-2.549099095797627834e-01
3.054674987154606947e-01
-1.983476657552243616e-01
4.491405095525924374e-01
1.053804857011535034e+00
-1.599959620648719327e-01
1.604712672056987754e+00
-2.464987885723922689e-01
1.095577595266927995e+00
-2.249860838274097274e-01
-7.414707329876126796e-01
-1.585344359025327998e-01
1.397348975149385192e-02
4.001457082728630543e-01
-8.399085675157179631e-01
-2.798816662837579905e-01
-8.081512094563298998e-01
9.836013441335988983e-01
3.384171962701723047e-01
2.126823212989911727e-01
-1.051057921823029595e+00
4.858594049561668071e-03
9.250696809149848432e-02
1.118761870813794967e+00
5.296841576828741072e-02
1.261478922443289630e+00
-1.368044457405629410e-01
5.654392621800672369e-01
9.355868931769324437e-01
1.822906327665117787e-01
-4.847806205267972679e-01
-2.594014535523989640e-01
8.887140055490914126e-01
-6.656081791620089838e-01
-6.522909223395431666e-02
-4.903552473471892714e-01
1.612570669376311994e-01
-7.142112587011143487e-01
5.051723294763493799e-01
-7.006036971666984581e-02
-6.352906946994236748e-01
1.109406685697004596e-01
2.415104837749656452e-01
1.082740674485131560e+00
1.689928721129622669e-01
1.444650409886892584e-01
-3.533645114211931282e-01
4.456985759792760349e-01
-1.779271144448347775e-01
3.592514572750680202e-01
-7.078573452199070637e-01
-9.036294142103086235e-01
-6.637525535141516886e-02
-1.346427322446835939e-01
4.545070614391258368e-01
-3.326337692407992375e-01
6.632976112864790164e-01
-1.261791902314164382e+00
4.157707819069246247e-01
-5.939214630161439024e-01
5.558384333308296066e-01
-1.311365224777794602e-01
2.055175207217273814e-01
-1.658684517688550630e-01
-4.766443990003395581e-01
-1.243201355482696779e-01
-4.116821592005493469e-01
-2.187739667045727684e-02
4.653534898633469030e-01
9.369630595685329855e-01
-2.962570303887352430e-01
-3.678910012243659100e-01
-3.781745560129740058e-01
2.085089386526077226e-01
-2.202792239844479916e-01
6.817455987441922716e-01
5.322813594180251240e-01
3.791708761984119436e-01
-8.853635143347047265e-01
7.896563193423341565e-01
8.171584555722901655e-01
2.023042665821283559e-01
2.619264427940292128e-01
2.887764491112747578e-01
-6.772132196128122228e-01
-2.686298478809427404e-01
-4.671417289679697937e-01
-4.960818528894297974e-01
-6.404293975515091830e-01
-1.141616699086775155e-01
4.210728316870350207e-01
