4.385953913584687558e-01
-6.131320190746023524e-01
-8.960354634275616847e-01
-1.197726605348958584e+00
-1.412865141457148255e+00
9.257657401492787042e-01
-1.557347375183514362e-02
-2.026874952269705599e+00
9.493289026743985115e-01
3.440302945420831371e+00
-4.853229960571900370e-01
-2.650949686781054915e+00
2.640547760886216011e-01
-2.159999743550591766e+00
6.957653986768972398e-01
-4.561589362037411499e-01
4.807433990906883059e-01
2.447019604131351889e-01
2.860354965113471870e+00
-2.127361907413616748e+00
-3.007727461202400754e+00
1.889047108551239695e+00
2.189038600960286907e+00
-1.926401695517762303e+00
1.380286552924364418e+00
1.493243968732363314e+00
-2.240481007907276556e+00
-8.855644789247115733e-01
9.228612531562516708e-01
1.828381436276716565e+00
3.525842006808082019e+00
-4.791814225260750959e-01
1.013534995436798258e+00
-3.740425299738469711e+00
4.642370426791612159e-01
-1.691251194284736359e+00
-5.519963816249108257e-01
-1.721102310300118621e+00
6.037271406136806018e-01
4.471398448975501538e-01
-6.307590261342659321e-01
-2.943683988058573564e-02
1.093902573242217180e+00
-1.883375835240519436e+00
-1.171187938631732983e+00
6.236502427742342258e-02
-2.270982898793772353e+00
1.966369363005789461e+00
-3.261547958129273450e+00
1.801460083319626593e+00
2.512963668132123907e+00
-1.480352462513615741e+00
-1.743500848607132170e+00
1.650519478930520645e+00
1.873627382344785097e+00
-1.933198829486820314e+00
-1.658827814822852798e+00
-2.482949463646689559e+00
5.760948655068449942e-02
-2.065647904539614110e+00
-2.011107479815512633e+00
1.602291033642461449e-01
1.791373393470388375e+00
-7.700135069515731678e-02
-2.958570469939646452e-01
1.327885849760162440e+00
-1.766800538301239065e+00
1.301208010833117434e+00
-1.923579772828543533e+00
2.421446959799700593e+00
1.729700869183473877e+00
3.020731601165641544e-01
2.605341152236650970e+00
-2.063722394408605609e+00
-1.142684191788041037e+00
-2.249409201880989251e+00
-1.535044542373296794e+00
-1.349777784967687744e+00
2.058971821966213867e+00
-1.969434764770019886e+00
-1.670066398140934494e+00
1.847833550196789520e+00
1.331129275957197988e+00
-1.638407409346922972e+00
6.930842357089010974e-01
5.497273628777505916e-01
-3.881588712292106669e-01
8.296918433319357966e-01
-1.644695589310367190e+00
1.142289399455350685e+00
5.974985902402992766e-01
3.654376433423751208e-02
2.623556068233386718e+00
6.071267943795264355e-01
-1.020948479755462435e-01
2.817070485444471917e+00
4.890599372846531345e-01
-1.282897098266698066e+00
1.755500938257270827e+00
8.849348870573964243e-02
1.371954815478678924e+00
-1.165077191819340774e+00
4.155655736243932807e-01
1.375563529321568890e+00
-8.703005267230553565e-01
-2.725489505260298428e-01
-2.082825509342006498e+00
-2.335586244809185530e+00
-1.837041300952967582e+00
5.369057726216148324e-02
-1.698706137165668428e+00
-1.567297547166274008e+00
-5.921711276318778472e-01
-1.282795349408974772e+00
-6.270875700522726692e-02
1.728180142732855806e+00
3.857689843561554754e-01
9.363343670879373803e-01
1.160059057397226701e+00
3.084105188692165544e-01
-1.330121791653371133e-01
1.866244505108247242e+00
1.885368834762416235e+00
-2.326091360616128867e+00
5.946936969232123893e-01
4.503536655305492298e-01
-3.982332214399084136e-01
1.746917894137298422e-01
7.947048183863907322e-01
2.143089585482688686e-01
5.661729828072352699e-01
-2.263173410874062874e+00
2.183956727097182249e+00
-2.462642721283752612e-01
8.926764454240588842e-01
1.109108902098551397e+00
-4.621448537289352676e-01
-3.082288186180264677e+00
-6.578394019858460062e-01
-2.672169398691065734e+00
-1.547766785915161702e-01
-8.260641457657152964e-01
-2.771369619129915862e-01
1.750578398257003787e+00
1.516410691902129848e+00
-2.778704899129992079e+00
-1.917644262751642570e+00
-1.517438910463436930e+00
1.030295243817546391e-01
-6.217440860091674182e-01
-3.934422428229302771e-01
1.725213772822160596e+00
1.308042599098117709e+00
-3.601257907627026245e-01
-8.273016319619941328e-01
-6.492419480355301475e-01
1.027266822914748801e+00
2.225311163407694082e+00
-5.167073064967202534e-01
-1.600723494410752235e+00
-7.571980520930063907e-01
1.452812628998234379e+00
-3.060494397185884452e-01
-1.257788111219120264e+00
2.401451156626571048e+00
6.663500359249813210e-01
2.259322107020766524e+00
1.692587610850924129e+00
4.494495683261816588e-01
1.433394226739841848e+00
-3.792445960144829709e+00
1.714436338988557518e+00
-8.801992878978501800e-01
2.221322287873914725e+00
1.235127162712879700e+00
-1.431714200971509587e+00
1.263648853540269568e-01
2.289244333809716814e+00
-2.827578685623549415e+00
-4.723332581677761599e-01
2.885006676779485746e-01
-3.724056318155258838e-01
-8.586101090805569047e-01
-5.331202172879225820e-01
-1.240162692076548723e+00
7.583866427859140558e-01
-1.571667482568599672e+00
2.161503105545730552e+00
1.882746169244343459e+00
-8.723009116139111008e-01
1.044620038970526910e+00
-1.016036586217170523e+00
-4.051614607128092294e-01
-1.370009506163623492e+00
1.503359214945178435e+00
8.560869656800515481e-02
-1.962854903816094287e+00
-7.423771952187255829e-01
1.107200340885369894e+00
3.203338332349088269e+00
-5.149891781842612648e-01
-1.225133243094540803e-03
1.469095932872998889e+00
-6.754063192336903221e-01
6.882193892046917227e-02
-1.155001166932764001e+00
-2.000064527357583444e+00
-1.465602547766383879e+00
1.225536070160274882e+00
-1.518045747859852135e+00
-2.096546139275039522e+00
-3.093629268677069444e-01
-3.377806669965462971e-01
2.241710706083285931e+00
7.222569883175600225e-01
1.446922289228785630e+00
2.805295284835434555e-01
1.087724427020881013e+00
1.011196880700704792e+00
1.347122186749977413e+00
-4.095605345029360578e-01
-2.598665938175476420e+00
-1.124714593366143989e+00
8.397685820611001661e-01
4.945714970529129784e-01
2.577174426170605770e+00
-1.438829588723354425e+00
-3.525961465076918877e+00
1.817937889008637953e+00
-2.033038248825416616e+00
-1.758435686512266338e+00
-1.272584500578733291e+00
1.156901772335284573e+00
9.710599772104532290e-01
-4.294816708342778511e-01
-6.675688413819563793e-01
1.469203861045447201e+00
-3.039157714596341098e-03
5.565469176720241329e-01
-1.900812076003471018e+00
-3.092957547684319852e+00
3.145907083790376202e+00
-1.644527439620509623e+00
1.841955357644431190e+00
3.633095124795905129e+00
-1.648212485538828931e+00
4.123306974297161753e-01
2.314884067517297694e+00
-2.877541396607929958e-01
2.545496432137027920e+00
-5.721921090190629222e-01
1.435224828477464909e+00
9.296564939084344115e-01
3.344005192772157020e+00
-1.094291573193801215e+00
6.025667615129526311e-01
2.301527319949311590e+00
-4.717393075475333930e+00
9.124928498262607768e-01
-1.286137818923465126e+00
-2.140978648523278682e+00
-3.951194509108192365e-01
-1.559279086924638236e+00
-2.361588248730470241e+00
9.979109725235020267e-01
