3.303828315015212569e-01
-2.101232155544247249e+00
-6.579283781229547934e-01
-2.005137001554080367e-02
1.705406150237858132e+00
-2.051521037644276069e-01
2.956677259374055122e+00
9.089562348011730464e-01
1.803463295098327812e+00
-1.569696789625125710e+00
-1.033784189562043654e+00
-1.503879456159015859e+00
-3.059404282344010628e+00
-2.571257759447437286e-01
-5.812044488561212141e-01
2.967839146906980030e+00
-2.651778307937385781e-02
-1.911841472507469497e+00
-2.158252732221110914e+00
2.443354194508396304e+00
-2.578480929377289677e+00
-1.934064312760887416e+00
-2.186762963554772732e+00
1.217238086720681789e+00
1.209432403631050423e+00
1.448545596190229601e+00
7.415096822135561760e-01
2.439772987215527600e+00
1.012037258401852657e+00
-1.450972323939454967e+00
-1.034513104281690410e+00
-1.001074182753970199e+00
-1.868845489612100508e+00
-2.622432364912556935e+00
-3.388638560890688822e-01
-2.701752348268342097e+00
2.667587737667915793e-01
2.021373521390780859e+00
3.516102361019745048e-01
1.981684517805276657e-02
8.069769512282410906e-01
2.178732928019376125e+00
-1.206825625516064093e+00
-3.870972549569552612e+00
1.234570696059564376e+00
5.803085619497010406e-01
3.470167673729973590e+00
1.921719034707728424e+00
-2.487411170299112406e+00
-3.254084592724609815e-02
-8.261764256166200804e-01
-1.207558243564046396e+00
-1.931586202410689568e+00
3.098568703036914673e-01
-1.140600676533596869e-01
-8.896099573561395690e-01
2.229322692314249288e+00
-1.109226789191950946e+00
4.251750834224028996e-01
9.157970793457488323e-01
-5.057363625616673186e-01
-1.505227958868390115e+00
-1.828249196929653042e+00
2.387549457587673452e+00
1.595223208771690659e+00
2.577275033123062720e+00
-2.714775795187973184e+00
-8.241204893516387298e-01
2.017795697956418444e+00
-1.914190434006136643e+00
-2.364998200176175125e+00
1.649929388676609765e+00
2.903318494679844264e+00
1.145388404401112670e+00
1.308370414523325476e+00
-2.235917107514609370e+00
-1.959274135881472478e+00
-1.292466723225348169e+00
2.674800760440573466e+00
1.858612762220719805e+00
-3.396785023305938900e+00
-4.183889349919936440e-01
-3.451877424016766227e+00
-3.064954349685776513e+00
2.468886426710088955e+00
1.320648307586344661e+00
-2.525142161250559347e+00
1.976379298044839139e+00
9.351780191851557511e-01
1.983103649290095749e+00
-2.588281397603531708e+00
-2.794090175238218343e+00
-2.789034401302452615e-01
7.282375679591497342e-01
4.681353638915248805e-01
-3.177231257431661904e-01
-2.895647174810510371e+00
-1.426620251045908061e+00
-7.778560629221092926e-02
4.481716084798235689e-01
1.284623337459422032e+00
1.943730530489359065e+00
1.053687877319677391e+00
1.058387941779171282e+00
2.705048520737292073e+00
-2.670136395936230311e+00
-2.487846404300207426e-01
2.956214223035978250e+00
2.549682036667815233e+00
6.706047441157878541e-01
-8.230773097245028813e-01
4.161292922841814956e-01
1.797311505700122380e-01
2.566122917205125198e+00
2.365437769555915004e+00
2.920940970670024228e+00
5.792180016751669047e-01
1.424411939804117733e+00
1.481869588193399423e+00
-2.662124116457777578e+00
-2.410921497747303022e+00
-2.806275333501063951e+00
-2.261927919182300961e+00
-2.019171761693605571e+00
1.895242137424347995e+00
2.912184465443540482e+00
-1.402690885850061964e-01
-1.703068938013633016e+00
1.032755705223707299e+00
1.617926588437088808e+00
1.316041975654354435e+00
1.050643365896777315e+00
-1.684271684771962763e+00
-2.756628043154395469e-01
-3.740217174209758522e+00
-2.315167225486393754e+00
2.205572269152693110e+00
-6.677607786448148675e-01
1.802394215303710467e+00
2.566896892715379686e+00
1.888831978947539181e+00
-9.906733603881652250e-01
3.971692520199354703e+00
7.227298108144208921e-01
-1.969916676804820632e+00
-7.311125387826523658e-01
2.977155556277066406e+00
-2.556533669701435585e+00
2.792496883748902370e+00
2.470970282605145840e+00
9.735897202677414874e-01
-2.965321927306606486e+00
-2.431434591339558082e+00
1.640616054884213693e+00
1.507588203490471290e+00
8.338508741090358001e-01
-1.100945787630778216e+00
-1.774091135683819154e+00
1.409776852444380446e-01
-8.183844189539305480e-01
2.956647421058935965e+00
-6.333979906893458800e-01
-9.851900976552366851e-01
3.928594321140432832e-02
1.305361671025698111e+00
4.513329379544169129e+00
-1.866679257683839355e+00
-2.308432361253130338e+00
-1.425886595866183271e+00
1.494240972330546757e+00
8.600324924361167911e-01
-1.540943646111491372e+00
-5.047988261437866275e-02
-3.100889051307330613e-01
1.351055075425016128e+00
-5.018394485609904976e-01
-1.830520178511196416e+00
1.540008318029373102e+00
-2.795540277283870445e+00
-1.467528223209381366e+00
3.091629775391732782e+00
-1.800673215702009999e+00
-2.205091079787200314e+00
9.721438045488144386e-01
2.258000541448705878e+00
2.201402308374950323e+00
1.416424600420118862e+00
4.542935976239227402e-01
1.683300513372380180e+00
2.520932823778664345e-01
-1.494387575278600222e+00
3.277349042035623938e+00
-2.486628684176342752e+00
1.139102784026331694e+00
-1.863275657528792539e+00
3.365358877628803036e+00
-1.084222673304692020e+00
8.937239207735755420e-01
2.530483172309198059e-01
7.505594869819116610e-01
1.126587803550424871e+00
1.771675375022574994e-01
-2.841517112484817531e+00
3.170162510013626367e+00
2.189106062575103095e+00
-1.529703454671278662e+00
2.565704283265744401e+00
-1.104649992703888195e+00
8.167145067615065868e-01
1.638756328921552541e+00
2.519754572323905428e+00
-5.083535484306032082e-01
1.585761594831400334e+00
-9.234972577730808929e-01
1.085085104037590842e+00
3.408269577146331164e-01
-2.669104264901218215e+00
2.287081396699822911e+00
5.668301774777861901e-01
-7.249049463129786375e-02
-4.621610730152436730e-01
-1.151638983047577280e+00
1.157402103052428632e+00
2.445762846425697745e+00
1.741464846914368980e+00
4.124783220043485299e-01
-2.687390895662346679e+00
-9.474843558020056289e-01
1.045580914665093841e+00
-2.834759143432019624e-02
1.158594066438623837e+00
1.500341818626663493e+00
1.760382634388496736e+00
2.068951441829755211e+00
1.066716309242373484e+00
-1.065419107904826745e+00
-1.539653550947325700e+00
1.966278969176395774e+00
-1.463823450619460065e+00
1.432694200322270905e+00
8.969581761343581316e-02
-3.834379252450412778e-01
-8.779411619837604874e-01
-4.890288273284471021e-02
6.286326015905971953e-01
-8.429318699162396955e-02
2.080228709361365169e+00
-1.813091885101532519e+00
2.515691188197356709e+00
7.690094976770968094e-01
-1.726381538961238249e+00
1.491483236395383161e+00
1.692079611777538517e+00
-7.277684235129386892e-01
-3.665767534284483098e+00
-2.215432628952204830e+00
2.182452814125876550e+00
1.057928139685520907e+00
1.399937294237624474e+00
1.449745769064556544e+00
7.406171755752375407e-01
5.244136033066337799e-01
-1.634525505118363586e+00
1.658731906474808504e-01
1.570899172373511066e+00
