-7.201965050750178676e-01
3.293476481965518232e-02
4.620587416049690699e-01
6.775270421558492462e-01
4.748564147397482671e-01
-7.627390986683524332e-03
-5.665492298690324446e-01
-9.247054484374876981e-01
8.982553136413089501e-01
5.907155324156738718e-01
2.876371589728605738e-01
8.096541656496603068e-02
-4.354952697983829335e-01
-6.284785334077984675e-01
-7.402095557235519596e-01
2.824536171640992244e-01
2.042749938193066939e-01
4.798228451007893192e-01
-8.967934526204051071e-01
8.768155928992196202e-01
9.689597509586946877e-01
-1.908686090725693063e-01
1.263387881156732284e-01
-8.176542973147300497e-01
-2.511412828722521251e-01
9.828286583828649281e-01
-8.098781933981469283e-01
3.949367378378265681e-01
-5.121746072058064314e-01
4.478095904188434950e-01
9.074996458322015513e-02
-4.231934647057005172e-01
4.519172360374854591e-01
7.360763964587642150e-01
-4.280197521426567508e-01
7.329990980858211991e-01
6.565926199262728247e-02
9.765504313642705547e-01
4.506747830183712722e-01
4.181794100879381304e-01
-6.962055178539976463e-01
2.450176853838943458e-01
-4.129592128611099255e-01
-9.232878081551325611e-01
-4.261817688119682312e-01
-9.864407979747789046e-01
6.662557105130773039e-01
-4.772553696567254367e-01
-5.403477044104965099e-01
-8.151303539145520194e-01
-6.672693916605925146e-01
-1.162084730953458767e-01
-8.018779974221537099e-01
8.078115741481073364e-01
2.075184602944855072e-01
-9.023364744468769238e-01
-1.407978759025607651e-02
-3.839514447975791445e-01
-8.499655322311094885e-02
7.860259570609473556e-01
6.442145054718206865e-01
3.827017066242726084e-01
-3.551453840831220177e-01
-7.110686453071641822e-01
-3.933816106066321261e-01
-6.370965349025856650e-01
-2.316371363709899267e-01
-4.647620794102509389e-01
1.258823771751298448e-01
6.572602792076018829e-01
-7.448949166127969423e-01
-7.404231445599327444e-01
6.887335315554763415e-01
5.663464865458427422e-01
8.235082850378940833e-01
-6.333286523177479310e-01
-1.893009466795272377e-01
-6.609583642265743908e-01
-5.465179612561457123e-01
-7.143696036867128729e-01
8.992390601866946387e-01
-2.220583406604312859e-01
-9.247495196419917018e-01
7.874191817493425560e-02
-5.828915140991171029e-01
6.383984501821144963e-01
-5.841251647770309141e-01
-3.753940104692585766e-01
-5.246845786069131989e-01
2.963235604667631140e-01
1.213780375768136466e-01
8.746348942300929963e-02
-6.794946083232640266e-01
-3.324688853564752300e-01
4.539322719564562458e-01
-6.295548508374742003e-01
-1.364180496356584005e-01
-9.730796672546209169e-01
-4.295645791578370787e-01
-5.216229792286268818e-01
-1.134041368087339574e-01
-3.630819771914659544e-01
2.436609026891025653e-01
9.893583624035293678e-01
-1.976616940239441789e-01
7.060675725282838933e-01
7.099744642038108289e-01
-7.733185834905602629e-01
-6.830582414687313975e-01
3.746282848056505799e-01
-4.355201841343658842e-01
-2.249750574973354844e-01
-2.309589455847544937e-01
1.858821742022900292e-01
-3.049678812917899773e-01
7.155142746938114584e-01
9.288981218789871264e-01
-7.612875805948620123e-01
9.468036599538729448e-01
-7.656076931841744315e-01
1.114606974233873782e-01
6.752056415764635666e-01
-6.564468237984846244e-01
-4.881497387403224142e-01
7.416599178759992750e-01
9.809290962282808390e-01
-5.189724314481432010e-01
8.744534868670572614e-02
3.359553522298905914e-01
9.773806442311703258e-01
5.469087421544929217e-01
5.998154080681419309e-01
5.663949674491768338e-01
-1.415074319905931244e-01
-1.442256120634384242e-01
3.842034937924030391e-01
-4.271184011050059848e-01
6.916576974289370128e-01
9.243940998317912161e-01
8.888255658764478984e-01
-2.518293816826799869e-01
7.630425924225223699e-01
-7.470021667471984372e-01
1.759912759891000267e-01
5.922346526067037153e-01
5.523435837806129900e-01
8.147177080377197012e-01
8.215356586185864618e-01
5.236811465935640175e-01
6.152340055996290413e-01
-8.213762027907423047e-02
-2.045834582569570070e-01
4.544360450475335433e-01
5.861400830774010640e-01
-8.523393851630478579e-02
-2.265353303103789795e-01
6.453876364409525390e-01
-6.555316684437295649e-01
-7.793726048882758661e-01
8.112315031624006689e-01
8.400177274901321489e-02
-2.567097287457218435e-01
-9.828773442740419419e-01
5.325706665295004694e-01
-7.316026692487205274e-01
-3.936295432814569395e-01
2.239863757942770484e-01
1.748958879443813785e-01
6.824679226386614062e-01
9.501360673603520546e-02
5.265046658996050954e-01
-8.574215032001304415e-01
1.112245952054704556e-01
4.302086601535848320e-01
6.949053251156691591e-01
-3.149352083897620780e-01
-2.771307348239664403e-01
7.053247904812887104e-01
-9.115660099597906463e-01
2.875104087803390662e-01
-7.137514870117760424e-01
-9.779731607844899255e-01
9.090748301401594400e-01
1.282627139799517035e-01
-3.499744135642512965e-02
9.670871284401052481e-01
4.794877034537829985e-01
8.713212271303083511e-01
-1.439789183300121955e-02
4.213237750124729786e-01
9.309514655587378673e-01
2.551150987135595294e-01
6.586136540546432272e-01
4.927056048018056966e-01
6.523669289250002556e-01
8.600714700821232572e-01
4.608213238655058941e-01
-3.859829342207905523e-01
4.256650442430005565e-01
-4.452504570526540917e-01
4.344737058393408624e-01
-9.810815312761334006e-01
9.416115531806781291e-01
-5.332360133323670315e-01
5.671114774764365318e-01
2.703577798457290626e-02
-3.679267962456740371e-01
-8.416632883079571137e-01
-8.524152888969063202e-01
6.284225529648306274e-01
-4.789892566468449964e-01
5.893574620976094192e-01
-6.418273515124335304e-01
7.674345344509443390e-01
-2.389185227660082234e-01
8.866742505529863205e-01
-7.739045019980306250e-01
-9.910796894113254041e-01
-5.324529290826718331e-01
-2.452963578549907098e-01
5.675873696311914962e-01
-9.876079679209806006e-01
-8.335542641001276731e-01
-1.540941528496198032e-02
-7.073493615492767450e-01
-9.329732685463132391e-02
-3.499908209310593765e-01
-5.973777222560101574e-01
2.507843233225994783e-01
9.218618107594545030e-02
-7.996093988489880733e-01
2.925324702052343184e-01
1.966048717265371781e-01
-4.505473759894793595e-01
-3.642871056992498247e-01
-7.757762470240869845e-01
-7.993145155556216075e-01
-2.094946048322321452e-02
2.686350572546694071e-01
-8.959044216767446667e-01
4.112659714620405804e-01
-2.907857884535898219e-01
8.554480416285399347e-01
5.288404171532712361e-02
7.199140234566168139e-01
-7.332848855343885308e-01
2.899216189703250901e-01
6.327252100437243953e-01
2.379318449012375325e-01
-2.809334532855756184e-01
-9.654615969402635667e-01
-9.265561477487100905e-01
-5.904156948286811701e-01
2.709840529079223792e-01
-9.313153651082104467e-01
-9.265000640056462178e-01
-1.923069847070084659e-01
4.899660558166518687e-01
3.392513488631112573e-01
-6.110204755667465459e-01
2.008026945926504325e-01
-3.232125286435312272e-01
2.887041473883944498e-01
4.084405591348638787e-01
-1.463936351040997508e-01
