-4.264763361030366795e+00
5.403033439031487362e+00
5.775003163681107665e+00
-1.021188481861384556e+00
-1.445589286174179033e+00
-3.177530323222807151e+00
3.031850947430728915e+00
-6.469506140313462161e+00
-4.630179955530081770e+00
2.407656138691902203e+00
-3.229869952231513519e+00
4.535322993459256935e+00
2.828735513638732879e+00
5.479208373839808743e+00
-2.829604914406314009e+00
3.988617379765649229e+00
-6.126973543442675307e+00
6.204628091595269623e+00
-4.254692081639406709e+00
-1.256385603394024164e+00
-3.081481604607778202e+00
-7.107830794326575941e+00
-7.293433870927643614e-01
4.135377283604542598e+00
-8.883377000919143285e+00
2.790226485862807415e+00
-5.188148035072719821e+00
-5.654600770633489981e-01
-2.284432693443530837e+00
-4.146574791225502210e+00
2.893086481292699741e+00
-6.105486550107380062e+00
-1.385035334948645058e+00
-1.985007560554490791e+00
3.558098696464177202e+00
-4.312492199224550404e+00
-6.641582213136969948e+00
1.999714341438777021e+00
-4.245148860343375574e+00
-3.170110264651123000e+00
3.321298509247493591e+00
1.741351314715545051e+00
1.192341208599556612e+00
7.192568689322835773e+00
-2.421055842990002649e+00
5.498681910091272051e+00
-5.947732289445077924e+00
5.268048213718818928e-01
6.660813293006199842e+00
-2.920857080704613917e+00
-3.531168344909755064e+00
-2.435806399953678092e+00
-1.617958299616406581e+00
2.669571806608632691e+00
-5.751115206307334304e+00
-4.304060699525988909e+00
6.708645427594311705e+00
-2.821815713290326322e+00
5.571781982434263369e+00
3.417050780471050153e+00
-2.099179307627968782e+00
1.733195249788864967e+00
3.022155347054870322e+00
2.970822265191578992e+00
-1.318439280266793689e+00
1.776117845348241797e+00
6.998005155654460019e+00
-5.536171339460481455e+00
-5.552384788150535044e+00
2.066157447529247126e-01
6.868302509122349520e+00
6.983346460261128819e+00
-3.288346503643764684e+00
-1.193482884246965137e+00
-2.887473064929570121e+00
1.056144640271204249e+00
8.415702009299463882e+00
-7.491694400915815066e+00
-2.422719375690881805e+00
-3.375812566260687042e+00
-4.427146363574457233e+00
4.196517043788704271e+00
1.399702930999687345e+00
6.023726702843210212e+00
-3.382983313205485398e+00
-3.586335239505367589e+00
3.537374229992911179e+00
-5.136929744944387366e-01
1.033980434178751739e-01
-5.720994822841876548e+00
6.424501137133249884e+00
6.844402130041737031e+00
-4.338400089562144402e+00
6.234428174984476101e+00
7.916061985082435193e+00
-7.223406789188233645e+00
1.701074162634462095e+00
-5.491558113940951280e+00
-6.981760587208384550e+00
2.216127523262779953e+00
9.252273637047696564e-01
-5.686147440192726998e-01
-4.143475523820123740e+00
-6.699861048565862731e+00
1.424333844272214655e+00
-2.702244179231576560e+00
3.594594077525271825e+00
3.383989788991393244e+00
-7.054645802437613966e+00
6.643037669713733884e+00
2.177629068804612711e+00
-4.588349798345530139e+00
-6.991467376607541695e+00
-4.782327253062785277e-01
-4.222119457100313333e+00
4.739343242246970789e+00
6.202172738887152814e-01
4.118081790068021775e+00
-2.520336604596483454e+00
-8.309964377447489170e+00
5.928792241704530674e+00
-2.599691384848395792e+00
1.593313954901549145e+00
3.767070275071545127e-01
-5.913723023761628284e+00
2.780311568418590840e-01
3.577232353842393131e+00
2.400028754682533627e+00
2.005979291013707755e+00
-1.326034133464788489e+00
2.488786549500138889e+00
4.510243281708806506e+00
-3.943419509456549843e+00
9.441086518503727376e-03
-6.555976525173166092e-01
4.418092248464256855e+00
5.702610081257866170e-01
4.379213534070244940e+00
1.778064211854757382e+00
3.734664208020048282e+00
-8.157219697456469243e-01
-8.238413506003961828e+00
1.544351387556659239e+00
-2.236620569608989584e+00
-7.423131577233698764e+00
-6.042431862511055130e+00
-5.117146772290500856e+00
-3.659319365752731201e+00
2.784949764111225301e-01
-7.724330008578777829e+00
-4.412404781092957862e+00
5.264871943298473411e+00
-2.186096583903059387e-01
-5.375793919895401896e-01
-1.496895071354264584e+00
3.624519572936903522e+00
5.830310876887146776e+00
5.731383003964846345e+00
-1.673348831540598103e-01
-3.177434181879464692e+00
4.037858348986281598e+00
-1.289170441220578223e+00
6.605513222604313839e+00
-2.665156134819666178e+00
3.235260092290301870e+00
5.129627088383402977e+00
-5.929999505444492947e+00
-8.469279968040414275e+00
5.268595200194349459e+00
1.142665705451914704e+00
7.748308773176052711e+00
-1.560149120780469634e+00
-4.113993322098829175e+00
2.451234056164372177e+00
-1.482586144764270975e+00
-2.735924520639398505e+00
2.618252523479936755e+00
5.122473689654925444e+00
-1.717391160744730749e+00
-3.894119243558602506e+00
-8.714314146190506705e+00
1.378713018134412938e+00
4.107073009960514831e+00
4.564763057846693783e+00
1.122546859710084277e+00
1.526018547158605188e-01
-5.011840985837026530e+00
8.670760638773472806e+00
-3.746887391572170323e+00
3.511742444532994223e-01
2.907298328299973811e+00
-3.990201727609368199e+00
6.084752492371885424e+00
4.332595290064669702e-01
-5.457461916422950310e+00
5.127176495573193549e+00
2.619137910348363185e+00
-4.196496008886654749e+00
-1.940529437542308999e+00
-6.897581284029768334e+00
-3.757687309569609280e+00
4.927707900239953531e+00
7.646510266479804585e+00
-2.399284602716761139e+00
3.025845551190790239e+00
4.849189338133577110e+00
5.011850752001809184e+00
-5.877937240405534780e+00
2.192624014712476033e+00
-6.967602069334906112e-01
-6.442603650243134084e+00
1.076134527387986317e+00
-2.062079825127948851e+00
4.731439234409823946e+00
-1.200613169684739301e+00
4.386885174494365103e+00
1.613788427778635404e+00
-4.560457268771256345e+00
-8.676753308146373911e+00
6.525745161288720730e+00
4.174346350755586244e+00
4.385833529432733968e+00
-5.601612199885025456e-01
-3.054364778441275963e+00
-6.144930275989004542e+00
-6.101773642435814438e+00
-5.973501332198288161e+00
-4.765174043882006161e-01
2.863935739207469133e+00
5.565713319116103897e+00
4.960038932077019069e+00
8.365121886703150267e+00
2.960895193858009922e+00
6.316904465683549574e+00
7.364707604847218647e+00
1.402286791655463993e+00
5.131764346996346760e+00
6.950568264147837461e+00
3.477905428892969830e+00
2.740829826186134799e+00
2.303843342682090345e-01
-4.174204909690619303e+00
5.237586156279867566e+00
-2.081253181167289079e-01
9.512538449059823265e+00
-2.080121439586356757e+00
-3.924470013573920557e+00
5.628946730606153581e-01
2.301397942183641909e+00
-8.413304165667447876e+00
3.327563264225624984e+00
1.932164804072836972e+00
-7.248437728702405103e+00
3.498581827686725987e+00
6.903937619578049301e+00
-2.784421243711099780e+00
2.506525289840766391e+00
1.395767792536473095e-03
3.956861621190497669e+00
-4.515824528556923179e-01
2.649315887866566577e+00
7.150575079847409921e-01
-2.513989308397641231e+00
-4.886420624288692949e+00
-1.432797210744944927e+00
