1.210130123515982703e+00
1.148762752146646138e+00
1.429604216709788878e+00
2.142329235309484492e+00
5.141663285242663584e-01
1.902242125724903365e+00
2.434008364525914736e+00
1.436023538866423088e+00
1.834749118754728237e+00
-2.612191219119085250e+00
-1.239217346162236222e+00
3.398217492581285248e-01
1.182054751696429928e+00
-2.895667669509292441e+00
-3.702129802958631366e+00
2.526139540957190732e+00
2.692255323321898430e+00
1.930509600516026492e+00
-8.266313237622957555e-02
-3.346275579956409896e+00
7.580673036961775857e-01
-4.274047097447794208e+00
2.531879741210640855e+00
5.029956206607788527e-01
3.647698483688018634e+00
4.403376473846265071e+00
-2.024805902420633297e-01
-1.191201103790195726e+00
1.576841077007399949e+00
-6.952805631403626840e-01
1.652938166755875571e+00
-8.280771562099998873e-01
-1.651354749301471969e+00
-2.694689105774276339e+00
1.590879542999491747e+00
1.511153025844275688e-01
-2.010936658157398416e+00
-4.648293291283376871e-01
-1.299652149260667855e+00
-1.899821727986605646e+00
9.489986704016456498e-01
-1.941115087613766166e+00
-2.033321328670510297e+00
-1.648407230590524519e-01
-1.326714899183031537e+00
9.491291445979063157e-01
-7.080111664543407013e-01
-1.755236245964373332e+00
8.132136003475608499e-01
3.006123137965301950e-01
-1.576293837050750213e+00
1.113221275802184773e-01
1.623858931019543483e+00
2.979402451467703550e+00
-2.003870022004815343e+00
-3.547135750645778796e+00
3.526960960619635266e+00
4.886671628735100859e-01
-1.702502576907653387e+00
3.112812899471735673e+00
1.639970586579737155e+00
2.077391269740465063e-01
-2.330929102964365285e-01
-4.589894593528156541e-01
6.854706815747535487e-01
9.219055653356692526e-01
-2.094473256561318664e+00
-4.584866975132809053e+00
2.639551138833694743e+00
-4.989973765026289310e-01
1.809158670162691607e+00
-1.118162350898711299e+00
-1.179492378513678164e+00
-1.117212346782362697e+00
-1.799173337331550382e+00
2.875305068321871271e+00
1.843352344370617235e+00
1.074379259687839872e+00
3.726357782669859064e-01
-2.009162128217342413e+00
-2.157934994141097018e+00
6.773327126746028215e-01
-3.571643304810586672e-01
3.227230349052301772e+00
2.020793751675950656e+00
-1.484490810727990606e+00
1.995823079056610494e+00
2.368879365597061692e+00
-2.646315870475860699e+00
8.180208905159698229e-01
2.901169266125320778e+00
1.337305553375812028e+00
-8.971154299059879156e-01
-9.722554703145543931e-01
3.111527123967160469e-01
1.626207419737452309e+00
-1.231566645475469013e+00
-2.534242368934075174e+00
2.453600614793907564e+00
4.359232746879034615e+00
-3.253749648459842270e+00
1.907469751504925259e+00
-3.330789403660671777e+00
-1.381918586667862048e+00
-1.990179226040968974e-01
1.400002103455333602e+00
1.815856910909780186e+00
-5.430272524463953587e+00
7.572233072934650977e-01
-7.939979250927449161e-01
-1.547676011600350954e+00
2.891006280454023747e-01
-4.651032996318087420e+00
-2.395698927886789065e+00
2.611144297397096636e-01
-3.093914649605731260e+00
-1.201038904783462868e+00
4.058663478912262201e-01
9.240616383533725164e-01
8.135091846006468064e-01
-2.370004826142232623e+00
-5.829160646667294721e+00
-3.972602366045408506e-01
-2.472333518830805765e+00
-1.308363093020414203e+00
-4.373428423585393188e-02
-1.537790464642158295e+00
-1.747893129634589648e+00
2.660166494662260739e+00
9.065242518958674389e-02
1.107350919608580897e+00
-1.240853300835662587e+00
-6.677375717963759394e-01
-2.465490855555851457e+00
-1.515723134113300619e+00
-2.945182758943332146e+00
2.751114023592544200e+00
-2.065818852424136765e+00
9.664381271497582970e-01
-1.151290164195131194e+00
-3.627950384802345329e-01
3.636626919167069705e+00
1.236091275745901386e-01
8.267012469306750377e-01
1.070320698503260060e+00
2.437595576411501153e+00
-1.011793040166452995e+00
-3.025605400530069211e+00
-3.286778822139137635e+00
2.700544208353433451e+00
-1.192178649981333383e+00
-1.531847189752804095e+00
1.972516015880832807e+00
6.393716119686441157e-01
1.352840189090416922e+00
-2.334644526828795641e+00
6.889292661348318525e-01
-1.986699163743720575e+00
1.412968189139268249e+00
-2.569201444866742623e+00
-8.444452781590888746e-01
-9.649820386628820135e-01
1.484618127555928480e+00
2.665043549683115742e+00
-9.079031311223483280e-01
-2.022163566219275399e+00
1.830512133011144904e+00
-1.283825953502186534e+00
4.456753678870168933e+00
3.525737234409749565e-02
3.412138422958739703e+00
-3.520638992089345498e-01
3.865294446122494509e+00
1.994800285525839767e+00
9.906774814565479925e-01
-2.624272592778987168e+00
3.042259368658809748e+00
5.328718427747691777e-01
3.584709441854445622e-01
1.214676590334276884e+00
1.309243942477507638e-01
-1.694643260703200927e+00
1.266649271292433099e+00
4.435278337775929169e-01
-4.170561449640123319e-01
-5.586641700244777964e-02
-2.708293538513800724e-02
1.854332356242658797e+00
-2.867647446719084892e-02
-2.835019513209338093e+00
-1.323271545053382736e+00
1.344963833801122277e+00
1.308659298274895244e+00
2.229154336233039047e+00
1.107436715149010764e+00
1.109138544929190395e+00
1.524631386931381449e+00
8.200297033006074265e-01
-3.045319155246656528e+00
-2.046041879327214819e+00
1.295063170559312526e+00
1.473959477230063264e+00
-2.140040112159889318e+00
1.614436325493535662e-01
-1.688751516502205341e+00
1.617711223540371779e-01
-1.671353277568711659e+00
-2.278742350990806909e+00
-3.927373900358993586e-01
4.156189830307055466e-02
-2.886366410828669071e-01
-3.577508061989131960e+00
2.099110929753013721e+00
5.261306859939581804e-01
-6.513191398299489343e-01
2.304406175927870004e-02
8.830130140720590104e-01
-3.213542807098821896e+00
1.709522747261928544e+00
-1.758733077207698670e-01
1.610750639314966426e+00
1.796090433121790619e+00
6.882182444349992378e-01
-1.116499761253291645e+00
2.778151774478844871e+00
1.096729429772402842e+00
-1.699253738960504467e+00
3.600210088221423632e+00
-2.007720150690772254e+00
-4.064201035360486713e+00
-2.794937541420537741e+00
-3.269478182887698203e+00
2.180445337518245097e+00
6.293562907693447395e-01
-3.292626170084889559e+00
-6.408371454793973521e-02
-1.724509673656585029e+00
4.332265236120604435e+00
-2.770470749027970747e+00
-1.031406988213367515e-01
1.582111331996543635e+00
-2.832416468721724367e+00
-2.177020043745484301e+00
1.423396458048453717e-04
2.547784499083023402e+00
-1.795436516705916308e+00
3.182837107942727561e-01
3.796949791243954042e+00
3.397647098601370708e+00
-2.118252948535711333e+00
1.219235593266553064e+00
-3.313132817950902087e+00
-9.431685219272414322e-01
-1.160972077558682480e+00
-3.097747267219699729e+00
-4.741583058037465714e-01
-2.387412353742399684e-01
2.387759925301085495e+00
-3.278845020587150216e+00
-3.617399742281082187e+00
1.749333985391733903e-01
6.053590907333964433e-01
1.348506853252145365e+00
2.711825739717439454e+00
-2.351177723086755655e+00
