-7.760195055247429696e-01
-8.269640750189455325e-02
3.879513930049420800e-01
-8.924757051842207023e-01
8.943747898714684563e-01
6.370987794503721879e-01
4.351745175525070231e-01
9.043379608944406289e-01
2.806007015732236987e-02
9.752153576427138315e-01
-6.297163838518435863e-01
-2.710789006451324035e-01
5.823816475806653514e-02
8.996234912668605865e-01
4.861119438548031635e-01
1.756138745029887094e-01
5.669186639131629235e-02
-1.365600562349165159e-01
5.727868096371673268e-01
-6.078762547215692535e-01
8.651080306879583848e-01
-5.940858126628494329e-01
-5.308882792681410834e-01
-1.673117489331030772e-01
4.354970046306227971e-02
-8.791004505700203975e-01
-9.475057227908225688e-01
3.948830693893794486e-01
2.065002720901849553e-01
1.500516138609309102e-02
2.171938426061372773e-01
1.640918724947766361e-01
-1.931477848691216526e-01
7.665871340429228908e-01
6.625492411745872445e-01
-2.213930906779169039e-01
-6.978609565724549491e-01
-7.888736960250155583e-01
7.579544412898153727e-01
-2.008807254279110222e-01
-8.580179500521036839e-01
8.887535189250805878e-01
-3.607161235714095859e-01
-4.743519962846498572e-03
-3.329370147684234116e-01
-6.298199082205546695e-01
8.251229846874024165e-01
-2.738494280430670003e-02
2.685598660515533531e-01
-5.952825592413202305e-01
-5.698136915498368538e-01
9.867686296331619200e-01
3.372252056291240585e-01
2.814106715181019513e-01
6.408371534236598777e-01
-5.225911569004888513e-01
4.504083669399185919e-01
5.546317385709653713e-01
8.098032860717374604e-02
9.653774953953115912e-01
3.268093884092602153e-01
-2.882434809753580129e-01
-1.656478676316783805e-01
-9.046320459234908906e-01
1.225169666565615323e-01
8.851581539819752820e-02
8.677220700968586442e-01
-2.510092593649786430e-01
3.712310141589971746e-01
5.646755639743443744e-01
4.490748590559709985e-01
2.906826776438726778e-01
-8.560886942445049552e-01
3.807102459033595565e-03
-9.958696605580108496e-01
-3.014770892939437896e-01
-8.626125413157388344e-01
-5.305755619523853106e-01
-9.634355273873329573e-02
-7.870579424678210145e-01
-5.655270724187591025e-01
-2.915624190798251636e-01
1.030608700396846711e-01
-4.242505709577883977e-01
9.415609737431647197e-01
6.379660300731890832e-01
5.594096295401507213e-02
-1.044042453877329635e-01
8.021666518677741387e-01
-5.066771739823570098e-01
-3.972703115275328933e-01
-4.766925491200346698e-01
4.707810284104998466e-01
-6.896145116365222094e-01
1.750830147844470996e-01
-2.671913482749184165e-01
-1.590013991374443769e-01
-4.112311751848745089e-01
5.531391610745926002e-01
4.179600541307773032e-01
-5.102206818509891217e-01
9.764605329092068686e-02
8.406612258567749407e-01
-5.426695420561973293e-01
-7.856805194040561435e-01
8.085824807244961221e-01
2.519441690717292293e-01
-7.412749715100546144e-01
-2.497118738198464971e-01
-1.451266571311049525e-02
5.328933078912052590e-01
5.814055174752943422e-01
9.629094027818108081e-02
-8.710119503947391095e-01
-9.512888392983660513e-01
5.633253510369577999e-01
-6.180123510525288300e-01
8.039301037754018608e-01
8.139716112806438808e-02
-3.608585165247994997e-01
-7.832915547076813034e-02
-8.349313522729293613e-01
-1.139281643772789288e-01
7.403850965709635190e-02
-8.470605499984042996e-01
-6.723865152168955195e-01
-9.558672103680141419e-01
-7.305408308246306159e-01
-2.619031178417952077e-02
-5.615064594878185211e-01
3.339426611315581273e-01
-6.499057682735989161e-01
-2.731315837465091434e-01
-9.119183058432960287e-01
5.076737732043339335e-01
-5.275995608296972783e-01
1.511287516926573815e-01
7.191273834685507627e-01
2.413937255485543165e-01
1.278435792790832970e-02
-2.273511628214730518e-01
-6.437887154224799513e-01
6.003928772449023121e-01
2.729947215949639627e-01
-2.629535936087945558e-02
-9.773055326018795785e-01
-3.798402021886742030e-01
6.117119833657764794e-01
-4.250289300107543689e-01
-6.998035725181168676e-01
9.328426945484356025e-01
3.334987789134391534e-01
-4.424028133392188256e-01
5.802863868083194543e-01
-1.641981381868966583e-01
5.818746577290045963e-01
-2.436510735561829843e-01
6.017260475652992380e-01
3.347829484677944389e-01
-3.008165700991269897e-01
8.819117295541036849e-01
4.926273452941971609e-01
-6.612799274311518261e-01
8.472825326402613211e-01
-4.294351480179012803e-01
-5.434893412126557966e-01
4.183733324809473242e-01
4.095768199525382514e-01
-5.633234895476637583e-01
-6.889949922968852114e-01
-6.759830276766152224e-01
3.916893702366468499e-01
-9.933136607672541363e-01
-5.805047012813033813e-01
5.322409729997483741e-01
-4.152607403907553341e-01
-9.556914328271353121e-01
8.391885252988888766e-01
-4.351255696125351236e-01
4.581977544736193231e-01
2.090308386625339132e-01
-1.469568596175041542e-02
-8.267709842791115538e-01
-5.869002593148764380e-01
8.817627862219210577e-01
8.295840568348071820e-01
2.625543929213567385e-01
-7.986193147509834667e-01
-6.824984522176102963e-01
8.489807320179121319e-01
4.399457897674918794e-01
9.946934877305484424e-01
-8.549938926951556883e-01
-7.802497323372046267e-01
-3.079063043717633619e-01
4.464889202626478593e-01
-4.287334735401513441e-01
-3.351674045221968434e-01
8.166337184599188337e-01
5.452850639878443761e-01
-8.853150132750409185e-02
2.961962534271880276e-01
-9.730811404293926437e-02
5.285949028125378479e-01
1.477879003376054712e-01
-1.627978671736363125e-01
-1.553902782274354522e-01
-3.320170021687296469e-01
-7.008400785876769401e-01
3.328232860156687956e-02
-4.796110313918267032e-02
-8.310902484785711586e-01
7.047490137226430917e-02
2.857964081299262382e-01
-5.214887163222781119e-02
-7.919922733541362447e-01
7.643125685873424224e-01
-3.056467793779307218e-01
-2.512793012152116923e-01
1.913005188448080318e-02
9.803298380532399214e-02
-8.089959521006364618e-01
-1.942769096749885627e-02
6.911624152293758261e-01
7.472821964708078468e-01
2.942952713670887732e-02
9.790329779373121433e-01
-3.871687344040672940e-01
-5.028824253924391030e-01
-3.935254461962212069e-01
9.261921795562257920e-01
2.884137576542380454e-01
-5.142692621010704901e-01
6.583217196675879013e-01
-8.019866733605431897e-01
-2.239032371584350756e-01
1.725857912908845826e-02
4.589786416252810142e-01
-9.930149232133733683e-01
-5.410446549833305419e-01
-5.096381514345125208e-01
3.167525892700755463e-01
-1.617208790131741125e-02
1.142813977684908888e-01
6.936503363184014503e-01
-4.670218997126398541e-01
-1.796533295587174894e-01
6.628034184707118914e-01
5.610306147097636753e-01
-8.182106244242390858e-01
-3.342728515885884377e-02
-3.015272510375925918e-01
9.894917367542155340e-02
-2.792529140621282657e-01
8.053825039188100554e-02
-2.406522732532772046e-01
3.035496577098131255e-01
1.928809645211493340e-01
1.794757148422354565e-01
-2.866714396273877252e-01
-1.635748637975429354e-01
9.603475886956758245e-01
-2.431957433575369087e-01
-7.956480628063755667e-02
-2.914214632894678303e-01
