-8.826995668791368654e-01
3.994519709071957525e-01
2.339132928687495117e-01
3.022249256228881631e-01
4.652344401899943804e-02
-3.907126508908729257e-01
4.954792509257925914e-01
-6.246111211487308523e-01
5.325403244548088111e-02
-6.125554814844933471e-01
1.230107058954055255e-01
-5.681955176375257377e-01
-7.315886872413364106e-01
-4.549793917274935762e-01
-4.053305575420762530e-02
3.821130726267401023e-01
1.628564676940722489e-01
-5.760361757146004180e-03
-9.029157271562808784e-01
-8.335961468699157884e-01
8.785080893959622550e-01
5.988853653221535289e-01
9.457588482843750644e-01
-4.875516494918379351e-01
-8.630231744576692954e-01
4.581272309454686997e-01
-5.366634498608036097e-01
-8.792775766999503251e-01
-7.174688623540976806e-01
8.279635623986856263e-01
-3.349055033392005498e-01
1.689739663798406344e-01
1.801058522394738404e-02
-4.355675762257491535e-01
1.450104635529125829e-02
2.421600376560222312e-01
8.164853973248082930e-01
-9.285444049512250331e-01
-5.876483746024394605e-01
6.668009612816394593e-02
-4.948508532488662404e-01
3.489545809798142439e-01
-9.731717101080874510e-01
7.816489537914501629e-01
4.015135607574724652e-01
-5.683669439016179048e-01
9.072150898459963031e-02
1.276830018406438505e-01
-3.326281581049816971e-02
3.223174556906611699e-01
-6.806989126223550457e-01
3.779474390211914336e-01
-4.826941231873704830e-02
1.930565711873759582e-01
-1.005524450887607113e-01
7.879475590470859103e-01
-5.295434461215786648e-02
-9.483698210595770117e-01
2.562396966523892150e-01
-4.691577147152445892e-01
-6.835814438861609332e-03
-4.605256856322028636e-01
1.387202943437244596e-01
-1.274875815229261633e-01
-4.756710563164989747e-01
5.553056158856206626e-01
-2.169871926431827802e-01
-8.530214070103692148e-01
-6.603094286109145727e-01
9.423101391022998818e-01
1.718603944718564147e-01
7.885748476732745704e-01
-9.458954256033684782e-01
-1.386182712260410899e-01
-7.851829696037762041e-01
-7.163370785716427491e-02
-2.457208077703967319e-01
-1.857887071021928627e-01
8.564234297923767336e-01
-5.097325716432516973e-01
9.595641023845407069e-01
8.765802787889265257e-01
8.760005027326891458e-01
8.264209266735678128e-01
-2.135809768597403124e-01
9.743004552911891381e-01
-9.900877603756572665e-01
9.352356409195972109e-01
-7.944458418386626253e-01
3.509693997866012438e-01
-7.787200451619251673e-01
2.504876408015903611e-01
8.362027309305877232e-01
5.877394501862018839e-01
2.626070881527293732e-01
1.179177350843665373e-01
1.135890431212025486e-01
5.428081726245270744e-01
-5.533031437355788729e-01
6.485292455127302791e-01
-7.344856556837406902e-01
-3.562539183233333073e-01
-4.888342130596847745e-01
1.643001759233975179e-02
3.993613002348652685e-01
7.557756943543174621e-01
-9.689366379725015133e-01
7.399837733213141533e-01
3.182025628551738983e-01
-1.296513548038968899e-02
-4.080671509140654241e-01
5.936274601223088254e-01
5.585102507475874223e-01
-3.585135026523709190e-01
-7.568714415946615759e-01
-3.717025035583121362e-01
-7.019991357374935070e-01
-3.423288856632187294e-01
-6.994233229040875965e-01
2.199920779680699656e-01
-6.098672737559462931e-01
-2.100173166517085299e-01
-5.011490984827502437e-01
9.781416662136632745e-01
-7.632652023989727752e-02
5.420868148844439904e-01
2.014109870017859460e-01
-3.712911782465058153e-01
6.090027369556363368e-01
8.048158375792335839e-01
-5.151667630371434825e-01
-4.176101181542701823e-01
-9.310022057708151610e-01
9.048653871248146796e-01
-6.099387988630433632e-02
-1.921858936812590457e-01
6.162037938136222248e-01
6.501148814731982917e-01
-2.477653232715479881e-01
-9.617377445033910011e-01
9.949403436442982862e-01
9.327033029910833939e-01
7.881570546912719522e-01
-1.345350103351119486e-01
9.779334007759830083e-01
2.323488760588290347e-01
8.993914919981607081e-01
6.527097196465097007e-01
-2.091358804292640095e-01
3.126097985524634026e-02
7.418237761400343633e-01
-1.790215891632656042e-01
-1.800697859480304697e-01
1.586010995882589647e-01
9.368948817955704556e-01
-6.195202568853028779e-01
3.084896120861537749e-01
5.208933095644847633e-01
3.276667615125232746e-01
-6.225465153710632027e-01
-9.649923512613356458e-01
-6.216975340744999023e-01
3.194561251654379763e-01
-9.796204214694070878e-02
-7.949563612872263541e-01
-9.498021286895415027e-01
-1.654971465744301540e-01
3.272611013983144357e-01
-6.513279958058875163e-01
-6.929545341000349357e-01
-5.853281323766805766e-01
-5.538802306812935505e-01
-5.430302863330489505e-01
8.192284795465250014e-01
1.413038708331855187e-01
-7.573228513957706021e-01
-5.430295926059136580e-01
-9.629591425887151779e-01
2.513587804363439648e-01
-3.649926599850790154e-01
8.094121027441099070e-01
3.885869080542498910e-01
-4.419946859636405545e-01
5.631145338206056117e-02
7.422390615973673000e-01
-3.607531568143655942e-01
7.963579999161878309e-01
-3.714400707058884699e-02
-4.995616723835329953e-01
4.705656037807113279e-01
9.286940723861845104e-01
-2.490730604134583359e-02
-3.735563495736635709e-01
2.045989405291313012e-01
-9.224187791605407138e-01
7.026853855414878502e-01
2.536601593225285001e-02
1.921088063324607464e-01
2.406728806975453328e-01
-4.200263615316606192e-01
3.354478290227680404e-01
7.428124802548501382e-01
-8.769380976458185373e-01
-2.601833277936376199e-01
-2.419607703791202269e-01
-6.324925465852726525e-01
-2.961873066350668715e-01
7.415020210865641559e-02
-5.367347002972651104e-01
8.808923725650383840e-01
-6.730518184780613922e-01
2.099741264867771573e-01
9.613056691814920729e-01
3.529745029330553230e-01
1.686191852180534134e-01
6.665308013858117775e-03
9.537438535394719974e-01
2.586511550986763108e-01
5.929794587029271202e-01
8.529594173469203788e-01
5.993442107843138800e-03
-5.545890399626633993e-01
8.375890044313649696e-01
-8.663070038791964578e-02
7.995660949549197039e-01
-7.357673028752615974e-01
4.868835989309707735e-01
-9.164122769371552124e-02
-3.851073512846534541e-01
-2.850316298551733851e-01
-1.195150246280043405e-01
-9.937404748192850690e-01
-9.569280312174004433e-01
5.104018449694056603e-01
2.832439820521273077e-01
-7.134305272045415869e-01
-9.273477220877222038e-01
-2.605321960088748945e-01
6.017675935423028033e-01
-7.399635891316835856e-01
-3.422572872215032813e-01
-8.519182904455004923e-01
-1.263136935823183649e-02
4.300690156243354156e-01
-8.613622116873389523e-01
-2.026362802575836231e-01
4.745458401333506604e-01
7.179367452827589702e-01
4.529303331724747750e-01
2.345040772840869536e-01
-9.376896572655522011e-01
-7.233524980705090535e-01
-5.466826635131294410e-02
-9.367292081929126102e-01
5.243671754670198304e-02
2.731406704924264073e-01
1.141667213766288658e-01
-6.663846084842313111e-01
-5.960431400836481153e-01
-4.074120573944755019e-01
4.989255495175743960e-01
4.924825306438695982e-02
2.797856825487332610e-01
9.440421297563075242e-01
-9.636162346526913058e-01
