2.636489525172391879e-02
-1.457541057520295169e-01
-4.186084333418622627e-01
7.990192188520217620e-01
1.320226904660282141e-01
-6.122030987542432801e-01
-6.486782305437011065e-01
5.640452455570463819e-01
-2.499855608274934582e-01
-8.127020676922409592e-01
7.557843002399733390e-01
1.983915198854599993e-01
-2.098031923992582648e-02
-1.680181400324582963e-01
5.720303317904276152e-01
1.839118308416543002e-02
-2.304683984097908311e-01
9.149112621784436516e-01
2.506096594475568651e-01
-3.456948078848547379e-01
-4.802189354429873269e-01
4.218232791286355976e-01
-4.310884134642429810e-01
-2.808078876562762893e-01
-5.612385482612545218e-01
9.958993951300041392e-01
-1.374442940252984524e-01
-4.702544979474998499e-01
2.486614542030982644e-01
8.252264790281265139e-01
-9.149020345647158603e-01
1.126303060272966228e-01
3.211147383183248216e-01
2.263344786340943937e-01
5.182015810597448979e-01
3.707111330289132312e-01
1.877266024661792265e-01
6.371528846156153669e-01
-5.783191577151300944e-01
5.780504894818194739e-01
-6.278975013106862235e-01
-7.299684138402384725e-01
6.888213723300160574e-01
-3.392595658931252256e-01
-2.636797033345363861e-01
3.089216625217687806e-01
3.089249752648650649e-01
2.339901806437103549e-01
1.683523308985019895e-01
-1.867290263762850788e-01
-4.492688812907374984e-01
8.915000147462863733e-01
9.189253762832514383e-01
-1.631400875294841679e-01
8.734992278889919248e-01
-4.657288350921362508e-02
2.672945482777160375e-01
-5.885504458774171166e-01
-8.163726133266873131e-01
-1.463329309630436725e-01
9.923410083623755984e-01
-2.737075067765619707e-01
-8.941784885262265004e-01
7.960124334162765880e-01
-2.393459106085773502e-01
9.717702097559672847e-01
6.254337324639156481e-01
-2.181568548019541254e-01
7.352609761670458877e-01
4.089435256451761092e-01
8.808246978333609256e-01
8.682450706789319739e-01
-7.446014226859041241e-01
3.599682337901732865e-01
-9.806552794274177032e-01
3.079493308623661996e-01
9.697631146135887725e-01
3.581022303483829550e-01
-8.352608943775889916e-01
-7.519222108562491069e-01
7.698033405756201653e-01
-8.977599485558120929e-01
-7.928845586013528735e-01
6.937688311947827202e-01
-5.291390591361182505e-01
-1.884408840714451028e-01
4.848538668481552349e-01
5.185649473627231831e-01
-9.385568346258077455e-01
-6.413709673377163689e-01
-8.319780809337458116e-01
-6.406476448324081030e-01
3.208958796237328936e-01
7.699876753743737368e-01
-1.228789477267338004e-01
5.562280015295415492e-01
-9.342306032847964570e-01
-3.374620054334478425e-01
-3.897041658399584829e-01
8.131735115614591169e-01
7.237524567383339935e-01
3.343925893489421153e-01
-9.096061271284190397e-01
-5.536611714281662877e-01
5.795478748130062918e-01
-1.376294300705716012e-01
-2.928885817455373353e-01
-5.496009724037642652e-01
-6.023290428624410442e-01
-3.358933744206322736e-01
7.602148134163504434e-01
6.288391616287931640e-01
-9.333801265753947085e-01
8.187424924132662429e-01
7.664760175043785484e-01
-2.995667969183637425e-01
5.616503284413079111e-01
1.866746419924640854e-01
4.682898335231511222e-01
5.852272404676654993e-01
-8.495355845734846589e-01
1.114522813534768453e-01
4.480083894449933268e-01
7.887545853964821330e-01
-5.929710114834807477e-01
-1.930615814099729821e-01
9.351946106639892342e-01
2.849466297272582604e-01
-1.898464369274848185e-01
8.165797227712479067e-01
-9.251159407499429665e-01
1.542243761132320312e-01
2.568517544625339433e-01
8.480043446325771228e-01
9.457275127784583457e-01
-8.771505473662057906e-01
4.259980773001814658e-01
-1.547161230792548636e-01
6.026252172878867608e-01
4.453320665933542255e-01
6.029631483867587960e-01
4.070790881047341436e-01
-8.945817401821174464e-01
-3.070447270847314059e-01
3.032969799712401660e-01
-1.957194837310878288e-01
-9.139086519085406479e-01
5.055425375043902658e-01
6.133285581357914573e-01
9.737629149034376930e-02
4.654752265257633415e-01
4.058328552403580591e-01
-3.622624261554543423e-01
6.706491111773742464e-01
-5.422068750500501633e-01
-1.119679038296101936e-01
-7.777969291107345029e-02
-3.421505750264353107e-01
-4.548543105707825163e-02
-2.249602817623386208e-02
-7.713643764190327712e-01
-4.030774837761708085e-03
5.813527390479327206e-01
-8.863080943510195375e-01
3.942768921145971550e-01
1.777385512979745563e-02
-9.876090840274636129e-01
-3.242142002950898494e-02
8.871633291253597786e-01
-4.448828400630102653e-01
-5.913071175213446828e-02
-1.675902612178004070e-01
-8.295637099567516604e-01
-6.709998706268156532e-01
-5.974220885443430884e-01
-7.734992466009282808e-02
8.485828507541783861e-01
7.130204026363304859e-01
-9.037119394157517860e-01
-6.050920762873988057e-01
5.467199446350783365e-01
6.059677214581746796e-01
7.416275387941739794e-01
-3.436475109198890987e-01
-7.515129530133539681e-01
-9.250273527828778430e-01
-8.855165471216737139e-01
7.219419084025215927e-01
-7.853739098181184985e-01
-9.594630563421520097e-01
-2.008813359165504409e-01
2.077308546978267056e-01
-7.129520800984512352e-01
-2.176699038385889740e-01
1.430560263909168572e-01
5.101236733838565574e-01
-3.044758010674655235e-01
-3.494983067262622534e-01
-9.850196189256890111e-01
2.473584423826602485e-01
6.028576330099189029e-01
1.417433539304226997e-01
-7.039036046334106178e-01
-6.667959073953950710e-01
2.283541680526612883e-01
-5.768911119872484061e-01
-5.276631095542552163e-01
-8.840911582754356068e-01
4.432376967059086237e-01
-4.444224240361061007e-01
-5.515156822106896950e-01
-1.588068052592999102e-01
-5.717343746741541111e-01
3.795812160907117150e-01
1.209770904135654135e-03
-5.477087663498991787e-01
-7.187164789976197010e-01
1.001076912919254269e-01
-1.023103115849821609e-01
-4.225607592922482336e-01
-7.957706846157870384e-01
-7.150602516560289335e-01
3.666594858132015133e-01
-6.626109939706492646e-02
5.488883675181153166e-01
3.667088738695336581e-01
-3.591656856792397878e-01
9.291069877912392361e-01
-4.535048830797865360e-01
-9.155274041889758241e-01
5.377475484015228346e-01
-7.290593738928929923e-01
-6.733558156808339135e-01
2.212511975018403021e-01
-2.552151598998158022e-01
4.485112895049343518e-01
-1.605029538888165241e-01
-2.616944634213422827e-01
-2.710402725121616729e-01
-9.085816377750484119e-01
-1.456963663767147921e-01
7.416078601459148434e-01
1.871132155132728681e-01
-3.180290767758957582e-01
-9.485330751339504651e-01
7.984835744822951220e-01
-7.888309962019612875e-01
2.123891886187692091e-01
6.624992648224508063e-01
3.313354608540146629e-01
-7.198539343148344649e-01
-5.352885469767099114e-01
7.699914791799722380e-01
3.838095791640248056e-01
5.450901132129124527e-01
8.405949642747874151e-01
-1.036651374052259822e-01
1.135388935452663617e-02
-6.036289619321260069e-01
5.136907087350903733e-01
-2.293678892652522006e-01
8.394607617956515444e-01
7.945569942953798481e-01
4.793624444600030898e-01
4.868561877569064222e-01
