2.098462067130411057e-01
-7.913090514169849321e-01
-9.338614435723040508e-01
2.603611006491259872e-01
-7.194685197237882246e-01
4.801123189699392224e-01
-3.478727455826962078e-01
4.115515912484479788e-01
8.426483121973684653e-01
-6.851949390329299394e-01
-7.156760395262826702e-01
-2.035737241320234592e-01
5.594121048197977508e-01
-6.339678352734088307e-01
-3.973787123593737203e-01
4.564351985948578161e-01
-8.082196065087510206e-02
3.227076804038910840e-01
-7.431128886253406396e-01
1.992722084843343566e-01
9.448318624427995971e-01
-7.461014740059268568e-02
-7.362035241772297844e-01
5.727902428894904308e-01
7.544530716031445650e-01
-5.095037975026392996e-01
4.976984740240926186e-01
-5.785175800501587418e-01
7.881619592118440654e-01
6.038121299744541037e-01
-9.736080765406620596e-01
-7.434886203110984138e-01
8.989642065993701525e-01
6.543354668185930034e-01
6.830957732266726978e-01
-6.794403794105401406e-01
-3.372939231046800934e-01
-2.523948964980915477e-02
6.335450428994668925e-01
-9.852332814166648856e-01
8.449468489528055848e-01
-8.679217481030838677e-01
9.708562371660427459e-01
2.122954958912948165e-02
-2.277620311412644760e-01
-5.758996274917440594e-01
8.356460363394109248e-01
-2.973654393155913400e-01
8.417975585217951640e-02
-9.778567736391639009e-01
-9.572700911794811418e-01
9.557142298479615050e-02
-6.896940441768169006e-01
5.458892140265780846e-02
-1.714389736087624794e-01
9.289389321151100276e-01
8.575048688821484966e-02
6.059562419851007853e-01
2.502114949365508156e-01
-3.844599994759509975e-01
-9.709514007240145350e-01
-3.614322125684592546e-01
-2.906225710007674934e-01
-6.624448749113209800e-01
-9.121819538000270899e-01
7.331904520283774040e-01
6.527537896105115589e-01
-5.538540410369356959e-01
1.306516309296086309e-01
-5.125840692669989540e-01
-4.745587071667500823e-02
-3.736754012481893206e-01
8.007132237303262734e-01
9.082359732621771986e-01
8.580236879262761462e-01
9.601821962542094191e-01
9.587166570996201731e-01
-8.197497183121382758e-01
-1.151652958472637600e-01
8.824249201638214579e-01
-8.614250308068658324e-01
5.566363337709481218e-01
8.617585609496947185e-01
-6.096614277018819195e-01
1.424125957374773321e-01
2.828521408538819948e-01
-3.615409042924182526e-01
2.303399335968991934e-01
2.374635797929072201e-01
-4.701189469902788964e-01
-5.174388407061185635e-01
-2.619937370948668409e-01
8.356168412571995940e-01
-1.895670771072894834e-01
-1.978631753159336704e-01
-9.365059871871270758e-01
8.585645410742595018e-01
9.477170826846306184e-01
7.103237209135060404e-01
8.019793030945983059e-01
2.113710787355800313e-01
4.400267093271932328e-01
-5.142594282225545488e-01
-6.015652944511731270e-01
-9.374799720320010632e-01
3.531167047840126916e-01
8.025291168695065647e-01
-8.066368386924365197e-01
7.014402588479042855e-01
-1.573399567988591485e-01
1.987703303743648675e-03
8.978548438280942179e-03
-9.250104763851723089e-01
-2.555992867096288368e-01
7.099364383189519234e-01
3.794405490229697531e-01
-8.525771331694165234e-01
4.471353130485731242e-01
-8.379753001164698123e-01
8.102619746945196599e-01
-7.549791857657746075e-01
8.350845733376477398e-01
4.016118126681915701e-01
-8.589648540799488252e-01
7.852263734767248593e-01
-7.492823789677223179e-01
7.053610538006653830e-01
-4.158308910474335374e-01
-7.749551980359115078e-01
-8.325998691983327316e-01
-3.584350827224551672e-01
-3.649949279725699380e-01
1.406991032657078922e-01
-6.178432564255795789e-01
-6.191122651902205565e-01
-4.227817486745153452e-01
-8.922060037510175512e-01
-3.668105869311575340e-01
-9.991547796860007491e-01
1.580942765840598341e-01
-8.617423196847622258e-01
4.755449709449830475e-01
4.378382731161967190e-01
9.091813578771992255e-01
-3.126609195153864373e-01
-9.642685264610033613e-01
-2.724398027471854888e-01
-5.869782637874876308e-02
4.665082614851578935e-01
-1.560003198881048103e-01
2.242200057102863298e-01
-5.208736204761943434e-02
6.544495057905219682e-02
-2.671370668290191652e-01
1.862273215122696168e-01
5.312258979350774624e-01
9.701041763591959910e-01
-8.312129545440452016e-01
-4.267936229062172515e-01
6.814907191581618395e-01
4.966135585647288853e-01
2.140247975548772441e-01
9.964220064218982653e-01
-5.921025364724095130e-01
-1.182513071086941370e-01
1.666040768158136842e-01
-8.439126979000086681e-01
-2.515831368613772323e-01
8.971488655671588930e-01
5.721233253235800120e-01
8.068809760598316672e-03
2.289657851833617475e-01
-9.405714734665431287e-01
-6.097921746622392281e-01
-3.297141251150244035e-01
-2.192067304632090430e-01
-8.410318967863705808e-03
-6.067489777435000065e-01
9.906137079638712706e-01
-2.250792816590907464e-01
7.731868241712329670e-01
-5.676317147250953266e-01
-7.544630349193715002e-01
7.083466279951444733e-01
-2.520568957417725908e-01
9.174052803761920671e-01
-8.713061762358549345e-01
9.533907869619724362e-01
3.911756948740647832e-01
1.210753478110699888e-01
2.523120089964245860e-01
8.005565489554333780e-01
3.097551755528573647e-01
-4.148959782863397283e-01
-3.619001969473349956e-01
-1.879168888216842248e-02
-6.180122211355150164e-01
7.143049166979376086e-01
2.484141335313923005e-01
-2.137264537376963869e-01
-4.701149815881946470e-01
-5.786692047550143769e-01
1.079888838171800813e-01
8.858490773099545468e-01
1.103557915036663672e-01
4.017168553346239790e-02
-8.288926275531471877e-01
7.464681764223022320e-01
-5.518951621148531217e-01
8.169409507623981437e-01
9.607145371175751514e-02
6.342999481987197097e-01
8.190651595849183231e-01
9.273242826580911924e-01
-8.421351005123838274e-01
-4.500611200202051521e-01
-2.146893760535826257e-01
8.117850247691444920e-01
-3.723837282436504026e-02
7.891221532394243621e-01
5.619504830834627374e-01
5.393479283472835117e-01
5.931497318945044839e-03
5.650647459852136123e-01
7.522789618167633474e-01
3.458786567313021365e-03
7.366920503570395518e-02
9.190905619536460236e-02
-3.574978631441905197e-01
9.868119930123189221e-01
3.070075500458193662e-01
3.372055808631446716e-01
4.247551088663197305e-01
3.596873717112918367e-01
-2.092088432127896525e-01
2.390819796253487173e-01
7.933887871417990567e-01
-6.786994042692939821e-02
8.058005008037427697e-01
-3.709335880712829603e-01
-1.787889343938577902e-01
-5.070704325393806666e-01
-4.334556193092604648e-01
-9.614391681223570796e-01
5.289417074457165580e-01
-2.227109093421590913e-01
-2.914064991908336122e-01
-8.808036106529433251e-01
8.887115429434675473e-01
7.305981907037357725e-01
-2.727779318476879489e-01
-8.162734430358915549e-01
-9.498010252532822495e-01
-2.091826568049499624e-01
-9.032797985075269320e-01
-7.592240678369890361e-01
6.659072683120870195e-02
4.827370170334694954e-01
5.633948622841034037e-01
5.519129879603255073e-01
-4.560366070270578387e-01
-8.489252404697942289e-01
-7.199603739964752780e-01
-8.984179125893758666e-01
5.897238913915636704e-01
