-1.350934984976410735e+00
-1.381111969602203615e+00
-1.404992560897537768e+00
-2.007878194523663673e+00
-9.843143322255953898e-02
1.856121919080683247e-01
9.819522048813476012e-01
1.857063573314222005e+00
4.386664037720333198e+00
-9.265308265452661951e-01
-1.645183285286792585e-01
-2.073259080577901647e-01
-1.022628045375337358e+00
-4.417756854851448978e+00
2.021137053983768972e+00
-2.856497394409871937e+00
1.465562780609361626e+00
-6.918162959763529685e-02
-3.204782366204047550e-01
-8.953559243576835192e-01
-2.824530470585896236e+00
-6.931049501642840838e-01
4.689533906282369102e+00
1.036283989674775974e+00
9.997119506757232710e-01
1.442519919976555043e+00
-3.876820641401688139e-01
3.406635514386563202e+00
-3.239805212566174042e+00
-2.860205237041874682e+00
-6.020833285939619639e-02
-1.178881097408831291e+00
-3.215003032447047993e+00
-3.983853053001830347e+00
-2.182880226187996264e+00
5.069811015663885367e-01
2.895497640617939794e+00
3.763767397802128656e+00
-9.619277540614497024e-01
2.962470602992103075e+00
6.580806836217123479e-01
1.537682164548428876e+00
2.552268897675893378e+00
-3.307902147687640237e+00
3.145634108154260922e+00
-3.834932865196833962e-01
2.930351483599256568e+00
2.385099371311560468e+00
3.686966385214141440e+00
4.429584808970631338e-01
8.554033061497772206e-01
7.098767991504708608e-01
3.770679417639422049e-01
-2.063272264001034806e+00
1.208594718361645226e-01
-5.259885115129887545e-01
2.514510943494285833e+00
-2.115834778185672782e+00
-3.314034872897100747e+00
2.445604563918103658e+00
1.796102982820904970e+00
1.437218089360529749e+00
-2.085510851214368522e+00
-3.495663115976070934e+00
-4.219299227343439540e+00
-1.152831329769882007e+00
-1.445251463287758664e+00
-2.776404159493609747e+00
-3.248953053475212904e+00
-3.279984377969787257e+00
-1.249591606694567592e+00
-6.395922489278043077e-01
-2.528111453462097202e+00
1.257726002559386158e+00
3.711068026564249278e-01
-2.011256095148238110e+00
-8.073592627982641989e-01
-2.315736524390548112e+00
-2.264527762881805906e+00
-1.429496750899195145e+00
1.318543282013278972e+00
-1.275784239155960620e+00
3.985071637765866370e+00
6.879670940390514300e-01
-1.360720658506161751e+00
7.874397869908603687e-01
4.191287864797880180e-01
3.236782984340256242e+00
4.182726063996533128e+00
-2.990339615812516172e+00
3.401122518001669537e+00
-9.773315997278797518e-01
-7.700090790321725276e-01
-1.444348616123343199e-01
1.990134928994721775e-01
1.752927156555770027e+00
9.447797538962938724e-01
-5.543231290176113824e-01
-5.271832444056795630e+00
-1.601099237213102211e-01
-1.282157164732248056e+00
-1.830447369657610679e+00
1.298266086649502604e+00
-2.821038953744941402e+00
-2.153825404540866906e+00
-3.146748225174549329e-01
-1.334007434633790012e+00
-8.092847873898412203e-02
-6.661988280601713885e-01
3.012152110979336994e-01
7.628082337405106550e-01
1.559634137556624722e+00
2.118156573993778546e-01
-5.802455879718906306e-01
-4.200879617579415637e+00
-2.103870959221970094e-01
2.134369759334543204e+00
-1.639078838247288505e+00
-3.255447699901202085e+00
-2.699435524101312822e+00
-1.161646553718882480e+00
9.037721833164731322e-01
-6.388074962355760888e-01
-4.112287056703721744e-01
4.564497439267361401e+00
2.138829409840648843e+00
-4.296649611170131777e+00
-3.435280488187196779e-01
2.292263447690024769e+00
9.470421022162132108e-01
-7.326050969437660765e-01
-8.602970189329883777e-01
1.067860736072514527e+00
-1.506495308740767758e+00
-4.021281909392937948e+00
-5.041907037345469078e+00
-4.289497556954598778e+00
-3.162382332970546717e+00
-4.482964744490480768e+00
-5.634578218058767796e-01
-1.488231885623307882e+00
1.514287194826909211e+00
-3.401950063199032481e+00
1.181914841461745969e+00
2.411484914140014091e+00
3.448284022704961593e+00
4.570370039257619865e+00
4.101160342384082114e+00
-3.477346113726794918e+00
-3.715031897877068001e+00
-1.141752543234972439e+00
3.637671719799289605e+00
-1.740751850803059053e+00
9.321912111601099449e-02
4.364629091598255073e+00
-7.855775990675215592e-01
2.803147784642434637e+00
-2.295612754938765043e+00
-2.415308943332084901e+00
4.704333642946144423e+00
4.906905112820528103e+00
-1.721457098736338676e+00
4.821830349885074085e+00
2.284592780015532121e+00
-4.458414826859664615e+00
4.039525838958775594e+00
3.316808142257218206e-01
2.560035786715685546e+00
-4.572890532313104828e+00
8.942758403586434368e-02
1.403679232186194614e+00
-4.325298752018078119e+00
6.896768979961105384e-01
-8.699292038151316131e-01
6.513984621022725907e-01
-1.620581333357008713e+00
-2.468851257552850065e+00
1.957589292281944005e+00
-1.104523495592246274e+00
-5.416186395711433677e-02
1.048263720055860659e+00
1.937704650137178908e-01
2.327576866023782109e+00
3.646387250116422951e-02
2.368213520697194596e+00
1.551911978014801186e+00
-4.888150150983737063e+00
-8.500292015908643695e-01
2.003906603754214977e-01
2.547712614537912756e+00
-2.422828148966639006e+00
-7.744200766362452359e-01
-5.193871344195164497e+00
-3.039251055790877842e+00
1.789531444830660289e+00
-7.759853131180711738e-01
-2.693280900536519251e+00
2.233039185006434835e+00
2.182968997453021309e+00
-1.112717780220694674e+00
-3.608259035657569669e+00
-1.964782848963809503e+00
-2.050858734036416497e-01
8.709427678256650429e-01
-7.671744898472819818e-01
3.771029713974371589e+00
9.207345602114561101e-02
2.522554959202662594e+00
1.551613731117982287e-01
-3.020616167632550919e+00
1.455223131642498835e+00
2.378570494439272487e+00
1.417576919356967391e+00
9.797487283715909934e-01
9.038291138153851101e-01
1.180057323870826735e+00
9.542190573755156002e-01
1.394752439411947931e+00
-3.357163942902222420e+00
-1.288119468536873757e+00
-1.634761718660290075e+00
3.250116385910320815e+00
-2.057466424473994415e+00
1.463259363162977000e-01
1.048783753928358209e+00
-5.748184321506053518e-01
-2.390924441510382081e+00
-9.644755746706156208e-01
-1.294942211922273323e+00
-2.585046345904154386e+00
1.798413456414603928e+00
-2.404169381795808746e+00
8.829154155357979983e-01
2.751586292120358657e+00
3.447602479049933777e+00
3.164519264167693358e+00
1.983814037861759028e+00
4.639979693421716789e+00
3.392525913473507515e+00
3.176914230796668015e+00
-4.381386833766155675e+00
-3.145881869781156581e+00
1.399812387608900810e+00
2.827742289770601936e+00
6.820044809077636661e-01
-1.200436975628760283e+00
4.857797301770768073e+00
-1.645169413863119878e+00
-1.841295901187097073e+00
-1.062181153921045507e+00
1.956457786240400343e-01
3.394239378896858561e+00
-6.764511538368367383e-02
2.242145585681887265e+00
6.524422397306037791e-01
-1.188573296441331473e-01
2.731742375033331616e+00
-1.142950414890788746e+00
2.838757360877677272e+00
1.133841136624487600e+00
-2.459937297505091713e+00
-8.538286272338895255e-01
2.905478108987881392e+00
1.245952207904130471e-01
2.099139414581048690e+00
