8.726547819311443188e-01
-4.781355997079377307e-01
-7.532279712232854418e-01
-4.151899816475781435e-01
-9.100236191030761645e-01
7.335397065435191877e-01
-4.660676071628726547e-01
-7.860086932991010578e-01
-6.163381970904660001e-01
3.386776163927045502e-01
-2.437607160830286279e-01
-2.405748058610650553e-01
-1.195626177355286757e-01
-1.556318887018852681e-01
6.588081219682524470e-01
8.480305069055480427e-01
6.075631162308077204e-01
-8.866473234427862948e-02
4.212755883239496235e-01
-8.819509702176171473e-01
-4.722245149795063490e-01
6.445286425981313627e-01
-4.643342407813098038e-01
3.628375588799648277e-01
-2.553943094783730494e-01
-1.638613701321229854e-01
-6.516754908081434650e-02
-3.522650895050392084e-01
-6.179559222662720508e-01
-3.303180756770291993e-01
5.431056014921042951e-02
-6.980715744123124900e-01
3.504007117138607796e-03
4.981881288067990798e-01
6.827777780295614107e-01
6.873058050586631218e-01
-3.275506992295929010e-01
-6.425003054155455917e-01
-7.846199437365151130e-01
9.270421565002173736e-01
9.049276115241704499e-01
7.586117904974094550e-01
5.712535786801147264e-01
-5.279664936218593230e-01
5.572171330882780271e-01
-1.025009688583906620e-01
-2.093054307507424827e-01
-2.786513747471193181e-01
-7.518219198098785583e-02
-6.377172503833214989e-01
-9.885437315800584823e-01
8.217323096721500519e-01
1.159719555590652540e-01
-7.304912625802406634e-01
-5.163625748725397813e-01
9.406678854279562074e-01
-4.787541372693135955e-01
5.200973527227841231e-01
2.737915958921237625e-01
-8.461487526291433525e-01
7.281861079064093634e-01
6.871867047449851107e-01
4.478634186536969430e-01
2.943279919388610555e-01
-6.579435713966703680e-01
-2.218614841753960842e-01
-9.969808553027910136e-01
-4.633274844055044195e-01
-2.467084552036784562e-01
3.804165798164340639e-01
1.153835059934655849e-01
8.510324046923698482e-01
-6.556673108905526348e-01
6.897242942389887332e-01
3.862816937670126016e-01
-2.000395862249344514e-01
1.664482583983553088e-01
-5.125827953044816976e-01
-5.624928429372697547e-01
6.557688577860631973e-01
6.298346193894621692e-01
-1.103784179607698590e-01
6.075956619253886082e-02
-8.473645677658625530e-02
4.254911512617236546e-01
-3.243366348966609802e-01
8.015618950823795164e-01
7.863986637231623611e-01
-2.104779854903162661e-01
4.835397677962993690e-02
8.118948908941492348e-01
-5.757034427699228019e-01
-5.123117723286618741e-02
-5.855085566932893837e-01
-9.549590296778958098e-01
6.475079658992806131e-01
7.058395070079159783e-01
-8.026155923835154304e-02
1.815524166055839661e-01
-5.640702136484072593e-01
-7.854640441399365347e-01
-9.425811964973540569e-01
4.325657928198241020e-01
-8.483299311771899109e-01
-7.793964229629564144e-01
-4.676093518898636336e-01
6.669868979577531221e-02
9.396459529455989390e-01
-6.033905309004230499e-01
-8.629372566279629453e-01
7.766743203244448335e-01
-9.330729356379345862e-01
-9.807618355139464672e-01
5.345565840207533448e-02
-3.215506224675213076e-02
-8.248271765803190103e-01
8.749849859470661961e-01
5.141686146948296621e-01
1.721104870704264211e-01
1.242653237716795367e-02
-6.738222613342199629e-01
7.636845906520512983e-01
7.895392089885162612e-01
7.195239405262014998e-01
-9.799948500513468996e-01
3.830898855852082896e-02
3.796071920136392386e-01
-8.258715369899229941e-01
2.549076896198647635e-01
8.184032313413858173e-01
4.648158832929141226e-01
-1.611043781651317897e-01
3.676329650153502548e-01
3.049378043493997659e-01
2.332689478919156567e-01
8.154550707295262768e-01
-4.867641725107896278e-03
-7.801139153771468049e-01
-1.372046882201578555e-01
7.627214032325910775e-01
-2.382422859025723483e-02
6.443721733352569814e-02
5.372796419556977732e-01
-2.641717599491830715e-01
6.279760128228519811e-01
2.832539968057234958e-02
1.928065118228883268e-01
-7.077187475293416075e-01
-5.790590323837350173e-01
-6.237000134974035603e-02
3.393036405693317104e-01
-9.646128489157932417e-01
6.040859416919246438e-01
-9.224791701441223957e-01
2.646930898021770950e-01
5.395427165216837295e-02
5.029658808528423286e-01
-6.162078941190187731e-01
2.695287344398524798e-01
-2.419300923489753341e-01
1.070081829544036189e-01
-7.553825445444675157e-01
-1.755906145094254800e-01
3.020885329127516172e-01
4.432234520368913966e-01
-5.394432870749275022e-01
-5.513499844362221847e-01
-6.296785054946056892e-01
5.972717745969633452e-01
-3.318436970749094606e-02
6.855811135419986879e-01
-2.064028040914813733e-01
1.504152081489913417e-01
-2.018665007013227264e-01
-4.838051655575794641e-01
-5.285081973522192111e-01
-3.865335567348089363e-01
-9.094283416802120268e-01
-8.092113345753890741e-01
-7.568989776247090351e-01
7.185651072006589146e-01
1.337873024167088865e-01
-4.202324193046789169e-01
-1.236429348176921739e-01
8.607253473782783271e-01
-9.520336413613019744e-01
6.483806537432705852e-01
1.173203545574463824e-02
7.502439105363301053e-02
8.737630206465605287e-01
-4.131805824356520329e-01
-8.483153484973018355e-01
7.395690867730098095e-01
-8.716575458786837149e-01
-1.329675175669573495e-01
1.501528313385345204e-01
-7.149519271801483278e-01
-4.555906983149204947e-02
-7.503523794608233377e-01
4.295582682930316754e-01
-1.415492707265955108e-01
-8.874701639622035731e-01
2.896352054710544799e-01
9.079081795885173278e-01
-6.959779925576048409e-01
-7.655711337537891570e-01
2.653056041984385161e-01
-9.163136987372950681e-01
1.689237496939726135e-01
7.153556547368111751e-01
-2.239458713254711686e-01
2.572588933446966486e-01
-5.194413133261450710e-01
6.270372892841413748e-01
-8.435097580082733248e-01
-3.282206385054564635e-01
2.673532481971354624e-01
7.242094123164051211e-01
2.392098401704931820e-01
2.423180912362639106e-01
-5.921055523268792253e-01
-5.210924770540286133e-01
7.454348613014598612e-01
-1.444823772278804874e-01
1.799615720897727034e-01
-8.661009673173087897e-01
-7.399999006974256055e-01
9.232194869969749806e-01
2.142819358391365725e-01
-5.900714258040802296e-01
-6.218273017688613624e-01
-7.854240673553445351e-01
2.216529933219857362e-01
6.601079634763962201e-01
6.212893299728636798e-01
-1.632799429924816081e-01
-1.132766467655157427e-01
-2.746646289814975717e-01
9.005570943680394347e-01
3.329612717669909738e-01
-4.380634865837789160e-01
7.697098673745794706e-01
2.910444222240728962e-01
-5.568870864632740059e-01
-4.053044129098339887e-01
4.126598723689811621e-02
-4.587927263501627717e-01
-2.326304709341626697e-01
7.642754079000482204e-01
8.542405695456345427e-02
-4.454308167886087411e-01
8.174858735328236481e-01
-4.101405039359007354e-02
-2.748890744279848253e-01
9.770952817678451030e-01
-2.106954343684508402e-02
3.783223406688107637e-02
3.816753614547474527e-03
4.040204328961680691e-01
-1.644780058652028920e-02
-8.317642070516462205e-01
-8.014186175313042781e-01
-5.933531612067368677e-01
-1.649649009914133657e-01
2.217547424702916992e-01
