-2.039973642350161598e-01
1.588021925730236650e-01
1.290237515638524290e-01
3.035858771753804364e-01
-8.600482865914347297e-01
1.181997641402745547e+00
7.470566836351970608e-01
-1.856225441646217889e-01
-2.022741852080756075e-02
5.739058901830211834e-01
6.748147625296277985e-01
3.965717455487061116e-02
9.896398203954406281e-01
-4.526309555930542183e-01
-3.503974189464847955e-01
1.255042531967531350e+00
6.912323453404848328e-01
-1.270510935459721491e+00
-7.251617102969879491e-01
1.144471067197972314e+00
-5.268714796075888440e-01
7.911489559761040180e-01
-1.991650688905271249e-01
7.510991640459382390e-01
-6.698269368319056394e-01
2.804341823384093879e-01
8.769264555510323245e-01
-9.326342131542988412e-01
-3.615261561301119642e-01
-9.000755709489558498e-01
1.182300634215329493e+00
-1.053710755799883936e+00
-2.260797307920336952e-01
-1.083312833986066703e+00
7.211907291975384604e-01
-8.106390839273039939e-01
-4.708478119708163767e-01
-5.709583369882039738e-01
-1.005518512641693452e+00
-3.368362920790466952e-01
1.303786200790708394e+00
9.899649446572493794e-01
-2.141388256481739916e-01
8.045937385701695810e-01
-3.193361682631682408e-01
-1.866682270197951299e-01
-8.079766569385151698e-01
9.077951310937322216e-01
1.349491736685985321e+00
-6.246814073572540815e-01
1.655947157932880776e-01
5.497461364935110062e-01
-1.167628504004590173e+00
-4.635570460378046764e-03
1.243855623061550064e+00
-9.527367857546193974e-01
3.750937057565678634e-01
-1.079113681208185849e+00
3.621299492309805190e-01
-8.736897925168506385e-01
-5.436517905029869535e-01
1.979678170253499347e-01
1.036316435537803171e+00
-2.890701837356088877e-01
2.401791930885607829e-01
-9.155911905290082808e-01
7.719405490014403792e-01
1.165242505386231864e+00
4.687627621240363363e-01
1.176142086299051925e+00
3.109418550560773264e-02
-1.032939897781332217e+00
2.998251497765760942e-01
-9.276694612576788512e-02
1.082177097833375012e-01
-1.077601622978214380e+00
1.155588895501228563e+00
-1.046022812534608493e+00
-1.017573193882610472e+00
-1.004151816143073805e+00
7.457981837665688118e-01
3.900208355230929680e-01
-5.961908214734671363e-01
-4.632083066809147276e-01
1.085146221910487652e-01
4.742107476438051084e-01
-1.270029922206883821e+00
1.127124147554769529e+00
-9.756734725561162502e-01
4.691675161312858222e-02
-1.240660993203723805e+00
1.011312774685709126e+00
-1.133363588151917511e+00
-8.839287379819982249e-01
4.784986410756840725e-01
5.960992395854433079e-01
-1.005153147474336039e+00
6.594387019416856344e-01
-1.045981367674024387e+00
5.216930559902210884e-01
8.684009468401376886e-01
1.330991565858791414e+00
-5.722203910199383792e-01
1.099302583182375725e+00
1.324442971180759265e+00
-1.011502243107000210e+00
-1.104701251380405091e+00
1.225371109861332464e+00
-7.961160306156456201e-01
-3.266245056716172157e-01
4.794438653000998585e-01
6.954078637007932162e-01
8.208057474914438600e-01
-1.135240886023423101e+00
-9.107250973182117182e-01
-7.577094812038158711e-01
-1.118796007867413067e+00
5.411957621638554539e-01
-9.228984543898791637e-01
8.195510411728912370e-02
-1.071334190646655138e+00
-1.403381432584279720e+00
9.728244088541624368e-01
7.568322932296791539e-01
-2.635246395211655046e-01
-8.705595064516867820e-01
-6.508852463788727949e-01
-5.213340765306172520e-01
7.205341285280135732e-01
4.744493715188002891e-01
-7.643636696611011416e-02
2.561036930273583034e-01
-9.741635895755280661e-01
7.033279458410381935e-01
8.309979883816818180e-01
-9.391329701955550835e-01
-4.997582477264637113e-01
-1.180028414787251734e+00
-9.687912110370948682e-01
7.957525850199058670e-01
5.385991701282566435e-02
1.003673871198872858e+00
-6.511314282363618311e-01
8.588480660741224515e-01
-1.017796103096995974e+00
-1.797928480212764857e-01
7.639064489864566543e-03
4.574552095540501684e-01
-5.838045866480150448e-01
6.690472575718958703e-01
-7.002181550115379460e-01
1.197982100186077314e+00
1.057444729362440050e+00
-8.632845827788356852e-01
-5.669884345010922644e-01
-8.986746113835216709e-01
6.395824438174975146e-01
3.310194427424780761e-01
9.474748821867969850e-01
1.326501983996364098e+00
6.977047632583471826e-01
-1.524102047252944292e+00
-9.231350339081771939e-01
-1.032650864946925040e+00
-8.549007142527123015e-01
6.037053254551312254e-01
4.537229485700698950e-01
-7.079294880114122002e-01
-2.934502494034610942e-01
-6.647632407647539043e-01
-1.096203399660430788e+00
7.916487300795956861e-01
-5.030474939762876740e-01
6.670506572792308519e-01
-7.274095118985566266e-01
-1.161050252907009028e+00
8.480081570932944679e-01
3.407955237545920446e-01
-2.450432576686212283e-01
9.742741898566851244e-01
4.749841137567252791e-01
-9.533238919008522050e-01
1.417807443547028090e-01
-1.054034258239277877e+00
-5.315026913197254399e-03
-2.281800279896772921e-01
9.320490897822228948e-01
7.635505870207168755e-01
-6.543165612289343347e-01
8.752541832488373030e-01
6.724867655426680635e-03
4.150262418172925294e-01
-1.045884428749488393e+00
9.626822348430135179e-01
2.825926948592621946e-01
3.995535699081880776e-01
-7.714028332523453768e-02
-1.825004400010502570e-01
1.020499175830576588e+00
1.149370493633390833e+00
3.388001170074591561e-01
4.166389483223778001e-01
-1.179701432904221164e-01
-1.877106444737478008e-01
-1.205177696042465607e+00
-1.250854845146383565e-01
-4.747169744606944963e-01
-1.623618849547839860e-01
-7.636649639638501963e-01
-4.163461198231952487e-01
7.713433953244004382e-01
-5.878148413231616409e-01
-1.665462908550871535e-01
-1.042619775878759203e+00
-8.875983193009671091e-01
-4.451793355837052601e-01
5.839374265294836608e-01
8.676960866456798205e-02
-9.445286280251401212e-02
-1.189989644601888719e+00
-3.817958634330931855e-01
7.055599677102115663e-01
-3.205712069964401500e-01
-1.795327366781784839e-01
-1.174171143545667650e+00
2.691538196991576370e-01
-3.228330316086537310e-01
9.880904136403971805e-01
4.065213297355069755e-01
-3.312902451217478728e-01
-1.299488689646096207e+00
1.564961604162364572e-01
1.333179494941994780e-01
1.261114289409752676e-01
7.375277366483552477e-01
-1.715521260529482006e-01
7.592631510130285477e-01
-2.257221553211490317e-01
-7.281560868065666270e-01
-4.967467764744343262e-01
3.629323265245422703e-01
-4.031303308710965094e-01
6.499982879869723451e-01
1.085662620379105991e+00
7.924401875898635650e-01
4.931339557151452890e-01
2.027060639053733793e-01
5.507646018538200350e-01
2.606833292600717611e-01
3.672169492280363823e-02
-6.467114067756820628e-01
3.390577079245274961e-01
5.995647143905017407e-01
1.029184835216382821e+00
8.575350824323015875e-01
1.146276150512143932e+00
-4.208626250877680608e-01
-4.441925243490111863e-01
-6.202460539032114140e-01
-9.969810306773534414e-01
4.116880210586406630e-01
-4.732704062637232978e-01
-3.342959445277456920e-01
1.468290683087425386e+00
7.157707862125473053e-01
