5.094862314434469575e-01
-7.716018592377984486e-01
1.271564751583480035e+00
5.672030144236977378e+00
2.305215551640774407e+00
-1.878409333823735539e+00
-3.601732625632021900e+00
-7.734293538152439140e-01
-1.643395113506701311e+00
-3.873780479698103019e+00
2.325574999815965604e+00
-2.690878617962599417e+00
1.762305164021062520e+00
4.556391977530558357e-01
-1.639024120352151614e+00
-5.023474370869489114e+00
2.515149806926967546e+00
5.850397977462346688e+00
2.142161866274341353e-01
-4.504396912297245592e+00
2.548098413760694569e+00
-1.222064893064254143e+00
1.417334683541723095e+00
-1.318458001012099645e+00
-4.805098413461811546e+00
1.876930744119184313e-01
5.202484196544210349e+00
5.393561209300581361e+00
2.337329428612037852e+00
-1.142698581401628832e+00
-3.816976848755286866e+00
2.499746881780093855e-01
-6.023506270426093323e-01
2.595912662051422237e-01
4.047624174852290757e+00
-2.895848285823708235e+00
6.012762531667389609e+00
-3.045159421252159770e+00
6.237366802122557008e-03
3.088881280427394849e+00
-2.983323495822350679e+00
2.857610553179165791e+00
5.907394521119833541e+00
2.889190945249190623e+00
-3.767873935562219501e+00
1.314323382057205114e+00
9.103349132594387161e-01
-4.231195874242276389e+00
3.747799192831942960e+00
-3.395694336666894131e+00
9.081075066840561760e+00
4.610061861561781882e+00
-2.530700907954610113e+00
1.311212418127690738e-01
-4.085736452448137435e+00
5.789713322657397576e+00
-3.069847785468792001e+00
-2.286851366706791566e+00
2.560091338111843307e+00
2.997545545134792988e+00
5.374092997229810820e+00
9.509986709691103934e-01
5.896501060327751453e+00
-3.039345677305038240e+00
-2.387856441710662914e+00
1.009306369886122656e-01
4.509116933924865123e+00
-5.469606602451089650e+00
1.224717398545738245e-01
2.617546629362708988e+00
5.951388153741532516e-01
-2.116791418672146374e+00
2.046876097816930695e+00
-4.227400182818378482e+00
6.100077912491391530e+00
-4.441978335592246196e+00
-4.766983340748456754e+00
1.242005849429987485e+00
2.410764265531661898e-01
-2.185156569921029579e-01
-6.643521402391693087e+00
1.878502629604143603e+00
2.071300939832154242e+00
5.073674885867150763e+00
-2.682553095883903893e+00
-5.153986057749251337e-01
-1.272962510743712805e+00
5.096088722597661658e+00
3.011662649034011707e+00
-1.713308291090195112e+00
-3.628689359937021242e-01
-4.768505135819100516e-01
2.454534584608594638e+00
-2.960264756624845894e+00
1.774009646352209812e-01
2.356554064392251124e+00
2.719032915338555512e+00
5.357351373622137203e+00
1.485193835564330822e+00
-2.242844744603670559e+00
6.102201065583094497e+00
-7.339099670096261852e-01
2.469927254988244947e+00
-6.964333032449077088e-02
-2.323168561844286994e+00
5.611511633522160425e-01
-4.407210356605959056e+00
1.403100149069332003e+00
-6.108881403964346646e+00
-3.979121075125749307e+00
-1.272817785579054561e-01
-6.122224372141018556e-01
1.906846537280399989e+00
1.153356869088395076e+00
1.889186216988252065e+00
-1.519062267824697221e+00
1.566910977707343999e+00
-1.658800248683997225e+00
-1.480893118943005016e+00
-3.127155231156816817e-01
-6.506395536103982025e+00
1.913578767490186294e+00
2.675582608796890138e+00
-3.726345974853352949e+00
6.816783252038827179e-01
4.620493348548451173e+00
1.456524256894033531e+00
-4.498880808527804476e+00
-5.362751682443368750e+00
-2.837079202249301879e-01
6.294856757062046171e+00
1.165762110428228304e+00
-1.725304200366186258e+00
-4.872666796719973270e+00
4.618492781334790909e-01
-2.512719186184475539e-01
-5.935701611103332276e-01
3.554822057015706305e-01
4.200079121209435939e+00
-4.773949052397125747e+00
-1.966138933392811428e-01
-2.084898205891525080e+00
-1.485779158652004384e+00
-1.560830737195367801e+00
9.701424560722788915e-01
-2.687802687102840871e+00
5.285876405001618039e+00
-4.070017104563268262e+00
-2.977788363115903003e+00
5.224730401463454577e+00
3.462580724165912560e+00
4.309416795387836174e+00
-4.394425235768064653e+00
1.435426996728628168e+00
-1.175090540162039510e+00
-1.123307711062005332e+00
3.750319939095982047e+00
-4.331906660165025791e+00
-2.718425880453499754e+00
-4.339631542775411077e+00
3.734966520714896099e+00
5.009308980126600197e+00
7.225655301923747942e-01
5.552984304038081076e-01
-3.185576312702904644e+00
1.299985837612799955e+00
4.442207009435267473e+00
-2.488817839216843186e+00
3.064526924071913516e+00
-2.497540252633393187e+00
-2.493132948327842158e+00
1.650639125805856366e+00
-7.967661887076457061e-01
-7.034141057502547589e-01
-3.706959222664000020e+00
2.960307274618289242e+00
3.222336054108548176e+00
-4.286615382783143247e-02
-3.998920578011877502e+00
-4.342280550223161839e+00
-5.599659186820778345e+00
-1.081319612480709402e+00
2.217655671135108086e+00
8.480342999801280257e-01
-1.128236700193937736e+00
-1.001565941728107312e+00
4.440838843593598817e+00
4.194395852387618362e+00
2.612528088414897698e-02
5.873443819802406374e+00
1.854729302488685061e+00
2.092347751718754978e+00
-9.387431247126961642e-01
-5.700410498982876106e+00
-1.673731843261545560e+00
-2.783634082257035125e+00
2.288341753367654885e+00
4.023516474813456867e+00
-2.745200457733188326e+00
-3.972478298061422386e+00
7.692787950280205678e+00
-2.295884820706859841e+00
1.044097496349524201e+00
1.755094311330381851e+00
4.910598863365988720e+00
4.413807520215458080e-01
-5.711974394413624978e+00
1.302114871982472888e+00
3.002145717669585601e+00
-4.892251493593978040e+00
1.627668596382628952e+00
3.300660494704175107e+00
5.541833909701539440e+00
1.803322665968625227e+00
3.114303220952197471e+00
3.075931457403078273e-01
3.847544687460140445e-01
-6.245222156709395733e-01
2.289766531617187795e+00
3.427623540166387262e+00
3.174229818882931542e-01
-2.555689996387557894e-01
-4.953570545932897140e+00
6.524127684982784503e-01
-2.125352820368012541e+00
-1.418315036435373155e+00
3.613875745896982572e+00
-5.872834226883630215e+00
-3.172456428733366529e+00
-3.179971341312972655e+00
3.840504941720699783e+00
-1.177689465220173037e+00
-4.309085205962360776e-01
-2.872389323271788086e+00
-3.167930024754277873e+00
-1.582562475890536113e+00
-3.512665940641266360e+00
4.770641694668877442e+00
-2.502635527315097530e+00
5.223838286790134511e-01
-7.708222198869897568e+00
-1.194838119204786331e+00
6.620252750801974839e-02
-4.669017119345889588e-01
-1.324787371934039726e+00
-2.632656299789497556e+00
6.863089733703309214e-02
-5.154135951696347639e+00
4.289019533063806122e+00
1.512729789650219647e+00
3.964148015872436481e+00
-6.482768876840470540e+00
-2.975674207847498920e+00
9.392692214498272740e-01
-1.523628872650841792e+00
-5.739029257280154894e+00
-1.728651664150680223e-01
-2.105077980323221798e+00
4.879468663711716836e-01
-1.148855805752471815e+00
-4.760656152890191395e-01
-1.469498359381966379e+00
-2.320364598011597224e-01
-5.306398850315980908e+00
1.910566599911032393e+00
