-1.194969163756527397e+00
-5.655732459317693639e+00
-4.645192141046427525e-01
3.669251617740611593e+00
1.265664360227442664e+00
5.462511111525298890e-01
-3.943563908579561517e-01
2.331532608732786560e+00
-7.565171659321401343e-01
-1.886651129222496781e+00
-4.705195332158327304e-01
-9.259867464441429163e-01
-4.438767347342603919e+00
7.304804763093937225e-01
-7.109710617221626228e-02
-3.081386933157791219e+00
1.177132131799603965e+00
2.927707034888741511e+00
3.069856596010096084e+00
-1.823622423177229557e+00
-1.375129313242803741e+00
2.725981462678102041e+00
-4.795541831759893014e-01
2.650623800179928047e+00
3.959757633149607603e+00
-2.503437441153634424e+00
-1.921682717690597730e+00
-7.462300758947690849e-01
-2.932634448972795127e-01
4.996808958212770158e+00
-1.871575582627999612e+00
-1.379178656865691188e+00
-1.801630000973843959e+00
-2.986207521650466878e-01
1.965841405526248753e+00
-3.111773416712310780e+00
3.998706583556069782e-01
1.806207229543635107e+00
1.650440990771031791e+00
2.447805609350453548e-01
-1.054130064852221160e-03
-4.227662914519782156e+00
-4.281710222695432222e+00
1.052193590393599720e+00
-4.662633407899671178e-01
1.873382052970316014e+00
-1.901136800865344256e-01
1.367486577202851938e+00
2.995857582126569607e+00
3.058911147044633516e+00
5.479055005486637153e-01
-7.540305778180226293e-01
8.829626140733095596e-01
8.668737220239912666e-01
2.928745229715333576e+00
2.317955346640021841e-01
1.558291063548272737e+00
-1.706832071937401385e-01
-1.483473760126458263e+00
-4.158163088299745569e-01
-3.227640517712701551e-01
-3.145124385715436510e-01
-1.775131292917053738e+00
3.178220417445946744e+00
2.678511049058449167e+00
2.154885737389357292e+00
1.242419512930033720e+00
9.424015235090922316e-01
-2.647302988397521872e-01
-1.773032030211510568e+00
-2.756764348945578647e+00
-9.672932194166645736e-01
-1.709740911830605281e+00
-4.407158000348968541e-01
1.950590741161221997e+00
1.610326717919209560e+00
-1.816025492448822387e+00
5.418992081007657502e-01
4.108950604687160002e+00
1.079144375281422819e-01
2.883942392891756246e+00
-1.296277487153950858e+00
-2.372895009705719538e+00
4.603136615796327158e-01
2.217325142955470785e+00
-2.755864604558687425e+00
-3.779158895609481927e+00
3.761521185027385972e+00
9.098138971886292614e-01
-5.497141979324732253e-02
5.041566133703735408e-01
1.956628254182564808e+00
1.923627970094163864e+00
-5.350160351080329724e-02
-7.779417759337133864e-01
9.869155165005307762e-01
-2.078032794302637321e+00
3.188802747520456116e+00
3.884076207430723349e-01
-5.372069153119543583e-02
-1.241303775621172001e+00
2.003435558988712284e+00
3.530484393305994839e+00
-1.058934306930994440e+00
-1.553059618027890831e+00
2.115139570006669134e-01
-2.707679105821499399e-01
3.196232532371091395e+00
1.545937081383024658e+00
2.270100663894917270e-01
1.542346856655538723e+00
-7.200833614829127427e-01
-2.479368026443924844e+00
-7.702536899754717226e-01
1.134347451420558928e+00
1.323481571540291724e-01
-1.485062213763128636e+00
-9.554790673542025159e-01
-2.351460618937529112e+00
3.731085019599044816e+00
5.273638600823233880e-01
1.000422942205108912e-01
1.072123447576519117e+00
4.414370111260106810e+00
-9.703440233562004025e-01
-2.026780373018988723e-01
5.820393354114115070e-01
3.422552453652724092e-01
-2.230223073827135583e+00
9.785676069254110043e-01
-3.130454269285828373e-01
-3.194802493168468871e+00
-1.362429682623663263e+00
-6.046881919559163876e-01
-6.290486982021898932e-01
-1.930105550643185675e+00
3.266671053506847500e+00
-9.067860891842666193e-03
2.719868210208735704e+00
-1.801855186773946960e+00
1.554224019028162651e+00
-2.124810214011052523e+00
-5.972405713354331236e-02
-2.647754923312531705e+00
2.665258726764406561e+00
-9.890253251721523586e-01
1.962392105545513132e+00
-2.236300878761467548e+00
-3.024802548819552683e+00
-1.301928698951900998e+00
-2.780595088701894646e+00
6.250291864166122036e-01
1.345235204767549764e+00
-1.600547534637636771e+00
1.620663233441568263e+00
2.997613273993110283e+00
-3.548425339309153159e+00
6.307907919847769440e-01
1.807541506875177451e+00
-6.002368583372275079e-01
-1.811848199414502592e+00
-2.190732257681908268e-01
-3.079526225228693681e-01
-1.484408826122488811e+00
-2.785746333605723102e+00
-2.333025208514002635e+00
-3.947736937404261237e+00
2.921028671277647426e+00
-3.265188968475082554e+00
-3.188661628948308735e+00
4.399453849232618730e+00
6.810383650478657458e-01
1.756685113710268475e-02
-4.814021523080445064e+00
-2.710784018995522349e+00
2.050405281514830147e+00
-1.081607479788160520e+00
-9.000479705369016648e-01
1.348264045563696945e+00
2.528202854205365391e+00
-6.351108637247526723e-02
-4.484181295146898449e-01
-1.212645338153365948e+00
1.896953378733957196e+00
3.342508327537612178e-01
4.936001982319364600e+00
-6.806628157985981087e-01
-4.400126675607279325e-01
-3.292382180799919289e-01
-2.132618566688107009e+00
1.645338189421199138e+00
-1.943891260716372749e-01
2.042896417837121170e+00
-1.231758479074631207e+00
-1.995158850048298071e-01
2.574698165495822311e-01
1.260063471202982122e+00
-2.684459006511881185e+00
-1.304162940048961161e+00
-3.601691630543364830e+00
-1.488105532143174092e-01
2.805392877672416296e-01
-1.216403931758184953e+00
-1.363548000289702689e+00
-3.353640087903868583e+00
6.081438868131213704e-01
1.765786209313773725e+00
-2.094852684764444639e+00
-4.787104046124263768e+00
2.060028194087041964e+00
4.717682833792181674e-01
8.182890330113232746e-01
-3.577761763363208614e-01
1.283317464379822859e-01
-2.142452965992980851e-01
1.348811679059644109e-01
1.587248461679390932e+00
1.895470756275045021e+00
-1.810490129029906692e+00
2.345610313905569733e+00
2.677554906953086622e+00
-1.999466886224143369e+00
-4.140056465318226464e-01
3.078784533119373279e+00
-1.221802004222981797e+00
2.140191323661786438e+00
2.416290603456117125e+00
-2.426929076586162193e+00
-5.527730256364177919e+00
-1.546696844054475939e+00
-1.935239218816563467e-01
-2.488353333397614886e+00
-1.489860987175320450e-01
2.880955204141697035e+00
-1.626859565687516884e+00
-3.759034152110270810e+00
-2.058817002405791019e+00
-1.261659077579883936e+00
-2.488255096909470332e+00
4.091899985528590911e+00
1.137064068867468247e+00
-3.593468314137568398e-01
-1.147184952927617685e+00
1.797059356411887965e+00
1.383881204100328999e+00
-1.519570263356747886e-01
1.693073355236409894e+00
5.004419351782847247e-01
1.379088240349332639e-01
3.872001688716677492e-01
-8.911605307175904933e-01
3.646621951969565067e+00
5.130763984171372805e+00
3.625998643276479694e+00
-7.142918005713776441e-01
-1.127684743952017676e+00
-1.723740691542147374e+00
-3.583187597014153347e+00
-8.021751805488783749e-01
-4.129161447943499041e+00
1.806953910638837035e+00
-1.294770963941232811e+00
-4.063311179604171208e+00
-2.917489551580127127e+00
-1.676628301300772117e+00
