-6.657288323288909737e+00
7.537626458359932258e+01
-1.300643655547293918e+02
-4.290008372658574132e+01
-7.320136055224799065e+01
-9.318580251896328548e+01
-3.422143298055704275e-01
-1.729133482867024085e+01
-2.007491489875404866e+01
3.785402914568875676e+00
-2.743665196279557250e+01
-8.780284349337421190e+01
-1.859750472259153753e+01
4.324548027680449991e+01
4.375242068173799126e+00
-1.200633114305270865e+01
-1.057328319693691725e+02
3.992451214000000448e+01
-2.570726431817275071e+01
6.042963232898611636e+01
6.144546708381736977e+01
-8.066861893992161470e+01
-2.433619670623939513e+01
8.866406380742346016e+01
1.827108042463262194e+01
6.199006926451308175e+01
8.196102020473600192e+01
-1.380351510984578169e+02
2.804476207140417543e+01
-1.488805424882474249e+01
8.962121840355057145e+01
3.468634798581791756e+01
2.174147274403181118e+00
8.875605253505668202e+00
4.030105086518253898e+01
-6.249647447293102509e+00
4.019760555949596181e+01
4.793324859077146449e+00
-9.881467609167112087e+00
-2.832684316630400900e+01
-5.846038829545256021e+01
-3.280508671164984236e+01
-1.368995126221740293e+02
1.099404164175378327e+02
1.096634070616699859e+02
-3.328984796560632731e+01
-3.336721815144625225e+01
-3.541065812262618806e+01
-8.344965365103094257e+01
-1.629530462046883699e+01
2.027346270616801149e+01
-5.144374344793395437e+01
3.726378053976162175e+00
-1.734029960506010326e+01
3.774329911363260948e+01
-2.651621089106156148e+01
-2.921467123659325082e+01
-3.434329701517950895e+01
-4.410047481973469985e+01
-6.372481360883824664e+01
1.461640397074634734e+01
9.184282037417978017e+01
-4.046792551460120180e+00
1.090132979501313137e+01
1.063859225270895621e+02
-1.908980239046234040e+00
-4.761200634589442160e+01
6.987296918272033963e+01
1.971469155026790787e+01
4.243951654164386156e+01
-1.303571482969260273e+02
-6.896804932564245405e+01
-1.490415979383990646e+02
-3.741958890848743380e+01
-1.144135270332978820e+02
1.229733017396520189e+01
4.918271708036675705e+01
-5.598186481636368228e+00
2.867574275305313591e+01
7.177830438842786975e+01
7.433716297158113662e+01
2.587935710243487719e+01
8.184965484319128848e-04
-4.484534791777814178e+01
-3.996711655211657899e+01
-1.400968783834488818e+01
2.950615512945717356e+01
-1.059525319319975836e+02
-8.595030756545224904e+01
2.372085319035853734e-01
-6.726496087180134964e+01
-2.620352461366130115e+01
6.324145338001595462e+01
-9.060812298768002648e+00
-1.229692634018521602e+02
3.534623743732093715e+01
-2.376011314469615954e+01
4.017398672148895855e+01
-7.034989597974062292e+01
8.992085860533217456e+00
4.407775908901759720e+01
1.253287756595094571e+01
-3.546756095486168192e+01
5.276566398397481095e+00
-1.029054092414483677e+02
6.820795666823555337e+01
8.090742863979912158e+01
1.302757143153120296e+02
-4.159690858656986023e+01
1.206449651707261062e+01
-9.289090021903184891e+01
9.930776463391138620e+00
3.437431402492526544e+00
-5.433511465077494051e+00
-5.736806605330726683e+01
2.483263756316106452e+01
-7.944336483245686509e+01
-1.071791505076817259e+02
1.123765512189534803e+02
1.160815089519392558e+02
4.705285914961019955e+01
5.614567591791443846e+01
4.675780418594205345e-01
-2.240254895401808000e+01
4.734010076109944265e+01
9.859710260378874125e+01
3.164134803535699803e+01
6.758210031266919771e+01
-2.263824763987042843e+01
1.692970149747310060e+01
-1.503169132450482559e+00
-7.604225396341472276e+01
2.066646792844090186e+01
-1.712296701589267656e+01
-4.528480305814509421e+01
-5.006002180083507369e+01
6.618655272813369095e+01
-1.965328139826263509e+01
5.601007739663380391e+01
8.951511775462087428e+01
-4.193843806241176253e+01
-4.196868136302265384e+01
-6.259908613686983614e+01
-3.392929193200170346e+01
-1.239388855396541267e+01
-1.730050655851481167e+02
1.118895763077904917e+02
3.976575336353408652e+00
-3.437321367798709559e+01
-7.797863611707242626e+01
-3.045686729219094957e+01
2.019167378151206726e+00
-4.449969405190135774e+01
1.097976260866875435e+02
1.509960081844194590e+01
5.150094599662177330e+01
-1.210981006490438148e+02
2.745295467484693930e+01
-3.181910099998088626e+01
-6.719453132779592863e+01
-3.993048221366240114e+01
4.891214805210339733e+01
1.000987243716378856e+02
7.171107981426538913e+01
-6.358333345840345174e+01
4.905748577119251053e+01
2.682990297086809406e+01
9.632936036341199326e+01
2.572935907955571011e+01
9.746367023740338809e+00
-1.040198256048602161e+02
3.318915548855020603e+01
6.557666571623003904e+01
-4.715889921654139272e+01
-2.538735755416191964e+01
-8.154400532998278095e+01
-1.292312798938202434e+02
-1.967075960645089197e+02
1.088453103587663549e+02
3.774594816421983268e+01
2.111470929075677105e+01
6.443601699175666830e+00
-1.109587428081038496e+02
-1.054420762678796422e+02
-2.724802434279784435e+01
-4.830239254140211713e-01
-3.016438839070660549e+01
-8.156491397579227964e+01
-9.741194514927929760e+00
-4.448318417393297608e+01
4.738630772893153420e+01
-7.133686465498403351e-01
-7.148651172865940850e+01
6.080647899337590445e+01
8.116508500567248063e+01
-1.861385394361533940e+01
2.798173880206278596e+01
9.258022930118629290e+01
-9.744936765284165858e+00
7.211740689426382289e+01
3.353747369174462278e+01
-5.152011142457190118e+01
-3.021360985013049572e+01
8.855531936626336176e+01
9.517392698584380639e+00
-7.214808878775822620e+01
-1.674082264415944010e+01
-3.392636400484583703e+01
-7.348594070873021167e+01
5.978170968869406465e+00
-1.596647245814112814e+01
1.920377588616741349e+01
5.066759691883829220e+01
-1.829897414162522296e+01
7.250855254920715254e+01
-4.264945081574094132e+01
-9.404713518856331689e+01
-1.087044364740289382e+01
3.273604406844781600e+00
-3.453036613079591177e+01
-7.281531724176583964e+01
3.029259879267802447e+01
-7.473923848784839663e+01
9.796457507977184775e+01
6.762595845136824657e+00
8.332513296640168221e+01
-6.348116964699728726e+01
8.307107339410347890e+01
7.304638067829093018e+01
-9.818046976673146631e+00
-6.095931619504680299e+01
-2.892837666823448117e+00
4.271275498071278598e+00
7.503104800806893593e+01
-2.135705326444714913e+01
-2.386143616493641062e+01
6.123160947104948804e+01
-2.931234270256812380e+00
-4.349528655722969006e+01
7.849778330231713674e+00
-4.425149482103011955e+00
-2.322665593980292709e+00
3.569612351413636731e+01
-2.711247726591880514e-01
5.503277476714573879e+01
-2.894791521332257034e+01
2.951140904189506387e+01
2.467239389103072256e+01
-3.550962630627127226e+01
5.757084038975127527e+01
1.105558977419807718e+02
-8.875816850703360217e+01
-2.155154448791023825e+01
-6.224479819462021624e+01
-3.225271942590704555e+01
4.925954168431004376e+01
6.793734801340937679e+01
-6.643454743114570249e+01
-1.127803498983249142e+02
1.135037077780641468e+01
2.343903054496247762e+01
-2.660195913111694921e+01
3.634833907536935982e+01
4.595282598146351205e+01
1.426950131209056281e+02
