1.922891134562314335e+02
1.430521155263258493e+02
1.181441002506890783e+02
-1.499240653188416559e+02
1.624688063788478587e+02
-1.552637959039430626e+01
-9.783119430178882681e+01
-1.271431273910248620e+02
1.407081704029646403e+02
2.025635332499737729e+02
3.671864203159954343e+01
3.741925640138327935e+02
1.783185359107197030e+02
-6.118200271503285137e+01
3.161623364465179407e+02
-7.297770009407469161e+01
-7.476769821722699305e+01
-5.498959148943971087e+01
-5.569597744113438011e+02
1.407470458885956077e+02
-1.909083955478790813e+02
-1.815819131744676724e+02
1.237202428726278782e+02
-1.380257116965047146e+02
-7.022364651428707916e+00
1.046466845335005758e+01
3.903100830246707460e+02
-1.620364737204098162e+02
-5.978293326731174062e+01
-1.167010051039135732e+02
2.984658671834278820e+01
-2.267636596936126239e+02
1.063877919853223659e+02
7.240144150741595297e+01
-3.177068607249648267e+02
2.421677993552202111e+02
1.038035848762446989e+02
1.923827083050666715e+02
2.851095075058921111e+02
2.969984244922284802e+02
-1.838954330763457961e+02
-1.100339584096289798e+02
1.726770795883199412e+02
9.835369434731074989e+01
1.733543846051446451e+02
2.009963570376250175e+02
3.844304025263842277e+02
4.290639083042594848e+02
-2.067391129961332297e+02
3.275621251378875058e+02
-3.791621137057770596e+01
-1.157176500111668815e+02
-4.161462045322253722e+00
-1.939726573502708789e+02
2.108308380866110099e+02
-2.928560531438928933e+02
5.876385080531800895e+02
2.134914564070434437e+02
-6.130798058697089203e+01
1.370281042620324001e+02
-1.269565571464188309e+02
2.783267293111343292e+02
-1.246625525566595485e+02
1.769318348055547858e+02
6.393651322968448625e+01
1.532744889928322607e+02
5.713942202164574979e+01
-1.608639917731592561e+02
2.273153745776408243e+02
-4.648284669344246112e+01
-1.313779769750889557e+02
-6.127214586006285657e+01
-2.286581816534595362e+02
2.213012748019272635e+01
-3.361507934963339608e+02
1.614008759257614543e+02
-5.074471978172248043e+01
1.487701220595548079e+02
1.018805742984569633e+02
-1.114438214878184539e+02
-3.423050263244421387e+01
-2.556378310078884510e+02
3.668140442586201999e+01
-1.032951912837468171e+02
-2.110696777294622279e+02
1.223441928679329322e+02
-3.829781976282774281e+02
-3.136942548410862486e+01
4.805280579491817434e+02
1.080180712547250153e+02
6.779069088617937666e+01
1.537137712643641692e+02
-1.252399371379462778e+01
2.407316243467476369e+01
8.441225715306761401e+01
3.491509354791212871e+01
-2.253839982058985925e+01
-1.463296890968428556e+02
-6.061610645883446580e+01
-1.939317281228263994e+02
-2.482681538739978180e+02
3.108914642549340215e+02
1.234789406787926680e+02
-1.024576259421435225e+02
8.156766615184520219e+01
-3.701393696817468282e+01
-8.678473799331784733e+01
5.603449786198416405e+01
1.434290756107333777e+02
-3.185824772474054498e+02
1.076299099676057693e+02
2.302979149377824228e+02
-1.428245982694358531e+02
-4.435622862432372813e+02
-2.317492603299557530e+01
2.630889292308149265e+02
1.190848689595489134e+02
9.780921506256007092e+01
-5.717076242866479419e+01
-1.089882320412155536e+02
-1.976114142186177673e+02
-1.817998540594310271e+02
-5.579076303278552196e+00
5.307872003672245853e+01
7.790606510500697190e+00
-1.709559784217358214e+01
-6.635951449093521148e+01
2.885517430390286222e+02
3.561142966933663274e+02
-6.718763860298663815e+01
-8.445726046126840458e+01
-1.863846965006611640e+02
-1.032502013952673678e+02
-1.083699093872985628e+02
9.321062896733840475e+00
-6.704048913567591228e+01
-1.029738240422248907e+01
-2.838312554866078017e+02
2.132757875380086787e+01
1.393405052927778343e+02
2.913133028555400905e+00
9.231471057457636675e+01
3.863249888872226645e+00
8.635149997784513687e+01
2.037754921555300314e+01
7.719615875794204385e+01
-1.195537379255191297e+02
-6.542686234773619844e+02
9.067544686950273558e+01
6.244259910789460832e+01
-6.932903075695953703e+02
1.717102828851593870e+02
-7.055789406103480133e+01
8.002165257671204301e+01
-4.623368679227250766e+01
1.304354986886918937e+02
1.197814329389558310e+02
2.070627604938120498e+02
-3.239742754999740271e+01
2.150880432904175734e+02
-2.148088599853596463e+02
-1.598276359642703994e+02
-5.798481477316736488e+01
-1.119645732496536397e+02
1.384310768554978779e+02
-4.095254758294799302e+01
-1.030858886701257688e+02
-9.610260469701658792e+01
2.148045620387134313e+00
7.493871658504664879e+01
4.252720049606459725e+02
-3.231375276348814651e+01
-2.196608685959392204e+01
2.252820571819388817e+02
-2.519494088131383194e+02
-9.020915801040153781e+01
-1.344461072036904454e+02
-2.230493466841290342e+02
1.262721215258686840e+02
-1.608898147310877107e+02
-4.444718991150620724e+01
2.723288327259436770e+01
1.450353871418024596e+02
8.818926162748398667e+01
5.246870711883300231e+01
5.900086959569945577e+01
3.862689608670950747e+02
1.481270519052345946e+02
-3.043423300220909482e+02
-4.750572983683221651e+02
9.727715659031518669e+01
1.121592628293086875e+02
-1.023012141564530282e+02
1.205780634239167028e+02
3.469796928541319403e+02
1.016238678745561828e+02
-1.864556799642560634e+02
-2.546721170984842786e+02
2.061464530590292838e+02
-1.713275837991903643e+02
9.896699556198097980e+01
8.023792385029543084e+01
1.779324065159915449e+02
3.042039818584677846e+02
-2.705795954614669085e+01
2.074762638748412655e+02
-2.017930639927797074e+02
-6.749355503493380581e+01
-1.246249449230565745e+02
2.078830748497639718e+02
8.048921005684495356e+01
-7.096076543953755333e+01
1.036654192730895829e+02
-2.217970091376151913e+02
-2.386390435919571473e+02
7.118433863342963264e+01
2.042544728035921575e-01
1.760306936549728789e+02
-3.316499633433855934e+02
3.092302853626350725e+02
2.234453131170819518e+02
1.137607930088088324e+02
4.878498171552391938e+01
2.138649955868190773e+02
-5.760241956275552866e+01
-4.859945739377293989e+02
1.004910755389038535e+01
1.056754046118085100e+01
-1.599031966671998646e+02
1.490408050943219109e+02
8.884230604520284658e+01
-1.284036606630780000e+02
1.297820665387972952e+02
4.512045018185545473e+02
4.149062713805101907e+02
-3.272060961750246975e+02
1.513921087242196961e+02
-2.851590348710939438e+01
8.767505875269192472e+01
3.823402533126146352e+01
-4.243372818881045987e+02
6.320683413706552045e+01
2.517826902383917513e+02
3.746766945985811503e+02
1.215987177723684454e+02
-6.341227016593676824e-01
7.075545083958979831e+01
-8.227185461858283588e+01
-4.745093023032919888e+01
8.371927361003523060e+01
-4.231217667042297848e+01
1.089755224003971961e+02
1.236930902498288631e+01
-2.232893136090427788e+01
-1.872363609164177944e+02
1.905974421255643314e+00
-2.519656766225732838e+02
1.470839145361556461e+02
-3.835020218975515149e+01
-5.445829176882295997e+01
-2.614369454304486453e+02
-5.323249012947877645e+02
-3.044308111835950967e+02
-8.230234355448011740e+01
-2.932170576567805824e+02
