2.818650909139801541e-01
1.152276189751155755e+00
5.668602162250910848e-01
1.393335407372259693e+00
-1.671755463090478511e-01
-1.120298754242422756e+00
1.245560394936453985e+00
1.671493924043095491e+00
1.007674795637535148e+00
-8.971337192139623440e-01
5.055190211782256693e-01
-1.282159413077151644e+00
-1.071129749453212820e+00
-1.323333247200805918e+00
6.138341137618563703e-01
4.254652632370359844e-01
1.425953172011749315e+00
4.998727446764610893e-01
1.385447348407231827e+00
1.633262008339521509e+00
9.451483289226837448e-01
1.509545800278746519e+00
1.565322450594629489e+00
-2.045497396581585914e-02
-1.452213543865517265e+00
2.741218308384593683e-01
-1.183164146470603750e+00
-4.450736958207827665e-01
-5.338250314836436861e-01
-1.740275405002062570e+00
-4.775301620303322170e-01
1.783941932946518927e-01
-1.765271363745548605e-01
8.109812068109060190e-01
1.060052160421029122e+00
-1.995328481086365846e-01
-9.205544559640465030e-01
1.500845814676656786e+00
1.276734693352290950e+00
-5.207960665503241771e-01
-8.083566975210449979e-01
-1.588243587454005734e+00
2.682316091485404952e-01
2.704276320042492410e-01
1.336850746492007858e+00
-1.318456486355003232e+00
8.854027952209686525e-02
1.212922091259691193e+00
-6.502963749524526271e-03
9.760817021673298122e-01
8.405357142710535578e-01
-6.309602028730187939e-02
1.301160672562695186e+00
-7.194398042430067974e-01
-7.789235229710933517e-01
-5.613150980833547798e-01
1.792999002157246835e+00
2.605606948995871086e-01
-4.655790855740644107e-01
-1.129208155002496383e+00
3.820353197557078140e-01
-9.344236277006063851e-01
-1.208782716209683805e+00
1.261009776020932671e-01
-6.293669347926933444e-01
-6.750071088121766261e-01
1.075179410022539361e+00
1.065378530074978514e+00
3.862268305606850194e-01
1.293891745979717900e+00
6.654823577739759077e-01
-3.139359561413239685e-01
-1.478921514908492441e+00
-3.457735356139901017e-01
-1.543627621632155167e+00
-2.151115867394202130e-01
9.836291039323510343e-01
1.188527710112018188e+00
1.218270934700529828e+00
7.009420220689561720e-01
2.310845274878112754e-01
1.231272879585810012e-02
-5.285214122486121546e-01
1.256539705036262555e-01
-5.138806163278644146e-01
-5.523037621639306227e-01
1.752161855998323192e+00
8.221904723892764499e-01
7.343587929114064883e-01
7.902760502851458035e-02
4.863023254154580366e-01
-8.662870079310713844e-01
5.280013017853375512e-01
9.871326128690751656e-01
-8.416272461545062367e-01
7.768368335486277587e-01
-1.386485069544300286e+00
7.688672259108495499e-01
-9.187385963007373979e-01
-9.223243552808796375e-01
1.431703833225518085e+00
-1.559619043597411991e+00
1.846093549606940387e+00
1.579011182161164095e-01
1.373131277065303690e-01
2.879838141126157547e-01
1.095172117598691930e+00
2.095308292230161351e-01
-6.521251831560466172e-01
1.043576667365065713e+00
6.575133150346592625e-01
7.636454320333294632e-01
1.145424116086778188e+00
-2.886131007181103048e-02
-3.110138202275103403e-01
2.579778032255164444e-02
-7.169688155689095677e-01
-1.338414352389629469e+00
4.793724983088776259e-01
-7.222584265747498122e-01
4.835320355560273065e-01
-2.116940036174284334e-01
1.004190125844583559e+00
1.229359400984033623e+00
9.299954855254344288e-01
1.064681818614857445e+00
6.284561964006341039e-01
-9.227090508319147899e-01
8.392872757457153776e-01
-2.885245522005829288e-01
8.784830245945206562e-01
4.982870210117607002e-01
-9.741959113091548383e-01
-6.820197745510612197e-01
5.051183533257883607e-01
3.953795408747649009e-01
-1.065918646738166942e+00
-1.161541195926593328e+00
-6.951339410440174893e-01
-5.743475458443481063e-01
1.851186284250140091e+00
1.483777596134679411e-01
1.158488430139432701e-01
8.846071813782707682e-02
-3.458360373691793388e-02
-1.331257861529311803e+00
-7.974090938242617277e-02
-1.842522429721893396e-01
7.480006777533407814e-01
-1.870162219774478718e+00
-1.522456642964817863e-01
-1.177759309279771127e+00
-1.469782779547174956e+00
-2.154843023694350546e-01
-6.814838178278126435e-01
1.271377013214348928e+00
1.070419962949498149e-01
1.043226138417433280e+00
-9.409066693828286310e-01
-3.309491000116250303e-01
-7.856060150145374177e-01
-1.395346858273790014e+00
-1.467807400810311025e+00
1.557931826919875640e+00
-1.215754664502782578e+00
-9.886057593465057414e-01
-4.918221105554547168e-01
-1.973211194862204421e-01
-1.526447648244322552e+00
4.120227861971395567e-01
3.148851528706044789e-01
1.071717134555150164e+00
-1.066068093208576428e+00
-1.363614961817869009e+00
-1.257426689659000285e+00
9.630439582696300738e-01
-7.344267286369920988e-01
-7.298326390943484787e-01
8.058450586110337266e-01
4.158623304126285447e-02
-2.426554093168792336e-01
-7.070910250692097332e-02
-1.203132818716652341e+00
7.886483901588148271e-02
5.302749824782846400e-01
7.379254203996579164e-01
-4.852413534077159585e-01
-1.391530362189002945e+00
-1.004970323551593658e+00
3.035408525441760652e-01
1.095080576625678148e+00
4.894091930332098994e-01
-1.219448463503328917e+00
-1.042138540313684025e+00
3.039649534669212061e-01
-1.039027401299101427e+00
1.840665567076351650e-01
-1.318228209424319619e+00
2.119791457464379608e-02
1.170201256107299415e-01
-8.620087457287211041e-01
-1.016753057317327791e+00
5.109636106560733193e-01
-9.229348874071550135e-01
-4.526424357843101820e-01
-1.263621123842114002e+00
1.623133295795686992e+00
1.390606326346160770e+00
-5.780535043908241466e-02
-9.199622197635408671e-01
-3.007500476218227803e-01
-7.316732086550767900e-01
2.674372179603707878e-01
-1.962184662222010711e-02
1.044857676872265273e+00
-1.264227473712584704e+00
1.561185703793131374e+00
-1.472550724233235186e+00
-1.682691939076186971e+00
-1.020381941902542167e+00
6.058298904573209409e-01
8.220831548944801392e-01
2.874173909425747908e-01
-1.375565182778411666e+00
-6.507346231762840549e-01
-1.232072017543629272e+00
5.839846268814075092e-01
2.063782756802343687e-01
9.509076075878940548e-01
1.302173232520089652e+00
7.876023790362186583e-01
1.620323987400246857e+00
-4.199113365664906006e-01
1.502645554442687770e+00
-1.332206788964676036e+00
1.287695536225518023e+00
7.845538503733672231e-01
-9.100735229572031182e-01
1.585073910042711587e+00
1.801215529421761774e+00
7.467324865590295735e-01
-7.260372832197603543e-02
-1.006837963198039532e-01
2.700834008270177611e-01
-1.185830030189018558e+00
-9.673243690666910588e-02
-1.461134637878762632e-01
7.919540734348056166e-01
1.277445477109846461e+00
-1.004450103833300911e+00
3.901587706784732101e-01
-7.303076581440844928e-01
2.019458352495704656e-01
1.625147481441859831e+00
1.090923943630540904e+00
7.164348399507198817e-01
1.294254135637486591e+00
-1.577126023342317440e+00
-9.382307605448001464e-01
-2.869489661629175403e-01
-1.514523728248463597e-01
4.116895641115985716e-01
5.657261120387622189e-01
-1.053352206589603934e+00
-1.327026994550354111e+00
