-5.157735828042077486e+01
6.216268304911571008e+00
1.687045770334588468e+01
-1.149488406901465112e+02
-1.508973867618477982e+02
2.478515125546250175e+01
-2.542715128621041032e+01
3.622578301878127860e+01
6.842314590601918667e+01
3.415605933941262862e+01
-1.145590601093409191e+02
-3.958600484677221942e+01
8.011579468949479477e+00
-4.641540717302520846e+01
-1.249917183425305467e+01
-3.267765797534759997e+01
3.204195027367755522e+00
5.555139839229263998e+01
1.022527523034022039e+02
-7.232803051881425915e+00
5.826064304856581089e+01
1.012191811507740766e+02
-3.649001837601734621e+01
-4.824577153097907711e+01
1.399248650562874161e+02
2.467902972468861833e+01
-1.130895494189748973e+02
-5.231869455902779009e+01
-1.038260729093589703e+02
3.990791914813861041e+01
-1.918951970074959945e+01
-9.666489544097001385e+01
-4.745235713178175274e+01
1.504621921243025362e+01
9.348399202976943911e+01
6.309387743237036972e+01
-3.872120928962475972e+01
-2.298801640376661126e+01
-1.621248821518222627e+01
-9.592391272924926326e+00
1.887859290807214707e+00
-2.018020444286688786e+01
-4.978332919719057514e+01
3.151142982313202623e+01
-1.365718536935091834e+02
-6.115906362269152297e+00
3.346356806551209928e+01
8.908919666812751359e+01
-3.973968316800939959e+01
-4.872260015320118498e+01
4.211523240386829769e+01
-1.105588149151175692e+01
9.496860251473878023e+00
-1.038701054298686586e+02
3.298564942882221374e+01
-4.885437829382289010e+01
1.364728663481641391e+01
4.056888857769527590e+01
2.047047683721394762e+01
3.125338827222167026e+01
3.674880311502300145e+01
-2.481476604753822812e+01
7.457309066972433342e+00
-1.940035901843907595e+01
4.299737083437908325e+01
5.963858521303823323e+01
7.932812306440729344e+01
3.726443593017948785e+01
-4.731470939208472970e+01
-7.987199657563880351e+01
5.984494391655212553e+01
2.131848020970624447e+01
-1.382712951199460960e+01
-4.938120484223978224e+01
-2.122910932546379570e+01
1.481286701700319419e+01
7.992973274967137343e+01
-5.630652810501808148e+01
1.211960182851595391e+01
-6.988188227430474342e+01
6.907720366094271469e+01
1.198419365091677591e+01
6.835911479841924177e+01
-8.584163860177554284e+01
1.690172800448733170e+01
3.261228175352912473e+01
-4.087424864106652400e+00
1.015795388839705140e+02
4.102263223483896581e+01
7.574206315576698501e+01
2.338875812614904959e+01
1.570978214424556896e+01
-1.401937455284137712e+01
4.227690741538847163e+01
3.646833062123614155e+01
-8.027650657129045442e+01
4.656772387074705222e+01
3.254462585006001163e+00
3.823177329979287720e+01
1.390080577021280916e+01
-2.128367995074474806e+01
-4.584285266387026780e+01
-1.734267259829472252e+01
3.745802926826999624e+01
-2.340096229014405793e+01
-2.416452504125172851e+01
-8.797089670031309483e-01
9.431257032084161551e+00
-2.096941354921171907e+01
-2.020705080934355991e+01
3.664235762166540411e+01
3.739287857126224246e+00
6.004878431464458544e+01
1.575839137917738064e+01
-4.827467288901465992e+01
-3.124187294992638897e+01
2.678677755485243495e+01
-5.038424658359238606e+01
8.684214390692748253e+00
-5.258005767343728110e+01
7.913485773566875991e+01
-5.427675546272133289e+01
-5.943404179125364095e+01
7.106222158983294435e+01
-2.450635501730937449e+01
-1.965757783199664033e+01
-9.916787202491117625e+01
1.314168154243427367e+01
7.690575773963155370e+01
-9.629709702891825884e+01
8.922076255612533657e+01
-4.081588446907316126e+01
-1.104163989168669957e+01
-6.655902390261593382e+01
-5.086101341363707462e+01
5.311490191029314900e+01
-1.398799432318766733e+01
1.481113827487251733e+01
-3.107601182066242629e+01
1.092436222453147288e+01
-3.267114620891829802e+00
-1.544535635507897808e+01
-7.919950441502638228e+01
3.445654375491034216e+01
-1.070848030009540963e+02
-1.281792388707345864e+01
-3.303646668819143173e+01
-1.062366585408868502e+02
7.642277595223015396e+01
8.743211381395104809e+01
-1.308105796342912086e+01
-1.537875518407835429e+01
-1.780669438634318453e+02
-1.239525513111963875e+02
-4.560048431727275187e+01
4.173093583337871593e+01
-5.858483019816694082e+01
2.610239249921429305e+01
3.397797181611108641e+01
5.083310828708188467e+01
6.346379626301038002e+01
-1.041706364809398089e+01
-7.301811669386936821e+00
8.162949166938591361e+01
-7.239088290776950885e+01
-6.200020308365603228e+01
4.247997626069334842e+01
-3.131692661358200347e+00
4.711857924944296627e+01
1.320826736902912124e+01
-2.691553444671383488e+01
-9.790414542577138945e+00
-4.484673204816955661e+01
4.964561985289569179e+01
-5.790252713822548358e+00
-2.806630365431274754e+01
3.817255254232749451e+01
-1.004491702937704787e+02
1.716943309662185868e+01
-4.947710735734584375e+01
-1.937965301998770258e+02
-9.635980737350661229e+01
9.074826375665007561e+01
-1.139628734666168874e+00
-6.077881655303606578e+01
-1.999030437645558322e+01
1.927521463795868328e+01
9.116424030287468838e+00
-3.826725195705490279e+01
6.833572732686279494e+01
-6.768521731779203776e+01
-1.145526084160968878e+02
-4.882131619462023764e+01
5.851372218454872609e+01
7.523577131624539049e+01
-7.185607007284387748e+01
1.355480476843329640e+01
-1.552395396115743722e+02
-7.434301755924627741e+01
-1.624423133487305648e+01
4.040617924599797561e+01
4.444843390735586297e+01
4.892759070327403492e+01
8.900994659870384851e+00
1.740316444664633266e+01
-1.605966358928602489e+01
1.430286971729168215e+02
1.659746507393407100e+01
1.392488780831167006e+01
-6.265938170399413565e+01
-6.341025599050603034e+00
-6.254356607703564919e+01
2.906486976122445043e+01
-1.478013367009565471e+01
-7.687120767059091087e+00
-6.626405220069028701e+01
-3.867371779656461683e+01
9.826699395588094887e+01
7.400101736287632548e+01
1.960940671113622713e+01
-3.328735851500865550e+01
1.284906590873759455e+02
-5.476537297093435797e+01
-5.058790641125023058e+01
-1.020821932985479918e+02
5.642753651359439715e+01
-4.180943615622685172e+01
-5.859108425920828722e+01
3.613657993631292698e+01
-4.479435854677159767e+01
2.410088383399149947e+01
-5.079076607179720071e+01
-4.631154079457672168e+01
3.273448874248636287e+01
-3.337897506670878300e+01
-5.823734759385286708e+01
-2.823293765945225786e+01
4.861607029103611666e+01
-1.435969274974507037e+01
-1.171749694665467878e+01
-1.291562375594924372e+00
-1.395124979817175159e+01
5.024176883052238196e+01
-3.044100514931214718e+01
-3.878129885606593064e+01
-8.708012165175240682e+01
4.544509450187430133e+00
-6.007752480260155181e+01
6.647867350221054572e+00
7.193404493206365657e+01
7.556468277029898672e+01
2.770540656312051908e+01
-4.847113027707161237e+00
4.111229021817130302e+01
-1.170131796102379838e+02
6.379528335882943324e+00
7.922377528493143473e+01
3.615195476449838452e+01
-3.801809165099180632e+01
5.113213653070256726e+01
1.724434536973042942e+00
-1.239545211147302837e+02
1.021463372736607589e+01
-1.277398367124123624e+01
4.346122323294717660e+01
