-3.945931603195816706e+01
3.629749975228794767e+01
-8.545743061255012663e+01
1.469187325768872654e+02
-1.523319279509158086e+01
2.697122113091602458e+01
4.832182794558794114e+01
-6.793297843763951960e+01
-7.340317338489424515e+01
-6.691471609015263766e+01
-5.230879679167299656e+01
-8.672166779021064542e+01
1.261345609488377448e+02
1.237149815597711040e+02
-5.541057958546152662e+01
-5.694742314885013457e+01
-7.039229593456717282e+00
8.264251431674325943e+01
-5.907754347892834090e+01
-5.788669248486854002e+01
9.766912661639460680e+01
-2.613796714149201339e+00
8.401977974020256568e+01
-7.083826667875854355e+01
-1.119119949454924097e+02
9.735991646012335465e+00
-5.328807326996744109e+01
-9.037582184281508546e+01
5.700510750081327416e+01
7.643654086242621304e+01
1.659208370535070287e+01
5.165792282440385463e+00
-4.552498401976062326e+01
-9.146745243664781810e+01
-6.640749510849499160e+00
1.132186304142788060e+02
4.717175391623278813e+01
-1.734559673102535982e+01
1.313297225805526409e+02
-5.634059324733072316e+01
-1.129923986654881674e+02
-4.105768283871544355e+01
-1.854372244562784289e+01
1.583377055252155508e+01
1.588294361272831523e+01
-3.470681477278922955e+01
9.309526091313820473e+00
-9.444753297620540877e+01
4.219602884794644382e+01
1.592955223540416121e+01
1.841230460658985990e+01
9.067224483856170991e+01
7.183991233471338944e+01
-4.596271954406586246e+01
1.218203617149296036e-01
3.674975736210286215e+01
-8.095150740708848502e+01
-1.005951182756649231e+01
-7.266251042135319693e+00
3.998226944995114440e+00
-4.445239028527190328e+01
5.130557574058730808e+01
5.026766510452363690e+01
4.773965223524103862e+01
-6.499338122468270740e+01
1.568666939281531292e+01
5.554517444144676119e+01
-5.151725890040819422e+01
-2.769479775730864013e+00
-5.814201386439096098e+01
-2.714397719329875258e+01
1.623537999575100699e+01
1.032154601998538723e+01
4.995737460748248537e+01
-8.552386616570387901e+01
-2.569694037726183922e+01
3.185340523585277595e+01
-9.549340881539417580e+01
5.663010302786728545e+01
-5.615600504547721528e+01
-7.389216965858356900e+01
-4.342719561021027630e+01
-6.589976975189941300e+00
-4.387980505146021670e+01
2.103724844503998526e+01
-1.218931393444270661e+01
-3.566649553754680291e+00
1.187325764222471314e+01
1.242497482145441126e+02
2.432672431810817315e+01
4.292392187036348616e+01
1.324143164529621686e+01
-8.793682507268943027e+01
-1.066772196480327466e+02
2.537534581177465753e+01
2.979227599807203930e+01
2.874658717206509806e+01
9.471240573159992948e+01
-3.775272985936434011e+00
-7.611780742539212774e+00
6.678725164160938732e+01
2.369334630512915396e+01
-4.391905827824128750e+01
5.277950666053736484e+01
6.696028381188781964e+01
9.681021166558656432e+01
1.670873489778711019e+02
4.937795311079052851e+01
-3.670511734820149741e+01
9.592062203202168291e+01
2.197019942767834966e+00
-7.566037824435622383e+01
-5.408494399911511152e+01
2.049517556266823082e+00
-1.985507234856310887e+01
-1.379653002423161823e+01
-5.517544754717422961e+01
-8.902346307855488305e+00
1.389410066285039669e+01
8.902135703278622358e+00
-8.556100829091188587e+01
-7.175621642075482498e+01
-1.244942181932913741e+02
1.194924727194070790e+01
7.586006447540958675e+01
-2.964175913182840105e+01
-4.649551707752112684e+00
3.719867507254628691e+01
-6.186985983870410877e+00
-1.242848930095553044e+02
2.622019959961619762e+01
-5.760303337444133120e+01
4.370389058868256349e+00
-7.693876354337355394e+01
1.163912671061433031e+02
-5.503959222246697891e+01
1.040674053160211976e+01
4.846818817510317956e+01
4.595015240180527627e+01
1.770533842550132420e+01
-1.306022884337473577e+01
1.896812807996683858e+01
8.835432811645593176e+01
4.783740758073006560e+01
-6.142099926129937870e+01
9.998383773592338741e+01
-9.004905278293183812e+01
2.501445458409286360e+01
-3.291086710321369679e+01
-2.086546629257475161e+01
-3.987219267010484458e+00
3.789315774617773513e+01
-1.317278703759689229e+01
1.599806984506579077e+01
-8.128579947512416481e+01
-4.027128591704633465e+01
4.571116581826488812e+01
-7.723472096440157486e+01
3.182471755383072320e+01
-1.111055288912412067e+02
7.319447772877211378e+01
-3.416157145064310896e+01
-9.335153447627423873e+01
-1.331584936780931798e+02
1.499668169134997520e+01
-3.677599108399125072e+01
-1.853355293247000546e+01
-7.875934819104581663e+01
-1.103833274922605057e+01
-2.781298967978824521e+01
-8.685854735982378827e+01
2.164232913541544789e+01
-6.477519889459770752e+01
5.902846866541531767e+01
4.354730178557022491e+00
5.060553458909488000e+01
-9.320114702466946710e+01
5.236040548610982626e+01
5.452952532051081391e+01
-7.521028122126993765e+01
2.798887931993931133e+01
-6.734410567760394883e+01
1.750372048336739184e+01
3.793030470288749001e+01
9.083824677216011878e+01
-2.227501352818191549e+01
5.240205780042860084e+01
5.517457722523932517e+00
-3.623453802139304969e+01
-9.432650724523844588e+01
-7.028920656517296095e+01
8.366117210921945002e+01
-2.976463789278150784e+01
-2.748164093653567974e+01
1.528203856814585322e+02
-3.281917333224137678e+01
5.601074268592542182e+01
4.956768224547025170e+01
4.347230758763963365e+01
-2.878259014033628205e+01
-2.240457100848443162e+01
1.422517351792451556e+01
-9.279915346857963598e+00
-1.720752261681721507e+01
-9.449143919696915361e+01
-6.914071402007172651e+01
-6.023665169147202647e+01
1.261175582052614885e+01
1.653214445488247009e+01
-6.347870741944430684e+00
6.997440148938260052e+01
-2.175649165087441261e+01
8.163100729282010803e+00
6.386595223149135592e+01
1.289230689699024310e+02
-3.251663048075774221e+00
1.130243534161690633e+01
-5.288343746587700167e+01
-2.967094384429397280e+01
-9.075485906927703184e+01
-4.844703755062803907e+01
-4.448277215447149757e+01
4.344234365454768465e+01
1.672340359132291354e+01
3.851283803620277890e+00
-1.239442338941186827e+00
-1.010024340823979738e+00
-3.848986690170833214e+01
-1.687202855203521068e+01
-5.478769508723767778e+00
-5.789788739112315596e+01
-1.088074406665676577e+02
3.151105089521563762e+00
4.879151953835101097e+01
7.075299638979149819e+00
-9.088597268406937246e+01
-1.465861508606257324e+01
1.140811525464963694e+01
-3.672386621784247751e+01
-2.310123788487468488e+01
3.414020137651122866e+01
-1.252570817406488857e+01
-7.815481107533813088e+01
1.269420153771233650e+01
-1.695412752175881366e+01
1.654328904856815541e+01
5.900484024768937985e+01
-1.232240471352853195e+00
-2.025037880249377054e+01
-7.319398927088297313e+00
9.126724644804887987e+01
-8.964258946104264325e+00
3.447115193486548179e+01
9.517286842301588834e-01
7.490924419180285554e+01
-7.321047836509691820e+01
3.870790193276633318e+01
7.478571512338984917e+01
5.662665619209153789e+01
-2.327864138513275449e+01
-5.901849897537411493e+01
1.829496085941421768e+01
-2.258539660268221994e+01
7.149951937736702234e+01
2.075973967819568333e+00
