-2.200139652730442208e+01
3.120818177347842379e+02
-5.574822683082873027e+02
-1.892914660368368232e+02
-3.550449204281644597e+02
-3.761842341304383694e+02
2.012208985236496872e+01
-7.141050146953671174e+01
-9.994390216520861259e+01
-6.898209175771906621e-01
-9.372359853627587256e+01
-3.721304691582476494e+02
-5.563136542742120838e+01
1.932178718744702337e+02
1.618737471406267048e+01
-5.062915159272498755e+01
-4.550692929143448850e+02
2.230521097993714079e+02
-1.006117265437473662e+02
2.886903327457856676e+02
2.483243970157869285e+02
-3.186629827446116110e+02
-1.499207349980582649e+02
4.208864813143068204e+02
4.519610929197649796e+01
2.975866425858931166e+02
3.416681146455559315e+02
-5.637070425959975637e+02
1.099997239838695435e+02
-7.370076267788654434e+01
4.129506735234535881e+02
1.623706148060815053e+02
5.203384578819991724e+00
3.252913388227944580e+01
1.645657396817146036e+02
-2.185266275170505068e+01
1.765391531426953691e+02
3.203767539399209596e+01
-3.945672193832257335e+01
-1.384247891953368423e+02
-2.667588234396955045e+02
-9.421491420978836118e+01
-5.798081321900169769e+02
4.758592266415178642e+02
4.581685383885642864e+02
-1.333831607786778477e+02
-1.622254412293826533e+02
-1.682262952894192551e+02
-3.813742435972743579e+02
-6.887110975839347304e+01
9.562505566203857654e+01
-2.137098997927854782e+02
2.377365381191641447e+01
-8.410584175785554351e+01
1.351141134224562848e+02
-1.501033885041906331e+02
-1.276982431010512613e+02
-2.253715329311914104e+02
-1.499861590683780150e+02
-2.493324702475060235e+02
1.145313279857948316e+02
3.846011637148981777e+02
2.195741673622082502e+00
4.759847740418315709e+01
4.724813296134817051e+02
-3.580918716394577928e+01
-1.946402210230090475e+02
3.009825314882044722e+02
1.122481644166593640e+02
2.207345534406748584e+02
-5.777236423245872174e+02
-2.806803279236423236e+02
-6.118695540083687092e+02
-1.290842707444219570e+02
-4.554311931730900369e+02
6.994059479226464759e+01
2.066482999748880331e+02
-3.722698260384232327e+01
1.332922259165412697e+02
2.998971870131581454e+02
3.165093256586780512e+02
8.853059600125672546e+01
-1.928849021981395184e+00
-1.852259230840065527e+02
-1.782935738285901266e+02
-6.511103981620803438e+01
1.604934562979876773e+02
-4.196293948170086310e+02
-3.646282883595673638e+02
-2.179818801298064557e+01
-2.935858092745358476e+02
-9.996836199243807641e+01
2.822110908314055564e+02
-5.273114417849146207e+01
-5.050261153553058193e+02
1.376544366318753418e+02
-8.315051690379206661e+01
1.734026216080172844e+02
-3.095114553454953352e+02
2.000509546379198511e+01
1.781526498358034303e+02
4.538241093428198525e+01
-1.112718413620284252e+02
4.305345754226966903e+01
-4.335121357647317950e+02
3.085404961119712652e+02
3.537253459315676878e+02
5.888864290524660419e+02
-1.743441727769749718e+02
7.017221252032975087e+01
-4.136546881599223298e+02
6.145080316855800362e+01
-1.578127648600849531e+00
-3.667641713966741435e+01
-2.625201654448352429e+02
9.273196177246786931e+01
-3.937117773049774883e+02
-4.431017430831586807e+02
4.673379183688699641e+02
5.173920080325418667e+02
2.116950266804778380e+02
2.101548905713789566e+02
9.813192467243615269e+00
-4.611591478722539961e+01
2.157021156563984619e+02
4.415311083614207632e+02
1.436224864551219298e+02
2.932932536711354032e+02
-1.267855383941363954e+02
6.962782247393137780e+00
-2.688085698723502448e-02
-3.537652087150973443e+02
1.087934067871071449e+02
-1.190730289711227101e+02
-1.579376487189412046e+02
-2.309713594357789077e+02
2.611252444859691195e+02
-4.450026840897179170e+01
2.371556505989044297e+02
3.751967804751230346e+02
-1.821510562567093530e+02
-1.823251192918960442e+02
-2.714350853595597073e+02
-1.353127165732195465e+02
-7.227804050310805906e+01
-7.462223681703231932e+02
5.032697867598154744e+02
3.352399427187699388e+01
-1.241182314285245099e+02
-3.099924132191339368e+02
-1.062777328321916457e+02
7.771740738734321141e+00
-1.974160985245788140e+02
4.824371336468851155e+02
6.818675099704910281e+01
2.040743004545969370e+02
-5.358071965946124919e+02
1.428283642029772693e+02
-1.610142911315377603e+02
-2.505023167696579378e+02
-1.334143433936257566e+02
2.011962638969182251e+02
3.951005954815105383e+02
3.111560298122648192e+02
-2.872924614953637956e+02
2.092143628461385845e+02
1.119821781292797880e+02
4.211575178208982493e+02
9.686563873390811352e+01
2.370690284545230497e+01
-4.518317430179958478e+02
2.243977389708569206e+02
2.627986198789293439e+02
-1.884443666427377480e+02
-1.297049966515545805e+02
-3.654124400683509748e+02
-5.555210284027159560e+02
-8.092557333941549587e+02
4.407689005757313794e+02
1.864802303955155196e+02
8.548790377199442503e+01
4.760539511541369961e+01
-4.849885787826004275e+02
-4.406083206694073624e+02
-9.880911261705409743e+01
5.682955006540341358e+00
-1.335491612786856876e+02
-3.548734025118394584e+02
-3.265617902318098942e+01
-1.998237875950484863e+02
1.829783311617394475e+02
-2.858370199277047874e+01
-3.074499068376449600e+02
2.541775912699589242e+02
3.525332138968440177e+02
-5.358317831455932634e+01
1.032017350608103925e+02
4.271791896610810682e+02
-4.872712659690110115e+01
3.000726323089746757e+02
1.385592041406042938e+02
-2.197304854392796756e+02
-1.361540896622578032e+02
3.757246714663064040e+02
9.016550248729076600e+01
-3.054730298952082990e+02
-6.467891006151424449e+01
-1.178215681707096110e+02
-2.842136686061374462e+02
4.841618514539386808e+01
-5.266554703395102166e+01
8.055271752477712255e+01
2.108592386401165584e+02
-6.682514516809244753e+01
3.025247895818255870e+02
-1.953166995054669712e+02
-4.320578474451326088e+02
-1.289024730406742947e+01
8.255852600988120571e+00
-1.366656191620637344e+02
-3.092731460971061210e+02
1.485940576624983009e+02
-3.389821678100571489e+02
4.183910077227724855e+02
2.494916979776410670e+01
3.683640773851537915e+02
-3.035585913275532448e+02
3.452307510929792329e+02
2.813020868523620948e+02
-9.175517919001042344e+01
-2.783986649874107684e+02
-2.236311782475619836e+01
3.577332941494560004e+01
3.108246309900238771e+02
-1.022644802535646562e+02
-1.119949399646895216e+02
2.452529174638509915e+02
1.539261299791093163e-01
-1.924046732085960230e+02
5.552870749401277806e+01
-5.640592404590896614e+00
-7.741351321166961341e+00
1.519199454259072581e+02
-4.420374713916280740e+01
2.503783336576824468e+02
-1.074850950045077695e+02
1.575998478877664013e+02
7.478954141549309043e+01
-1.235333459875950837e+02
2.469409894761760427e+02
4.864436604682632606e+02
-3.780880997861842161e+02
-1.008789105617952799e+02
-2.565309723461248268e+02
-8.450923268410012668e+01
2.232707751194669754e+02
2.494257942733555922e+02
-2.757079785142177002e+02
-4.903446065882470748e+02
8.645946942411501368e+01
1.062228757192592070e+02
-1.748954727497882118e+02
1.764441954762477280e+02
1.851726459904388946e+02
6.079484614061426555e+02
