-1.206224962680818302e-01
-4.871085391595449954e-01
-1.010972949583918590e+00
1.160397398649259060e+00
-1.210888290259704236e+00
-8.446587700491717254e-02
-6.872511668939311757e-01
-3.486011458038451583e-04
-1.051756914681453020e-01
-2.849982973769957795e-01
-8.925983659383286417e-01
3.884773475949836463e-01
-1.229360286130879443e+00
-2.357051194061741128e-01
-3.000505705416942059e-01
4.518617372917636543e-01
3.435633431882084143e-01
3.465228488525300965e-01
1.778307502969770582e+00
-1.118730850443351965e+00
1.455680081971943984e+00
-8.780912937220194392e-01
1.146505962466682460e+00
1.088437635617794497e+00
1.265903283874365792e+00
-1.239675510852137619e-01
-1.237255071674940643e+00
-5.285395300263752150e-01
-2.483743220612547598e-01
-1.162055056019226651e+00
-7.400044637777940526e-01
-6.439158676150900928e-02
2.708998195787692409e-01
6.795525133097429782e-01
-9.361205110262675877e-01
3.980943289158792031e-01
1.146738128287599912e+00
-2.304206769570340541e-01
1.379182971041970768e-02
-5.473558745761302191e-01
-6.677375479347191778e-02
1.086972183420624738e+00
-1.090872497236247796e+00
1.313869014846038574e+00
-1.734566709607199275e+00
7.610541389659611911e-01
-7.768002351458219712e-01
3.747447580368197251e-01
1.548428011715168723e-02
8.458653585128409480e-01
-2.113891916890459077e-03
-1.301145693141856130e+00
-1.072248517885328711e+00
-8.912689295437767889e-01
2.135472845222775029e-01
-7.065189403245230038e-01
-7.496046789799275245e-02
2.453478337325373793e-01
7.605216429246076937e-02
6.854925404643050779e-01
-5.293557440737376579e-02
-1.441028300692878128e-01
-9.959615567414872306e-01
-1.243793675823731792e+00
-5.385315729110499161e-01
-5.923782186330415200e-01
6.853435097858835423e-01
1.335692732016746209e+00
-2.978261456638816584e-01
-8.372239663661098508e-01
3.523019117965332514e-01
-5.841301583069183900e-01
-1.409316410921334639e-01
1.906382747028640551e-02
1.362051820727436802e+00
1.123742405016949109e+00
-1.463753303924799853e+00
-1.048743352866686962e+00
1.583629271380687931e-01
5.031939131347994421e-01
1.154672041010754491e+00
1.124193613197276287e+00
-9.762441184492454127e-01
-4.136714047930745708e-01
-1.088430562907265919e+00
1.643878102233671701e+00
-3.649770813055898122e-01
-2.427749828593002701e-01
9.553556886709222429e-01
-6.876663303765544466e-01
-8.656533039993810075e-01
1.356073862574702638e+00
-9.908765649338564518e-01
-4.848330481545313347e-02
-4.634047852677678492e-01
1.327863281357425818e+00
-9.684330912990101181e-01
3.230551161774753988e-01
1.802546441524271459e-01
-1.590206486364305061e+00
-6.013991368208997379e-01
9.035988980246895119e-01
7.578630851281581426e-01
1.469469464853296214e+00
-9.002071920862865229e-01
-1.025360633037582181e+00
-1.053652361750736510e+00
1.571374452617103346e-01
-1.316643243749582082e+00
-1.018986023683119413e+00
1.564187695690360425e+00
-6.579254023930622974e-01
-7.200847979050282177e-01
-9.449521644901426320e-01
-1.065333130198832023e+00
-6.574802186232491241e-01
1.259288012740193530e+00
-4.151733012273274293e-01
1.550994609979208683e+00
9.368398607611398976e-01
4.553467883021258267e-01
1.389226849067761282e+00
1.222514976771693490e-01
1.555597763302958292e+00
-8.925524719598632029e-01
1.113709865808370392e+00
-7.782474318265373281e-01
-1.080899952389711594e+00
1.079836659848751879e+00
1.575507631731328573e+00
1.064550518676052437e+00
-4.368318579403452917e-01
1.702188674435615168e-01
3.776676597888714570e-01
9.070317611491507392e-01
4.312226161658452850e-01
-1.471013743964092901e+00
-1.669403074924879826e+00
3.428601453503098972e-01
1.249237990948744992e+00
5.787146456474778766e-02
1.841147422868810501e+00
-5.245666810830200699e-01
1.541239541375629685e+00
-1.354839664095654150e+00
1.157271905640884446e+00
-1.289653195166056143e+00
-5.890427601446832778e-02
-1.250010320776218986e+00
-1.209912919284660271e+00
8.960997049276033799e-01
9.229386467565358076e-01
-1.600432691379743977e-01
7.380864737505488105e-01
-4.999678677474718169e-01
-5.856693134611630214e-01
3.302812268714743205e-01
6.108684124836899487e-01
-7.440169257432565075e-01
-9.846822070910279390e-01
-7.602586913826466786e-01
1.815487569601959006e-01
7.754780112034895811e-01
-2.521306735531292920e-01
-1.080987654896533368e+00
2.256596146165966710e-01
9.349072983804347370e-01
2.827818254450195079e-01
-4.662619469767693703e-01
-1.353936938673751644e+00
-1.213562642929147284e+00
2.490305679996198951e-01
-8.053532687714245464e-01
1.727456828728905602e+00
1.610165609857252322e+00
5.844188319569056933e-01
-1.610198755269602877e+00
-8.949819694649261415e-01
2.334390747689872037e-01
7.384883970174613843e-01
-5.681880418869864613e-01
-6.626335994993475254e-01
-4.404479480963367499e-01
8.435920310293314461e-01
-1.463221172624853850e+00
1.638527151665662318e+00
6.391732206157195728e-01
3.416960050051142117e-01
1.237254215275726432e+00
-9.677451305017098493e-01
4.736129889247069069e-02
-2.493827191435110668e-01
1.262345906206246982e+00
-1.151177106343320489e+00
-1.641239548591914232e+00
2.386406180605479821e-01
1.027629032541591547e+00
-3.268304824443914458e-01
-6.924481917677025589e-01
-5.620932694091117510e-01
-2.886741312137569571e-01
1.285239183375685157e-01
1.269507938506310607e+00
-1.658335003160451848e-01
6.512117130789654151e-01
-3.684941017670249064e-01
1.789974853283337886e-01
4.944627145144044333e-01
-8.125039039617207859e-01
9.758165088519151764e-01
-1.287162898284286872e+00
-2.898453955781585822e-01
1.213388739852649056e+00
9.369477583873142557e-01
-1.239592032776325015e+00
-1.036201358975523457e+00
1.237613338559099052e+00
-1.044906952477452133e+00
1.010314038332469577e+00
-1.373230131661066444e+00
-8.011855617972606092e-02
8.453265576576892704e-01
-6.595712039001955240e-01
-4.542486166774696299e-01
4.141052977325881956e-01
-2.441978894892777308e-01
-1.526027769980924376e+00
-1.143583497172901087e+00
1.714934791604394659e+00
-4.294492291993416422e-01
6.213398272164982750e-01
-1.277777784401825434e+00
7.751062528694869780e-01
9.959350187111403185e-01
1.170733369717891215e+00
6.968826331892612469e-01
-9.618464338004505398e-01
2.187771156308860321e-01
-5.226650960499725773e-01
-1.018740916017210618e-02
-6.511478528393477294e-01
7.046061481923298064e-01
-1.005592449439616010e+00
-8.629673184647512763e-01
1.143597732041782500e+00
8.744958197397593169e-01
-8.020789261782494961e-01
5.253239014630252113e-01
2.891263122037240341e-01
3.804921027445450354e-01
-1.714628676669868179e+00
5.562154164730116757e-02
1.196829347957834688e+00
1.363692927643102459e+00
8.675160125414196344e-01
-1.143204493938472371e-01
-1.185202549850029818e+00
3.007275819694594787e-01
-1.185615556470419829e+00
1.056897756973854907e+00
2.093375864182940582e-01
-1.026893564202972398e+00
-1.069692018004441969e-01
4.401602933891369807e-01
-1.376669970369699403e-01
