-9.057196655450139300e-01
-2.563695004838040248e-02
4.705240864308817272e-01
-2.927650934722270115e-02
-9.797206627330381501e-01
6.232511661896580346e-01
4.428416925116154257e-01
-2.311290448375928896e-01
1.879701728447076281e-01
-8.572397475298720870e-02
-1.526190497011115088e-01
-7.047680710845232177e-01
-1.155967969942550688e-02
6.581405907910458097e-01
3.955131754344312078e-01
-9.991454129866550460e-02
8.729956890760370847e-02
-9.649751621626090348e-02
2.422660189416259158e-01
1.268734442322072553e-01
-6.669220751911451028e-01
3.023251386039116362e-01
1.214800720217446006e-02
-8.259852927177790960e-02
4.103023213977721184e-01
-1.290436399591485817e-01
-8.202132510141968424e-02
1.323682964540071616e-01
-2.234550332522411420e-01
-6.433515337638724407e-01
-1.563281639213989216e-01
-1.181115148245004409e-01
-9.510959216498100499e-01
3.787285678963148161e-01
2.464413886052632119e-01
-7.143359872344181571e-01
4.881179260822878785e-01
-6.457640791287420079e-01
2.680119397619959987e-01
1.783383368996664942e-01
6.006570404506041960e-01
6.531095531508590568e-02
-3.098599459281929924e-01
-3.796137090384712476e-01
2.536044296163719736e-01
7.196349345078176807e-01
3.235589763969413113e-01
2.248380887351488777e-01
9.817639263803750183e-01
7.291593312851540887e-01
-8.280790787151106613e-01
-2.261564648306790826e-01
-5.902602785424693188e-01
1.204814452647895440e-01
3.987252976696757933e-01
6.910257118604530291e-01
-3.252787240496315402e-01
1.691528564727089456e-01
6.757087308788145563e-02
-8.958636925302245757e-01
-4.420906355447593583e-01
-8.532804725912475075e-01
5.670184004619023277e-01
9.905200678483434551e-01
7.060072938035348855e-01
2.104971572747413866e-01
2.212048851396148930e-01
5.573195984255252533e-01
4.282411332012612259e-01
6.524224668204439137e-01
-4.087314426885588770e-01
2.849579239038868561e-01
6.612904861913166954e-01
7.367233761048928020e-01
-9.165914618522175150e-01
3.239059920193836373e-01
8.050065569967590484e-02
5.054752445747068279e-01
7.410461155895253782e-01
-2.745178063124831258e-01
7.353262744178818977e-01
-5.528427249431808743e-01
7.536451447268790460e-01
-3.913281464479572147e-01
-6.100642471728223715e-01
-2.676160847674569077e-02
-1.369369901893957575e-02
-8.032177678932688192e-01
-6.878807738888930157e-01
-9.549494830772311538e-01
-8.556083830301437487e-01
1.107347572867596330e-01
6.680894512962678444e-01
2.297148836776914393e-01
3.528458361104593877e-01
5.797666938764274303e-01
-4.254621552538575546e-01
-6.205146585494376588e-01
-8.119916461547271869e-01
-5.761566207060264677e-01
1.156075387670956189e-01
2.903395206970809106e-01
-1.618012731751243827e-01
-6.371716784861491956e-01
5.198902392452113830e-01
1.983527308191805894e-01
8.881823897650256150e-01
5.603807747408708906e-01
7.346468232565146472e-01
1.709111414482675784e-01
8.227725749473304706e-01
4.434387095023517578e-01
6.907895515099105044e-01
7.671256258907219738e-01
-5.885308029152893639e-01
7.792596132119997687e-01
6.611229216304947975e-02
-3.307556998133149850e-01
-9.930567297249817127e-01
4.428287367128829199e-01
5.728028718800515229e-01
-7.502818193860960605e-02
-7.188175394303986110e-02
2.969043770014967443e-01
4.157578361794387334e-01
-3.714390174715693771e-01
2.093001531155960215e-01
-5.083673723822885737e-01
-7.648838183360400222e-01
-1.072823791147199390e-01
1.737531342984945937e-01
-6.752530538679630823e-01
9.925532731018693600e-01
6.249147492726410125e-01
1.661666041335019273e-01
4.769461157759058434e-01
5.334546538039168784e-01
1.081771970632041668e-01
7.902476685637138676e-01
-1.410302571280093176e-01
-1.086779214577078267e-01
7.481999551368356816e-01
4.010882916083007288e-01
-4.025650749646556559e-01
-1.279252352946218529e-01
-9.128905148057651076e-01
3.332594336971839155e-02
4.384383938253015867e-01
3.676131381242095930e-01
-2.477649455926518307e-01
2.477943235562405366e-01
-5.366397996677674254e-01
-2.459428221645951762e-01
1.424320843340205478e-01
-2.410566551174369021e-01
2.440139445659612605e-01
-6.985981306604522878e-01
6.857729513994763604e-01
-3.562398971332556563e-01
8.623256446807163744e-01
4.898521799004562638e-02
-4.001055213174584679e-01
2.249032707053630897e-01
2.974789104986228505e-01
9.834627967707065821e-03
4.949131320435879999e-01
-2.575789306860549743e-01
-5.634173586342614559e-01
-9.005018395765684858e-01
-2.044715493247613036e-01
-9.131488436881773918e-01
8.163804727532404382e-01
-5.255883577843167842e-01
3.975674303526057773e-01
5.973437518941275837e-01
8.950987920821145138e-01
3.877123834041453776e-01
5.773337373218241364e-01
6.318122490285555948e-01
5.331987711048733480e-01
6.644796616878130280e-01
-9.528601228144553126e-01
-1.113546042464723662e-01
-3.944723586542964178e-01
-4.445589860405885219e-03
-6.615964685402722090e-01
9.866508720677378275e-01
5.344789626399626403e-01
1.491160071766746142e-01
-5.766749450302037783e-01
9.295820307269901939e-01
8.365003126122880772e-01
-8.133751468262941930e-01
-9.740334224707896116e-01
-1.780901290424057315e-01
-5.653814330305773073e-01
2.308846969486828549e-01
-5.282499289658906250e-01
6.513628945796101632e-01
-5.636013965880846133e-01
-3.778213976473145941e-01
-9.650005037303586164e-01
1.322517991913789714e-01
7.062234294796216894e-01
8.170371071489506143e-01
-9.846130792837235468e-01
3.791638968614630123e-02
4.137410074820391248e-01
-4.587600778404099522e-01
1.493625184075750845e-01
-3.523261229496752467e-01
-5.315511794405258783e-01
5.472030929525208975e-01
-8.997313948005123407e-01
-4.993629070744525222e-01
-4.035927342542096063e-01
4.802887188342690461e-01
4.835645740609646470e-01
9.226819216007220437e-01
2.866537697264996964e-01
1.047284981876697163e-01
-5.496305650659836228e-01
8.919502920731976481e-01
4.003958554295743433e-01
-7.252571141621131368e-01
-1.757727832317474981e-01
-5.672647456351107564e-01
9.783965752928214243e-02
-4.881690533185114589e-01
6.740333227355599366e-01
-2.469566296197100996e-02
-6.670631475323474113e-02
8.711388036502489829e-01
3.615880811745526557e-01
-2.873067649367568865e-01
5.109226648249669545e-01
-9.067905202353758742e-01
4.166475466010930440e-01
1.323509594547402912e-01
-2.444495782085662761e-01
-7.633604805510785241e-01
2.636382690993999134e-02
6.108944341799138478e-02
8.058864735799191603e-01
1.808472254386439548e-01
-5.377794048320230225e-01
4.837769127034081684e-01
9.223875923385120856e-01
7.106720534586608018e-01
2.857668274468601055e-01
9.978970344489805910e-01
-3.229572562500369060e-01
-2.904320863024083543e-01
5.617942437994229987e-01
-3.032401519985532534e-01
9.761784932322208341e-01
-8.577304922067749970e-01
8.559004856517438142e-01
-1.117617802904735669e-01
4.502459869679296123e-01
-3.301823763809912382e-01
-7.919087364286871988e-01
9.822525692428121236e-01
-7.355908994546698221e-01
-6.173987937027747286e-01
