1.275073754846164888e+02
8.099994154578006089e+01
-9.200553917352557676e+01
1.019817036275471622e+02
7.123428399181071313e+01
-1.670128686628179366e+02
6.089561366893379812e+01
7.356294056464849973e+01
6.414826723718181256e+01
-1.492317350082273322e+02
-8.402146756177126008e+01
5.544123937767405152e+01
-6.255263539621095248e+01
6.585366091054814319e+01
1.084111036441070723e+02
3.922181537474519075e+01
2.733139344709320540e+01
-1.252425320256451258e+01
5.904433916613709243e+01
9.374365790463404835e+01
1.562739993459085213e+02
1.967826900521690803e+01
1.669926171065082485e+02
-1.153380705508667745e+02
2.212426570295000090e+02
3.524363469182384279e+01
-1.468293788477760131e+02
-7.310444990590318071e+01
-1.035131601517030759e+02
-1.468294645641217926e+02
3.311461749084067918e+01
2.058937254763760336e+02
2.211407782153287940e+02
-1.365816403108185852e+02
1.206067410926210357e+02
1.625620614607828145e+02
9.728370699508226949e+01
-1.059780608082439102e+01
1.513076296738205713e+02
1.587134257782858811e+02
5.465133439883303623e+01
1.016242016777508326e+02
1.467313792571431463e+02
-8.495819174656621442e+01
7.654363510562457407e+01
-7.582920645994656184e+01
3.719412274500093218e+01
-1.308128173548247446e+02
-3.877681910099896356e+01
-6.272860952394479739e+01
8.187382744843955606e+01
7.801437532011175335e+01
-5.152412460732304078e-01
2.310639471740118438e+02
-1.134334846812595643e+01
7.783825583404947679e+01
8.113669086048044221e+01
-9.091805800182999064e+01
1.168934266378387861e+02
-1.514649250237961269e+02
1.261875861430308987e+02
-4.653026506693112196e+01
2.132342740663936098e+01
2.036942909281143272e+02
-4.070948540445982644e+01
5.742729911888272198e+01
1.100579916564644947e+02
3.219411071841764027e+01
5.585408261744745317e+01
1.979594185323390150e+02
-1.063824923636566240e+02
1.346664368458387173e+02
-1.646434465532622937e+01
-8.362170423840528599e+01
9.225450324268206259e+01
-5.846015714503659311e+00
-1.080939090680377035e+02
1.477237631734277912e+01
-1.349560265468711506e+01
-2.985760176280388123e+01
6.238300280535758446e+01
-1.546545921888213400e+02
5.754083400394290493e+01
-5.559647736710732602e+01
1.578779572833894633e+02
8.963753481362239484e+01
1.057992186592731443e+01
2.349867995718000557e+01
-8.018360358394966170e+01
-1.867336249859441111e+01
-1.255991723944810019e+02
-8.119982455725076420e+01
-3.714825962743712751e+01
1.887459439894265500e+01
8.447790338527525478e+01
-9.345070945387433881e+01
-1.376208247810677676e+02
-6.356974675703107636e+01
7.664744825498466696e+01
2.873349386267046413e+01
-2.273662425271434699e+02
2.025785896129291430e+01
3.275670800686345530e+01
3.444297884448551628e+01
-2.006616989560323816e+02
-1.708110503320879445e+02
-5.194637722231291121e+01
5.446903018483667580e+01
1.955212892724614164e+02
-3.461580230461425600e+01
-8.188131374897540127e+01
-6.932973615357565222e+01
2.033651262978334984e+01
-6.857368140484531693e+01
-4.757236728283938021e+01
-2.088625643418767908e+01
-1.667505774498505957e+02
5.598007313496784576e+01
2.393526477378514699e+02
-1.219630942407134313e+02
1.875599183621486929e+02
-8.711730371047202937e+01
9.101434415201687500e+01
-3.190752887749327726e+01
-5.303784465272319437e+01
-5.955016978696454544e+01
3.791267766972824660e+01
-9.580443468776003613e+01
6.587606608655204354e+01
2.566712759865340310e+00
3.416647386172802925e+01
3.086284312776461292e+01
-1.029152532961360720e+02
1.610757088278640481e+01
-4.248322684281658468e+01
8.917176131551211427e+01
-3.335650682009085699e+01
1.509025572919685487e+01
-8.589997690035205835e+01
2.198295040453814693e+02
-2.580529108700107699e+01
4.345320351035247164e+00
-1.510254281401097103e+02
-1.063797977463499649e+02
9.749838340211076115e+01
4.722201288699894306e-01
-1.621862731617069286e+01
4.031135460950969218e+01
1.295119759140837346e+02
5.035910557750112204e+00
-2.058776444804071275e+02
2.406882400446647807e+02
4.337599020517381376e+01
-1.929444013163563554e+01
-7.743672399220314162e+01
-5.494516091324440765e+01
-9.829793185257685195e+00
1.323423392235524716e+02
-1.398355016977251353e+02
2.121113184454580107e+02
5.748561153941851742e+00
-4.981399035085824067e+01
-9.729397856235301845e+01
8.420512088860377276e+00
-4.725006929389363108e+01
5.482300196008265658e+01
-1.861338404997153191e+02
-1.228917105888588424e+02
-7.368999908819913003e+01
-1.495914751378529672e+02
-2.435430448161531203e+01
1.892033605812720509e+01
-5.429988704577625924e+01
-1.277556020688096226e+02
1.345383888816478475e+02
5.815628874026595696e+01
2.560559922149948164e+01
-1.921404524476696736e+02
6.376157688513043098e+01
1.454572399732136319e+02
9.424428215160735078e+01
2.034815162458121449e+02
-1.346442953527183306e+02
5.313370430436367364e+00
-1.399886877627308763e+02
8.928382649833682194e+01
-1.538615189446802134e+01
1.058069030849643610e+02
-2.144345989759831355e+02
5.430158073235253369e+01
-1.244157238358218009e+01
2.385179961747523407e+02
1.517971559559058221e+02
-1.916098392723435779e+02
1.023247871175413337e+02
6.610963675521914240e+01
7.307327668446291113e+01
-1.144788902481906518e+02
-1.065963546536345916e+02
1.934288265975886532e+02
-1.403774314988435279e+01
1.492110374963511958e+02
-5.138872567765496058e+01
3.182896896574947831e+01
-1.018381075019411952e+02
-2.252684478382656863e+01
-1.150167996733900679e+02
-1.163924801307003492e+02
-1.764299511527331674e+02
-2.311853762774797190e+02
1.092120294986510665e+01
1.129301547544702800e+02
1.457478858277342795e+02
-1.111588486077453979e+02
9.414593819346460890e+00
-4.883472125999248448e+01
4.733742568368598569e+01
1.465016317406271469e+02
-2.521073452912838420e+01
-1.472550521942337021e+01
-3.474351754324810138e+00
-1.841290523840564219e+01
-1.264143813096723505e+02
1.567342915355759203e+02
2.152394067824880608e+02
-2.024562321651980028e+02
8.057387611277989947e+01
4.210310369032467293e+01
9.225113056111128174e+01
1.227577687886137312e+02
1.410230694360741950e+02
-2.462937203886343980e+02
-6.226805175179047325e+01
-1.567891976158760485e+02
-1.956677838028352312e+02
-3.208922756077102889e+01
-1.080173659241647925e+02
7.855574520025024654e+00
-7.390751695756341633e+01
4.527873548080583532e+01
1.085634663172948535e+02
-2.069972631635200599e+01
1.578412357911485628e+02
2.403856020898382084e+01
2.297290828157657927e+01
-1.672474598236858583e+02
8.593372453364906960e+01
1.138313647423030801e+02
-1.710870174976593603e+02
2.476833861484071875e+01
6.415866405197647282e+01
6.412954923798042728e+01
1.600536403391513147e+02
-4.740952909981693608e+01
3.726388449117615576e+00
1.838764949451449482e+01
-4.248455629520042010e+01
-1.347466336776439633e+01
2.131231190139031924e+02
1.756806700325585666e+02
-1.387258360071958521e+02
-3.005080666227878439e+01
1.293622653589249296e+02
3.475315289194583102e+01
-4.645308462085551326e+01
