-3.548766788665245198e-01
-9.601043969801146272e-01
-5.708561927307861383e-01
8.568439229157820414e-02
-3.197574854541800349e-01
9.620639143876721366e-01
-1.981221088713567280e-01
-4.289645994096313864e-01
-9.842893485617341121e-01
9.200199283059973254e-02
-7.847892162382195114e-01
4.158542792048565140e-01
-1.276886486646879870e-01
3.988963798682843009e-01
-1.987365203785633749e-01
4.981834846805659467e-01
-1.631058694956895039e-01
5.190667400891997296e-01
5.171832795276518624e-01
-3.133800148246992379e-01
1.671946839319538303e-01
-9.170033948702371873e-02
-4.223416633611485338e-01
-2.492589059979979371e-01
8.421665173880765742e-01
3.729914583315181442e-01
-3.600965681417707120e-01
-4.747267717999017478e-01
4.497358391039651959e-01
-6.349789297246493103e-01
8.689670058346423698e-01
-1.006796470136638311e-01
8.935100976145878837e-01
1.732838790676048957e-01
2.900007769614783015e-01
-6.732851046049175281e-01
3.100202500462962973e-01
3.835087002358822383e-02
-4.682154005602781055e-01
2.385534226106311717e-01
-3.630350429237492182e-01
1.556396398250066149e-01
-3.909796269472176622e-01
-3.661141958661406903e-02
-3.945563173797828060e-01
4.651700237778424452e-01
-3.555184162012428040e-01
8.603358554262052760e-01
4.658835022595548825e-01
-6.412233554469759511e-01
-4.433637997889841031e-01
-6.709806525539685484e-01
-4.405474990125579637e-01
-2.879826090699644237e-01
-1.000300209865062184e+00
-8.342952921431272539e-01
8.959518252765450441e-01
4.654561977938114214e-01
-7.794357104890310417e-01
5.367912075796259508e-01
1.541891327772315634e-02
1.208046877199737690e-01
1.587081704550414862e-01
-7.669358301360214014e-01
3.854419359577418991e-01
-8.253141343946159836e-01
5.783546224097544375e-01
-7.809079419773579112e-02
3.743341394092074559e-01
-4.322498205846159181e-02
-1.018253549320896623e+00
-4.218558805503449527e-01
3.769065396320480099e-01
2.955270042295543576e-02
-3.406553914283327877e-02
2.041422201181384288e-01
5.826287043232878382e-01
-3.880266527866773618e-01
2.619727851858533185e-02
2.412387943089089326e-01
-1.661799656367164424e-01
-3.128666126610841758e-01
-3.724276659162351066e-01
-7.537712148239728016e-01
8.784336901240961115e-01
2.749192289927926414e-01
1.579401245804803455e-01
9.295845643674141012e-01
6.658713093168660002e-01
-1.429563847604329307e-01
7.306775252086006311e-02
5.308163103327716570e-01
-6.003679440457978522e-01
-9.365330987133773100e-01
4.315292281305864730e-01
8.057984210376616385e-01
-3.236217466087643047e-02
6.770518774654046279e-01
-1.157755456353939394e-01
5.719230851525226589e-01
-5.583932438567809076e-01
4.175011508803727622e-01
-9.772786967530988633e-01
2.092946035463739418e-01
-3.012327536393162308e-01
-9.555658840071681315e-01
6.118624425496410613e-02
-1.510740276938775661e-01
-1.952320973115330704e-01
5.068555967087029490e-01
-6.888960373274626292e-01
6.673769318541282747e-01
3.878820212339668116e-01
-9.099192607977213409e-01
5.074381905735392273e-01
-5.597306927192519099e-01
9.335188846098616544e-01
-2.735152173640467144e-01
8.284027600347747544e-01
-3.900346816445925957e-01
3.616003028768499661e-01
-5.827999806238137737e-02
-4.786251997386070656e-02
7.517661080100879190e-01
7.453287789880824743e-01
5.962430062450991830e-01
4.109639231093460410e-01
-6.845426692387130974e-01
-8.200330835108422534e-01
-6.042992943025240482e-01
4.323541529499730363e-01
-7.273677135066629607e-01
2.058016679145400207e-01
4.068238843267102389e-01
2.008273731303680254e-01
9.753831502526366659e-01
-2.215222328498204774e-01
-7.714438285701885611e-01
-9.865305395977543856e-01
-6.011798638932139838e-01
-3.504907610349208141e-02
-6.242592396328872084e-02
3.473032185412483486e-02
-5.761660873526566196e-01
4.088348593999526770e-01
3.339040081064943433e-01
-4.760847128813749940e-01
7.007979129110100125e-01
-5.624025164001991151e-01
8.923121649488792162e-01
3.661501630138066510e-01
-9.637466559800733634e-02
1.058960190801409462e+00
-9.292757223535268452e-01
2.093726191332723197e-01
5.995657548092343525e-01
9.435491417309056494e-01
-6.664109356511425108e-01
-2.956239935581118639e-01
-7.847704920394469319e-01
-3.222515310250367859e-01
2.839042541761005456e-01
2.772021224297839814e-01
8.466928394033981231e-01
-3.550365978840186454e-01
-9.821414145431961451e-01
3.153719536231456289e-01
3.884992707470737994e-01
-5.825098030226654178e-01
-3.547319091455189977e-01
-3.301538810965582993e-01
-8.343831208324936632e-02
-8.738213200413127435e-01
5.714470556697499593e-01
7.211119875711391458e-02
4.652888379498789639e-01
-7.670512532772653103e-01
1.439809346181863958e-01
-7.401691853605607552e-01
-6.211575056739262468e-01
5.214222266744841239e-01
-8.965457353573682564e-01
5.474485424876326389e-01
-3.928747338755196328e-01
9.380693252808225413e-01
-5.265495282363332752e-01
-8.200547715528618831e-01
-2.457673729900480553e-01
-7.257535586433461194e-01
-3.152080240056083227e-01
-6.702012969146031729e-01
1.671921623658463307e-01
1.916980202399240774e-01
6.194009460952862867e-01
7.110436755789582008e-01
9.244964450483188489e-01
7.533752991342865801e-01
2.442652949713041699e-01
5.319321570436594815e-01
-5.090042779036989540e-01
-6.925175431538879156e-01
9.822478524785485110e-01
7.207388841421258352e-01
1.315251121040583726e-03
-4.625674831830135503e-01
-1.648393744242719616e-02
-5.527199535860263246e-01
-6.202775648728630076e-01
-1.823012275477464694e-01
4.434950681105087611e-01
9.409639501346833690e-01
-5.067539228222505132e-01
-4.597590737776742209e-01
-3.654503452205306591e-01
-3.885521877818116643e-01
-8.965131340511192093e-01
-1.630064820103469536e-01
4.312540588358353411e-01
7.481801323154588790e-01
-5.360792796551225869e-01
-1.757355354248795187e-01
-7.185029384613650372e-02
3.332464635272760489e-01
-6.718744785280739151e-01
-5.346867066018410330e-01
-5.906089355946377850e-01
-3.989080039945764322e-01
9.815143229575487016e-01
-6.581799234628591400e-01
2.464110101351919546e-01
7.240186646514032986e-01
-4.593114392129704626e-01
7.915011028687093386e-01
3.370334597176996017e-01
-1.033863095527161269e+00
-1.711439494578330667e-01
-5.250633238811351911e-01
-5.769510848772574363e-01
4.799665044100551725e-01
8.196683120778627263e-01
-1.726943303079077063e-01
3.523906102958709319e-01
1.061976544399299671e+00
4.069926784612740711e-01
-9.701172236782424907e-01
-8.548291720719014553e-01
9.611451537252930777e-01
-7.121159622843771242e-01
-1.996438059725493819e-01
2.000265974380479594e-01
4.582153642496278323e-01
5.784608932576846829e-01
-3.821275220531135108e-01
9.704392952208760192e-01
-3.186071068325966316e-01
6.143607069088103945e-01
1.093094196303068255e-01
-2.871069288588770085e-01
6.888224201638075694e-01
6.400628914998119923e-01
-9.343120934909081576e-01
-9.245139146964039337e-03
-3.651778679024244578e-01
4.493234122623783466e-02
-6.935504644342724845e-01
