
INITIAL 75.200907 2.779458 16.289289
0 74.746171 4.326842 16.065868
1 84.993424 16.848061 21.61318
2 89.623649 20.67251 18.895605
3 89.623649 27.485797 18.016513
4 74.765589 29.326971 20.627488
5 86.39141 35.151649 22.447232
6 87.554995 38.762033 23.923362
7 86.39141 49.214728 24.485889
8 86.39141 55.261018 23.754578
9 86.39141 65.891412 19.687803
10 86.39141 69.795359 15.195832
11 86.39141 74.394019 8.101306
12 86.39141 76.417513 7.637037
13 86.39141 81.106008 6.93656
14 86.39141 84.257434 6.04858
15 86.39141 86.379858 0.080867
16 86.39141 86.184824 2.055506
17 86.39141 86.39141 0.0
18 86.39141 86.39141 0.0
19 86.39141 86.39141 0.0
20 86.39141 86.39141 0.0
21 86.39141 86.39141 0.0
22 86.39141 86.39141 0.0
23 86.39141 86.39141 0.0
24 86.39141 86.39141 0.0
25 86.39141 86.39141 0.0
26 86.39141 86.39141 0.0
27 86.39141 86.39141 0.0
28 86.39141 86.39141 0.0
29 86.39141 86.39141 0.0
29 86.39141 86.39141 0.0
0 86.39141 86.39141 0.0
1 86.39141 86.39141 0.0
2 86.39141 86.39141 0.0
3 86.39141 86.39141 0.0
4 86.39141 86.39141 0.0
5 86.39141 86.39141 0.0
6 86.39141 86.39141 0.0
7 86.39141 86.39141 0.0
8 86.39141 86.39141 0.0
9 86.39141 86.39141 0.0
10 86.39141 86.39141 0.0
11 86.39141 86.39141 0.0
12 86.39141 86.39141 0.0
13 86.39141 86.39141 0.0
14 86.39141 86.39141 0.0
15 86.39141 86.39141 0.0
16 86.39141 86.39141 0.0
17 86.39141 86.39141 0.0
18 86.39141 86.39141 0.0
19 86.39141 86.39141 0.0
20 86.39141 86.39141 0.0
21 86.39141 86.39141 0.0
22 86.39141 86.39141 0.0
23 86.39141 86.39141 0.0
24 86.39141 86.39141 0.0
25 86.39141 86.39141 0.0
26 86.39141 86.39141 0.0
27 86.39141 86.39141 0.0
28 86.39141 86.39141 0.0
29 86.39141 86.39141 0.0