1.234186100589091950e-01
-9.268428031872422146e-02
-1.880326879134790463e-01
3.940081406037039269e-01
-7.739697764189452656e-01
6.078947464393906763e-01
7.378061462336171772e-01
-4.320182024968042267e-01
2.887287015789221645e-01
-5.679965732876852691e-01
1.208536775661293028e-01
5.457089981889378105e-01
-9.717814682659711156e-01
-9.029521731776743998e-01
-6.573177641132361693e-01
4.808667213273591923e-01
-7.687781324682718687e-01
9.814675180385123987e-02
3.980453277544506729e-01
-3.021125083197566674e-01
2.736401547641844623e-01
-7.948092781555879949e-01
7.298963687573905013e-01
6.213950775142143002e-01
4.356385119210217649e-01
-1.957559340972994111e-01
-8.734993283674785669e-01
7.701734925167593726e-01
-9.757119135123337728e-02
6.714814039820140579e-01
9.769557879457821947e-01
7.148623909278410959e-01
-4.217338054578150253e-01
6.096060263230551612e-02
-9.175027457124498298e-01
3.155015876134119601e-01
-6.478311779749656996e-01
9.407847789489480750e-01
7.301886321525334900e-01
7.540047735772903437e-02
6.017428946415019908e-01
-4.934527443527658708e-01
8.943539819005146274e-01
-2.601639074799426687e-01
5.946759843056470540e-01
9.983016374959869932e-01
1.904018372084002042e-01
6.122182851353425992e-01
9.981863775533699190e-01
1.068217496709154002e-01
2.562217378504396681e-01
-2.076331830108564258e-01
1.442672833907050478e-01
1.043031804758962622e-01
-8.073315351418417496e-01
-9.749743208533998562e-01
-3.047643465500078364e-01
3.304924980051067163e-01
-7.551319326061158854e-01
-9.976466071144070025e-01
6.483690587747923395e-01
-9.775141294861233732e-02
3.190154840149563853e-01
1.378495121250657984e-01
4.654414914218829580e-01
-7.693021080849569149e-01
-9.602928520727038730e-02
4.846397897998140358e-01
4.304763734796257513e-01
8.227393870267218912e-01
-2.901520945325017919e-01
-1.134568952715797607e-02
-1.871151474154213457e-01
-5.468439923000523173e-01
-3.309437049190577795e-01
-3.523843641781088110e-01
4.857717622018684622e-01
-3.457727677643445130e-01
2.221093549398336364e-01
-3.262916276995604381e-01
9.815006391634057969e-01
5.810887044743864305e-01
6.333885815245519080e-01
8.191222059293237212e-01
-3.441462472098517633e-01
3.344566956584054118e-01
-1.149414987684171940e-01
-7.190245059694111429e-01
2.483465129309552211e-01
-2.697095790347914246e-01
8.691242073557197134e-01
-8.991689345848159487e-01
-7.551357784121206507e-01
-2.202581281879341102e-01
-2.227080241063781330e-01
-9.754061482217450951e-01
-2.177531023238283847e-01
5.204401235979772000e-01
-1.133356434020051928e-01
3.905823871540108350e-01
8.502629676138386827e-01
2.400870730291619903e-01
-1.286527991751675870e-01
6.395438044208108241e-01
8.547092363736989995e-01
-1.285578447595314699e-02
5.584931190701354353e-01
-6.145992755312017497e-01
-5.677948689082208400e-01
3.822179732860633283e-01
-3.400105327344702388e-01
-4.585310227470829059e-01
8.059272004306550219e-01
-7.611384236895151201e-01
-9.478754607187449555e-01
-1.635294249127055011e-01
2.261519541860350646e-01
6.677102144592146349e-01
6.218107761230624586e-01
-8.080222878502056894e-01
-9.766754553281931095e-02
6.080630763246113180e-01
3.519412318094026215e-01
-4.484951391717650893e-01
-2.113763988283421380e-01
1.375208319151719483e-01
1.639784952993617040e-01
-1.076604940369241259e-01
-4.863278363498351187e-01
-2.439166587100527472e-01
-3.759139295177909013e-01
-7.858068847223531606e-02
-7.773493589442037610e-02
-3.268672249211348468e-01
-7.045952201674128279e-01
-3.551344030136074359e-01
-9.378174484489487650e-01
-9.236049354330839734e-01
-7.677482859573347973e-01
-9.403840660235496252e-02
1.482860528963660940e-01
-9.779531554317737463e-01
6.977084388801624293e-02
-7.671482358579915228e-01
4.444231494724366627e-01
8.593770087474528196e-01
7.503335600794589499e-01
3.870696961040345219e-01
4.767871815195123819e-01
-2.763228666841144321e-01
4.651806709373711435e-01
9.862947671577366737e-01
1.322887509707899589e-01
-5.646745590563249095e-01
6.979553066267629724e-02
-5.259078077424419462e-01
7.186544772842868856e-01
9.112355038480968172e-01
-5.422152942945110965e-01
-1.659778274012886357e-01
6.740311701732097927e-01
-8.178401717134686777e-03
-5.777041664916489072e-01
-5.876146141579829951e-01
9.940847579930649491e-01
-4.081457509028361130e-01
3.633118134148660694e-01
2.737518837395587212e-01
-1.842102121467470432e-01
-9.156746281760335116e-01
2.184759188245957162e-01
-4.784644429669384635e-01
-3.541021373706758624e-01
1.227911770859591023e-02
5.458016610310738592e-01
-6.168041922942488764e-01
1.997490323641997190e-01
5.213768380672640923e-01
6.768446418056908165e-01
-8.240918030959694107e-01
1.713723533640636454e-01
-2.258276000549690465e-01
2.560116727097594413e-02
6.335489779441678682e-01
1.733203109371925787e-01
-1.276802347559402584e-02
9.965677038432538826e-01
7.097079348929282716e-01
6.653367142190422800e-01
2.954828346244844361e-01
-4.182800181733692391e-01
3.084162234055172203e-01
-6.241932876252598295e-01
7.554418258269191000e-02
4.236665771637257993e-01
-2.068628503062990287e-01
8.044719483349302980e-01
3.166487358435359223e-01
8.422064767691315179e-01
4.934674063368387209e-01
-5.793917608636154348e-01
1.263248062925430570e-01
-1.178173495388445957e-02
-4.018821359372088953e-01
-4.507304184975702288e-01
-5.428501613194958164e-01
1.283923893506302427e-01
-9.213744815625735107e-02
-7.608512506327813618e-02
-2.146921222358300074e-01
-6.226150441664499713e-01
5.160450977051187493e-01
2.027515847643643898e-01
4.006159283163788221e-01
6.834631679475318133e-01
-7.210868561611969429e-01
-8.774950981248537119e-01
-3.125261136382246896e-01
-1.868020040604381204e-01
-9.406353085768404121e-01
6.808467837017693203e-01
-7.493652726198976044e-01
-2.571565373706286017e-02
9.994763997302842373e-01
-3.414212655299238008e-01
-8.073130307385263382e-01
-5.166651865919675846e-01
8.099343314261031601e-02
8.602143002424877949e-01
5.903046151360775706e-01
-6.807987978847473975e-01
-2.920438087295931240e-01
4.612254734921159560e-01
-4.371077120191697585e-01
-9.644466923268366632e-01
8.249952743431610003e-02
1.810058786704973333e-01
6.298476977907256913e-01
-4.787574330591559679e-01
6.301777594829873763e-01
6.957234284167701510e-01
-9.786480068626191020e-01
1.821392291402739172e-01
-6.957492660690811626e-02
-8.660862042643935332e-02
-4.787591687335119861e-01
5.370876357258069778e-01
9.331647354772123482e-01
1.503992097554140983e-01
3.923932157136855725e-01
2.161510999217717277e-01
-2.361213637037051782e-02
3.250558457977303917e-02
-5.531895458535407428e-02
-6.145116355944588715e-01
-9.418903818899830860e-01
3.958559600969391301e-01
-8.568106314982273375e-01
-3.603203825778009683e-01
-6.177711874359137489e-01
1.706912210104418737e-01
-5.249327892510968763e-01
-1.127521150188171006e-01
4.445975127551629047e-01
-6.074989429188426548e-01
