1.116833212125167840e-01
-3.663649796385475277e-01
8.908030138960598698e-02
-7.486505594088730398e-01
9.598097679355541700e-01
-8.170178879036553710e-01
8.036307263330115802e-01
-4.571499726860237534e-01
-6.354521154953294282e-01
8.218448335301524743e-01
-6.280909196748698520e-01
-9.865419603422820316e-01
5.543256591219933860e-01
1.987716926915004123e-01
-9.442617276831761775e-01
7.109020508395851312e-01
8.875238375546659064e-01
-3.418317401388109023e-01
-7.881257695357475335e-01
7.233855057553848500e-01
-7.211003751635440828e-01
-3.991477214521093053e-01
8.076413143178335918e-01
-9.968063635946786682e-01
-2.343476511643993732e-02
1.087518957793920382e-01
-4.188627537457894068e-01
4.031859323181068433e-01
-1.538512376563532236e-01
1.587632339567972561e-01
-7.613147736411418620e-02
-4.719727109138116550e-01
3.341543932617734303e-01
-4.340193011537929468e-01
-3.570310829247747009e-02
-5.449375179155273585e-01
-8.927899393124802963e-01
-5.116639735922616783e-01
-5.512401699437381453e-01
9.259197158902645608e-01
-6.371871425831969749e-01
5.483721100713638830e-01
1.457785233076158704e-01
3.408900642498131628e-01
-8.818960853525947829e-01
7.735100305501063644e-02
-1.994338878512096347e-01
3.919549587544624014e-01
5.219190924708518864e-01
6.187374108462504463e-01
-7.607037428051621752e-01
-4.134544991862609820e-03
-9.209614962476597722e-01
6.295983348646996269e-01
5.818936025994208006e-01
6.360764107176684057e-01
2.763211958741313978e-01
-2.341720325513805268e-01
5.954981160996046796e-01
-5.826993188714291172e-01
8.268633205142550402e-02
4.239689312418355449e-01
2.037200867676145499e-01
3.649423112072280873e-01
1.747645257363874549e-01
-6.916591281349138143e-01
-6.793040913861938535e-01
8.489506213915976041e-02
4.130934730846451686e-01
-5.943825134902480656e-01
-8.498145842742477196e-01
-6.137654839193107392e-01
-5.346078942535474887e-01
-2.088149699183288188e-01
-5.846685427074618246e-01
-6.774327525558763163e-01
2.023318391923987214e-01
-7.659279726377670183e-01
-2.387865662510417764e-01
-7.153799203116473215e-01
-6.528074688843443774e-02
-6.445820954012080328e-01
-6.268945859279135835e-01
5.814990861548305912e-01
-9.314465910730542753e-01
4.191413656845499602e-01
5.636728996610096409e-01
5.922952951381288411e-01
-2.052618524790119636e-01
-2.881505682865022067e-01
-6.860934464409234046e-01
3.909795570324927638e-01
4.330895437821700167e-01
-5.826266641799688895e-01
-8.511191096051795579e-01
4.286586136822556625e-01
6.360871528809599607e-01
-5.924628205163309236e-01
5.681832718731141263e-01
-9.744805368902449416e-01
9.761824674897980891e-01
-3.083422776548925270e-01
-9.234658555204091623e-01
6.605453523813014094e-01
-2.995156092864117436e-01
5.841766596808217749e-02
3.149057099815935068e-01
-8.102199244666543620e-01
4.709005225487452595e-01
4.642490370654828169e-01
3.108852566283120122e-01
-5.087738487851578562e-02
-6.620463688640270128e-01
5.802603842979598969e-01
-1.729466140987017120e-01
-1.378532456258039218e-01
8.489606433033920485e-01
-4.608029361486098985e-01
9.482511979663070800e-01
1.425804674805091210e-01
-7.248930780972560051e-01
7.177905480188824239e-01
-5.670026863692021468e-01
-2.899492622488564209e-02
-4.155211416310735650e-01
-1.323576852615082622e-01
7.739425494652849569e-01
6.519010516343730632e-01
3.304673682436229942e-01
7.458841863320555543e-01
-4.080135916599285650e-01
3.163931753633566490e-01
-8.054120295849482858e-01
-2.846041810374884129e-01
9.669561243133215633e-01
-5.101987629266389046e-01
5.944020497605240205e-01
4.982468102776937968e-02
1.767504147175718021e-01
-6.563080192208459174e-02
1.255170859094236757e-01
2.137802351879511953e-01
-7.421577058039250385e-01
-2.697207344981416011e-01
3.212913255864713324e-01
9.212416335863993222e-01
-7.195043292979226290e-01
-8.109727451592487757e-01
-3.349858555981073405e-01
-6.574894101217252373e-01
4.644714931425450999e-01
5.844086397109911069e-01
3.656869729294360827e-01
-2.938084565087126787e-01
7.382768602245073364e-01
5.054644908939669445e-01
8.868827198581579196e-01
6.418239618875987151e-01
2.702725639957037629e-01
9.164602132610317753e-01
7.836767383408382859e-01
-5.575367897582772514e-01
9.853620533487663646e-01
-7.227097479239823485e-01
7.192548326000529624e-01
-4.959105916284789473e-01
7.747557232453550213e-01
9.076585992825756399e-01
7.800563574580066106e-01
-6.308681146683798868e-01
4.310578294152711543e-02
-1.605349534095412700e-01
-3.091563308061380244e-01
1.062660045447669788e-01
-6.514532773270615973e-01
-7.651365975192723212e-01
-6.767879799161415910e-01
-4.183759050158104564e-01
2.905985399409882763e-01
-4.101139312896906475e-01
-6.925577122255259788e-01
8.005007198582447803e-01
-9.775244208139410862e-01
3.548880763591584220e-01
-6.232396389719008223e-01
9.979730627577805269e-01
3.494497540051622053e-02
-1.435451211771308078e-01
-3.518187376567789570e-01
5.550612240030790012e-01
-7.326494719889904417e-01
-3.490215848205930893e-01
-2.550915117743102201e-02
-9.073025196877455567e-01
-3.634673930847680534e-01
-1.853885017480012554e-01
1.461168090981290746e-02
8.090792501519847857e-01
6.525580145457503534e-01
-8.413794078155341083e-01
3.082465639824325532e-01
4.220394921907926200e-01
4.736696938364912679e-01
-4.030148536712363505e-01
8.726502565144276247e-01
6.949064175752208694e-01
4.330714068401473327e-01
1.189556854169064870e-01
1.968335941513137399e-01
-4.165786974001384202e-01
-1.283844976893073753e-01
1.103208475506705089e-01
-1.746163096611372811e-01
3.321980955709640249e-01
4.643441545402833270e-01
6.341550627687702058e-01
-5.305860631984726794e-01
1.278450741536178992e-01
-9.747698607572374829e-01
-6.237917287714254133e-01
-3.434307938938521154e-01
-6.604262657972344019e-01
9.732286235892364523e-01
5.981644758948678753e-01
-8.338674866374451433e-02
6.876608363446881089e-01
-1.585665750762446091e-01
-9.443866810575598514e-01
-3.746325601661026905e-01
9.295516220800379426e-01
-5.391893220624810468e-01
-3.151847207569420384e-01
-9.525931748924321152e-01
1.889027682247215179e-01
3.644490863837925865e-01
3.231026400399372722e-01
-1.592505789223279677e-01
9.438613101697594931e-01
-4.022955251685018663e-01
-5.856903338265782022e-01
-6.457078175233366135e-01
-4.955319412989476202e-01
-1.251416833442160481e-01
-2.230892138899909227e-02
9.461684253481206230e-01
2.155512020751186864e-01
6.168517889203095628e-01
9.648192139496558628e-01
8.698954249941706074e-01
8.797453250234399391e-03
9.711589079617044540e-02
3.425570226351934977e-01
-6.934361151253398692e-01
6.495396274728300057e-01
-5.567284285595919258e-01
-4.490846350429358314e-01
6.429237782113434996e-01
9.413712127584223932e-01
-3.749345621415114405e-01
7.192097833081205760e-01
2.243650029139927504e-01
-8.282430838626395619e-01
-9.902726505661261225e-01
-8.328179694298023517e-01
1.568846679323756543e-01
