-4.164123213662307421e+00
-2.142846040013854036e+00
7.307024204383036903e-01
-4.624709583496263043e+00
-5.330519717676752478e+00
-3.264345490320359033e+00
-3.442020804197959194e+00
3.143465036838903437e+00
-1.805214700934245631e+00
8.691580044394985549e+00
-9.048666322794299277e-02
6.164897409504151327e+00
5.513323265316859789e+00
-3.935700501429332476e+00
1.371740927185948422e+00
-4.153489540706101657e+00
4.136095695512994830e+00
5.867224468010867611e-01
1.437260177420582430e+00
-1.678735944755171738e+00
7.557296287919382571e+00
-7.676661930511611942e+00
1.648817578932921246e-01
1.216298813915517751e+00
-2.864501175189885007e+00
4.851965018044909428e+00
-5.945988130979257491e+00
1.039576562960607742e+00
-5.212961471931213175e+00
8.859377160725866673e+00
8.372137740864765476e+00
7.888891449409904055e+00
5.783207065319423634e+00
-3.746061510155861196e+00
3.163098133297292058e+00
4.185007446600377712e+00
-6.813186256985233058e+00
2.936179596999296315e+00
-8.871577794502918834e+00
-8.224084229373691546e-01
-6.716113519588980729e+00
6.235010751733515377e+00
3.021763439247253658e+00
6.686119892387105246e+00
-2.714151955256711268e+00
5.736509926133238402e+00
-3.858981500952827659e+00
-1.131974037083520734e-01
3.806604883702242148e+00
-6.241801129997361919e+00
-1.771823365539544337e-01
-2.513748134271106771e+00
3.720440615310561583e+00
-3.202484516679070747e+00
2.279143021658110335e+00
-2.268538237354751075e-01
2.685281832162372595e+00
1.053553033069491107e+00
2.801446997350273693e-01
3.074568210929342182e+00
-5.079905926669070482e+00
1.229701214291170963e+00
6.473958562460989441e+00
-6.725509635577525680e-01
5.293196860464883358e+00
3.872843854305223044e+00
3.014228735435095174e+00
6.228866136760826677e+00
-7.045858758425740387e-01
3.008414630473901674e+00
2.904613840209086528e-01
8.647341371188066006e+00
1.789887221599951506e+00
-6.933140663328387632e+00
-8.432472451159219062e+00
-1.294158900716083860e+00
4.179009387297816680e+00
1.197545404629251742e+00
7.585405008492014378e-01
2.742598736003755366e+00
-6.861486077480380530e+00
8.926344569119757821e+00
-3.132603171046854484e+00
3.661425285948536335e-01
-1.336338244676014808e+00
4.050601432071160524e+00
-2.181368742004922812e+00
2.489537543387071672e+00
4.974962742191282317e+00
-3.304756264902064089e+00
5.001307959973575024e+00
-4.961636502361949752e+00
2.443524117947466046e+00
-4.858926978692327481e+00
-8.158634717958664240e+00
-4.475584525803654401e+00
4.938151024073483164e+00
-2.643574006762206441e+00
1.381371500603367219e-01
-8.989527397965668687e-01
3.314762904081940409e-01
-4.720127266433463475e+00
7.297490661869762363e+00
2.329593426745169893e+00
2.468962074639596826e-01
-1.319025361446978017e+00
-5.365440145093312907e+00
-1.196362869151448738e+00
-1.421421487418616181e+00
3.199870787857460597e-01
3.786502255114919890e+00
6.525972202022409796e-01
9.247747252631455694e+00
-3.775929904076053667e+00
-1.085948913714092523e+00
3.430945975357409861e+00
-9.302188709116604670e+00
3.939853500236366379e+00
-6.931756338923369398e+00
4.106244260096879373e+00
-5.085964210599282609e+00
5.819007862008837684e+00
4.487071027734847561e+00
-3.450801347786370155e+00
-2.966760338762087112e+00
-3.380443719785076517e+00
-1.791850003458977714e+00
-6.440387614145473449e+00
7.900813015909358583e+00
-5.977790725009183959e+00
-2.827650615621515762e+00
3.464650459994894849e+00
3.434634954473966939e+00
-1.420712692645140773e+00
-5.140362063127030368e+00
-1.269902786400621819e+00
2.958843620402320518e+00
-3.517255964783588151e+00
4.175873235278579010e+00
-4.885920160117929179e+00
-3.093418138218569702e+00
2.193565134486740398e+00
6.444579994596610906e-01
6.991946058932482444e+00
-1.192101302337288671e-01
3.183016491411393645e+00
-6.173755313487301777e+00
2.730442386602787597e+00
-2.538510946890280007e+00
-1.528964221242191890e+00
1.473288681714387316e+00
-2.501672884202181812e-01
-3.864892361601042658e+00
3.650417804693518953e+00
-3.630751352087143724e-01
5.817767842240502141e-01
4.024721644622348826e+00
-2.324817804277418354e+00
4.577018526204247983e+00
-2.432945959813385794e+00
5.566015652561108418e+00
1.173856970603354810e+00
-6.049398044558982335e-01
9.618682709063502978e-02
-8.302361606908938985e-01
-1.410052056021673661e-01
7.757774836737510782e+00
-7.794400240461744289e+00
-4.338629511171923525e+00
3.171743751507874354e+00
7.440614255764331553e+00
-3.018079772469845601e+00
-3.836434431050762761e+00
-7.819576749429849372e+00
-2.199362443146467783e+00
-6.577050450967242279e-01
-3.062715135953175238e+00
-4.919667677952482165e+00
-3.844114949744916743e-01
4.111792577456129472e+00
-9.900754914976193088e-01
-6.445704533662479641e+00
3.276289188982492995e+00
3.924131979304568141e+00
2.956724632804139219e+00
3.371907309259808194e+00
-3.278732870175783631e+00
7.577424991204870786e+00
-3.536210420844041913e+00
-3.703458349758688151e+00
2.459833533004453621e+00
7.992178319619896998e-02
6.070513042978946672e+00
-9.340420767692338089e+00
7.459841478897375033e+00
-2.039147200350429401e+00
1.793784365572624329e-01
-3.507050108205025385e+00
8.383092982941853677e+00
-1.753715749252848510e-01
2.644870190582334413e+00
-8.162264861433049745e+00
5.585102342792693797e-01
-2.582294457717329905e+00
5.503663318354705680e-01
6.989947745430951098e-01
5.623575201459479089e+00
1.285457999975211596e+00
-5.891852887139155115e+00
-1.126055227471674858e+00
-6.642213446196503668e+00
3.683351894535968341e-01
-1.842067339610375054e+00
4.027804957724979928e+00
4.845637092528671808e+00
6.822345878332193081e+00
-8.085338540403268492e-01
-2.776216431041267363e+00
3.653953968135779107e+00
2.909818542680101316e+00
-2.005753474021740868e+00
-4.980855717646431202e+00
3.407590770503230893e+00
-6.416737023075314017e-01
-1.458299729500945330e-01
2.287299410037307634e+00
9.471992550968665325e-01
-3.667699911706656213e+00
6.708091597487264579e+00
-6.888683362537962873e-01
-5.723764335390129965e+00
-2.401561475463586781e+00
7.378059336650699684e+00
1.913567302750478483e+00
8.326486792239525814e-01
3.189677009155839071e-01
7.580847402805375168e+00
-4.258328706310910761e+00
-5.310749862727720760e+00
8.120420828569368865e+00
-5.258941357643838188e+00
-4.502514017718424633e+00
3.329782365662348198e+00
9.150373180235817472e+00
-1.471416517401115787e+00
2.595434081209607502e+00
-4.497975533083295119e+00
7.591195201804301629e-02
-5.736882664744344495e+00
-3.574415424893905069e+00
4.513150742497108681e+00
-1.211883028498182302e+00
-2.075012247127613563e+00
4.662952121180305554e+00
-4.022833924231567493e-01
-9.421936168967160796e+00
1.010575747232786981e+00
5.210146414461444664e+00
-7.761448870230298169e+00
8.055857767247161405e+00
-2.284980842592337247e+00
-4.977813813531301257e+00
3.694760523851337908e+00
3.664669349207014815e+00
-5.164560097118437554e+00
