-1.417326896406450931e+00
-1.401502564500054060e+00
-2.569472755516201135e-01
-6.608033825187490384e-01
-2.377103413246207664e-01
-9.406720438050462096e-01
4.390331000390054750e-01
1.604929509113355302e+00
-7.799887557078665212e-01
-5.819400520472630678e-01
1.086583676140258525e+00
9.043195116661382205e-01
-8.679089720909657357e-01
-5.798860010304012214e-01
1.275464591840555162e+00
5.756336786999123323e-01
9.714946018282419882e-01
-1.005976489242087712e+00
-5.408901229333652472e-01
-1.274620589116645775e+00
1.169382021201746280e+00
-6.774531033425437165e-01
-6.518898503620305096e-01
-9.616436454040866444e-01
-4.351833901851396846e-01
-5.422446915185950012e-01
2.915590844356212297e-01
-9.955893258574050053e-02
2.393648381621232168e+00
7.656215066609147746e-01
2.391094055933046247e-02
1.855471266987791079e+00
-5.814899043549017765e-01
1.460306431143422179e-01
-1.854666571589125734e+00
-8.124645915546685471e-01
-2.039573854994962687e+00
2.517538284262387238e-01
9.688406636611599509e-01
3.238563142990339427e-01
-5.238272415643057123e-01
2.176116758571642329e+00
-1.895151148835435562e+00
1.160164469050458669e+00
3.200753450801285815e-01
6.625947480312772697e-01
-1.886033048091923514e-01
2.098576398175818203e-01
-1.289271664082009661e+00
-4.282406205655679976e-01
-9.447239157953817301e-01
1.376475682088738495e+00
-9.689342885352953960e-01
-2.179031325798316820e-01
-1.296713285472153476e+00
-1.549610116611139787e+00
8.551864499272348041e-01
-7.562668486872233808e-01
5.983246119585439171e-01
1.079641738837757714e+00
-7.736024614393659515e-01
1.535418109792847208e+00
7.181484134352444926e-01
-7.315194282266669346e-01
1.302313465532603853e+00
2.069424335436174101e+00
2.097075807522344348e+00
1.618149452868436367e+00
1.151347431203155081e+00
1.804444057377403432e-01
-8.082734007583831648e-01
1.146380899154111566e+00
-1.369860751483172656e+00
1.927986720399576859e+00
2.555255480175768756e-01
3.032162856464319378e-01
2.085254364931725668e+00
1.629872877429074940e-01
-3.360562992143049099e-01
1.833825625213821864e+00
1.339047621704463120e+00
-2.473037889566111147e+00
6.220598096040925729e-01
6.834144633394187984e-01
2.070870298725763448e+00
1.685610064623658699e+00
5.922697888580847891e-01
1.649648544975157005e+00
1.667979365155592975e-01
-3.566158093576915489e-01
-1.796731865946422202e+00
1.464127114514422345e+00
-6.429543339963875170e-02
1.226171364823774729e-01
1.510036435169584745e+00
-3.609301183847413719e-01
-1.023841219696056681e+00
-1.565088343840381757e+00
1.571271424254291893e-01
2.331731674521696496e-01
9.909129619620844487e-01
1.961707489227161316e-01
-1.502969708169352714e+00
-9.390255304444964368e-01
-3.010224315065215261e-01
7.972924418134381686e-01
-4.761467890681345683e-01
1.467922818714161082e+00
9.706706459347409499e-01
6.084151066543872499e-01
2.335442803120486854e-01
-1.472989871087777125e+00
1.225042725816286815e+00
1.078751498757394428e-01
1.035212765232214505e+00
8.651129819499778772e-01
-3.817433127532618431e-01
1.153230752252660585e+00
-1.348460134036913782e+00
-2.005705464054846066e-01
-7.729132736874164689e-01
-5.769161589668601042e-01
-1.692344839369225584e-01
-1.967829978387748202e+00
1.067830290582538533e+00
1.420352358325514874e+00
-2.061400027121192302e+00
2.153995751098108258e+00
-2.110176943333979871e+00
5.149251074532393835e-01
1.185011081969763014e+00
5.785061527462579400e-01
1.230155574125454176e+00
-9.694892755159330022e-01
-4.251421141562602424e-01
-1.353414794491517359e+00
-5.731953717417572758e-01
3.546601687317164631e-01
7.984779929353597039e-01
3.428771570451979445e-01
1.950413281406535138e+00
-3.773201995990125845e-01
-1.536048385666506366e+00
6.300291255544970825e-01
2.171307093788723552e+00
-1.941576801109271999e+00
5.966905247077723962e-01
5.052591509276381510e-02
-2.757202205998163791e-01
5.484666717955635207e-01
-1.931000770629801799e+00
-9.572306621785904301e-01
-8.773347662105021039e-01
-1.897178126123464814e+00
-2.911776876366425904e-01
-1.621080241193464389e-01
2.688190148092958198e-01
5.522605191045717454e-01
7.607801917781830126e-01
-4.735750383073652481e-01
-1.691146580727000082e+00
1.718397120106298859e+00
-3.096248353621660065e-01
1.263743931375781893e+00
5.472028481925087645e-02
-5.145060442005121304e-02
-5.314547326540890460e-01
-1.386145460829371290e+00
-1.839619752101090189e+00
-9.462030721010878942e-01
9.525077936756340957e-01
-2.112908073147473365e-01
7.079489822390230280e-01
-5.976596927435039452e-01
2.005580011117306771e+00
-1.693324451053404456e+00
-1.162737070762208891e+00
1.138451756754166100e+00
1.924919803069918167e+00
1.801356789530901281e+00
4.048569605262232751e-01
-7.942069345628364196e-01
-8.158151690769965825e-01
4.937905488991914393e-01
-8.217718682170944700e-01
-1.264465161220505340e+00
-1.289047707267382048e+00
-9.778883732060565936e-01
1.889292840493422165e+00
1.155920187856309678e+00
-5.459576201182352317e-01
1.176458904682704087e+00
4.499647342355486135e-01
-2.219313685928502977e+00
-2.391893891235332248e+00
-1.492715136496508777e+00
-9.385757686658699472e-02
-1.371225365840550658e+00
4.767823084416810131e-01
-9.055265667784115902e-01
1.048198524372012885e+00
-2.153252362893639305e+00
-8.116452144848596006e-01
1.021118167863656501e+00
9.777984967108479530e-01
1.763269414060683271e+00
1.178863763667744813e+00
-4.202459021822807506e-01
1.682280754184100502e+00
-7.978860358877193359e-01
-2.462810837685752152e-01
-1.318037085084390325e+00
-1.492198268747299439e+00
3.342305795301750426e-01
3.743382330652185730e-01
-1.777257765988337512e+00
1.477265749620778390e+00
-4.217707371103975866e-01
7.285170334826377436e-01
-1.339745883200136323e+00
1.440729931240276374e+00
2.110597907763379411e+00
-4.789650892009953975e-01
6.462852065280146885e-01
2.756418434801430339e-01
1.236234180160882268e+00
-1.058686004783733869e+00
-9.569071515652887161e-01
1.134336362180176971e+00
1.185796201811403883e+00
1.422836015066283988e+00
-5.011527178871202359e-01
-7.537597863605958182e-01
5.964884227981401832e-01
-2.014532768657827655e-01
-2.120068529680217750e+00
-4.170428561415089330e-01
5.202169921076911230e-01
1.089037685068825478e+00
-1.047805912752818536e+00
1.206097524147404565e+00
-1.419740449914517755e-01
-2.025863086447830419e+00
8.380150451899897046e-01
1.104428553073535602e+00
1.102616792681734736e+00
4.826040360037859855e-01
-1.344280723715473025e+00
-9.427732199310552286e-01
1.794253643922897545e+00
-9.555390688016541789e-01
-3.090059898252646708e-01
3.778403723870593645e-01
5.621300299943484680e-01
2.708856157132705778e-01
-1.024166927789229131e+00
5.299670970606307208e-01
-1.446548878376373359e+00
2.560260221505069045e-01
-1.948750675293531298e+00
-3.079803006386059860e-01
1.821644263225823124e-01
3.992625548568565219e-03
2.277200010308223277e+00
1.999266114961071761e+00
