-7.784199283239412459e-01
-1.145699885468884904e+00
-1.509365241702382399e+00
-6.796143537291785552e-01
2.867505034958414134e-01
5.746024174563723053e-01
-2.756215886216566435e-01
-6.996841264723814291e-01
-1.291552960053936605e-01
-1.137182701410070607e+00
-7.256628837751432082e-01
8.460937380151334342e-02
-6.341039217305199926e-02
-1.111362724650464706e+00
6.448663436486322675e-01
1.424485981898544473e+00
3.370700077266148842e-01
-2.002847342353244464e-01
-1.196089054219350079e+00
1.490118763821248971e+00
6.234967851366854941e-01
-9.747241988439333538e-01
-9.516877084930581709e-01
3.494842693859493421e-01
5.649478031835123426e-01
1.036865732174641064e-01
1.073313260168918593e+00
5.526952764918852123e-01
4.810501820663013461e-01
-5.334241980799082627e-01
-8.808276964489371030e-01
-1.053540479698515719e+00
1.495540897639203504e+00
5.256108024464375417e-01
1.168807327743710545e+00
8.059468753931000595e-01
1.183250239328551112e+00
4.764137113626282227e-01
-8.565001275661978664e-01
-7.006565881778118454e-01
1.375840453359319371e-01
-7.484039129711517191e-01
1.066132833245126976e-01
-1.272072014597910083e+00
1.053944072451806768e+00
1.593979566593583197e+00
1.373050717975662360e-01
-5.922802258399700870e-01
8.799593407015883217e-01
-7.026606827718746562e-01
2.917077286042499829e-01
-4.952246733943599377e-01
4.050130723229872221e-01
1.050406410201640384e+00
-1.088653150965517291e+00
1.681215154705421266e+00
-2.499812901308795521e-02
-3.068467312029393712e-01
4.641763051991110167e-02
-1.875923547855972151e-01
-1.029273635258375563e+00
-4.946531416284191129e-01
2.915223214989767220e-01
-1.119544554790583568e+00
1.609374619439274401e+00
1.099279137642348081e+00
-1.186174530959420714e+00
1.762864120640532439e+00
1.475035059992222841e+00
1.829994695548315509e+00
-1.186061089162026683e+00
1.198603160042820193e+00
4.644019029143768851e-01
-9.442653656907423754e-01
-5.437464505979828777e-01
-7.104160292654895237e-01
-9.408917654644612938e-01
9.619334875716464284e-01
-1.705540910790092735e+00
2.676036011538102111e-01
-5.043081856594039403e-01
-1.502382412196376249e+00
-7.769987381793183046e-01
-1.237945495266577822e+00
8.183321474379244842e-01
-4.778847389084015518e-01
1.815570719240671593e+00
-1.758239512879022470e+00
6.787827102904041565e-01
-4.661164352785518439e-02
-5.469070984161930049e-01
-1.397230789693353792e+00
6.459054662657729429e-01
-1.175949642319531474e-01
2.681341739523385170e-01
-1.006697360806473984e+00
1.048880057458293713e+00
-5.509506685800482639e-01
6.367430496007628893e-01
8.810778914305668064e-01
-1.198190280143596187e-01
-8.255720503361906326e-01
8.078503516836303966e-01
5.031306245752075190e-01
-6.656621919184662062e-01
6.017309198805677051e-01
5.543311107792617820e-01
2.163472777193676810e-01
-1.394051677702897063e+00
1.124129450669631325e+00
-2.298867521291445559e-01
-5.162648070983236748e-01
-5.436527290656485434e-01
6.621173805841287230e-01
-1.192390833265910555e+00
6.761026127620647364e-01
1.251488510768744344e+00
7.605817455860119924e-02
-9.173268939186589588e-01
8.837940710853637860e-01
-6.610316396229062308e-01
2.188702273053116931e-01
-1.769906957525165803e-01
-1.404167707968755119e+00
3.037989399224026998e-01
-8.971020418734597657e-01
-1.373671186551907342e+00
-2.837425771801468377e-01
-1.083759964776863427e+00
2.370575477353370486e-01
-4.985511103437230140e-01
9.427108842807271349e-01
1.542794558371367364e+00
-1.125804728480239492e+00
1.072028607445834947e+00
-5.918836904980184777e-03
-2.982061912834055306e-02
1.012083039517864158e+00
5.667336813936041384e-02
3.094961335017432091e-02
-1.114726267867937048e+00
2.094486183908579324e-01
-1.306771462068595513e-01
1.564509870708060690e+00
-8.331745222905012627e-01
-8.064104116946063661e-01
1.356384324330827340e+00
-1.111887720270057667e+00
3.941765311264220362e-01
1.208443507319261201e+00
5.955416034335353492e-01
-4.100304645620017618e-01
9.595969751310033935e-01
9.390394298563631281e-01
1.321940912860334105e+00
-5.938691645998083191e-01
1.045127051881975744e+00
-1.153169716610783491e+00
-4.773277649869609451e-01
5.583827097455713595e-01
1.110160241705984152e+00
-8.125311904543496277e-01
2.245590507566024296e-01
-1.512483992723144155e+00
1.900948698739812759e-02
-4.471792486440595571e-02
-1.132676425356238248e+00
-1.246871391042857713e+00
9.590742966609688835e-02
-5.230078715364138153e-01
-1.105241905100735833e+00
6.685387374946094585e-01
1.031893929601852111e+00
-9.413395754477411614e-01
6.318206727245612164e-01
5.001510827142996440e-01
-1.075754595873535280e+00
1.230292758779396145e+00
6.841502139117061621e-01
9.836677533918469774e-01
6.290375041597717765e-01
-8.168011340278685806e-01
-1.208054906291546882e+00
1.084859409467382019e+00
-3.757865262457581457e-01
-8.964115259048802686e-01
1.798066902994367444e-01
1.228831219601079772e-01
1.117389279503919308e+00
-8.113281786323358613e-01
-1.220853722857103474e+00
-6.303762710749223341e-01
-1.237682523495393649e+00
8.655487003254717093e-01
-8.650848483849962189e-01
7.161500571694915385e-01
1.194614388281674877e+00
1.056112337167957493e+00
-5.032288084655993643e-01
7.676739243113325228e-01
-7.983611078499452951e-01
-5.249528156738613172e-01
-2.402356059426421497e-01
-1.563837772924398406e+00
4.944755815930280685e-01
1.613706687519285143e+00
-1.619777621842319659e+00
-4.028991866000233291e-01
-4.401135274083288751e-01
1.173007033185461179e+00
5.249510780346118288e-01
-5.173294556223463347e-01
1.352274614931021191e+00
4.025832092373977655e-01
8.313473495900325361e-01
4.635919364644448537e-01
-1.968588931648680873e+00
-1.527097531173836842e+00
-1.520492015974268085e+00
-5.423132080701210667e-01
-6.278273048049012317e-01
1.007685006985094889e+00
-1.448184626017375409e+00
-9.039087675043824266e-01
-5.506091094218442672e-01
7.836964544578639558e-01
1.028525803033663699e+00
-2.669568288401780176e-01
1.579192464595315926e-01
-1.429911176128637607e-01
5.284859173692818546e-01
-1.012766986776036271e+00
-1.148075128453044380e-01
-1.417566636365967803e+00
-5.480224939752185165e-01
-8.057892526626967422e-01
-7.417433517875492432e-01
-9.427018430998292953e-01
8.836440193573524837e-02
-1.327279910531467655e+00
-1.066645999869184180e+00
1.250874143548796891e+00
-2.586991380972601950e-01
-1.272082264889018433e-02
-6.254545896519263515e-01
-1.022006545367139196e+00
-1.324050843418071555e+00
-8.869315975792065876e-01
8.303449166608274368e-01
1.401719322262489076e-01
-5.170946703192463856e-01
-7.496404841708477207e-01
-1.020220254110186797e+00
9.076977367306278133e-01
1.221132271085104692e-01
1.575166017577852129e+00
-5.993947906044687635e-01
1.428347203964624779e+00
1.270418460868441013e+00
-1.686844421727502485e-01
-1.029141041846620697e+00
-2.474823198762329257e-01
5.220444390939441570e-01
2.227206357498064948e-01
-1.317368964266018683e+00
