-8.157961181558398556e-02
9.280562516926629257e+00
-2.511392201069136298e+00
8.329898163023184310e+00
3.380219769956446907e+00
1.160188713207202404e+00
-6.841896700162116929e+00
-3.509725920316925318e+00
2.150195043257812522e+00
5.015340714322404025e+00
5.502616405385818421e-01
-1.622521355935092657e+01
-9.156887394982014428e+00
-1.569052881143226719e+00
-5.104010042452300056e+00
-6.017148694441625700e+00
1.720213180612977788e-01
5.463213518480544373e+00
-3.480046987157459082e-01
4.615511438791470411e+00
-9.249991285193079449e+00
-1.747275594948353161e+00
4.547079200875039362e-01
-1.113630949619106580e+01
5.597427309275543550e+00
5.928892193783793729e+00
-1.528164344744418868e+00
4.230826619011779144e+00
4.410511564527338280e+00
3.949597025819124418e+00
4.143093749246888891e+00
-1.281022171313994651e+00
2.606242169281935084e+00
-7.561655802775972823e+00
4.600078903201941571e+00
1.102425339937243898e+00
1.364437181433515356e+01
6.348532130090397629e+00
1.558126583683014932e-01
-3.200650884714462130e+00
-8.238154751466918668e+00
7.075658957216889533e+00
-1.301189735604672215e+01
-1.737020901357009706e+01
5.237375895617493171e+00
1.082739743930009269e+01
-6.394511217953437132e+00
1.969868288995782812e+00
3.022274150430989792e+00
2.904783544406621232e+00
-3.085353728209497270e-02
8.977904505828394832e+00
4.083448288770080481e+00
3.831835588890490918e+00
1.051745794409919554e+01
-4.414600760297028970e+00
-3.290129962182995804e+00
1.385912985041138690e+00
-8.917807182416348510e-02
-1.102536375882091590e+01
-6.145557850416498269e+00
5.702894872309365759e+00
2.586837389589308422e+00
8.854310767003692462e+00
8.423879576253678891e+00
2.340682429112286300e+00
-1.047916792464754465e+01
-2.548160455807273017e+00
-4.995210200446617677e+00
-8.053957089532838509e+00
-8.013872872654264512e+00
-1.403020232596532324e+01
-8.994314826550553477e+00
4.855938417452174249e+00
-2.137029856382486770e+00
6.825980066594962814e+00
4.032526990086108043e+00
-3.851414405491120352e+00
2.119910774923606800e-01
-7.747396008926260569e-01
4.003433454831659688e+00
1.234911213178480338e+01
-6.748273459167046795e+00
4.945468022681588138e+00
-1.591272391513238560e+01
2.110350313137367095e+00
8.872861847020583781e+00
5.155697153340193850e+00
-5.456254650780515192e+00
4.774176713286694351e+00
1.063085833075455966e+01
5.532603114128765043e+00
7.253878533876333634e+00
9.828387929565412406e+00
4.763821075502429281e+00
3.622796833370196534e+00
-2.119994965785513941e+00
7.832471934391345592e+00
2.212849697618477940e+00
-2.076384380922896788e+00
-2.519897860923571820e+00
5.472481054355892383e+00
-2.806424140758081442e+00
-2.690261462043660234e+00
-3.359072228214939670e+00
-7.606035859013206668e+00
1.083475144403902135e+01
-1.316328393924204931e+01
1.751768054194892699e+01
2.640577843155521798e+00
3.512100414368252821e+00
2.642033326303652174e+00
4.930448072084088196e+00
-1.068879690519421821e+01
-4.787806113945597630e+00
-9.723029770665316818e+00
-1.244842977576805687e+01
8.999994468162771710e+00
-6.295428208704379358e+00
-1.681668428055197895e+00
1.060359732546908162e+01
-6.450844431742082996e+00
8.289750871760542594e+00
2.822940831299570963e+00
5.405761919598781162e+00
-1.486442424411318131e+00
6.271031577976839522e+00
3.718815214737114516e+00
-6.686195064966927504e+00
7.572320808610725429e+00
-5.946223097547519210e+00
-4.643445237737052977e+00
-3.842581542784172299e+00
3.015700416766910585e+00
-8.921353149436491492e+00
-5.627168020100152823e+00
-2.276614427668758545e+00
-1.125259009744674632e+00
-2.097951033471354698e+00
-1.785149552221372460e+01
-1.568097895290102883e+01
-3.619136027964435787e+00
-7.156181726803921173e+00
-2.906349203289801952e+00
6.862088376275734980e+00
9.598097945665081454e+00
4.706283655761925644e+00
5.022691960697738267e+00
-1.625173317235108783e+01
-9.537154619987045834e+00
-4.857509533961382187e-01
-4.427810067384168491e+00
-1.628607754333775581e+00
1.671686109085549266e+00
5.407634110346339895e+00
-8.525784276642122128e-01
-6.125328674415677632e+00
9.640190901305398796e+00
-5.009476197883564907e+00
-1.938280363079320612e+00
6.747317947626985557e+00
-6.796981126772916326e+00
1.375008818579765979e+01
2.806953966128805433e+00
-1.162835802264127949e+01
1.288397651044189463e+00
4.509181053085194790e+00
6.437402858325673272e+00
1.054702094613840302e+01
1.907029705200750991e+00
-8.430319452259499968e+00
4.632615920615913652e+00
-2.932330868043481198e-01
6.735400133203745199e+00
3.086368971886788160e+00
4.520256354124496667e+00
1.084892555540321091e+01
9.780145067035004303e-01
-1.837320941014862763e+00
-5.847915258384037251e+00
7.169757477513231114e-01
-1.274506299949229593e+01
-4.159927980635769629e+00
-8.305868222009302193e-02
3.911203692999530634e+00
-8.860604714133767379e-01
6.182752862497754798e+00
5.324084641103415949e-02
-6.883722740379560889e+00
-1.248880282669540698e+01
-5.190900613441487010e+00
1.470896708026655952e+00
-1.429225743622053102e+01
-3.213856670923928238e+00
5.493982507229211443e-01
3.592636433844198507e+00
8.149508117288618791e+00
-3.729784286656033232e-01
-4.322937569665777247e+00
3.967458812942383339e+00
-1.041756018821773111e+01
-1.336416350289972188e+00
1.888676060001910573e+00
-1.142709040350931815e+01
1.487114356271995730e+00
1.148704584925132188e+01
-7.760211539301604233e+00
3.765210082528132496e+00
9.659437842495091076e+00
-6.677381053556501911e+00
1.454576401249896911e+01
-2.873398853191377889e-03
-1.112018348827045244e+01
5.723611419728913852e+00
-9.403314503994740781e-01
1.471215811003437324e+01
-7.567210393812656477e+00
-2.199541892214374350e+00
-8.522022026195809730e+00
8.205865102399631184e+00
-1.397845758087069079e+01
-6.985361205687120822e+00
-3.668667467671250515e-01
-2.484993419177691454e+00
1.996244876938870760e+00
3.293043439103072956e+00
-1.925742329828648458e+00
8.516951116138496758e+00
-1.055566900074459014e+01
-7.352391280095147863e+00
-7.262571239836624670e+00
-3.996996878611278170e+00
-4.334558792454849652e+00
-5.287742799421266682e+00
7.182821112488524840e+00
-2.291040551205434816e+00
-3.544722161889120926e+00
1.619205409458751355e+00
7.618703438042798481e+00
1.150703704392887339e+01
2.432678933767163265e+00
8.327909757549861069e+00
-1.827531549091062857e+01
8.965621800655075191e+00
-8.291079715074534562e+00
1.520071388837475723e+00
-5.430974698987843574e+00
4.836519643240086097e+00
-2.828266527771695626e-01
-3.458014751164500300e+00
-2.463844060739947217e+00
1.680467283215703844e+01
-9.390455579858684843e+00
-6.920219555075394879e+00
5.303512336213819012e+00
-9.748073867490194999e+00
-2.618593313102599573e+00
-3.157976946503940674e+00
-4.144721418240994382e+00
3.230221581881419279e+00
-6.884461381660842427e+00
-1.294745090557612777e+01
3.073000736067574401e+00
-1.817862069478895615e+00
1.392746091817077758e+00
