2.665451897169714535e+00
1.114421403898258056e+00
1.129681186550809402e-01
-1.328548794976043279e+00
-2.629650750526030478e+00
3.095223383418056695e+00
1.578484731611029757e+00
1.283415060369931915e+00
4.426215132741671887e+00
3.166498537249663681e+00
-8.653689369500361384e-01
4.345136544345871599e+00
-1.332012952201187872e+00
-4.236586482400422682e+00
-2.873249279985968130e+00
8.108965699117415271e-01
-8.296567968536260329e-01
-5.326838805917604169e+00
-3.578296418569245851e+00
4.241543767772832929e+00
4.784985129776319068e-01
3.841165740350716895e+00
1.357117450488739552e+00
3.685818469371131112e+00
-9.829359570153756165e-02
1.380039507815864208e-01
-4.575058393187482197e-01
4.001330265661561469e+00
2.636966552316961643e-01
-5.763744210656076561e+00
3.963155131191753444e+00
8.738924229884525996e-02
-1.422801339000688170e+00
-1.814141069772918335e+00
3.974540411876552159e+00
8.823911761052791736e-01
5.073971463291679029e+00
5.977293849079247101e-01
-1.606776474915598829e+00
-1.322268726612951140e+00
4.558303231556754653e+00
-2.619182291430494081e-01
-4.180769447272300710e+00
4.350531415044245342e+00
1.408747202888176231e+00
-1.609953732110044999e+00
-2.053101475528791298e-01
3.180823988674411851e+00
-2.065642849581114104e-01
3.461705043362385048e+00
-1.650252382255705141e+00
-1.626134856099414439e+00
-3.828869534951880205e+00
1.626130442612229832e+00
4.900324490509135877e+00
-1.938886802172065549e+00
7.593049680138763691e-02
9.847796050536110624e-01
-5.043780879672186135e-01
1.391597569371712861e+00
1.776208179542437371e+00
-3.242950794154059180e-01
-3.710994904495107605e+00
3.681739952646402303e-01
2.471909512875686055e+00
3.884337566364670091e-01
-5.904086930920016130e-02
1.243943824829192302e+00
-2.490549335630919181e+00
-2.367131343296732915e+00
-1.786463764542269850e+00
-6.619917799434300143e+00
5.239688461522583829e+00
-2.164252536347296640e+00
4.230002085233574682e+00
3.825911800528664086e-01
-1.385436218522652307e+00
-1.966692243907893323e+00
2.872359565448777019e+00
2.808512150080428871e+00
-3.198869949806893764e+00
-4.897459025967612511e+00
-4.901729062979677920e+00
-4.040523326159355944e-01
-2.711552098185300297e-01
4.095226625752952820e+00
-1.316122677253587003e+00
-4.127973255546008247e+00
3.592084176301814757e+00
-2.916541582954998990e+00
-1.149677102249262450e-01
2.521523180028164557e+00
1.756761584997702741e+00
-2.699901832043624772e+00
1.276472003773428066e+00
-2.277210440965152571e+00
3.816034049947329088e+00
1.778398690340511124e+00
4.086741928221457321e-01
2.327998503485612769e+00
-2.157898715248435906e+00
-4.646039827442881354e+00
4.185336642289680942e-01
-4.822952491477664694e+00
-9.509476921966941720e-01
1.195919048026320208e+00
3.185794096022042332e+00
5.021857330439482014e-01
-1.095810979430235088e-01
6.356893739318461023e-01
-1.742662601419356916e+00
-5.377359040222994269e-01
9.071621522728849918e-01
3.262297104338698794e+00
-9.556312841472800468e-01
-1.096440676713007267e+00
-4.472615350694856495e+00
-2.665847341977056750e-01
-1.627033300835643681e+00
-2.187512659829440764e+00
-2.273589912851492478e+00
3.643692820141468225e+00
2.438581600510484892e-01
-3.007921392787692216e+00
-2.082390573480536577e+00
1.363937793216030592e+00
1.773977991113825647e-01
-1.851770944256716067e+00
6.450987183860825702e-01
-3.803752859811493803e+00
7.204520297180720956e-01
-3.636194984771092820e+00
4.844408205440680626e-01
-1.897737122185269465e+00
4.603536460634564120e-01
2.345555830443526890e+00
-9.665158187708174919e-01
3.525200455557299328e+00
2.531465223783824214e+00
-2.088743330151982214e+00
5.942825499866006833e-01
-4.411087916447993251e-01
-1.486911451821187224e+00
3.089442753578732326e+00
-2.415066109289214946e+00
-1.973336263137633884e+00
3.004500183148661741e-01
-3.093827584561340771e+00
-5.845121937063465500e-01
-2.344734890029876784e+00
1.415358607156064430e+00
3.752962642752862177e+00
-1.709990048430368947e+00
1.330041633428907799e-02
1.884887450002456610e+00
-1.188116027327777324e+00
4.945085645683007236e+00
1.265040502903863828e+00
-3.787867589151608705e+00
-1.625488180503148250e+00
2.748212423695066242e+00
-1.554427886445002294e-01
-4.552906906843140256e+00
-2.567098272175459606e+00
-3.877656670044332898e+00
-1.017938686912958524e+00
-4.673583201043335578e+00
-1.406072248651025203e-01
6.142528154970410270e-01
-9.424505003118893720e-01
-3.821594267635529896e+00
-2.149579925511491130e-01
-4.425284473083455516e+00
4.650723482042136148e+00
6.852498309483101568e-01
1.088840528165713639e+00
1.105471399683756850e+00
-4.210748230752384136e-01
2.754670518599169782e+00
3.215601417221669589e+00
3.992513160183487897e-01
4.469132679110949802e+00
7.264006732776853159e-01
-2.457362492556566469e+00
1.289634767445526353e-01
-5.307685749857813384e-01
2.533091947647218012e-01
-1.508403766884248043e+00
3.106404230475842798e+00
-5.118713875884226994e+00
1.963130116604259623e+00
4.514418182183565165e+00
4.008939243710681666e+00
-5.240119818986952449e-01
2.401543371668272364e+00
4.688646065094737914e+00
5.479823409740057549e+00
3.042481553855926890e+00
-2.360356566565051217e+00
-2.562222118553085792e+00
3.454959077465001638e+00
4.027882451373201000e+00
-3.339012520721408972e+00
-2.094543048072374791e+00
-6.349149377134183148e+00
-2.370198526940262784e+00
-4.237804377458168625e-01
5.959812542168482885e+00
2.304658710350522277e-01
-1.665489131821429769e+00
3.173948748269005637e+00
2.548364956446548035e+00
4.104221866388594542e+00
-1.275161328637084424e+00
-4.403666992816182568e-01
1.901012866430306536e+00
3.916550454851293050e-01
4.560108057501006229e+00
-1.463858617572481036e+00
-3.137605933195014352e+00
4.386657670385422314e+00
3.802973444991827101e+00
-3.903431698925697191e+00
2.095354188398409256e+00
-4.721628019791022091e-01
2.626023856046058924e+00
-3.737832403234801149e+00
1.952269758494983298e-01
1.710685909353461431e+00
-1.375920374448801553e+00
-2.946298492154632687e+00
-2.934164664490400920e+00
-2.713736747948066186e-01
-3.642970694206005611e+00
-1.881166695556574009e+00
-2.467978787414173425e+00
-3.054874580005095819e+00
-2.549797994886358943e+00
2.192027655378491424e+00
1.368396442211309072e+00
1.941983348396038256e+00
1.908229498831508497e-01
5.237163407720766273e+00
5.243689933847652362e+00
-2.302701456117568490e+00
-4.551799735649822765e+00
3.951992907102556352e+00
-1.800130949484498588e+00
1.984651888629218042e-01
-1.261702532969612101e+00
-6.614732811211284647e-01
-4.129625361235170544e+00
7.390350716910615070e+00
-2.702524725987698884e-01
4.384948517891108510e-01
-4.803403016775376955e+00
-1.115432620864836188e+00
2.865754462094437738e+00
5.596321657334294208e+00
1.831303843941587184e+00
1.021182141519612507e+00
2.922318441083795459e+00
-3.003720059425989852e+00
-1.538115130348508774e+00
-1.812356751522704812e+00
