2.030229570837980280e-01
-6.951229858668624972e-01
1.036336128468322570e+00
-8.521564725827364128e-01
-2.962532781457444253e-02
2.740194125582147699e-01
7.694406283198889085e-01
1.511805572405750531e-01
-1.306522659321216473e+00
-1.670282470818035936e+00
-8.828788548711098416e-01
-2.002585639547978857e+00
-9.077639060623581280e-01
-3.184316498776427196e-01
1.587659165946952999e+00
4.961933440448743626e-01
2.061492801537926356e-01
5.502161632355428988e-01
-1.546162237256786476e+00
2.397690865705874308e-01
-1.000394206334592750e-01
8.525700310406320037e-02
3.405225838818712880e-01
-2.080563312916062113e+00
-2.814137404355432359e-01
1.085593223881928360e+00
-5.703783850914748710e-01
-9.257952886723944674e-01
6.436168959567384329e-01
1.153474777190239386e+00
2.297482180657907325e+00
1.924917088480756711e+00
1.044116444867025262e+00
-1.102431741368514295e+00
-1.148823436102584861e+00
-1.598452636826998674e+00
-1.663579944686349177e-01
2.932676601305093667e-01
-1.869079268642775737e+00
1.114635267719471079e+00
2.147904361919650729e+00
1.643385956138218251e+00
4.653994985037755994e-01
-1.345655419015373333e+00
1.136270735046308378e+00
-2.129226457535894568e+00
1.263437698855070845e+00
-7.377041897922205216e-01
1.108608567232988396e+00
-1.290575327138678174e+00
-1.567464937067863495e+00
6.875532144185311223e-01
-1.412376662585924869e+00
-2.028026975795137243e+00
-2.379962897333369742e+00
-1.309227111482672790e+00
1.404119926852945177e+00
-1.766043601912699934e+00
-2.550794148641922110e+00
-2.198904526772367252e-01
4.577009899715729357e-01
-6.493999119002837883e-01
-1.771345221576636320e+00
2.732012964043445402e-02
1.188474822696412359e+00
2.105744130335578390e+00
1.443594479874095171e+00
-5.118948553580759953e-01
5.397637389501368510e-01
-7.712242930090664750e-01
-1.448473798132043022e+00
5.674689966224002458e-01
-9.709194122779971625e-01
-1.297640568965958030e+00
9.467981192498277077e-01
2.846315328288993918e+00
-4.437092790090214622e-01
-2.689625639449976013e+00
-1.400178612146393942e+00
2.882902606202533136e-01
2.779490620991850847e+00
2.884279159565271033e+00
-1.248897535567378592e+00
-2.841603363244826763e-01
-4.060775456429124297e-01
-9.378144288279699481e-02
1.129274410111860583e+00
-1.272967057670651769e+00
-1.408085882087144247e+00
-9.909226050014455778e-01
1.632004361418518901e+00
-4.335385447272710469e-02
-3.100651991635119398e-01
-8.685798619083567873e-02
-2.347835490030232286e-01
-1.533204880074943377e+00
-1.056882910433579292e+00
5.081502994054514222e-01
6.549144197675904611e-02
-1.070275317998763409e+00
-2.620804778129028900e-01
9.816957092129233731e-01
1.219877115708996929e+00
-1.339554008660441831e+00
-8.599680860243669178e-01
1.694543125793533944e+00
1.245515823827160862e+00
1.665701792920542657e+00
2.569965477388246988e+00
1.713172078603641957e-01
8.284657907510443176e-01
1.091886879454814219e+00
-1.789574583756616377e+00
1.814097391692969907e+00
1.223845565660064860e+00
-1.856303582037519107e+00
1.999131385250808024e-01
-2.437997421687820854e-01
-1.333080397297425668e+00
7.929573608049811373e-02
-1.290486998448747702e+00
-4.218815060690054852e-01
2.379425341599017418e+00
-1.314917805383374105e+00
-2.629299719899676369e+00
8.930693103126077226e-01
1.937859562911330880e+00
1.762499851807575402e+00
2.265253534804144930e+00
-9.474083467222340627e-01
1.186616110008740677e+00
-3.100790541038916381e-01
-1.544705224508939878e+00
-6.588949484868864559e-01
8.307881730877608728e-01
9.609390710109635414e-01
6.176028252496768012e-01
9.341167127615885857e-01
-1.364132128838466906e+00
2.557117120932246301e+00
3.001537116864166910e-02
8.735058315184053290e-01
-2.003378852445403258e+00
5.626322340762405227e-01
2.449876716570013713e+00
2.851455485996686745e-01
-1.854475551505674780e+00
5.464182387738725222e-01
1.957217609301344918e+00
1.732994765970119921e+00
-6.778199015221532120e-01
-1.049252908394012085e+00
-8.248321103668443399e-01
-3.216313913284902792e-01
1.686682811876523136e+00
-1.306252483188964586e+00
-7.470082694264650325e-01
1.630346058055926584e+00
1.576271503320604728e+00
-7.308469450478205509e-02
8.422429557297759217e-01
1.249900979350935692e+00
-9.626213023309012629e-01
-2.253528776849196724e+00
1.240504498431578284e+00
1.682797113444491899e+00
-1.651953659540512653e+00
-2.313595303724217178e+00
-2.193716221481552431e+00
1.025492568271742511e-01
1.389899967246409185e+00
1.423115893939481902e+00
1.101610908205802319e+00
1.265732029040550710e+00
-1.216968047832281741e+00
1.808248009048654792e+00
1.254492736138820508e+00
2.315746898984042623e+00
1.215269966743000585e-01
-6.532208649302180259e-01
2.192796392885580925e+00
2.003890728531721344e+00
8.124951843724861344e-01
-1.142288559806971193e+00
6.799023787765478000e-01
-2.418833095584798532e+00
1.194151137179678912e+00
1.053502237314773105e+00
-1.220775769799148591e+00
-1.996466418660307163e+00
-9.254011872071792322e-01
-5.067437883233759655e-01
1.653324548191447807e+00
-1.053333694493401973e+00
1.960878070849962018e+00
7.099682109609130043e-01
1.291392786665732650e-01
-1.578702260238304400e-01
-2.516215525881054127e+00
-6.988460479109979140e-01
8.620549550824485596e-01
2.475704233700641410e+00
-2.801142211101574908e+00
1.861383067564827742e+00
-2.728311867079645792e-01
2.877902373372807632e-01
-1.707834304380625667e+00
7.282044472424107351e-01
-6.345725164742487268e-01
9.145538339886678525e-01
-4.143848380223198458e-01
1.401202055212729780e+00
1.417337119768127263e+00
1.869159499197856622e+00
-1.669507547006259696e+00
-2.650089874678343005e-01
-1.943790112926240488e+00
-1.008290073377412055e+00
2.513084843083101205e+00
5.884570908870244699e-01
-4.841039259276501694e-01
1.219667056709859310e+00
3.421383886222253978e-01
-1.977474522864440143e+00
-9.985474599827606212e-01
8.913661306863436273e-01
1.956796669162330637e+00
-1.368014016229130991e+00
-1.366132739178726352e+00
-2.147410932278151385e+00
4.910871137032125078e-01
1.970685198600706123e+00
-9.801811828837841967e-01
-4.899910098643426304e-01
3.098189073214547840e+00
1.629271575759950075e+00
-2.594318994030687109e-01
1.983367312460045051e+00
-1.045528829627110357e+00
-2.045409637024409477e+00
-2.560927857331215307e+00
-7.411744404312278212e-01
-4.407191540523753837e-01
-1.870295606351871420e+00
1.025507886335784491e+00
5.324311133389083572e-01
-2.025624224679216212e+00
-1.291219258935153213e+00
2.107452379786224128e+00
-2.466365381837870796e+00
-1.355735252372862742e+00
1.363489839119891300e-02
9.141566958795895870e-01
-7.075371924832518644e-01
6.376126534868208351e-01
-7.672970048801082132e-01
-1.424554819590934329e+00
1.649859570941233144e+00
2.030238949019399719e+00
1.299244086758989614e+00
-1.807713045059404333e+00
4.221396059580691529e-01
-8.091611756203701544e-01
1.292183827768946358e+00
-1.347037109759312123e+00
