8.006140276796280819e-02
-8.757897543831214549e-01
4.148140421242774156e-01
-2.299187921409920621e-01
1.556292407381647536e+00
-9.893747584760786973e-02
-5.596451835761200311e-01
-2.681833037907568884e-02
-1.423973883884184222e-01
-3.963808346070941679e-01
2.326271994031903212e-01
-3.896425310498534689e-01
-1.159836027385573010e+00
2.353186409531888013e-01
2.155730391458911543e-01
-1.729853900714467096e+00
2.462451960097739589e-01
1.399154104064981308e-02
-1.967869581383531186e-01
8.621146282086004087e-01
-6.074453418612917321e-01
3.421202743286614889e-01
1.053340751660504643e-01
-8.340591437196037683e-03
-3.774247787056725367e-01
1.966890978301206738e-01
1.707603955377540172e-02
4.598071530332098478e-01
-1.183408636935038283e-01
-1.010762500454999824e+00
2.816809714412360499e-02
-5.816092590572725651e-01
3.694407295324306229e-01
-4.155638208613833262e-01
4.104171004992488991e-01
1.947290014101591415e-01
-3.313379300105251390e-02
-6.547025530787362602e-01
-4.217377994810613817e-01
-3.907833388871069236e-01
-5.768294869550026904e-01
-1.251844208592198249e-01
8.953842166783676504e-02
1.703375402925023652e-01
2.296721462309347928e-02
2.254833185500651482e-02
-2.899732459756726444e-01
-2.215142567658992534e-01
7.891177564910462072e-01
-2.985392180277882668e-01
7.956483630239645777e-01
4.678884552011003950e-01
8.443435344864244074e-01
-2.533171204734070425e-01
-6.020042224353154836e-01
4.909026097378917375e-01
9.795709620345236512e-01
6.253012908022304028e-02
-1.232173815630077662e-01
3.380750935991125861e-01
-1.976242674062039240e-01
-7.424508836414355217e-01
9.911700889867194331e-01
-3.363018594241367620e-01
-8.328777257604580431e-01
6.566937663246219525e-02
-4.653896172249929464e-01
-1.003429670326105860e-01
-1.241411299049614003e-01
-3.718264451525961078e-01
1.637854708434239859e-01
-4.159611267029896808e-01
-1.047670728538542928e+00
-6.356101806442062685e-01
-9.605909047869816142e-01
5.604086477958976076e-01
2.063107661705442797e-01
-3.156142294363073475e-01
4.353933776159973346e-01
-7.216578447661300966e-02
2.141511765994718319e-01
4.670059379275010025e-01
6.247666770814415127e-01
6.961209687579030803e-01
5.688102363261464678e-01
6.481906123515135398e-01
9.104373679573907197e-01
-8.554011196929822702e-01
4.944166744507346722e-01
5.042625140876835776e-02
2.738048953213884085e-01
5.064397771695341444e-01
4.748159035859387256e-01
-7.525405087390394376e-01
2.162027152533712027e-01
9.742835021067355328e-01
-5.677257073035490986e-02
2.285774226887823113e-01
1.080638244495607525e-01
-2.083371393747645017e-01
-3.604380439527867797e-01
-5.524100323389493639e-01
-1.402754873930318336e-01
-5.560733481718298510e-01
1.026599254739827050e+00
3.595717561166086318e-01
-6.201159596172047817e-01
3.190694396225796647e-01
-5.854467139997728831e-01
-4.677814794518609931e-01
9.572973439468188128e-02
4.124094296193595022e-02
3.983237376989232637e-01
6.534907305161781199e-01
-5.805981105740871673e-01
-9.624739520357025180e-01
-2.422299960234121086e-01
-8.353050430129271842e-02
-1.609841289864489378e+00
3.564585071102825964e-01
-3.568601668122155512e-01
4.951324697623437077e-01
4.110958146362804766e-01
-1.476190402837186388e-01
-6.908748650757563503e-01
-5.394089212976627135e-01
-2.268828512211241155e-01
7.848110839284455631e-01
4.023037091168051305e-01
1.775588420159011083e-01
-3.086363309277348477e-01
2.964772556144962268e-01
-1.287298588633329355e-01
6.496451056734255936e-01
-8.606052961936228041e-03
-3.187532055365615014e-01
-1.079199554718963228e+00
1.373614611501916549e-01
-3.543620746156617152e-02
-3.956675700796321027e-01
3.896103778153516828e-01
-2.627466712689574546e-01
-1.620136676908817130e-01
3.042849141065062657e-01
8.033157400671067094e-01
1.565062197977670488e-01
-8.296983298355076197e-02
-4.729293951821504916e-01
8.830992594371613880e-01
-5.004901906125862610e-01
7.691156243857474317e-01
3.559878806581309729e-01
-3.387547947490793243e-01
7.851247348645287727e-02
8.212622744207320746e-01
4.157813997105099801e-01
-3.276388831750414177e-01
8.950127609453358002e-02
2.713716903720652107e-01
-7.031813570259766166e-01
4.624939878051248510e-01
2.238316091824900100e-01
-2.018067670490791554e-01
5.078176529000020256e-01
5.513322594694418655e-01
-1.880073832544323365e-01
4.231926142678448244e-01
-1.788925926002577382e+00
1.597302986799272184e-01
1.861662596992316177e-01
2.775932674341053952e-01
-1.819347502234875957e-01
3.427676505723898370e-01
-6.959278217810072054e-02
1.077844111104975244e-01
-1.090482269107510227e+00
-1.787046142928584436e-01
6.761807865255432537e-01
3.083512962091807807e-01
-2.030909416118675814e-01
-4.146903934379997381e-04
-4.794203536378420227e-01
3.315076592031623859e-01
2.712400385957806082e-01
-3.245223339335896462e-01
1.007863371910632022e+00
-2.952859507860616795e-02
1.746148490084888094e-01
-1.051161159159266223e-01
-3.091973462923854887e-01
-4.196607654837989365e-01
1.004460967442712821e-01
-3.265290968604063204e-01
-3.649447731016413066e-01
4.698655846025279192e-01
2.633466645832943653e-01
-3.462020186512739794e-01
4.736426264043805401e-01
8.591381418444050677e-01
-2.763169044763954529e-01
-2.317665866855155854e-01
6.130143364828195551e-01
-3.707936043994800590e-01
9.174278705185945348e-02
-2.432742848645737810e-01
-8.454795625592520514e-02
-4.764259874968457820e-01
3.393580445789320388e-01
-7.859791569433024483e-01
4.698499301457690347e-01
-2.669123912531509157e-01
1.038261294179112504e-01
-2.083769359586017944e-01
-3.077327858417873152e-01
3.691296471837592907e-01
-9.865440159911109674e-02
5.924661520157414873e-02
-5.690948898688488189e-01
1.390332858397978766e-01
-3.862795662789895168e-01
-9.251032464711228531e-02
8.688071426653509732e-02
-4.491808937156507309e-01
4.008427791304440824e-01
8.308194135705322392e-01
6.079938273379162927e-01
7.604604530508813909e-01
-6.380794917246448428e-01
2.526501649302667074e-01
1.956946922148308787e-01
-3.189795972146644010e-01
9.530493077116991563e-02
-4.459105198333800923e-01
-4.099380200919670036e-01
5.226905843809053209e-01
-7.153970563913403247e-02
4.622127657078454188e-01
-1.091195246947551656e-02
6.952696869479784159e-01
6.165384203958519382e-01
-2.045734520747721774e-01
-1.850615051426943158e-01
-2.358674562192266122e-01
-6.989402400613464739e-03
-1.286713127588188232e-01
3.534783655204686847e-01
6.242379951104370939e-01
-4.598640538629511498e-02
7.592601237211376031e-01
-8.830895216636680534e-02
-4.240317226090296598e-01
3.192033302874351941e-01
6.211910535211370710e-02
9.198713097912680769e-02
3.762948264344411209e-01
2.535935777275917236e-01
-1.011487419387619102e+00
-4.133791282550136614e-01
2.292547937116733714e-01
1.549806229090079923e-01
5.997718313501743115e-01
-6.892570972741138280e-02
-4.098972202940082687e-01
7.349881038453573989e-01
4.201700554459004144e-01
