-2.065649940441346977e-01
-5.500842143717108446e-01
1.112967170504003178e+00
-1.999386362333042122e-01
6.207110067231876860e-01
-1.480098185693130008e-01
8.307405410683041946e-01
2.299351021118020699e-01
-3.711113560020908031e-02
-2.914240319519552092e-01
-1.145710545874296660e+00
-7.682323833423528869e-01
-4.773178932450156120e-01
-6.442126796499680896e-01
-1.384666858281198010e-01
-2.973785635977221897e-01
-5.967688219235576241e-01
-7.951444262564580368e-02
1.904809049695996848e-01
-1.318614794991122663e+00
-1.226053146659681348e+00
-2.094891664834336309e-01
1.232687720112318752e-01
6.622645948210846567e-02
-4.840927944410685635e-01
8.618857717024506204e-01
3.912023893149365605e-01
2.450112953051570841e-01
1.019725285252309543e+00
-1.932322100593224068e+00
-3.631823319557583862e-02
5.885083599171555546e-01
-3.297607541110377238e-01
2.362721265149414496e-01
8.738315675807336591e-01
-1.246741314820054125e+00
-1.066936245250417858e+00
-7.229959490760549112e-01
-5.854556629400978762e-01
1.043325240840851542e+00
-1.236147846732308819e+00
-1.440831272607672631e+00
-7.321358715297968667e-01
2.669039544189418245e-01
-5.258371879587436792e-01
-5.255812532225876410e-01
4.353801355764653769e-01
-4.477407833164180895e-01
2.275546674803408109e-01
-8.334396834039597968e-01
2.093810353349833120e-01
-1.570495012737299856e+00
-5.529453548126607165e-01
-4.612758388872100213e-01
-1.066040164262752610e+00
2.196811553486147095e-02
-4.555073478560199285e-01
-3.866417677903749572e-01
-4.823458065308482423e-01
8.294425673196457183e-01
-6.802105517624698061e-01
-1.851491400582540858e-01
-1.036353251972657930e+00
1.696882525463582203e-01
1.334365972422429936e-01
-8.880628539397399379e-01
-1.559571629617081179e+00
3.649775649178205739e-01
-4.622961037081889102e-01
-3.082614872496263758e-01
-5.226742370625169221e-01
9.412238575729341417e-01
-2.667231992821871012e-02
5.266478476525226354e-02
6.885284676051796060e-01
8.183648925675729435e-02
-3.352990803414426235e-01
4.163629530451825045e-01
6.203028244767625626e-02
9.469647237072962298e-01
-5.967735648087170164e-01
1.127247012274305460e+00
8.087396701679169242e-01
-9.006181904806634941e-01
-1.814656092549779554e-01
1.130808277510132021e+00
7.838420705520882104e-01
1.154453702828783790e-01
-2.396049030589717799e-01
-7.542531914188980169e-01
2.567100771789034841e-01
-9.350545386572962914e-02
1.136580421695484899e+00
-1.012936326802196918e+00
8.686168651301111598e-01
-6.671768056720334128e-01
9.529550255159275896e-01
3.481041125427717375e-01
-7.725896646201545481e-01
3.749724643792524681e-01
-1.074297411885315467e+00
-6.976011669954292893e-01
-2.843098179878603693e-01
-4.103291647564110134e-01
-5.887505177198608664e-01
-1.720158564058888118e+00
1.834259546101041916e-01
-1.577486265478039940e+00
4.592787717613279197e-01
-4.756692606288692726e-01
-1.367045547431307906e+00
3.994329877369400261e-01
-4.218958144088327256e-01
-8.863070124715272113e-02
1.460613656828468443e+00
4.675458286476247283e-02
8.127427125137797193e-01
1.556026995929578938e+00
1.096973210304462043e+00
7.126181732956287096e-01
-9.199281234162247634e-01
7.388191963359157510e-01
3.063337449826771253e-01
6.111505100851183370e-01
7.447436485346698998e-01
1.740948557011018083e-01
-2.074347728315483197e-01
-1.273423225014079341e+00
-8.076905501140595467e-01
-4.005050156272358941e-01
1.005434825763919182e+00
-1.183974607588353933e+00
-1.355395189528584010e-02
6.587609438918782256e-01
-1.404132964766222180e+00
1.574680694360560018e+00
7.925602658152358648e-01
8.730361480058119739e-01
-4.378072294607866510e-01
-3.425234911780605795e-02
-1.701282038267599994e-01
-1.531839750869730565e+00
-1.039009896879141914e+00
-4.868016132998124190e-01
5.548408068636159207e-01
-8.862206124261657880e-01
4.226989283578221901e-01
-4.188794754053462022e-01
-1.034644341508462961e+00
1.305978706863541117e+00
-3.911969109622578933e-01
1.034853394835803408e+00
-8.489405082302089456e-01
3.129147174183546931e-01
1.612429890245845598e+00
1.895318347344720378e+00
3.797071367959615751e-01
-1.413253990576558150e-01
-5.574202552435671976e-01
-7.552779486089846728e-01
9.828659229270267916e-01
8.203502090316621143e-01
4.949225594956944280e-02
-2.206025750664651897e-01
-6.261897670113009129e-01
1.160282011478771524e+00
5.675091001969618798e-01
1.383859236641000190e-01
5.862317738910268750e-01
-3.436890816645372659e-01
1.181680790309093398e-03
-1.387788129318820562e+00
-9.481617878250176989e-01
-1.187916973704557178e+00
1.161066000582572644e-01
1.386696824388492955e+00
1.112231702549252438e-01
1.153543713077645139e+00
5.622049583290134045e-01
-6.322315929531953371e-02
-2.174278109165032891e-02
-3.863186775547494678e-01
2.998795329948228949e-01
-7.161151356775763421e-01
-3.936263334229432864e-01
-8.371741479027875465e-01
1.476435639840761038e-01
9.454613039385109108e-01
-2.859581205241947810e-01
-1.361557681577382217e-01
9.137927121815030418e-01
-1.715648408156683624e-01
8.423682675518781027e-01
-6.825197667767410881e-01
6.234411909338959390e-01
-4.438102475703145644e-01
1.196025775444000461e+00
-1.238797302418172430e+00
-2.425844148404699974e-01
6.793540883192500379e-02
8.640760213597384887e-01
2.146203270908205729e-01
-1.341561073450602271e+00
1.538178735091055627e+00
3.181444343027143296e-01
1.465662700567955945e-01
3.717750172025003907e-01
1.458451891250668042e-01
-3.144155992409523176e-02
-4.781385507954595271e-01
-7.710871669490225733e-01
1.240143235237191499e+00
7.321930959857736454e-01
2.514788053465493167e-01
-1.066405941518793421e+00
3.656673463254843381e-02
1.222536094861730593e-01
-6.383388521033948049e-01
8.740127523308180435e-02
5.089387929171647063e-01
-7.878842880465231069e-01
-1.285009748990453560e-01
-1.527981778363143861e-01
1.059356893084768325e+00
5.118802250063806403e-01
5.691662836789933566e-01
-1.127198110998183012e+00
-7.330093599669972315e-01
9.158853529188284992e-02
-3.022847186294289057e-02
5.570837953195262315e-02
-1.352031284826877622e+00
-3.716026218673784687e-02
2.935419227447860768e-03
-6.180323621892717112e-01
-5.473852474768492460e-01
-5.101246609945535582e-01
1.096893863900525012e+00
-4.860427653968116823e-01
-9.261466298520135698e-01
-5.871408497455263831e-01
3.623851016953884563e-01
1.318075161825324138e+00
-7.785509378892230270e-01
-3.496491975737467395e-01
9.857758962792921853e-01
-4.432044918735231209e-01
-5.509746946154144842e-01
9.516259418188808272e-01
-4.312278729880832939e-01
6.371182189804182050e-01
-4.960927223331904612e-01
7.729635450384028106e-01
7.681975072281130856e-01
-1.251817064402480417e+00
5.598870608962421835e-01
-4.157819198821687268e-01
8.247952675450458404e-01
-1.486250876726206427e-01
-1.390624694368806646e-01
-7.152870765852301638e-01
-1.392742915249633562e+00
1.329340936302206400e+00
-3.354253549827700409e-01
1.159324513211721919e-01
