-1.459445328833613997e+00
-2.691335424710283419e+00
-5.964314215109935979e-01
6.629034012464223302e-01
4.780988071246374815e-01
2.151514858072104186e+00
-2.769699573231625411e-01
-6.161327529144908777e-01
-5.775698243991789216e-01
-4.385544438749015006e-01
-2.199067342902761180e+00
-4.817874017144960774e-01
-2.896954987006506776e+00
5.072138611718621792e-01
-2.310829642730107381e+00
3.182438624078584688e+00
2.047944888547827524e+00
-1.144619125556018080e+00
7.462463659883437073e-01
-3.555089826506359629e-01
-1.943732273860385718e+00
1.637437991236226686e+00
1.001239596337617499e+00
-9.335159396752649164e-01
1.820737871910613759e+00
1.637329973340874156e+00
3.151337844715149661e-01
1.302933412364512655e+00
1.597318620404878819e+00
2.438050506779256832e+00
1.987182954923218059e+00
4.935472524247682680e-01
-8.280069716187100637e-01
-2.160964472255614943e+00
-1.327414690388740715e-01
-2.156689741152109985e+00
9.309478077254642603e-01
-9.851557565768556124e-01
-2.829410800899506695e-01
8.696724825379424928e-01
6.608119510796843787e-01
3.717995031674752315e-01
1.968953863975285046e+00
-1.776881528649721043e+00
1.148751477602730553e+00
2.003070516554374514e+00
2.387589243750826817e+00
-7.560834026119219731e-01
-3.523933323556187602e-01
1.231067505232610770e+00
-1.924837647406449470e+00
-1.006526911749224373e+00
3.768839350700503577e-02
-3.202755369699886501e+00
-7.305571687090305355e-01
-7.703008125667747397e-01
-1.990512552530462997e+00
1.886506215655099128e+00
1.082901164660015514e+00
-6.605934107544404466e-01
1.597381272143239883e+00
1.424646965353194794e+00
1.991013212121874432e+00
2.532258386135505468e+00
1.007135706067124437e+00
4.462875454300093137e-01
2.049269126413200581e+00
-5.454923710089305544e-01
1.244209284370969337e+00
5.219035135198216713e-01
3.982514232760134276e-01
4.092264454999562373e-01
9.955712522317777813e-02
3.119928963508444397e+00
7.534988730324017059e-01
1.498235359871194161e+00
1.911118885471173812e+00
-1.725119242608378567e+00
2.214147137916707031e+00
1.908510046890343981e+00
1.418972610776442433e+00
9.629934837803220127e-01
2.602163056198791402e+00
1.461202826811899280e-01
-5.661461233321674058e-01
1.315206797640413372e+00
-1.414904539603270894e+00
-2.225169827577091475e+00
-3.421958083384547544e-01
-6.785303575900449857e-01
1.958238455079299722e+00
1.480431973582978511e+00
8.507571510099052325e-01
-1.327466279543884742e+00
-2.303962159927658959e+00
-1.307931828658277063e+00
6.876085283737315423e-01
-9.891083334133937699e-02
2.172776445846753113e+00
-1.884474103692432623e+00
-6.784735272347266477e-01
1.156271649662472090e+00
1.412007439985871526e+00
1.416440903752242075e+00
9.612416976825437498e-01
-1.423544216797764994e+00
-1.960011155783248693e+00
1.297222536248593183e+00
-1.190261811795035207e+00
9.451900033148519231e-02
1.672411033398417457e+00
2.306955808074223402e+00
-6.340333403048233896e-01
9.292657726746496039e-01
2.777253925954280334e+00
-2.775325353767320591e-01
-9.400830973942553292e-02
8.462527165315447686e-01
4.073586567524151714e-01
-1.696457461545883394e+00
1.353070502218185700e+00
6.579981494076492243e-02
-1.629931703252277542e-01
-3.628771149126186479e-02
1.214170656570300100e+00
4.768114937802558351e-01
1.614593447623217770e+00
-1.739529626884842139e+00
1.972757662857708150e+00
2.188101591771703713e+00
-1.305406882598147078e+00
5.593921587488418501e-01
-1.979862236691057875e+00
-1.022363692173732908e+00
-1.449496178136475244e+00
-1.174402606728868204e+00
-4.480454840051584231e-01
1.233375630554526259e+00
2.068858403768498722e+00
6.090488371107793952e-02
6.098280133318128016e-01
-1.175195379633167336e+00
1.913854880232708666e+00
-1.396747148804423411e+00
-1.955154583635608789e-01
1.586980215072394396e+00
5.354886085937915485e-01
1.470960146653332301e-01
6.392573120865886471e-01
-1.178239431391547409e+00
-5.428455518751050812e-01
-3.974196462004894181e-01
-1.959486972509155267e+00
1.331635147701787147e+00
1.734942366392768998e+00
-6.817041482154473364e-02
2.984775612802141431e+00
2.415114476204605898e-01
1.379449115041159413e+00
-1.211294585268456014e+00
-1.212125481365133206e+00
1.754890627891729227e-01
1.662775965662800282e+00
-1.517151822417000862e+00
1.871363695603766475e+00
-1.841362810883084178e+00
1.428291792341236599e+00
8.672305726617485222e-02
-9.038093564859082107e-01
1.644557427563804852e+00
-3.844849552570587248e-01
-6.268572120593006725e-01
-8.136868797548366672e-01
1.709239382090940174e+00
-1.644001309580831238e+00
1.345048977206448337e-01
9.673118185189204521e-01
2.247691084656107674e-01
1.647891474335696493e+00
3.418698980570467061e-01
1.459371638144184802e+00
1.367064245282318291e+00
1.413784667880365609e+00
4.639684209593163966e-01
2.378008178987129462e+00
-2.831877388571161780e-01
-3.207238962762878343e-01
-4.903212443927651987e-01
-3.860874798778196615e-01
5.704444210621363309e-01
7.363972885931063805e-02
-1.038621047246889750e+00
3.649070753017962243e-01
1.409273948588951164e+00
-4.484413638390240542e-01
1.781727464579959452e+00
1.197158221214322804e-02
-1.409072644224787840e+00
-9.495901789453651265e-01
1.070420058944306696e+00
1.329949313526357146e+00
4.477405165509188434e-01
9.808918258265053591e-01
-1.780916255247513291e+00
4.688842556383313598e-01
5.748821571673133901e-01
-3.155990089199512294e+00
-3.672348683686784132e-01
1.058969506622208456e+00
-7.488389977543521425e-01
2.069852619985673048e+00
1.700292944514277149e+00
-2.692204060824999079e+00
1.244857180126808016e+00
-9.904437546381339441e-01
-1.764190713834904889e+00
1.523980798851439111e+00
2.816767798948138335e+00
-1.111847602997983131e+00
-2.167121765300025871e+00
9.155112549791004639e-01
1.901777821955606740e+00
1.428495893339223999e+00
-1.814753471391018502e-01
-6.166902441595962792e-01
-1.352921896847959937e+00
8.231230301480633171e-01
-1.927949470873508320e+00
1.404638680422434671e+00
1.048258286794002903e+00
1.662023931933399590e+00
4.702641373513338774e-01
1.289294777759295796e+00
6.938927759904395254e-02
6.339906315971927109e-01
-1.825171442792849597e+00
-5.526752905419192174e-01
1.536557423068483308e+00
-4.415755140403820889e-01
7.155025399177888934e-01
-2.023080257671882709e+00
2.748710677762440380e-01
-2.998697970859024453e-01
1.754929416044381796e-03
6.855205614400498026e-01
4.180190004911299440e-01
-2.982595881618796518e+00
-1.083308627538293267e+00
-1.307829824224391868e-01
-9.884078208451333447e-01
1.339685034502223093e+00
-7.473748216354372809e-02
2.974498765056503569e-01
1.056814064602625836e+00
1.724460456334168335e+00
9.522972705335424060e-01
-1.055065148842852851e+00
4.602948858631502604e-01
2.252139144675705751e+00
-7.218468216967622864e-01
4.806012935102186301e-01
2.376120845527347480e-01
1.680397152091465784e+00
2.606767147799819107e+00
3.413043499821528659e-01
