-2.536298874142624005e-01
8.054372346251257309e-01
5.820984775287909585e-01
-9.007052765619372181e-01
-9.426525859015857378e-01
4.200832075795444265e-01
-7.917414872200372322e-01
-2.136103931137676160e-01
1.757151943142070127e-01
8.774953525592361636e-01
-9.086345040623178271e-02
-2.823853505385118812e-01
5.568858799957805417e-01
-3.266092054213260987e-01
6.821400334829987866e-01
-3.877199073739667767e-02
-2.516573573913694073e-01
-8.367362207516215733e-01
7.818270417864663369e-01
-3.733667547913355200e-02
-8.753454900721724385e-01
7.381381111267064643e-01
9.902231858188770275e-02
1.719193644439926949e-01
-5.176190246812895079e-01
5.318603848363130382e-01
-9.738902379058764769e-01
3.108189547178992207e-01
3.613919628695818620e-01
8.534541434092992596e-01
8.632512345968834655e-01
1.630057829306934547e-01
-3.930044455533903136e-01
-6.287072929238939345e-01
4.773545096615443573e-01
7.163867421870782071e-01
-1.078561989636412921e-01
4.178425554131632857e-01
-2.231861032228295016e-01
1.793783719246042629e-01
8.750322618867671931e-01
9.392518244855430076e-01
-2.214050820425954580e-01
-7.882160442702490499e-02
9.216479092467837475e-01
-1.118141089977142677e-01
-9.528823034532618586e-01
5.545525668902855365e-01
7.060668134804313212e-01
-8.509298284578525884e-01
9.471046765099173648e-01
-7.633782553867145548e-01
-2.342280411354606962e-01
4.870333452969080046e-01
-5.660065139938774692e-02
2.131197221326552871e-02
-9.470153322308980659e-01
-9.610537750730063777e-01
3.632678434836256187e-02
-3.526281320651289963e-01
3.688923539119084438e-01
-7.838725923939999785e-01
-6.227131842127611172e-01
1.252633032904482135e-01
-9.992181581026446935e-01
-7.813522266177748143e-01
-3.936495839887881321e-01
-3.268412535385256668e-01
5.571610772914392662e-02
-6.470411816110439585e-01
1.524518192332122712e-01
8.883856607395714811e-01
-4.572466625641797844e-01
-9.517732926565911633e-01
-3.129755233866264863e-01
-9.676115500650863677e-01
-6.801418388450741759e-02
-6.464405406131092935e-01
5.899307242005409346e-01
9.954095656215535826e-01
8.504436162430462076e-02
7.488471770464451005e-01
7.742958377552200400e-01
5.074647690383096155e-01
1.792420853401488490e-01
-8.450020714484001161e-01
-2.836686905822509708e-01
2.431890743929085996e-01
7.139951760726357399e-01
-7.056956326236611954e-01
2.366156306955093935e-01
6.728796400892058660e-01
-2.876155027218150195e-01
9.273320327062894997e-01
-8.646237081102703392e-02
-8.402650553654888999e-01
-6.659720597171243650e-01
-3.848631146441829909e-01
6.118808380453568674e-01
-9.059925972319160525e-01
-5.443174832156187914e-01
-7.737601150331223643e-01
6.769605390040309700e-01
4.879188155607121491e-01
-6.074315196731856492e-01
-4.833965218814071374e-01
3.087929841947900655e-02
-1.348861709256898855e-02
5.157401459893751205e-01
-3.698014759285335185e-01
4.748211436987714862e-01
-4.976711383146947831e-01
4.143971705877724787e-02
-4.432387361427883032e-01
-7.694558706571505979e-01
-3.231721806811087561e-01
-9.531911560208083944e-01
-1.161642225584547106e-02
-2.836869124292284994e-02
5.908605051626543148e-01
-5.980429726073719365e-01
9.277558175260229856e-01
-7.441920088770834774e-01
-9.583138424934889432e-01
-6.158766490663436510e-01
-6.136035678532030246e-01
-9.170780823534272486e-01
-2.123204469348041190e-01
-9.957023235534845362e-02
-6.704059046833232838e-01
-4.125271660111540228e-02
-9.338515700225966665e-01
2.245707698118100115e-01
8.479861689863876784e-01
1.024634393609724636e-01
-4.468614150729230960e-01
2.754392854856417827e-01
7.225154508566433709e-01
2.798251702133096597e-01
3.347667869717174671e-01
-9.966713869886139054e-01
-8.132835159784987944e-01
4.603526317529478273e-01
9.164603399875661527e-01
-8.598503355281348348e-01
5.507149896592300475e-01
-9.469716763496127676e-01
3.883322220447058548e-01
4.035369433814077755e-01
6.449235643224975334e-01
-7.994378064913807425e-01
-6.112407826709231884e-02
-9.338755372239939678e-01
-2.769529222667987955e-01
5.898015286317681571e-01
6.951350143829260197e-02
7.466760542263441991e-01
2.595793218358442012e-01
-1.510379495968416919e-01
-1.035547810650090383e-01
-4.231324146550095033e-01
9.925949655991999077e-01
6.569552001402305663e-01
-8.031036326977729622e-01
-4.817032210734861764e-02
2.150663951206555069e-03
-4.751098308426460193e-01
5.718010307644760815e-02
-3.347539222374134038e-01
4.192290628810930730e-01
-8.111309214451736249e-01
6.214773371021042880e-01
-8.047244909649726718e-01
-3.669295789195174962e-01
7.527083963349419093e-01
-2.343077082811486633e-01
6.768682179496368079e-01
-9.435426404543756362e-02
-2.665184206516852949e-01
4.506047664952512743e-01
8.520290607571168184e-01
9.590027644808434282e-01
-6.912282704345296125e-03
-5.392619526528807938e-02
8.104524363469245429e-01
1.068958161314825794e-01
-6.554444914769601560e-01
9.899763666567782394e-01
9.665357621034793567e-01
-8.927035729766046313e-01
-9.046149672061429836e-01
-1.766183171890838288e-01
-8.395874220219161632e-01
-2.381357726525354934e-01
6.020501912858700067e-01
8.704213888130445387e-01
3.794860589634452275e-01
-8.976278284906455962e-01
-7.197434918973661944e-01
1.952539071976224783e-01
2.466259029041120154e-01
2.337912650596445374e-01
5.592400175212370872e-01
9.122965920036762988e-02
-2.450639819041982026e-01
-2.227520920551886441e-01
-8.934867208721684051e-01
6.941158989383686695e-01
7.371150453184909246e-01
3.651007356075737231e-01
-8.786620960942455039e-01
3.974358271033096024e-02
8.624677593918752549e-01
3.764745598401197935e-01
6.647765421105191752e-01
-1.384688286133006763e-02
2.955686497544871560e-01
-9.753528342853858835e-01
8.709634831331178884e-01
6.381750929297080877e-01
-6.770784469672097572e-02
-7.603109809581234391e-01
4.103868184321286527e-01
2.380902184461914928e-01
-2.532901203723421091e-01
5.665886119740941584e-01
-8.578317880984542843e-01
-9.993207591068502538e-01
9.363718493972155166e-01
-1.378356659750026303e-01
9.688463564274847339e-01
-8.739098015394453078e-01
-2.195503574573856032e-01
5.889604196483859688e-01
-2.478975443031963266e-01
3.613863758535520443e-01
-8.883664533995194734e-01
-8.039081689343205994e-01
2.148991038851142399e-01
-8.441321882597081494e-01
3.518304246577801386e-01
7.328098929436202003e-01
6.668244282734783202e-01
3.348385495741799112e-01
-6.918520169581203749e-01
4.697151291592207567e-01
2.563523490440444697e-02
4.090607704009807666e-01
-7.805931238367269653e-01
-9.325164432865822306e-01
-5.382894384109844221e-01
-9.663617532886388251e-01
-8.517873505855484417e-01
5.309258406765153815e-01
8.094629821930015012e-01
-7.777794831679205600e-01
3.553219040475763535e-02
7.504592680453092690e-01
-3.697259423000354150e-01
-2.872159394054294435e-01
-2.329624064156636809e-01
3.251826500090575500e-01
8.284249591929906398e-01
2.363181756478334172e-01
-9.344286493701254859e-01
