8.575447484330820380e-01
-2.794724033047264466e-01
1.007211232960667502e-01
-2.396720765558888466e-01
-6.203633770199119546e-01
3.370544722502533119e-01
9.183794424907922860e-01
-1.939837090160851929e-01
9.391054588415765902e-01
4.942053751297310615e-01
7.807314723079019636e-01
4.926779600066186759e-01
7.990881289608342541e-01
8.467644863955132717e-01
5.994476935037356125e-01
-1.522166441974173168e-01
-3.379969608509720835e-01
7.817708789776336431e-01
5.309168938980250996e-01
-5.480153980148645410e-01
4.534089064862394380e-01
-7.736431348109218398e-02
7.041673707655324854e-01
-2.243748669498597526e-01
-9.239520457311414248e-01
-6.954361223912410850e-01
-9.760841148891532537e-01
8.687116131331067415e-01
-8.316332776597115117e-01
-7.173143621842341666e-01
-3.692468996216857757e-01
-4.665572324296063389e-01
-4.504026516381136602e-01
-8.664161386995266056e-01
-4.656748747237371422e-01
1.028147864404251877e-01
2.983295173820417201e-01
3.180373297617105077e-01
-5.527984375789571914e-01
-7.346825522041533496e-01
-3.943672814932333015e-01
6.009061875201884284e-01
-9.511615306130936087e-01
9.989085624507709760e-02
-6.290281216442135115e-01
-5.258996421287382983e-01
-2.333487019457183287e-01
-6.869081857712320272e-01
-8.560035721932148789e-01
-7.481865956988911215e-01
-8.772559059027056350e-01
-5.506498313475400863e-01
8.836004610733840803e-01
3.960842177894035032e-01
-1.121820751657081061e-01
-8.739349694496141296e-01
1.462591770839329897e-01
1.043109337050369678e-01
-7.581260417525506057e-01
-9.164006780370881344e-01
-8.760613246648807362e-02
2.032436915439572722e-01
7.677600639431849672e-01
-7.611016156545959976e-01
1.077357486117680452e-01
-5.649260232195629783e-02
4.635266091673135858e-01
-1.402421113742180481e-02
-7.173583171674500214e-01
-1.020203991534640586e-02
5.509027342221841650e-01
7.900217577141064318e-01
8.713370316428097340e-01
7.322092076800537086e-01
-9.426391900528283685e-01
-2.743757508209181406e-01
4.438140909484622476e-01
6.628986511874956911e-02
1.825610500964687244e-01
2.050122571941215277e-01
3.604761313338578077e-02
-5.973324152899162076e-01
5.544062119679051825e-01
4.393531085269786196e-01
1.441386613575943443e-01
-7.005641435876710510e-01
-8.561327723968168435e-01
8.306188861134986556e-01
-9.085856016268587521e-01
7.607253969578007258e-01
-6.109153672078466712e-01
8.735248536905979577e-01
-9.368303492571552482e-01
-4.031422382900151646e-01
8.753988318773362476e-01
-4.886751300868721337e-01
-7.214643245712015762e-02
4.668550205530157537e-01
-3.849839400029069214e-01
-8.932346343567991731e-01
1.289246820745593158e-01
6.654708714482593379e-01
-8.558501263036963902e-01
9.380611125963422836e-02
-7.402927037260949028e-01
-9.071571501614892341e-01
-6.382019119202186896e-01
-6.243541420698339728e-02
6.338808222644025658e-01
-8.824912826581661207e-01
-6.029769786450975833e-01
-7.391173675947437793e-01
-3.322039419545719241e-02
6.680322667222220456e-01
9.015135128812838960e-01
7.048992747466420461e-01
3.570143270524028800e-02
-4.577544051896087485e-01
-7.591573112705709558e-01
5.328094963373957160e-01
3.648534404717616031e-01
-6.477344475040966998e-01
4.944147515673724680e-01
-6.244717050457175844e-01
3.837812715951776088e-01
8.320280116834921635e-02
-9.021263644928974035e-01
7.550542322850073429e-01
-4.444912027790244302e-01
2.774385827566150375e-02
7.268761352066197556e-01
3.408010538259387268e-02
-7.020160065772835800e-01
-6.438766974739265070e-01
5.736976191653855306e-01
-9.630209079171891950e-01
-4.774832896273559779e-01
-2.542697706132401869e-01
2.903003191852566722e-01
-4.568704658686233433e-01
9.695386634924409996e-01
2.939898829203333452e-01
-1.891374997817818482e-01
6.493168082885736325e-02
-4.807544153969731671e-01
-1.900186580732423636e-01
7.205495183745473931e-01
-4.921903275128589605e-01
6.737017727304743797e-01
3.879557108043685254e-02
6.043410238349422592e-02
-6.700537370740922150e-01
8.580290965773920142e-01
-6.593993934815045588e-01
-5.711792513342059951e-01
-8.654482153128157940e-01
-3.113630840429593150e-03
-5.695924435615111747e-01
8.266851722201626895e-01
6.990158943720878870e-01
8.107829279337990247e-01
1.622791232092921643e-01
-5.658686034794109254e-01
-1.206012533038103296e-01
5.064010222892685320e-01
-5.412880387061942411e-01
-9.138459476784355218e-01
-4.562298821139352256e-01
-5.233713539168562967e-01
2.378015975514733427e-01
-4.042940316108871723e-01
8.093469032632925053e-01
4.731357625932766098e-01
5.909012487460891805e-01
-7.580893103863073357e-02
-6.243368447209813876e-01
-2.587126770357053296e-01
-1.925122877832827761e-01
-5.967376720210799679e-01
-4.048092409326380370e-01
1.904731892641799984e-01
-4.261451771571600489e-02
1.613491637228350317e-01
-6.612362866097465375e-01
-1.584237769039196220e-01
-2.198187121546402167e-03
-8.464607569140174537e-01
3.038189138261662148e-01
5.555334030023759695e-01
-7.768591427579847331e-01
9.225605479538618869e-01
-3.714314308920201313e-01
8.483530106434415963e-01
4.050905669509539120e-01
-4.002077826729630861e-01
-2.716729224075529192e-01
2.894227240429296799e-01
-5.472822758330442294e-01
-9.103073210486682942e-01
2.865284023122316448e-02
9.728215083327067525e-01
-1.129006323065366857e-01
-5.015356439334286431e-01
6.636227940150658533e-01
4.377309527506945130e-02
-3.947432643258450558e-01
4.384925002130204419e-01
3.269764301599782375e-01
3.096242789637972948e-01
-5.820486186090614300e-01
-6.188168100850195419e-01
-4.980428195316219941e-01
9.255874855733352558e-01
-4.193748892406310436e-01
1.240097614652384550e-01
3.596818363361475868e-01
-3.550733601228577285e-01
-6.049405550810491583e-01
4.538082904257905170e-01
-5.958607793817674025e-01
-4.587476865665958137e-01
4.783313854829833733e-01
-5.003171005658049175e-01
7.693233437580198064e-01
-8.246288635319798388e-02
4.884641462756709185e-01
8.225402109342860868e-01
8.120969156122372912e-01
9.659337951815256673e-01
6.184829711070425340e-01
6.553136773847738628e-01
-5.609559736354896575e-01
9.091684513724378469e-01
-9.248026521612258133e-01
-8.243249393469365138e-01
-2.024283741317791652e-01
-7.180002707818431418e-01
3.397287444091066089e-01
6.797099954494649765e-01
-3.428944383817202901e-01
-1.388103919962613286e-01
6.528398468974172530e-01
9.034242536744443441e-01
1.219263059138990801e-01
5.802049361038690289e-01
2.717924540358065411e-01
6.483286957827509855e-01
4.803472255942122793e-01
-6.124194958842141823e-01
6.464391188246023656e-01
-4.322670651524227470e-01
-7.132408466758253240e-01
9.878079725318229531e-01
7.233970934437032874e-01
-2.610716128065504460e-01
-7.691299503401072268e-01
9.253650115983209634e-01
-8.734773696857280889e-01
8.767278264087818851e-01
-9.967789970247158404e-01
1.486110914997234023e-01
-7.311763866744100948e-01
-7.535210065160986570e-01
-2.784220623564936936e-01
1.427166498203380485e-02
