-2.759214953797988201e-01
8.688927449700007966e-01
1.388674835216709980e-01
9.809002162527846735e-01
-2.736507048588832092e-01
-8.052217965824142176e-01
-2.039681761601821464e-01
4.822669751250494574e-01
-1.123670323238368240e-01
9.235990505643969506e-01
-8.188004287192247599e-01
1.463856906769356314e-01
-3.174582103434659963e-01
-6.859217221904905237e-01
-6.558372561111802668e-01
-9.267894406839294330e-01
-1.951515518548161410e-01
-6.912566104193536010e-01
-1.838612383546773810e-01
5.709097472708313248e-01
5.086732938515363678e-01
-3.090183657411191831e-01
9.461704589419823730e-01
-3.464386644889350109e-03
7.321754431232541105e-01
-3.349789394529973929e-01
-4.340912075369021128e-01
-4.479822768779591069e-01
-3.397159757507761668e-02
-9.903391614174907875e-01
7.521118901329217898e-01
7.359477095572843908e-01
1.677928250396600873e-01
-1.328121958978512041e-01
5.168618485972187315e-01
8.923592898705419163e-01
-4.042483574434261318e-01
9.306244221915174197e-01
-6.548054825365294818e-01
-1.887584381644946685e-01
3.365740384060349477e-01
2.596113215341888658e-01
-1.958342680890972076e-01
8.120547923556848957e-01
-8.569640092024084499e-01
-6.552282927909129917e-01
-1.585963451299532423e-01
-5.592017692060728962e-01
8.204081810461685276e-01
2.572763888576656832e-01
3.923997899688671520e-01
-8.483459298707949348e-01
-6.560271726451625263e-01
-4.240771690097975277e-01
-7.240218585367408366e-01
-3.875297215623518809e-02
7.663774215386769395e-01
-3.470370166893450570e-01
8.464627655641461246e-01
2.282449471163412458e-01
6.037033928207899969e-01
-3.696717831892242234e-01
-3.916090158544454081e-01
-4.976328171865436190e-01
-1.263056851697741401e-01
7.883952522059807233e-01
-1.013660427881528658e-01
6.145693677549901590e-01
2.371812494180629560e-01
6.764517565490157924e-01
2.412852328437409266e-01
-4.851488568025730252e-02
7.170157179996337060e-01
6.695364825238891981e-01
-2.212125565692091289e-01
-1.947592527892756387e-01
-5.830924646086850238e-01
3.056399536622806945e-01
-4.784846743569559635e-02
-3.334957638214239850e-01
-4.895087362739252157e-01
-1.901799362432030627e-01
-9.398238419047195702e-01
-6.937156636926533615e-01
9.032694742043296809e-01
4.969449276587181163e-01
-1.757168869991803106e-01
-5.537319941806577717e-01
8.599430925342388399e-01
-7.053365022987776456e-01
-6.100758849602594402e-02
-6.830684261006414459e-01
-5.975982555283423370e-01
2.234897285441899140e-01
-5.839836652595142841e-01
6.796758826854909508e-02
4.822858226352193523e-01
-5.173175275955446129e-01
9.129958045624309015e-01
2.841775687733452127e-01
7.829215735659682540e-01
9.192297116981869021e-01
-8.804120613403572104e-01
3.755693654455356523e-01
3.853854188669170178e-01
-3.245016617544917992e-01
2.976307374640225767e-01
3.474363471442654117e-01
2.350706685739867297e-02
-9.887716434157778345e-02
2.411968984293111351e-01
-2.378044941401209478e-01
-6.804073188286992036e-01
5.851844885554775555e-01
-5.161068768244527760e-01
-7.982356860765567053e-01
-8.906584005903261936e-01
6.660952062835232557e-01
7.275852481623092949e-01
-4.433686389620605794e-03
-4.006787048571602838e-05
-4.688670160158066036e-01
3.517885316619915326e-01
-6.493193905858785087e-02
4.286553014406866424e-01
-3.747841019797122364e-01
-5.491890742008243009e-01
6.271496139827281713e-01
-5.120158794863898244e-01
4.234407254903089779e-01
2.454282277431880654e-01
-9.415324944055130096e-01
8.828008293331950362e-01
-6.612974474968169591e-01
-7.500550583568954544e-01
-1.971938596665641086e-01
-2.989172793653576132e-01
1.339879623095419081e-01
4.217633951684076621e-01
8.036939213079270505e-01
-5.725834101989304425e-01
-5.706847539628017163e-01
-2.351156584968978613e-01
7.318524612605425972e-01
9.034998810961087923e-01
-8.228373109949980169e-01
5.437991351150710528e-01
5.214721886325173195e-01
5.912700150761440732e-01
1.891633393264102736e-02
3.430637731864150108e-01
-6.591412910050313823e-01
2.102795184705865683e-01
1.487061151721935648e-01
2.417598158498146521e-01
7.403672728165484607e-01
-6.316093523667594134e-01
-6.590880893853627853e-01
5.440704929549911029e-01
-8.373322488276799813e-01
-9.741628976399296924e-01
-6.339289797798211001e-01
3.574772292530914441e-01
-5.703786643766353137e-01
8.922322029525870946e-01
3.621501245245739575e-02
9.418423543746641258e-01
-5.215505047378681258e-01
6.026456821426369181e-01
-7.737435458645023356e-01
1.141151598400693690e-01
-9.190155519785572213e-01
7.720605892372141010e-01
3.687723699341389771e-01
-3.896405384780528003e-01
4.892962068855262192e-01
1.736775624742790125e-01
-2.728248847175769320e-01
-4.228704340196813849e-01
5.981045489935330473e-01
-9.874040039475133756e-01
-2.446586732326272440e-02
3.159810254489678893e-01
1.523521358532071712e-01
-4.293601958445112388e-01
1.100798708433927686e-01
7.634941570277220535e-02
9.418460080550041802e-01
3.488482240080479357e-01
4.237492667912010624e-01
-1.624368683571015826e-01
2.130039080660706130e-01
-2.844737629633005138e-01
-9.935205237163715619e-01
5.329429411946755568e-01
5.510815988718644753e-01
1.354638659177349602e-01
6.313770356239103432e-01
-8.310307540037631391e-02
2.670334031812071629e-02
-1.613141190884912479e-01
2.308029099539208318e-01
-7.717281321519122717e-01
1.182958667419526932e-01
5.692937039038634683e-01
-5.367718608211553555e-01
-2.899876699429768667e-01
-2.746474790481827633e-01
-6.308443770416727325e-02
-7.559700119343104596e-01
3.316666959254248592e-01
-5.107286192842299677e-01
1.877448603447029463e-01
8.951974908998905356e-02
8.609015134857980200e-01
6.953937429885186372e-01
-3.184429831209567574e-02
8.743217611192581895e-01
-6.649725385794491572e-02
-6.027343726832363746e-01
-1.096927898243855726e-01
4.555672782022055500e-01
-1.415822990415862570e-01
6.074445629531455282e-01
9.354390661159763809e-01
-1.872463821604575251e-02
-4.606770124220196383e-01
6.746045482878337829e-02
6.681269649717194170e-01
-8.697136767994200213e-01
3.383234269078121415e-01
5.853919278476757970e-01
-1.967308927718689482e-01
-4.869617894383919676e-01
7.470745882265446003e-01
-5.549207394061375087e-01
3.578852245457333492e-01
-8.994303170847288698e-01
9.722018559688114792e-01
-7.480287869534394396e-01
7.034907317200338461e-01
9.633553424961800449e-01
-1.385643106238951816e-01
-9.490162006220692614e-01
-6.763710143791119567e-01
1.382431885275112737e-01
-8.206183796382091611e-01
4.813338920564860235e-01
5.308768796567979731e-01
7.956694488700044587e-01
-6.166015290039239538e-02
5.266126911854771553e-01
4.672951983751651994e-01
-9.954010279288936225e-01
-2.080876350348126458e-02
-9.175024926258685820e-01
-1.215902317269978994e-03
7.892587267342576762e-01
9.381861505320794326e-01
-8.134468950836410972e-01
1.727806109303924309e-01
-6.212613038829761791e-02
-7.652840555542244072e-01
5.419889790575336264e-01
4.141900452502296215e-01
