-4.688309744056089468e-01
1.885493152925934446e-01
3.325282185037197191e-01
6.023425003070248529e-01
-8.664441649367400355e-01
1.284613970832948482e-01
-8.937396119872815792e-01
4.940577448763774360e-01
-9.430127447580094469e-03
7.112935054112736744e-01
4.016718045947775817e-01
-5.931951817306742036e-01
7.756537085381802754e-01
-3.510365754342614775e-01
4.407106893484373789e-01
6.219196015317001169e-01
7.295043026652845430e-01
1.645862627508305476e-01
5.481193905165682168e-01
2.020681661053438383e-01
-6.140833575154391877e-01
-3.731809121640741189e-01
-1.266359735782687235e-01
8.564750474666167346e-01
-9.536474097207443545e-01
1.079460571531118962e-01
-2.559021051607273112e-01
5.380003133846611441e-01
-2.897495823397360226e-01
-3.860884496892504902e-01
-2.059564622419856050e-01
-8.841450766376479642e-02
-6.246294799283946819e-01
-6.506048925898859636e-01
-6.219522889327444570e-01
-5.603907431376762283e-01
-6.883510832121411127e-01
-3.886830345513538898e-01
7.306391533669009952e-02
-9.878541862565974885e-01
-1.275233791014991347e-01
-3.224904387775544556e-01
9.157199152554738042e-01
7.758512721275214741e-01
3.855023188232851172e-01
5.931452283278102477e-01
2.760349348822661586e-01
-2.176681390852093223e-01
4.324602907802994611e-01
-9.850153916944250909e-01
5.936269353980021535e-01
-5.294154210936796723e-02
5.593492773879034097e-01
-8.090464898405109739e-01
4.752272694402321918e-01
-2.550651076385639371e-01
3.673631183528878186e-01
-3.725759348820605332e-01
-6.394783991914398946e-01
3.256437103961775659e-01
5.631764384803885637e-01
-5.392910790009288746e-01
-2.845564985381989764e-01
6.217058471365295436e-01
4.237009719865989510e-01
5.998325789745131420e-01
5.963112334168163553e-01
9.277872673966649497e-01
1.332274044396102308e-01
-9.257902486823939014e-01
-2.976099236560167949e-01
7.884647428161650762e-01
3.835225446223902157e-01
-4.072355768317377223e-01
7.843310968656074245e-01
7.679578290950450636e-02
7.774016858865295809e-01
5.583942860912440853e-01
7.295921288566076246e-01
2.321681155172072852e-01
-7.676056121359768891e-01
-2.794940943562609359e-01
3.813605212658437438e-01
3.960216666268601138e-01
4.660168335776884163e-01
5.647517516368132373e-01
6.005574313671848685e-01
-9.307692772411191307e-01
9.990778651100744590e-01
6.134902114563856035e-01
9.400248600616796235e-01
-3.675132562698184557e-01
3.936177854201914350e-01
-5.032819089826841008e-01
-2.363478377173757750e-01
-4.923868999609171127e-02
-6.190393191301997167e-01
3.381733557093067333e-01
7.049943122450470501e-01
-8.619105806690312566e-01
-8.367718837344579885e-01
-2.089800413186440053e-01
-6.972188476101999210e-01
-1.475880259222370761e-01
8.588886893257452471e-01
-5.670865444967552182e-01
-7.381504793608069104e-01
4.559266004637789749e-01
8.473064090262414361e-01
5.373514677384583216e-01
5.892872397139101714e-01
-9.012539311492222538e-01
-7.850630013352675185e-01
-9.113327902844758910e-01
6.416392663150076725e-01
-2.501573011838249538e-01
2.539865203060758247e-01
-3.862172331565052463e-01
6.004086282827112431e-01
-2.004706368200710465e-01
-5.284109455103584985e-01
-8.726318908637527016e-01
-2.557195060862265112e-01
-5.717985392906872466e-01
2.004936456757728802e-01
6.791701859636383176e-01
-9.560063061559598285e-01
-8.248972372544913778e-01
7.103156044135383596e-01
4.424938725824389962e-02
3.065590946338736522e-02
4.431047439323243520e-01
7.247856480357823816e-01
-2.063957277922727762e-01
-1.702068273358410266e-01
1.072698888015837237e-01
4.275809499051119733e-01
8.308824528664666698e-01
-5.574710526229982310e-01
4.495353516486411127e-01
-3.564357335323298237e-02
2.344262944598929366e-02
-1.559841443765439539e-01
4.847714261799751512e-01
-5.143340276761836360e-01
1.770306464172903826e-01
1.371376154198760133e-01
-2.740697799898086373e-01
-3.378699327458485335e-01
9.891776504460307873e-01
-4.689207905769485762e-01
-3.040102688099801664e-01
-7.009508869798224406e-01
-6.758865576149160059e-01
-3.775233579030312647e-02
7.858895237024965397e-01
-3.742288065384975493e-01
-7.580829442782397454e-01
-8.380102167021026283e-01
-7.612335583558580421e-01
-1.142119776203549542e-01
-5.303282984098567354e-02
-2.783012399429716233e-01
-6.777662602160672289e-01
7.740305150268769196e-01
8.052520171501997837e-02
-6.879188704341092642e-01
-7.086583259367975618e-01
4.362162948532790629e-01
-9.189682172250315251e-01
4.161702585258018061e-01
-4.570291403129871366e-01
-3.629847302325237557e-01
5.644770516855168729e-02
-4.409054614391494376e-02
-7.299785854564233567e-02
1.361683296926159414e-01
7.541425188654087286e-01
-6.430257938701136045e-01
1.424948294109873448e-01
-1.300174875680346620e-01
2.977646781631082540e-01
-2.083656893417649147e-01
7.213161957943832192e-01
-6.959369922483236159e-01
-5.348056872682875884e-01
7.590426469656221808e-01
3.078996409551937319e-02
-2.126881710040440243e-01
-5.401053514801121835e-01
-5.555584190391986699e-01
2.960606493665043359e-01
-5.358375690204861819e-01
-4.596537734458783220e-01
-6.023833721179827627e-01
-4.930367522272542935e-01
-8.887116211436849600e-01
5.680054073994931230e-01
-1.964530429286666102e-01
-3.357845077333720951e-02
9.602122882160661899e-01
2.789069305235696294e-01
-6.471873782684320897e-01
-8.533448402586940595e-02
-8.896563975851989881e-02
-3.651307828423833168e-01
-4.038084671580504104e-01
4.846378005622788976e-01
9.805978090400269132e-01
4.340446697836637391e-01
-7.765112361876593816e-01
8.291002068930335422e-01
-4.971418324933218891e-02
2.066553280946981097e-01
-3.796843375468617054e-01
4.463622586987301410e-01
1.385282650304189289e-01
-8.214598911112400703e-01
-3.159383303519387454e-01
-8.112263108184702975e-01
-9.075269563836911857e-01
7.204917909369796813e-01
7.458700662933943626e-01
-3.105106257959469040e-01
-7.227491999689410473e-01
-8.554806272386370480e-01
6.869622326143747237e-01
-1.302626521189371722e-01
-3.194201194122086029e-01
7.019623640684482524e-01
-3.956316929828747053e-01
2.102849579356931287e-01
-7.814974425057967800e-01
-4.786631252547530746e-01
6.881421000691112511e-03
4.746902586116570344e-01
-7.241467833703962853e-01
8.659956609738508337e-01
-2.092663152086486900e-01
-2.216436209848196004e-01
1.201354915799468515e-01
-5.241308774848429941e-01
-3.616638855937304164e-02
-9.330198861264182852e-01
-7.626604260480380759e-01
2.499772930521126924e-02
5.430541226250285014e-01
2.846151295265411107e-01
-3.762804305094744617e-01
8.534242660385935597e-01
1.337594275059077464e-01
2.285424206374768730e-01
9.241796271447852984e-01
-9.525056229496908777e-02
-9.924276900309441096e-01
3.864633222543967239e-01
-8.880091945377805995e-01
-6.550811493423904786e-01
-4.437439097141400168e-01
3.025596601269944230e-01
7.360412871360171305e-01
3.609416243163925397e-01
9.602709649749119336e-01
-2.624441092874068016e-01
6.657746217493278884e-01
