-1.118081471824314832e-01
1.172301496761976036e-01
8.236819128798611445e-01
-3.144819176468032218e-01
-3.398868779114350147e-01
3.627488529872560097e-01
-8.606939146211591840e-01
9.985261187486148549e-01
3.169723822172476613e-01
8.462072000401996696e-01
-5.273639374864493856e-01
-2.823033476783520790e-02
1.232147604851483447e-01
-4.534139690171219428e-01
-9.647707828183932355e-01
8.145766610967619670e-02
2.114574124905166386e-01
-8.144929741694401093e-01
9.370043281326267959e-01
-3.583836175329794260e-01
7.741184188004548439e-01
1.063877737478065022e-01
5.595602401336636778e-01
7.468744927065178452e-01
1.130930816836914765e-01
1.727259926595257067e-01
7.710039917270623544e-01
-2.104019374736483261e-01
-4.054468257870069703e-01
-2.515933382754180769e-01
2.624974283100007799e-01
-1.513402578254083863e-01
-5.800839926463863261e-01
7.312342775835830588e-01
-2.187703973340142660e-01
-8.755097213402081024e-01
8.414297731369527744e-01
3.523459603137477636e-01
6.424729432696101306e-01
-7.573470209560145827e-01
-6.103470225533749183e-01
3.061293637994821903e-01
5.241587438085892892e-01
3.588496157617095950e-01
-2.500988047476933041e-01
5.793931705669592702e-01
-8.641783956361139829e-01
6.850957424071242308e-01
-7.454816718570776990e-01
-7.153211691159513386e-01
-8.233992946933156309e-01
6.815928052592852282e-01
-8.953848996831519358e-01
6.252924908359847045e-01
-8.454363069727580671e-01
-8.715632645536320888e-01
-2.912429352326983967e-02
5.173333100416586117e-01
-4.769076507201330806e-01
-8.856582136295192420e-01
-5.567735290964168637e-01
-8.857830224777267780e-01
-6.380715666900838023e-01
2.307677052969991927e-02
-3.536815599082721029e-02
-3.361377485237815321e-01
-8.475936978090756746e-01
-5.553456662465597882e-01
-2.247873485242732894e-01
-9.498466822827764666e-01
6.331618278181854187e-01
6.413496461573995333e-01
-2.152356951661349438e-01
3.833401357589347747e-01
-5.738123910084980128e-01
-7.427811905196473052e-01
-6.838663749594499075e-01
-3.531321748172420172e-01
8.145430786683137692e-01
7.085405517588181379e-01
-4.500597061945716959e-01
-3.616149941243609334e-01
7.213587909655756469e-01
-5.961485438558142835e-01
5.652594252859792778e-01
3.706452486284388392e-01
5.163821219072324276e-01
9.226401215837820580e-01
-8.544076765380546057e-01
-2.965055439083830180e-01
2.029667332214262210e-01
6.558434834681883263e-01
-6.897988043764499144e-01
-2.595282260479039316e-01
9.202438202756213492e-02
9.438768401812117625e-01
2.150622035159459600e-01
-3.999631530863742013e-01
-6.264447786166320586e-01
-5.654278556923710841e-01
6.150002759522643636e-02
-4.892938747073647399e-01
-8.712730643582144996e-01
-1.336364140433943248e-01
3.038076730731271713e-01
9.871227256317838261e-02
-1.259758058104525902e-01
-7.635948591444763345e-01
-8.601637964486843480e-01
-4.270222135013896914e-01
1.044061962929965226e-01
8.251136361348757609e-01
-4.657526350146572458e-01
-6.578784897362499606e-01
1.642159475030644522e-01
-5.625758224177965783e-01
7.523481043745906538e-01
-8.981462037449462477e-01
2.181680850783367376e-01
9.585855308454278578e-01
-1.903046763639804073e-01
-8.850419748585315327e-01
-5.988810606077834553e-01
-8.442381314935851755e-01
4.894158962892996012e-01
3.076841233999427772e-01
1.253445618970765452e-01
-5.163001768052322138e-01
-1.981305880011874354e-01
4.372534507122307623e-01
6.059910967128321335e-01
2.544835979690596162e-02
7.156722990166558551e-01
4.583786159903326940e-01
-8.693946575631829043e-01
1.054397869062038140e-01
8.082502965993709765e-02
-8.049409414351722525e-01
-5.117150447190137452e-01
4.330714639629640317e-01
-6.134002414058903341e-01
-2.263811910340561284e-01
6.850263863984800139e-01
6.778734774289695286e-01
4.347608518324710403e-01
4.893374140201541822e-01
-5.376831237369361638e-01
9.738948687342313670e-01
-9.015499743010217948e-01
-4.732360613834553642e-01
7.306287901402667151e-01
-3.350021519783689117e-01
7.769024342196440003e-01
8.830714751116403027e-01
-5.598989249352790409e-01
-9.844104965829969522e-02
6.625732361710463536e-01
-4.369573897254442479e-02
8.994116811454535565e-01
-5.929759615686336360e-02
8.412529163384506736e-01
9.628159514814992326e-01
-3.569960937002147894e-01
3.103698788389195329e-01
-9.291638738246156271e-01
-2.356281270625801838e-01
-8.867939647131493075e-01
-2.552332358189173256e-01
-5.341882396569630487e-03
-6.956569258962220781e-01
-1.779473225332435238e-01
1.318652852974144807e-02
-9.902086827339742214e-01
-5.574514265334942209e-01
5.774955830049948169e-01
2.024196237267712473e-01
3.617417394777249218e-01
-4.543265549892028243e-01
9.822182647857017335e-01
9.028585609709343096e-01
-7.550895582722297883e-01
3.286743931403731112e-01
7.990379950573895940e-01
-3.477264005397362467e-01
-4.799042878053290107e-01
-6.299072805410241838e-01
-4.012797249705313263e-01
-2.773074088577767160e-01
-8.451132627821461574e-01
-4.188855547451098005e-01
-2.702969828177916867e-01
-5.331705950155476437e-01
2.721595740270077446e-01
2.935798666921485278e-01
6.993682792960649319e-01
7.888802299892625491e-01
-9.178746186954930275e-01
3.936404029793338921e-03
9.589245082700591505e-01
-6.367082041075857735e-01
4.611492914663748444e-01
7.517952834672471107e-01
-8.394590775789265713e-01
1.588636950797361891e-03
3.381966520943342491e-01
-3.540104831884733905e-01
3.053778796615895796e-01
-4.962404947815319822e-01
8.933938430539366260e-02
9.195531842799324895e-01
-3.494673850802971771e-01
-5.087254012210085108e-02
9.234288673771627876e-01
-5.095790135115163544e-01
5.850043811144753914e-01
-4.569589269785900854e-02
-9.604387647999819144e-01
-8.467889803836380347e-01
-3.197304244188272637e-01
-5.419248085896681832e-01
-1.711519853636693789e-01
-3.587282463298959723e-01
5.678611535802544630e-01
3.845650412211403246e-01
-7.238596668862999906e-01
9.634887341777171876e-01
8.773253826714787484e-01
5.366251269149113767e-01
-5.318333915139761281e-02
8.625451540963382513e-01
2.872937454869668450e-01
8.621236706870680777e-01
4.880758754167837665e-01
8.753855824349127124e-01
1.886812568935547496e-02
-7.339937607767034189e-01
-8.272918828553037507e-01
-6.232747206992457212e-01
-2.344347938015967081e-02
-2.708456400977161671e-01
-9.394889916047880485e-01
-9.874746148734642182e-01
-3.524945657573834712e-01
-5.288850866866818823e-01
-5.240059594447776803e-02
-6.804238170253253948e-01
-1.219758494254317149e-01
3.810860072996884451e-01
8.103837955765937906e-01
-9.402987746355367937e-01
4.480695735046329453e-01
2.055076941961382353e-01
6.533555065406373430e-01
-3.536155954445745486e-01
-1.896228738346121823e-01
-1.199958833234899824e-01
2.101883610806796754e-01
6.804688129393815510e-01
1.122842617620126576e-01
-2.985974968505629157e-01
5.932056667596441457e-01
-5.462291320469705447e-01
-3.634927429286356482e-01
2.551316575937168096e-02
8.259019398702029946e-01
