-6.755672230173770387e-01
-4.260967318882393773e-01
-8.992518213029598861e-02
4.991299778940576637e-01
-5.765125824673780208e-01
-5.451675556717421323e-01
-7.788075263629330447e-01
-3.648908695760326726e-01
-3.496336362448673185e-01
-2.137755888519545788e-01
-8.008487999765254717e-01
8.852036304343153805e-01
-2.479084062854393089e-01
7.993957208548025939e-01
2.942663921639709912e-01
9.199244042666354648e-01
6.269019179350259208e-01
-7.607462581341080110e-01
-6.559955614253663025e-01
8.354790459171685946e-01
-7.552564605082892069e-01
-7.936361850030619891e-01
-7.779856544910759286e-01
-5.323107728272211681e-01
-6.660525824909973025e-01
5.701484651612584997e-01
-3.348645412738937566e-01
-3.419381853239840119e-01
-1.366352825258889681e-01
6.481691460447076558e-01
-5.265151837580108740e-01
-8.698578389972193570e-01
6.112546945355468164e-01
-1.212879276659319938e-01
-8.341095211824451905e-01
-3.814953819497899357e-01
7.448664079178362041e-01
9.136545482979312460e-01
3.425200119814366673e-01
2.034362374022049558e-01
9.021300050617258037e-01
-3.828153315100244480e-01
4.332498982761703310e-01
-1.907467350127149963e-01
-7.517079454671005134e-01
-1.351260930213158407e-01
-4.001526990989605626e-01
7.108013280500022901e-01
1.542431926700515987e-01
-9.502179631583875796e-01
-2.657354434314185276e-01
-1.651020407718690741e-01
3.835362391375898294e-01
1.716548651454481433e-01
6.221635829450553601e-01
-8.621991295531576949e-01
6.567364848547843081e-01
8.716711138755861565e-01
-5.661120620643136370e-01
8.099469483671180026e-01
7.697314867428928231e-01
-5.023933625076002496e-01
8.252057481618413348e-01
-1.129305570503131850e-01
-5.500505955269834324e-01
-1.381291329005438495e-01
-1.376141655713203349e-01
4.064216164359286676e-01
5.180996006895028927e-01
-4.103580001779596476e-01
-4.574654807969062986e-01
-7.569114554154405816e-01
5.718005728559270029e-01
5.632625340199308717e-01
8.787905759903478220e-01
7.800361635317398790e-01
9.417885873177043177e-01
9.413668203868719164e-01
-4.086762112083963672e-01
-4.445742462788884186e-01
-6.988682262410330637e-01
4.209395567717568731e-01
7.986038339933645425e-01
2.691777283139593635e-01
5.948820379602810515e-01
-8.863739614696839464e-01
-5.356294671528909479e-01
2.592601482037217853e-01
3.879527743663631068e-01
-1.958609099801291720e-01
7.983765355666716523e-02
1.487361244783516057e-01
-1.882332539115709746e-01
9.491474710504796963e-01
8.487882085861488957e-01
7.924518413399246342e-01
7.608259569105071396e-01
7.118192803189138385e-01
-3.414507455538975389e-01
5.537186193376975041e-01
5.907737079008155145e-01
-6.779744755439436332e-01
-5.365560838371801200e-01
7.361931739906415473e-01
-5.835267755945638957e-01
6.155630431896064181e-01
1.410756816472777952e-01
8.065312510555253667e-01
5.265510043573962129e-01
7.674160806957672776e-01
-1.056435361165464215e-01
-5.137366184665064228e-01
-1.993025545062296899e-01
-2.604414577409497333e-02
-9.037946311920808107e-02
-1.090531748398690937e-01
1.414791398372181597e-01
-4.463388017962186538e-01
-8.648970542886451618e-01
-5.534605646709549465e-01
4.968184362991949765e-01
-3.983811807104555847e-01
3.688147842998898973e-01
4.471196085966266942e-02
6.096395699094621090e-01
8.082034401213302743e-01
-1.912459051499280083e-01
-8.370392374123254431e-01
7.366375091328154490e-01
-9.366100623452888740e-03
6.139115913055839258e-01
5.292197912510201441e-01
-7.227930711436414413e-02
-7.403409195661736497e-02
-6.302442620931909545e-01
6.889388488920995535e-01
6.634811170989016738e-01
-4.989167529714975124e-01
-2.119916622032895770e-01
-5.371581861711671735e-01
-5.195000203640522951e-01
-2.819248147846691310e-01
-6.760089071359698387e-01
-9.160933891910807425e-01
-2.904755255680964154e-01
-5.716851440152053154e-01
2.343695466280584228e-01
-5.445380711116130090e-01
4.089841232936795024e-01
-7.576205526728585493e-01
2.543924239388901665e-01
4.520430943595719064e-01
1.294713535306368790e-01
-4.062695742828308365e-01
2.036209013661356426e-01
-3.891549861565590795e-01
3.011259611729553143e-01
7.891652327385778598e-02
4.192248662110740209e-01
7.090710457968318892e-01
9.966159859955174838e-01
-8.260234101375441007e-02
-1.503679224513416735e-01
-1.990013393996665769e-01
-6.497683515467520543e-01
2.506506360861668892e-01
4.268628948799129130e-01
-1.453431636774960012e-02
8.608682238915466023e-02
-3.031806740176621329e-01
9.210345222800200293e-01
9.030519214882428702e-01
-8.485610172719524336e-01
3.128860500076657836e-01
-4.738484740338932966e-02
-2.019071708400010934e-01
5.650870297081806992e-01
-8.421814641411440316e-01
2.482541230834909296e-01
7.735169628213858228e-01
8.110908447285700706e-01
5.834452176383253530e-02
8.572416437559644553e-01
-3.111732592712224132e-01
-1.776507765960144702e-01
-7.617703083779709949e-01
3.994018173261058013e-01
2.405584555100812594e-01
-2.497688667213020519e-01
7.071888241195762870e-01
-7.841508564382970725e-01
1.462047997631132912e-01
-3.249614951438084542e-01
-7.507716821142740304e-01
-3.811014389868172536e-02
9.682994097560086999e-01
4.353155859703283781e-01
4.262415041061191623e-01
-2.694367501655785535e-01
1.069199214242222418e-02
-5.879269133893896271e-01
8.674021514733099014e-01
1.828968097330645470e-01
6.216446732270155540e-01
5.111178105981559749e-01
2.768237244290019383e-01
9.089066486517440868e-01
2.613324421492579930e-02
2.286695024281519828e-01
-5.646324027818818703e-01
-1.424181511737545591e-01
-7.915773127409180265e-01
9.096049360093816372e-01
4.672568672615535768e-01
-7.125131885804956156e-01
-6.958479971943565268e-01
-5.049938050290065927e-01
2.996467336832919770e-01
7.888388864857844851e-01
6.324761667460214731e-01
-2.425868906392443236e-01
-5.204891297910907433e-02
-4.731351294198009594e-01
-3.736972221496162039e-01
-4.235020575343018123e-02
-7.450822493644349009e-01
9.591562198683434293e-01
-7.326645975501009378e-01
9.476212988236105694e-01
-9.127684637549395852e-01
-8.127851149977933787e-01
4.783808071271655749e-03
-6.663178479902520657e-01
-9.734812603923503893e-02
-5.121160886353361974e-01
9.051357374949535739e-01
-9.123122125022968820e-01
8.024086824404657037e-01
8.067251093039125021e-01
-5.012735658304725561e-01
-5.902793179742416019e-01
5.256061187298155524e-01
8.693630031168777528e-01
1.877984326126076464e-01
-1.394403838660687178e-01
5.175308321964597891e-01
-2.915212543558443059e-01
3.157980278345950964e-02
-9.521531738950761437e-02
4.755613305200643293e-01
1.875742786198366652e-01
-7.873017481306698873e-01
9.344940248136515137e-01
1.383587301078874621e-01
5.905597032124307866e-01
3.836194852325425231e-02
4.671728281576252861e-01
-8.762141852400200381e-01
1.003004951291006641e-01
7.040306332112538090e-01
-6.643935260660815967e-01
-6.537115896911380730e-01
-1.450253914226298235e-01
-5.404539545654210020e-01
-5.424776228012266888e-01
