4.303475633492790942e-01
-7.424663146379464340e-01
-1.404482713359044954e+00
1.113888086386817466e+00
2.835192877717435112e-01
-2.340499691797852222e+00
1.217507356773034122e+00
7.762432973088664312e-01
1.862716838167490785e+00
-9.813101224784570586e-01
1.343233788179182930e+00
6.782654056927768238e-01
-1.267217518163473944e+00
1.862457112919906899e-01
1.266410070851964775e+00
-1.405856685047258914e+00
-5.432490334136774734e-01
-2.441273651244530996e-01
-5.531582188061534566e-01
-1.489248068958640703e-01
1.807503561171332152e+00
1.364285534275710976e+00
-3.044440272312992635e-01
-1.061723050452889172e+00
-7.247032627230838298e-01
-9.243953691518286275e-02
1.103847344255466822e+00
3.160907944665322100e-01
7.088678162753361267e-01
7.299481176097146751e-01
-1.173812759141435791e+00
4.876829350108733419e-01
6.086203355210694221e-01
1.764876517024531299e+00
9.234405728816430514e-02
-1.012819353689319968e+00
6.407180451117995279e-01
1.313930543286999875e+00
-5.894391985535081258e-01
-9.741968760904586855e-01
5.761896948019509246e-01
1.627678274719340568e+00
-1.243360297343448773e+00
4.947512938158672435e-01
-3.302254579497744258e-01
-1.852467815339137180e+00
-5.552648588946883512e-01
-6.045479764985318694e-01
1.696126977345164155e+00
-8.916696295007993101e-01
9.761952459610636623e-01
5.328757103796014638e-01
-7.005257553947589200e-01
-1.260645982527121678e+00
-9.678312697060342806e-02
6.872488596104729952e-01
1.018164649530917121e+00
-1.201918279077905938e+00
-3.297484259663308048e-01
3.591334998393235778e-01
-7.139989192524041073e-01
1.212318303550588894e+00
-2.714342336915672727e-01
-1.679712389360936475e+00
4.002836481722310547e-01
-4.419409648484534658e-02
2.330106967646717320e-01
1.375292171621899762e+00
1.300747131022700565e+00
-2.140350123170491337e+00
2.343854932771654020e-01
2.603197937747441237e-01
2.131461191508201569e-01
9.873713014969334179e-01
-2.513649967915156047e+00
1.361350020584387310e-01
-4.784202153069724850e-01
-1.260892955306519014e-01
7.822463373671073583e-01
-1.341438300718486576e-01
1.410120217948391375e+00
-7.139761976135776678e-01
3.550438635127606268e-03
1.147952614016070072e+00
4.408715828722175045e-01
-7.269875456061061225e-01
-1.499637457267959662e-01
-3.580404383442384875e-01
6.715193048728755887e-01
-1.334618572113289936e+00
-4.074798107189734342e-01
1.551744678976417990e+00
3.839306620648569313e-01
1.867578513305512056e+00
1.938666533844169981e+00
-1.115246406554291525e+00
-1.557450149486133695e-01
-1.300134481899780092e-01
1.075407628048225650e+00
-1.796101746514664921e+00
1.790740058283545599e-01
-7.972349600619402787e-01
4.134160294926265689e-01
7.039916384699825835e-01
-1.205627367777938996e+00
3.499705487303597096e-01
9.061966679425030868e-01
1.417450140053966745e+00
1.834827422460721724e+00
3.585032450619176636e-01
-1.636673130779721763e+00
-2.276195343819148675e+00
-1.628812237291406451e+00
9.292214302690905425e-01
-8.304028493820733159e-01
1.244129833987478673e+00
-1.818717885075974872e+00
-1.204717344522843847e+00
-5.572133787649111714e-01
-1.290543981124895101e+00
-8.702951661571856068e-01
-1.560200953855823913e+00
-4.238208529530426150e-01
1.206474879373508280e+00
-4.147004827728506537e-01
2.561830657325562477e+00
1.557731481005110385e+00
-5.269091881192071725e-01
-6.120381878944330944e-02
1.397631218097420192e+00
1.262813090580824360e-01
-1.438777778392269502e+00
4.498561952818629361e-01
4.525456254214040852e-01
-1.017683881425753833e+00
-1.194086403557875098e+00
-1.417528407952768799e+00
-5.690501501556088915e-03
-1.305404135639526064e+00
-1.542800487362082862e+00
6.109342076703598856e-01
1.248604400679601323e+00
-2.109057941214658172e+00
-8.116533619522319221e-01
9.968176692165364727e-01
2.239685939477592314e+00
1.344092570429533673e+00
-5.270161606281127398e-01
-2.318840173892455225e-01
1.320490207891543144e-01
-1.406303468642439380e+00
1.586584087434432133e+00
-7.115742076849779219e-01
1.205301310359868427e+00
-1.726572816555983270e+00
-2.740731747825386755e-01
-1.320228865870273216e+00
-2.027662099076412983e-01
1.339061689421835011e+00
-7.607305918501564568e-01
6.306170636874192104e-02
5.064193898872094701e-01
1.935211545496310803e+00
4.885615588164109457e-01
-1.034198523241680157e+00
6.980575558126536073e-01
2.773183022324899882e-01
1.827112753452791449e-01
-1.647272559530380764e+00
-4.435359772391579414e-01
2.245012340759129366e+00
1.985602971024991170e+00
1.444002676491089598e-01
1.333002051332630722e-01
-8.872929314016873015e-01
1.163967059532034831e+00
-1.952442477062842352e+00
1.483430635808748121e+00
5.575569396433455172e-01
-1.667097399499418930e+00
-1.691655005475017237e+00
-4.731390551563420255e-01
4.212658739137564723e-02
-7.347422881214784596e-01
-1.154592109216725948e+00
-8.841941763685012834e-01
-9.932255575595050345e-01
-9.789467788968512219e-01
-1.889948584958552225e+00
-1.184439407587576820e+00
1.604426518140552815e+00
-8.411944017253143446e-01
7.212448988042718945e-01
2.306718803820622665e-01
-3.352234461331372595e-01
1.261655509553036403e+00
-2.483947443278454958e+00
1.105453929216546616e+00
1.223745434087355921e+00
2.243262317045446319e-01
-1.447076481611226928e+00
-1.109425970249890536e+00
-1.166484625834200983e+00
1.837176863950849892e+00
-8.475839633738584400e-01
-1.902578040970462014e+00
5.484463008933153638e-01
9.733864119298534234e-01
-2.912105165818167918e-01
4.730233355060103895e-01
4.462627842298523273e-01
-7.777011970559496445e-01
-4.323581167641648015e-01
-2.276718256040177746e-02
1.117257610195486972e+00
6.812021952808324787e-01
8.024370823237916284e-01
3.615753061545320390e-01
1.208714740969770052e+00
-1.291686300742760363e-01
4.178074827644757683e-01
-9.796631528091668262e-01
1.113727288737654808e+00
7.624689239762727500e-02
-1.611548500958389862e+00
1.418138745734449868e+00
-2.500469266864423501e-01
-1.435834397295510323e+00
1.664489021388206647e+00
-2.648926499443376992e-02
-2.086298036960446023e+00
-1.318275119685043961e+00
1.167210403717575229e+00
-1.148511781392927977e-01
1.389964808476024105e+00
-6.781487249124149574e-01
-1.440113962640506395e+00
-1.614228667646271820e+00
-8.430282612080866045e-01
-2.817392754949907818e-01
-1.040221637789840781e+00
-3.584106326512047636e-01
-1.270017267604509392e+00
2.749899074841080537e+00
-1.905192738298760347e+00
-1.915574043179624208e+00
-1.426706970398491370e+00
7.795194719702369657e-01
-1.334719742585456448e+00
-1.972976699076898210e+00
-4.891045707288131927e-01
2.016431171271155232e-01
-4.784889090427448810e-01
1.205215310796466266e+00
-1.077762495639027485e+00
-9.794847757287770129e-01
-7.898974152267407289e-01
8.236070743552794671e-01
-1.117089397784225113e+00
6.931849192949717242e-01
3.597813377137948354e-01
2.197686603101614011e+00
1.472707752814295112e-02
-1.636813977963428091e+00
-1.656417346009068536e+00
