1.568419055227615218e+02
5.823425091143597854e+01
8.704863932447392472e+01
-1.357397480531109579e+02
-3.803041570305442320e+01
4.971520503419225179e+01
-5.412423644782018783e+01
8.747880043113194404e+01
-1.690458971740597178e+02
-5.414383273243726080e+01
-7.986037609675159388e+01
-9.398540398879172031e+00
-3.475112651583894596e+00
9.941122465535732999e+01
-8.472152152211441489e+01
8.216570868579383102e+01
4.966615684454553303e+01
-1.000052867701080572e+02
-1.300018241952824560e+01
-7.398776585971864961e+01
-1.438479738061337976e+01
-2.769143123889996971e+01
5.802490626668195972e+01
6.349732051069634764e+01
1.035514448136102175e+02
7.210033548157568362e+01
1.111259682658391341e+02
-1.439130056384719012e+02
-6.602393526410345714e+01
-2.127345748404804837e+01
2.267862061917247019e+01
1.056873104874018736e+02
-6.462940590444215161e+01
7.544436404306695465e+01
-1.008990897014225112e+02
1.582057829727904164e+02
-1.568396032594830380e+01
3.048017806801489371e+01
-5.686924351477486539e+01
3.310303636236243108e+01
-7.373541859285650535e-01
-3.885722785018382552e+01
5.593173993351192763e+01
-1.230531833890225073e+02
-1.020151513991555703e+02
3.244951778535101639e+00
3.498917077261208419e+01
-2.584919965711735301e+01
6.207944770843037219e+01
5.758395993515984657e+01
-1.600497472763158271e+02
1.448272474634339915e+02
-2.912922530493762707e+01
-5.762573820830640159e+01
-1.437447004666798023e+02
-1.388875997845673851e+02
3.058116200230039894e+01
-1.276947805521732526e+01
-4.282009374026286253e+01
-1.046716275227557560e+02
6.737861013174457980e+01
2.447173681582159688e+01
2.182881923255049514e+02
6.577988720462863093e+00
1.183483111398021634e+02
-1.125919046462868494e+02
2.282483024480568901e+01
-9.471328843010060439e+01
6.154511821342693167e+01
1.182124537149226029e+01
-4.527796303228807773e+01
-7.634916676765220345e+00
3.325345061044209416e+01
-4.156526586405738755e+01
1.467596734614362219e+02
-1.852298531030327311e+01
-8.651937884260135547e+01
1.056726547718180029e+02
-7.576016798871617652e+01
-6.913357659975402214e+01
-9.486719389696706628e+01
1.278129137860640618e+01
2.160106225200635066e+01
-4.682875926254540389e+01
1.344765468394817809e+01
1.509653987592855344e+02
-6.051600683660426938e+01
-9.429601096763657608e+01
3.581792410233333612e+01
6.534214193488422495e+01
-3.173482769258065161e+01
7.912682090079238151e+01
-5.567582870745200552e+01
4.112257179087683312e+01
-2.426773761014175523e+00
4.800945802737346924e+01
3.984779290866534751e+01
6.530519070173967577e+01
9.822696747648626570e+01
8.585799508248497247e+00
1.852398457059825532e+01
-1.078501103213582013e+02
-5.205727720434325789e+01
1.784625317675457179e+00
-8.443686313402970711e+00
1.086239600868401425e+02
6.273241786473229098e+01
-1.545991325250930792e+01
-7.564886594135032283e+01
-5.850933666614488260e+01
-1.928569822671524889e+02
1.849958376099383770e+02
7.385482854593536217e+01
1.867079096279032058e+01
-8.194495273097479071e+01
-3.684127750996708084e+00
-7.806452602872445823e+01
-1.385319108258374854e+02
-2.121676077762419510e+01
-1.641801258533994723e+00
-2.792812908124747651e+02
7.203554345273988702e+01
1.061223840228065427e+02
3.998752673267514268e+01
-1.452331097484984639e+02
3.030097601115881290e+01
-2.118334641916128547e+01
-1.043706630630681360e+02
1.557039478198571487e+02
5.248536685587834683e+01
6.595431121466401869e+00
-2.152203348617642931e+01
-7.333644136381634837e+01
-3.158378828652918457e+01
-6.265576911590631681e+01
-9.223876384877465284e+01
-4.033456373968360964e+01
2.357949885829502890e+01
5.551462579676724829e+01
9.663057896704530947e+01
-1.026232549623407664e+02
-2.014317006635025109e+02
8.224949084929603771e+01
-9.269646060604610227e+01
1.101519705419429300e+02
-1.467166582229590119e+02
1.099636983483681973e+02
-2.956986721559142239e+01
-3.275196047989902581e+01
-1.503343263005677244e+01
1.662722464013697277e+02
1.402074870035970378e+02
2.555729343696490048e+02
-1.829224923961127658e+01
2.797569202970071700e+01
-6.594935076925187900e+01
-1.818679787116204594e+01
1.573259814041743709e+02
-6.041328409978014946e+01
-1.018188543680925875e+02
9.100648396273217600e+01
-4.950418956182932106e+01
-1.694742004289297768e+02
1.627171303676148284e+02
-3.474991020407937725e+01
3.016308107387299930e+00
-8.509665108988268400e+01
-7.000337890908515703e+01
3.849541526927770185e+00
7.646907074236096058e+00
-4.650540141006154471e+01
7.301245058634525265e+01
2.747541964186187329e+02
-6.774613357804500424e+01
-3.082437791245952496e+01
1.084417707515685834e+02
-4.324959358024290168e+01
-5.526427114844340593e+01
1.153157117514423788e+02
-1.581731852094634121e+02
-1.073543349382974554e+02
-2.671650262694218725e+01
-8.804655337088668432e+01
-1.166292893477598085e+02
4.117114637185765957e+01
7.896386352137824360e+01
-4.887787928722274700e+01
-5.392228115515931108e+01
-6.340260352094924201e+01
-3.956999378228967856e+01
1.733603237941966029e+02
1.223377628817083576e+02
-4.912867226026786938e+01
-4.925617246133301563e+01
-2.254942609823845601e+01
-1.717864202817326458e+01
1.693057223176505133e+01
3.497123899427196925e+00
9.461867890332192133e+01
-7.971424280706675347e+01
2.437943861973549886e+01
1.169669033709771178e+01
1.004943444171808693e+02
-1.140394607323200376e+02
-1.523818643636341221e+02
4.029958088991239151e+01
-1.105272641101264952e+02
3.361991969095122545e+00
6.682916005381677849e+00
5.748651313506933747e+01
-1.772199446310851911e+01
7.417026664781418788e+01
-2.208736715995144095e+02
3.031434336104893745e+01
-4.229965033896378657e+01
-1.172122515176110937e+02
1.059243089494803769e+01
3.065701393327774582e+01
-1.251441126119139966e+02
2.781098776457237243e+00
-1.294814281921221166e+01
1.416155563865322620e+02
-1.852446466111047130e+02
-1.858483612527229809e+02
-7.961430666733780015e+01
9.047305109563862402e+01
-1.412960887207004532e+02
1.637256140689091524e+02
1.492821292297800824e+02
-1.183873927597561675e+02
6.813056300359838247e+01
-1.033242878488246532e+02
7.275510193217692745e+01
-1.131575942888418318e+01
4.658049274442280563e+00
-8.500794189194950334e+00
-5.147130507724364179e+01
6.016398609766604011e+01
-4.189229146526729153e+01
-7.396375072945230045e+01
-1.946961510847141597e+02
9.255517854720100956e+01
9.013430202918380019e+01
7.345698121140345904e+01
-9.877140934998922717e+01
-9.042873123435637694e+01
1.485036076404377638e+02
-9.333057694382424074e+01
1.310645277646096218e+01
2.905894981306435199e+01
1.872350979175867280e+02
1.419657839780922188e+02
9.750587292943080797e+00
-6.353184411073857518e+01
2.295375626265038349e+01
1.299352865998050888e+01
4.249520792478254649e-01
6.187681949667298653e+01
1.516609343115374884e+02
-1.066255921199363428e+02
8.610429299914927981e+01
-7.225993363042246642e+01
-2.026386606931460221e+02
2.860603316292444376e+01
3.720872002985417737e+01
