7.233750171111340554e-01
2.012388495961573986e-01
-3.464195621484321475e+00
-1.278337404987991199e+00
1.093780974714385845e+00
2.627818359712398966e+00
6.640803541591036030e-01
2.185347154229386302e+00
-1.366101795718724921e+00
1.206292074827608474e+00
1.358901379791349395e+00
1.350061210996281957e+00
6.458668481352859425e-01
1.517901078116770996e+00
-1.239191394524376433e+00
-5.038664410318151043e-01
1.058702138424023831e+00
1.423812688160825957e+00
3.422265707055923700e-01
2.378784174638786109e-01
-1.402265274152092456e-02
2.146183154564339279e+00
-3.030927352261015617e+00
-1.021290591690164895e+00
-1.522775643723830452e-01
-3.620127551336432825e-02
-2.525896172284411101e+00
3.432940534419441914e-01
1.790141758355119794e+00
-4.968171054955258237e-01
-2.549640161860188048e+00
-7.699196943295145701e-01
-2.667768383376099006e+00
-1.158599016132253690e+00
-1.772930699572447200e+00
-1.030136794853029558e+00
-1.481871565033652693e+00
1.705441616373807034e-01
2.488812157352055188e+00
-9.581946719410832092e-01
2.044853957701416869e-01
6.745760387972629668e-02
1.949031160737243029e+00
-1.562050748379884002e+00
-1.534656593365346655e+00
-2.349897319837417342e-01
2.020178819840017681e+00
2.479522015221886200e+00
-1.370239168184516299e+00
1.641604101136829863e+00
-9.335936816076444433e-01
1.893255010213843015e+00
2.423166120435529813e-02
-9.451134968720414919e-02
-8.012375915163714168e-01
-1.350636958833827173e+00
2.332509692111683020e+00
-1.472030017031546123e+00
2.327088366507311434e+00
2.557831658743291214e+00
8.712850292832770016e-01
1.833234452445076990e+00
-1.642738204550659775e+00
3.602485645090784061e+00
6.725100381585810139e-01
1.718377912250856232e+00
1.624844118616237232e+00
-4.976620114989562249e-01
6.032187307004548416e-01
-9.975791094659879343e-01
-6.890871974505979880e-01
1.562807084908536925e+00
-1.744270102069092943e+00
2.284512693307463760e+00
7.934822217608958894e-01
-2.254744956058194916e+00
2.042255494410116778e+00
-2.054956781026016088e+00
-2.692445368654022841e-01
-2.964621516417526692e+00
-1.039859618395758911e+00
-1.692814338019507758e+00
1.981190852941814851e-01
1.045231023689957350e+00
-2.127022397149529009e+00
-3.606302583455206490e-02
-5.846214155304194637e-01
2.175757966509982211e+00
3.154932687374381928e+00
4.577977943369943015e-01
-2.950251952741056005e+00
1.116926273693129135e+00
-7.329318505556545738e-01
-1.679552775068163584e+00
-1.016990544464229540e+00
-4.147876625590464217e-01
2.930347069677119443e+00
-2.885496966907230565e+00
-2.002064019168758868e+00
-4.987557619834682709e-01
-2.168126078741875684e+00
1.213178012866876099e+00
5.359076463913512445e-01
2.077188735964120792e+00
-5.556997701115348187e-01
-2.792890059544121506e+00
7.280629114506094179e-01
-1.506692194065596679e-01
-8.737890546483423337e-01
1.681895564825349743e-01
2.189407021306537970e+00
-3.707587547114154169e+00
-9.992477462453945858e-01
8.360122161321845713e-01
-6.475773814577640008e-01
2.621160968489117060e+00
-9.063894258954436900e-01
5.982245782805846179e-01
3.520321428161895305e+00
2.600868427246393999e+00
1.521043643449086380e+00
1.373123464826957241e+00
-4.239834005190371014e-01
1.771355164131985349e+00
-5.038044990391571387e-01
-8.257418619743713828e-01
2.904665496249876355e+00
-1.369012659836564172e+00
-1.441992031409011499e-01
-1.204708559542081447e-01
-2.958720765417957033e+00
1.036865648861739486e-01
1.537587417799624878e-01
4.758521815860894399e-01
2.304082551950194180e+00
6.121789378097882706e-01
-1.757375586537057721e+00
-1.184705760869319224e+00
-9.520937387220842485e-01
1.662963203561464542e+00
-1.153644564244394655e+00
-1.046660449744079902e+00
4.460545035906686273e+00
2.240396537727709969e+00
-2.942594484517286002e+00
-1.200066401766687996e+00
1.577764080567393368e+00
4.194326841690968477e-01
-4.104964482917768720e+00
2.050608651393875936e-02
3.124025247488487533e+00
-3.556501379533451246e+00
-3.951551363195540123e+00
-2.696507275357564737e+00
6.001553531125574104e-01
-9.257784426570284664e-01
3.832833227849797186e+00
2.594055587817045705e+00
-3.538172332538572773e-01
1.620064003358820726e+00
-1.658168175905335273e+00
3.908856920698251525e-01
5.202235322584687349e-01
-3.900507111843576347e-01
-2.070008341869967516e+00
-1.466486668271399507e-01
8.163085140369198411e-01
5.098533504158421215e-01
-1.719025008735151738e+00
1.617864733272347255e+00
-3.168935139611771312e+00
-1.332380412163976180e+00
-2.595401267109640475e+00
2.087479434950846313e-01
5.127217629741439575e-01
-9.975166456434845230e-01
-2.334438988753791300e+00
8.722523298476837494e-01
9.377907985043991701e-01
-1.079068886696478380e+00
-1.656866616293307004e+00
-1.196868937829754564e+00
-1.240141012046090951e+00
-2.496949061329433395e+00
4.141371477960891223e-01
-1.155888489515110251e+00
1.197084779430639845e+00
-1.383524799419909024e-01
-5.826615821772044290e-01
-2.353795819026888836e+00
-1.609717028324241905e+00
-1.411830211188122242e+00
1.543994846639785479e+00
-2.117938167896244728e-01
-2.344899449538505376e+00
-2.186438604388294848e+00
-1.472513779139105417e+00
-2.467790048268660996e+00
-3.396439408801908422e-01
2.913522407698582173e-02
9.455284271993015244e-01
7.775744641907189614e-02
-8.630277756136759404e-01
1.778798648495337975e+00
1.628862356265350364e+00
-6.480968983041144327e-01
9.243611893340638597e-01
-2.291454451212495413e-01
2.376662500773864206e+00
-2.843532370158185496e-01
-3.739327936142917697e-01
-3.110893588877326366e+00
2.308137714034351973e+00
-5.798485816350136268e-01
-2.078758246977619462e-01
-9.202430890657253837e-02
-3.507689903537188236e+00
-8.648739444245790997e-01
-3.028776342943545252e+00
-1.834928649384455657e+00
-1.602501643450641167e+00
2.216302576605478691e+00
-1.217577740207077541e+00
-2.310953137397409041e+00
3.174458322942641519e-02
-7.839518431271229604e-01
3.050576628115320599e+00
-2.149735326522445700e+00
-1.388150663423626252e-01
7.627450293085870081e-01
-5.714310850725184965e-01
-1.854314478633524832e+00
4.604840460108468592e-01
3.934737335689941773e-01
-5.535024794985403673e-01
1.096281330773647866e+00
1.803777652871314530e+00
-1.514959953157604122e-01
8.713427894218759295e-01
-1.285789624080576399e+00
8.054362607209301084e-01
1.799182629456023419e-01
2.045537445785815311e+00
-2.684622062831722999e-01
-2.634625529484433848e+00
8.307244765708320378e-01
1.176224724179383285e+00
3.785208718668882089e-01
1.699727101431398602e+00
-3.722557923500699140e+00
-3.192684334421588499e+00
-6.194598058770159899e-01
-1.585437734602915150e+00
3.404949980786738717e+00
-2.465530658233315187e+00
2.819826439868237777e+00
1.030594938052121545e+00
-3.065723753602254686e-01
-1.501352073911053742e+00
-3.064021408055940809e-01
-1.531033385767570643e+00
-4.662263384706081260e-01
-1.320759179831914487e+00
-6.509499763353587820e-01
-4.865154762383402387e-01
