1.317636022934840501e-01
4.471870271728606294e-01
-5.982027428577401107e-01
-8.140216775083786160e-01
-9.550391056809575119e-01
3.342426615815512481e-01
-3.560641793505725516e-01
-2.436109545602738180e-02
-9.029718496020082696e-01
3.147842192279006746e-01
4.877842074587184218e-01
5.899191068570845964e-01
2.939710712809093796e-01
-8.400359716658518661e-01
6.626509734534333784e-01
9.409757026146774450e-01
-6.708601349698333216e-01
6.456186829168042429e-01
-8.656225942604753865e-01
3.387503226296222358e-01
3.927051054960730703e-01
-7.821843264883252544e-01
2.052313315920717418e-01
-9.710313326122068656e-01
-9.566190494030668567e-01
9.865620595174640073e-02
-5.922996064919727743e-01
-2.948748632281716908e-01
-5.908278181162054388e-01
8.354963581518872751e-01
3.414434727810973236e-01
-9.421624930774246121e-01
1.175648125825525803e-01
5.734249094438983452e-01
-6.968681833244714241e-01
1.444902988513487863e-01
-6.362763888830209602e-01
5.789845863929712344e-01
-8.064329412958701759e-01
-8.712707305066651475e-01
1.514807958592081505e-01
-2.255014051673269737e-01
-3.587290554932121012e-01
-8.279140896930838878e-01
5.365201825202043917e-01
5.466513424966121804e-01
-6.062077137330608156e-01
5.680598831114671565e-01
-1.895116714583156003e-02
-9.017419062504314908e-01
-7.920391113234475089e-01
-7.043214232668761898e-01
-9.114160668679232025e-01
8.702156076883300617e-01
-2.419585624724558404e-01
-5.045311314754561405e-01
1.275514206033570019e-01
1.053249342014428436e-01
-3.238230559506836137e-01
9.531122940638432350e-01
-4.838693167611949342e-01
-5.793069940694024478e-01
-2.821137728428400049e-01
-6.657555555937957337e-01
4.903512092791753041e-01
2.850417638192299652e-01
-2.596240032509928852e-01
-5.545514403739644216e-01
4.839948422092221758e-01
6.573407964945046089e-01
2.523163791143978596e-01
5.518177887644089008e-01
-4.179540199799225419e-01
-2.833851180670388104e-02
3.611213920009583855e-01
-5.284578239364789987e-02
-2.809536719259588811e-01
9.149010648971322990e-01
2.418274405506142255e-01
-7.428517627922510691e-01
-2.842756738734799615e-01
-9.587843916826790380e-01
1.380261467735945935e-01
3.319736283488163853e-01
-2.101912671937216093e-01
-7.422364152608815768e-01
-7.531188031211346612e-01
6.567570773051192301e-01
6.072134413013019483e-01
-4.974676964887454478e-01
-5.993603988555356032e-01
-8.555916806006831354e-01
2.801125146528149479e-02
-7.502529815132090718e-01
-6.303913276949242306e-01
-5.761414076598321277e-01
5.135562502358808068e-01
-1.556458590499687489e-01
-8.732778178307862849e-01
-9.101255791674141005e-01
-1.013130722650017468e-01
-2.137501868020039719e-01
-7.955560239995644878e-01
7.963872453060205636e-01
-6.436419837401501365e-01
-2.702574604061616093e-01
9.051883081595386571e-01
1.526063106369490718e-02
-2.146474087451915036e-01
5.194535012847489863e-01
9.978717127329905789e-01
-6.719850041985577782e-01
7.395747729108796964e-01
7.577273602779930339e-01
9.512750826531559678e-01
6.970735001019199295e-01
-4.392635295116080751e-01
-7.213909544309187183e-01
6.608435148584193009e-01
6.848051341440173356e-01
-3.325683924862994356e-01
-9.555115500071320600e-01
6.875212805486339285e-01
-8.808287665848846260e-01
8.554221160943042968e-02
1.718395243881980505e-01
-1.472960297331047386e-01
4.301638731802253091e-01
-4.885754184800519262e-01
-5.613256193546400930e-01
8.848242713335507936e-01
3.845144975205145865e-01
-3.937374591448625782e-01
-9.213390287313516502e-02
-8.098025643272259710e-01
4.115385795603538899e-01
6.330706431988772920e-01
9.820543495829232583e-01
8.490529833609554711e-01
3.530525032430320564e-01
4.987888732990084506e-01
-6.384567459205614526e-01
-8.356267321207155874e-01
7.155963022349576264e-01
3.171267209496795303e-01
-1.658372102582705843e-02
2.734015062735599688e-01
3.390328170068441782e-01
7.918242347967821004e-01
-1.790879725271699030e-01
-2.772272262646493513e-01
3.841857572241478280e-01
-7.159871104134163389e-01
-1.663917377874251091e-01
8.198970085044856582e-01
2.787085261830046790e-02
3.112712968031261518e-02
-9.613727365734503483e-01
7.590587479567332263e-01
-5.236801381723115156e-01
-8.099914505644401075e-02
4.696860610842006345e-01
-3.426379663245726626e-02
-7.183039498320380467e-01
-2.134580375881545145e-01
4.935512779835857788e-01
1.317399982102436251e-01
2.228288468885457618e-01
1.271016298709741754e-01
-6.835581717800471857e-01
5.937211867968734680e-01
-1.328227662162675404e-01
5.194641493889629036e-01
-9.908617072360841327e-01
-8.350978299197953092e-02
2.676265507878992089e-01
6.537541433394880031e-01
1.654738166953091394e-01
-7.753510646237491422e-01
-6.503013358129792199e-01
-7.513384035778107872e-01
7.305091178767362248e-01
6.100876601777411867e-01
3.311833277344129467e-01
3.038323633109158983e-01
1.714653980980140879e-02
-9.591755785489566311e-01
2.522862978207116580e-01
-4.828340573587517337e-01
-2.233208308193779246e-01
-6.428262710588588114e-01
-2.041640067236327738e-02
-3.620392459210319824e-01
4.067087318057942547e-01
4.673152637871691439e-01
-2.994904824628230600e-02
-6.183740364203971218e-02
3.211556262141856966e-01
6.358069145574631875e-01
4.984387899303888148e-02
-2.675372367510624461e-01
-6.945662044333227314e-01
9.726640106207231629e-01
3.730639687417136585e-02
-7.207500386154559457e-01
-5.150808294449613634e-01
8.125382651342327733e-02
-1.199402866243350907e-01
5.732829433008466147e-01
6.876849098721069531e-01
-2.083103678296724937e-01
-2.740007246694893261e-01
4.036432181751083981e-01
5.499177967332977701e-01
-2.975851850379140906e-01
-3.933474997362651493e-02
-1.579924991087797714e-01
-4.806808966968043606e-01
1.771828067243046423e-01
3.940241530794885705e-01
-2.095783771548880292e-01
1.833703875902776836e-01
-4.057303214043319617e-01
6.046853765522757218e-01
-4.540389953992431948e-01
-5.044528572007105360e-01
-9.607841556643226255e-02
-8.231688527453353554e-01
8.887081589395655623e-01
4.393239624198670423e-01
-3.666037945503681783e-01
6.660394754614482604e-01
7.841156344990736216e-01
-2.232334390930128531e-01
-4.283086093334735889e-01
-7.152196975229792031e-01
-9.213849502440563111e-01
-9.521112565284686191e-01
-4.995168735873576349e-01
4.625826715904377551e-01
-5.031889602379857607e-02
-9.340542243554579294e-01
3.685843288509298432e-01
-1.116076800269814040e-01
-1.880786610942750681e-01
-8.621275121272655717e-01
5.420712214402398921e-01
9.279695650758958969e-01
-6.427955002942578044e-01
-3.186416989090463669e-01
7.092600254333649712e-01
-3.040133547959593674e-01
9.905777122334733509e-01
-4.652804760948336948e-02
-4.062333146456269528e-01
-9.454389233275009019e-01
-7.675918360847198141e-01
1.862233651652156485e-01
-9.621109368381379756e-01
5.890827793032760162e-01
4.607501231226118765e-01
5.547875239297817007e-01
9.900737303186963878e-01
6.941852154258432162e-01
2.159747712471455916e-01
