9.083325173317264856e-01
4.393348976486517454e-01
6.611403047166064528e-01
-9.220697293944257744e-01
7.136230410177657468e-02
-1.495813690870200219e-01
-6.174509601735322928e-01
1.834845969047667058e-01
5.713302852425341527e-01
2.853719281544404573e-01
-8.253074946215674945e-01
-8.102105379747468472e-01
4.822365534721235747e-01
-9.236158126889453257e-01
4.741496110685521348e-01
7.599974539032714471e-01
-3.061841195980083974e-01
-6.873392232540564972e-01
-5.476926697026855972e-01
-5.732983829458264680e-01
7.170193628497880667e-01
2.341571158702147049e-01
-5.917825795512541287e-01
7.448023317498000395e-01
-1.632032684148529977e-01
8.668729516622701858e-01
2.555418781021834285e-01
8.858557802017192895e-01
-5.531340813904579434e-01
-9.016968480590941137e-01
-9.469251140210801498e-01
7.667573343685782916e-01
-8.541970554740407895e-01
-1.512915312506444288e-01
1.299750646097226348e-01
-4.590336929292055945e-01
-1.578358702250426404e-01
3.597157593053108560e-01
2.028718721486242327e-01
-1.213743771680544370e-01
-7.397432060785844588e-01
-2.782718011716689421e-01
3.476591243617455085e-01
-9.264432142754519539e-01
7.935740210485506818e-01
-4.377514082365629999e-01
8.823384633350992434e-01
-2.958211747215919729e-01
8.132168471042358071e-01
-5.011418986196931602e-01
3.308066647712555319e-01
7.172021450915839758e-01
2.888475723660206551e-01
-4.141293121327986881e-01
-5.519568464255675266e-02
9.583137723127563845e-01
-4.989385754976807252e-01
-6.219215921317160500e-01
-5.003237883048787804e-01
3.187245071108755212e-01
-6.587047269350092549e-01
2.800725511938144674e-01
3.884461573465360917e-01
-3.939010778019951253e-01
-3.946772993972065269e-01
-8.072670838718529751e-01
7.901812698013364056e-01
-1.273946596268213938e-01
3.958181555365085647e-01
-3.095562695001787823e-01
8.686569794644429798e-01
6.396762311296304571e-01
7.049532188237124242e-01
-2.892785809839031330e-01
-4.208644844504600968e-01
-3.022292613345467505e-01
4.061001638157226701e-01
7.899250078350030790e-01
-8.127340670774632070e-01
5.323064872796667846e-01
-4.611501995789641928e-01
-7.099204761432575950e-01
1.006481393787437284e-01
-7.876345744024149109e-01
-3.338884179224022031e-01
8.038138134118053557e-01
9.523799304191922221e-01
8.017841901791382675e-01
-1.740008340323673242e-01
-1.052265298051964226e-01
5.748047434844090198e-01
9.970619247791290274e-01
-1.582138422353285279e-02
6.071004451669774760e-01
-5.389316065188354266e-01
6.553916171302440752e-01
8.538632822519336418e-01
8.906705789924997951e-01
9.296540489471238899e-02
-5.670134548499694560e-01
-5.866050138656051516e-01
-9.438270442739935540e-01
9.757910927477044805e-01
-3.197538035588283201e-01
2.272187917200096940e-01
-2.618475495988383805e-01
-7.416163505066279971e-01
-3.830715062045291219e-01
-2.403364587779039940e-01
-1.835659825245166132e-01
6.948697458725530129e-01
3.354336011700342901e-01
4.490780990749250190e-01
6.863999015394428582e-01
3.742234557747121659e-01
-4.167793457296298243e-02
8.848213880899737926e-01
3.961680891667935800e-01
2.803658986759689498e-01
2.868638753841845634e-02
-7.854904270523366261e-01
-2.788860800595838185e-01
-5.100365444473800025e-01
4.324110336586275416e-01
8.786074972785349324e-01
1.144832038327199264e-01
-6.879610246996037404e-02
9.035177805384855265e-01
8.096575025434642470e-01
-8.543198153421285301e-01
-1.476820569355459245e-01
-7.222289606831644448e-02
4.726630860538987289e-01
8.084385655281391969e-01
-9.718535724969616929e-01
3.913177079847165452e-01
4.547499127239065242e-01
-9.743651293413273518e-01
-1.461661640819853503e-01
-8.626641466259243884e-03
-4.601121397831233750e-01
1.501321444951104755e-01
1.670688719289743496e-01
-6.930154585729728645e-01
-6.222088094696132110e-02
-5.681681302772330078e-01
-9.970402910596478652e-01
9.479067394235605182e-01
-7.414145538723386775e-01
-8.147408826263360382e-01
-2.474655685297215690e-01
7.925606132035665219e-01
7.150257933356078954e-01
5.047761070790537374e-01
6.677785950544843363e-01
-2.043389713345722392e-01
7.858563451456475057e-01
5.199968820439133665e-01
-3.757795879020746632e-01
-2.232371778407342688e-01
5.599035226581632330e-01
-8.887866570941891364e-01
9.977494200375245370e-01
4.137553083723766179e-01
8.543417288839261214e-01
-5.807338392853274023e-01
9.436934063420967522e-01
4.887006265912106073e-01
5.605204051450252134e-01
-8.396445424033596172e-01
-2.292786828668424981e-01
-4.284730218794270407e-01
2.147622995180213934e-01
-8.870081717203401883e-01
-7.972417847855961526e-01
-1.455125821847724765e-02
-7.620656384409163486e-02
7.350009961702139716e-01
-7.455246738273120233e-01
5.172887965721983949e-01
-6.482962193301327058e-01
-9.023084990381473602e-01
9.190802646744491433e-01
6.537625288619364206e-02
2.781534944951831179e-01
-5.368665735676578787e-01
4.109711744043054171e-01
7.730411868751998483e-01
-8.278402356970993026e-02
-6.056390381586895799e-02
-1.389358915787748394e-01
4.247992452614959280e-01
1.609577885955155718e-01
9.380440303442725281e-01
-8.569947036448313238e-01
-2.443570675085660060e-01
-4.258799772345769341e-01
4.462001666652670728e-01
4.913243602345991334e-01
-3.506136163178310561e-01
2.880278964425126986e-01
9.078691055896901396e-01
7.965366193770599956e-01
9.071060333282072730e-01
-4.701582183715167229e-01
4.826670019906744713e-01
7.606581199101609680e-01
7.184540184145771224e-01
-1.702030758583030767e-01
3.966923501920167627e-01
-6.992171899313213146e-01
1.622970020082632470e-01
-8.638713666031456739e-01
6.125189946685851705e-01
9.493450745013791714e-01
-7.748788665757539995e-01
7.828517384742397223e-01
3.875106552654310477e-01
2.389223163237848002e-01
9.167497883831789984e-01
9.165132083134741592e-03
-6.243460100627895581e-01
7.257427202660471366e-02
9.917900430414903212e-01
-5.581500004903829915e-01
-9.338145003069231453e-01
-8.647796213583145430e-01
3.797871304038942242e-01
3.135665586756395395e-01
-3.652327437496634133e-01
1.429528530809553999e-02
-5.751054126432886271e-01
-7.460368223189113301e-01
-7.982244334382113671e-01
6.249357332501550566e-01
5.731605260261491974e-01
6.753634181585870255e-01
1.129175197285074983e-01
5.426655164271882992e-01
7.616308522274279902e-01
1.892145450678677232e-01
-4.269483661510764527e-01
-4.907189679945365146e-01
-4.652987811558422226e-01
7.833243616781810914e-01
-4.111250939397279591e-01
-6.124187903766609153e-01
1.077107363814582275e-01
-2.708858173665931179e-01
-4.958234058225350349e-01
4.048348342715799575e-01
-2.325014884078571153e-01
4.696507055008691811e-01
8.995183371313542064e-01
8.324479674052580602e-01
-4.949805444011166067e-01
2.583572436546826001e-01
6.218325617867019872e-01
-4.695291134321248894e-01
-4.902434872047722880e-01
5.048517767265214840e-01
1.970805752015305501e-01
-6.879317720975652861e-01
-1.481226101938306616e-01
2.306119263649806239e-01
