5.581182163051570111e-01
-5.931214200890073673e-01
3.954454041509368745e-01
3.033323813545331371e-02
7.318483010446634740e-01
3.807569459930271738e-01
-9.029503814939603412e-01
-3.570473071329591797e-01
-1.257276809261113071e-01
-2.293146764206528410e-01
-7.947046055505818662e-01
7.062797329831628224e-01
-6.847371021663899437e-01
-1.119280073485423577e-02
-5.184931885845696364e-02
-6.080346543412014082e-01
-6.438709962474428172e-01
5.066849023507626892e-01
-4.345507726191947251e-01
8.307918126559703520e-01
9.525432673706490938e-02
-1.437127564157860693e-01
6.628975962393021115e-01
-5.951555431680984887e-01
5.199727976037800126e-01
-1.000000000000000000e+00
6.346520236908275159e-01
-1.691635744468382718e-01
-8.345903388315090154e-01
3.550153404730539419e-01
4.036424992997950656e-01
-5.423355197278240114e-01
2.387620531288773829e-01
5.305648734963605007e-01
-8.376645813270864327e-01
2.417725143606032634e-01
6.946811572256754719e-01
-2.460794321316700783e-01
1.578587440001315012e-01
-7.413907656457896511e-01
-8.053361088047843452e-01
8.921487244826101781e-01
-3.249611169108942987e-01
4.283454405788604535e-02
1.390354479471336557e-01
-6.682321802770279096e-01
-6.192598238144713108e-01
-1.000000000000000000e+00
2.233753335446536648e-03
-6.272803022765802705e-01
1.077176407918696566e-01
4.015057042211475080e-01
1.000000000000000000e+00
-4.361655660128936907e-01
-9.647269782965142704e-02
4.455583666194130599e-01
-2.401459318984879299e-01
-7.968050247560452826e-02
9.889048519225479561e-03
-2.841194646165580151e-01
8.807844679940101118e-01
7.078618189217324996e-01
4.584500451705095792e-01
3.484020664408500334e-01
-3.333330840086298208e-01
-7.279239275904557660e-01
4.792656530623065625e-01
-1.000000000000000000e+00
-4.415650489311387927e-01
7.693166796756432113e-01
-1.226678295399249857e-01
5.369303694329428112e-01
-7.157525118539270759e-01
7.044761580926063305e-01
1.193307344165452089e-01
2.097868506484775186e-01
5.243096596853547009e-01
7.376054529371398605e-01
-2.262369122335327054e-01
5.718462171222823409e-01
-1.002418081980681053e-01
1.935299339760975512e-01
4.088540081116732172e-01
-5.085770736913786116e-01
5.195968844093576955e-01
-1.000000000000000000e+00
-8.167638147052335151e-01
2.251637678183256441e-01
4.847041350490950418e-01
5.606567163589636360e-01
-1.687426651281028755e-01
8.803983717960790489e-01
4.147610688924953104e-01
-1.000000000000000000e+00
-6.815123649322503419e-02
-2.850357883172561779e-01
5.682505141876502686e-01
1.097263990227000802e-01
1.000000000000000000e+00
-2.706845669805667542e-01
-6.769904507654594950e-01
4.886637416256355282e-01
2.111606391668859328e-01
-6.556583191471652139e-01
7.125230534437598795e-01
-1.000000000000000000e+00
4.804682037650203630e-01
-6.640125323489829423e-01
7.435713241747170243e-02
-5.809695252491348105e-01
-7.186891949988181150e-01
6.806247789430128758e-01
7.238812952789025479e-03
-7.028471339023765196e-01
-3.009872411438537787e-01
-1.000000000000000000e+00
2.234069831102593329e-01
8.038547019673998317e-01
4.469487846159887479e-01
-1.635635552454356434e-01
-2.851867616438228392e-01
9.952487060612047465e-02
3.008085844664586950e-01
-1.600881037020746023e-02
3.847946247796369401e-01
-9.184921039922243624e-01
-8.494751276406489193e-01
1.882832649751467191e-01
4.964597835859790864e-01
-2.957478219621990645e-01
4.145670897974984004e-01
-4.088888980424214559e-01
5.235558428741019510e-01
3.911718432090393049e-01
6.291287582610224360e-01
2.102792275289222246e-01
-1.424080176732371306e-01
3.269181837032762439e-01
8.274472973031858913e-01
-3.673896709695115836e-01
4.845015587748297547e-01
-1.024901285218074720e-01
3.924694028335804497e-01
-2.227936486835170316e-01
5.777880246512762108e-01
-1.302226425339534921e-01
-6.748845394349098914e-01
-4.554461779713939729e-01
3.994664604143255415e-01
-1.170423591599988877e-01
6.321648076502124347e-01
-3.292308259289095096e-01
5.549547571454191974e-01
9.744067527586206534e-01
6.047567948575308661e-01
-2.344557711567256120e-01
-3.528871136038932987e-01
-3.430635631843683142e-01
-2.399793668988295936e-01
-4.204217384698314408e-01
-2.190165419745444264e-01
1.000000000000000000e+00
-1.000000000000000000e+00
-4.791484597933531875e-02
6.785247274532993922e-01
-6.602195144700363505e-01
-4.922522891349673801e-01
-7.346296864303029084e-01
-5.188082938447503567e-01
-2.362686670159483970e-01
-3.714339610296949479e-01
5.512140592675619510e-01
-6.058585607310121857e-01
-1.571599599580835727e-01
-8.892738835973457157e-02
-2.806621805616492660e-01
-3.618067377216366842e-01
6.835051500388908963e-01
-4.749351898827707252e-01
-2.920634654476786385e-01
-2.252919825514249630e-01
-8.447055704512234087e-01
1.362395495081425711e-01
-4.621915024593238330e-01
1.772894321525870232e-01
-3.505055168731209259e-01
3.548958771252574973e-01
-6.253573959599857401e-01
-4.692525731678458545e-01
2.774101636883812283e-01
4.383216578379757755e-01
4.448609551688227359e-01
4.014433522261431353e-01
-2.420747973197974190e-01
5.041685349618062473e-01
-8.575098562175922368e-01
-4.027822855193596840e-01
-3.631785415686142882e-01
-1.594074868464342432e-01
5.416163351561115169e-03
6.952949014080478385e-01
2.431226847519148693e-01
4.773317910768406502e-01
-6.726277792852763948e-01
9.175323531541673683e-02
-4.494389959697910331e-01
-6.706696361077812973e-01
1.000000000000000000e+00
9.182361931248128606e-01
9.845627315526825907e-01
-8.798903784176561604e-01
5.498690304758452330e-01
-3.580576073585555186e-01
3.079882200682911852e-01
5.254782482444723124e-01
-6.245745163602799410e-01
4.776606728181175821e-01
-8.678742448225336137e-01
5.169233548203252537e-01
-1.719400099796441206e-01
4.894027776249768591e-01
-1.695993615455276826e-01
-1.000000000000000000e+00
3.208492442215141183e-01
3.835621708324752910e-01
-3.144437945198184092e-01
8.497754290450956205e-01
8.815911652038281865e-01
2.963086841276953431e-01
-4.548852296797237793e-01
4.794844483921572031e-01
8.208966622941203939e-01
-1.000000000000000000e+00
-6.956128471644682509e-01
-2.727950156602007570e-01
5.318303661873711174e-01
-1.000000000000000000e+00
-7.549937403699757965e-01
-1.302094714831217859e-01
-1.000000000000000000e+00
2.134418953116176410e-01
-2.472421701579439191e-01
2.504073433672857618e-01
7.562405427445959560e-01
-2.106552802640915267e-01
2.575769071822134881e-01
6.507389518121809990e-01
4.764185253601430081e-01
4.286210768472556443e-01
-4.973214333522904540e-01
-7.414889798416468558e-01
-1.546726216982459434e-02
-5.277369376955386437e-01
-2.064586808540390672e-01
4.739199259122706120e-01
4.068129250795132767e-01
-7.990842817661883424e-02
7.492195913553494346e-01
-7.045489654007084379e-01
2.157496642485350613e-01
8.933168810430252016e-01
-1.176879160271049329e-01
3.712130743479527539e-01
4.188666985031170298e-01
9.451126366370955767e-02
