7.721433956966511358e-02
-1.162469235196952111e+00
1.725341000053546292e+00
7.424661226113871137e-01
1.454378600876174987e+00
5.255213684388126971e-01
2.070193115423071717e+00
1.035583910152327869e+00
1.375574642782385393e+00
-2.601663613276213649e+00
1.899968351553565027e+00
-9.317426226653613419e-01
2.569339443776265774e+00
1.288944680114404440e-01
-1.276512113222632028e+00
2.400776222020096107e+00
4.789454853527801426e-01
9.708550819437228308e-01
-1.085228900741276981e+00
8.469603155338553124e-01
-1.079622394448818135e+00
-6.780978943948799964e-01
1.759456928269320430e+00
-8.287870205836392334e-02
-2.241369509073493305e+00
-8.771434364281173179e-01
8.132032933044601730e-01
1.700438655081144113e+00
-9.770627537532494689e-01
1.073194483291294021e-01
9.521900208993721026e-01
-9.252910281850441621e-01
1.096071984144013634e+00
-2.631012726349907016e+00
-8.399499352047132827e-01
-7.551929575787610371e-01
1.794390616772066016e+00
2.454748427307619218e-01
-2.503864748335313806e+00
1.074310294609388094e+00
-7.569702530567194998e-01
1.772365276869947159e+00
1.617617463287364998e+00
1.357907733831904995e+00
-2.057388660875650588e-01
1.211598369554419685e+00
-1.485586334575093481e+00
-3.016318291835724530e-01
-1.001087769501368241e+00
1.450827882823879866e+00
4.778792946628834803e-01
1.122722104810468080e+00
8.907939342335252642e-01
1.462642857955825271e+00
1.981127390756482809e+00
4.832190283007586351e-01
-5.858056410638015077e-01
6.804298478930475014e-01
2.118533556998901113e-01
3.514209206948325503e-01
1.466134210724458375e+00
-1.390718706477832134e+00
1.121062006051945836e+00
1.676824429455601839e+00
-1.308914984323614306e+00
1.062654003936394531e+00
1.740155480178047220e-01
1.484574213037091805e+00
3.047100916153431260e-01
-8.937537585640057403e-01
1.073011890110294964e+00
-2.167777069503252108e+00
1.248440973096136108e+00
-1.851225894066490962e+00
5.458939965592926602e-02
-1.631747732989041744e+00
1.579085319621072792e+00
2.032602959130204834e+00
-1.577444289857899973e-01
1.105499035395459462e+00
-1.308932449214595506e+00
-1.381026309141029973e+00
-5.315929453728299725e-01
1.919264979027270002e+00
-1.208532877770056579e-01
2.577537958012938724e-01
1.842055893084505236e+00
-1.871842745210697379e+00
-8.620183067403975885e-01
2.300913530373199567e+00
2.172310048421546291e+00
-4.151105772472641342e-01
1.238590160588814104e+00
-6.510562637553002352e-01
-5.323238628611576262e-01
-1.208454438747204929e+00
-9.658516464652294742e-01
6.157149023297572854e-02
-4.096026950782212239e-01
-1.953887645255413030e+00
3.004185172242573865e-01
1.824063759546210362e+00
1.072884447946117703e+00
-1.189314269587943285e+00
1.416423322995541412e-02
9.114894263870430002e-01
-2.096957255159232147e+00
9.032614102816396429e-01
2.312229386474019766e+00
-2.084758798081618014e+00
-1.332829918172069306e+00
7.249578417654202189e-01
-2.003382313841304718e+00
-1.108775513313230876e+00
1.644633936735756530e-01
-9.728714231494790532e-01
4.611312127782147829e-01
6.687839356688949355e-01
7.932601803922803008e-01
-2.320946422379790430e+00
2.400379671384056834e+00
-1.207123184581140762e+00
-1.839246958137425558e+00
-7.691202511731538571e-01
-2.361896602457102201e+00
2.010364974445542074e+00
9.188031984071558522e-01
-4.714396343149156454e-01
-1.341497561393178106e+00
6.215945866377642348e-01
-1.383998135706427490e+00
7.522621053164718630e-02
2.676659692829700954e-01
-8.851326336718028376e-01
3.325994422426180597e-01
2.933388257165356339e-01
-3.685622418638487829e-01
-1.267009340843013199e+00
-1.960677279541899853e+00
-3.673631177268008585e-01
1.381971581162088292e+00
-8.606228605410398691e-01
9.238524878533739271e-01
-1.580450173056992647e+00
-1.518412361253673737e-01
-1.658455234158848102e+00
-1.302010917512848032e+00
1.280330053480612129e+00
-3.053529182389477459e+00
7.857455915029161186e-01
9.371562581554614135e-02
-7.012671236178280587e-01
2.782331813034613965e+00
-2.152750705193025027e+00
-1.439718530365830196e+00
4.731346203324632294e-01
9.887225550776097549e-01
6.380549533196773204e-01
3.810657541996170794e-01
-2.401607412705552669e+00
2.191906776026929737e+00
1.793299563969400490e-01
1.065215848583064506e+00
1.968646212791594019e+00
-8.985599388843428237e-01
-9.772406279166679921e-01
-2.723498836710701809e+00
5.047315377188311691e-01
4.765867403932351198e-01
-3.154393277614190305e-01
5.085299501663684829e-01
-2.115166870582687875e-01
-8.279695793254324698e-01
-6.622201154191104111e-01
-1.698051318775616769e+00
6.133015485752683071e-01
-5.158211221129347379e-01
-1.032345538347314129e+00
1.953153653105119236e+00
7.749153239234228829e-01
-9.246616695041930400e-01
-2.595323293369470097e+00
4.258703042061650623e-01
-4.337700079827571109e-01
1.699258208036409368e+00
-1.883861349975423760e+00
-3.203463983032625584e-01
-5.225275252225018707e-02
-1.626141380646201284e+00
3.781623452908902117e-01
8.474228036315356594e-01
-9.629610482993223863e-01
-1.164060318029466412e+00
9.345383522281560662e-01
1.960464204071548533e+00
1.211571697356608412e+00
-9.860354484656481677e-01
1.078255122689111944e+00
-1.845526155721140427e+00
8.801261680042943292e-01
6.444548664385008063e-01
1.509089276939579172e-01
1.198866882327121575e+00
1.775148018941637096e+00
-1.646018571907018835e+00
9.563320634112923990e-01
1.251047640890437851e+00
1.576243456163649359e+00
-7.054736662197049757e-01
-2.223847948020125642e+00
-2.986107103706238663e-01
-4.458649137948187402e-01
1.432029322830756790e-01
-6.419025625473326890e-01
1.530008096754272851e+00
8.352115760936915656e-01
1.787300379063463396e-01
2.247903386768451917e+00
1.092654388091667261e+00
1.545422843544344005e-01
-1.533295555461123394e+00
4.557387999637776965e-01
1.198669209528374635e+00
1.187540731385090087e+00
8.595477064106165077e-01
4.945283497580021947e-02
4.281525878966651044e-01
1.109733445191310786e+00
1.660209418380810487e+00
-4.122005416405359335e-01
-3.262365316294447148e-01
2.536591816519440656e-01
-3.914606318437843235e-01
-2.520098072416055324e+00
1.652296929437924389e+00
2.175480254284217096e+00
-9.417019287828378715e-01
3.132334509260490396e-01
1.465345797582045639e+00
3.534629382471485837e-01
-2.933940400218085998e+00
2.077489110641483006e+00
-2.946749220121588131e+00
3.142755182000604997e-01
1.280502028440837492e+00
1.592727511978557775e+00
1.452987837602687904e+00
-2.260922278627412463e-01
1.050056244020149965e+00
1.250037884355809314e+00
-1.917626386173140185e+00
1.622603596989939279e+00
4.815709777801291391e-01
2.376508760488535987e+00
-1.435364354768554396e+00
1.379155326598467957e+00
1.023025989422439164e+00
-1.324080484430314453e+00
9.098612710972020512e-01
-4.236174926041259559e-01
-1.321209101727153001e+00
1.875664041564975015e+00
-4.590796357965196695e-01
1.518704316274946953e+00
-6.095911416401287308e-01
