5.460647718352386049e-01
1.077496012006389225e+00
6.829387562286859392e-01
-4.415155686408658298e-01
-2.522642905383100098e-01
-1.223696779003533353e+00
-5.214686303260751554e-02
-8.386753541914671040e-01
-3.052380908505067936e-01
-7.207167016618974964e-01
-8.593266719922010299e-02
-6.118149357157299795e-01
1.487410512230760151e-01
1.071842805276637112e+00
-7.655133722347521319e-01
-8.521268442576462876e-01
1.346376015232438883e+00
-5.054431452801557700e-01
-1.107029103003517534e+00
-1.822939736068398542e+00
1.324443719017984744e+00
-1.539576297659304593e+00
7.628191317118598880e-01
1.372883761123066648e+00
5.022987404763066266e-01
-2.584983307545839493e-01
1.292817253271943301e+00
-1.294109753329524715e+00
-2.298516684413574040e-01
1.000011371240679292e+00
1.035878534118131800e+00
-1.002475286179807412e+00
3.828653528786305493e-01
1.574036715414190102e+00
-1.115804605085088497e+00
-1.343342268875349799e+00
1.013725608962460889e+00
-2.015900663960712158e-01
-8.324457062378241012e-01
1.353824014037758428e+00
1.300445715938831182e+00
-1.435525520093055007e-01
6.817027675651360363e-01
1.105477633112696978e+00
2.937353879563313619e-01
1.873859845166998550e-01
-8.465664115980209292e-02
-6.655201930326065662e-01
1.180176524405757377e+00
1.293540500935210336e+00
9.084605001058333462e-01
-1.928094870774640368e-01
3.434343365106424795e-01
1.754573518044205693e+00
-8.160180655150646167e-01
-7.094704032735554833e-01
-2.241414192893949053e-01
6.110468991103079617e-01
3.317790496611191520e-01
5.413337505572015651e-01
-1.822740459554972325e-02
-1.199993226192356488e+00
7.438313535183542768e-01
1.810616129014856579e+00
5.724973737345088187e-01
-2.596461115015611387e-01
-1.935223829115461092e-01
1.128712961136426329e-01
1.292999890401936192e+00
5.473940916338232432e-01
-1.694831246084944842e+00
-8.450146113642491574e-01
-9.251108287835216881e-01
1.099196229193588170e+00
7.308765331501285711e-01
-1.603823972912740148e-01
-1.596555471372653745e+00
1.512252290159756374e+00
-3.806294781944715711e-01
8.176905829854974606e-01
9.488084752201471073e-01
1.591365116373441690e+00
-5.942170588856211522e-01
4.821292643343338957e-01
-2.949916694464020939e-01
1.009960744563178858e+00
-6.879809198783617408e-01
1.058833807807206373e+00
-3.272206684067919813e-01
-2.614603521821244891e-01
9.128792578641387045e-01
1.229277188204102922e+00
1.382476893812154550e+00
4.953529441586375093e-01
8.389597833686202044e-02
9.418698478898761550e-01
1.349907936184536750e-01
4.734252486471680621e-01
1.105168613340656636e+00
-1.275876850028692111e-01
-9.630331066762178871e-01
-2.563823275968311055e-01
1.939051524231043100e+00
1.412193604192875318e+00
-4.813986921096296001e-01
-1.831653344543853645e+00
4.602911606159196811e-01
1.339434766420405376e-01
7.667816701068833618e-01
5.764148365128134444e-01
-5.300636228690324137e-01
-5.181789729239665299e-01
-5.096449946474288506e-01
2.516471498562270481e-01
6.230467993548083339e-02
-8.491339882232856739e-01
-7.580762131628593359e-01
1.786054661154378609e+00
-2.501925276117066277e-01
-1.329880904906449057e+00
1.103628759084197997e+00
1.168959234727922958e+00
6.865220462861650885e-01
-1.559987015709412450e+00
-1.804220539246927490e+00
6.808885440536566191e-01
1.598834923020775456e-02
-1.125679412219430464e+00
5.043781732565987275e-01
3.113587240847671689e-01
4.107527061748234010e-01
-1.211591092454229912e+00
1.087605184371208011e+00
-3.687878078138202564e-01
-1.347550610972753082e-01
1.526690670209834622e+00
6.421559037609352316e-01
-2.011851103213494474e-01
1.174417718500741836e+00
-1.313525978262176208e+00
1.803927632062765740e+00
-1.246161626689117785e+00
-6.073468103519606975e-01
1.362083913565127480e+00
-9.491680234379515912e-01
1.120933832542835296e+00
-7.038217427051217667e-01
-5.120786402560461026e-01
8.414605722915123875e-01
5.565988761398928952e-01
1.586930898737203721e+00
-1.035535589770395504e+00
-1.457840641854564856e+00
-6.735711783197172453e-01
5.687251674661830680e-01
-2.454765060740028426e-01
1.150530610492412453e+00
-9.412051433013801649e-01
7.943675558665646008e-01
-7.513269549018417592e-01
1.234491770787943032e+00
4.649142836794543099e-01
1.335867501267089086e+00
1.202634697788528051e+00
-1.680288364045537941e+00
-1.111777954811797198e+00
-1.154526023118428002e+00
-7.195848992701860958e-01
4.601544075058748851e-01
3.373472254811273885e-01
-4.923866128049126933e-01
-7.940770331619457778e-01
-6.713158497264463120e-01
5.168626175446333626e-01
-1.508857073207738431e+00
-4.506341551048649308e-01
-7.808377395905619078e-02
-3.995360061466075585e-01
-6.927277705537830954e-01
-1.873141142789819469e+00
-1.164389039436058981e-01
5.227628352444124715e-02
-1.052820138764629210e+00
-6.189837796548429694e-01
1.857625331235106536e-01
2.295879891169395615e-01
-8.693266669237436073e-01
1.060505787258674726e+00
2.134552478067802683e-01
4.477324074025105238e-01
-4.237901326811950309e-01
-3.530189332559264814e-01
6.129229236766448041e-01
-1.017046598740486196e+00
1.627008247530415730e+00
4.378350073172115886e-01
-1.038325473456572556e+00
-1.703935205873124747e+00
1.111781947368398304e+00
-8.911484751408542682e-01
-1.696116575703694229e+00
-6.297390450103174109e-01
8.996417567889591904e-02
6.137402880450700815e-01
1.505471490582624750e+00
-1.285515834487783282e+00
1.618911061426868692e+00
1.298426002647634636e-02
-1.926742415449227419e-01
-1.650165168273768357e-01
-1.318177914157492969e+00
1.265947363717094820e-01
-7.112160128261696412e-01
1.026753362062876818e+00
4.743825540983387379e-01
-6.568152356692844585e-01
1.339380447743234726e+00
-1.184437458245940045e+00
-1.698347196642664425e+00
-6.128194567402467374e-01
1.486474939850901844e+00
-6.800970502335079715e-03
3.768626954936041829e-01
-1.067279254045740533e+00
2.218672864370753173e-01
-1.060768916276435547e+00
9.220394031233891674e-02
-1.051285841432130441e+00
1.276849519297182933e-01
-6.250410833814248335e-01
1.126621123171324346e+00
-3.774144207159020326e-01
1.128799946107334806e+00
8.541672530977552080e-01
1.217514185069246135e+00
-1.063905695335349844e-01
4.922825271913100487e-02
-8.082437288577833945e-01
8.501367705661461160e-01
-1.558291292495070035e+00
7.354716719146241477e-01
4.756895694013683062e-01
-1.052125232139904831e+00
1.359426735795113972e-01
-8.622666242794967406e-01
1.378114158590534322e-01
7.537873616783943298e-01
9.112037871407183687e-01
-1.883415378797097528e-01
-5.337162454907011799e-01
-1.376951597730369459e+00
1.113613063479927945e-01
4.899052833918782213e-04
3.963895275480573410e-01
-5.655913804636725217e-01
-2.297779039271206081e-01
2.413074211010203252e-01
4.546842613570876157e-01
1.472482026798605848e+00
1.359760240677874599e+00
-1.255047231410956199e-01
3.078637470309781854e-01
1.296557268467352086e+00
-1.094264483989018766e+00
-1.751585766136896538e+00
