-1.323364553439928981e+00
3.752534906473241616e-01
5.089668622454368574e-02
-7.517897302020749573e-01
-7.776630536970217111e-01
-1.781611251238112814e+00
2.994079663318450768e-01
4.268629404169699271e-01
-4.165226414114324704e-01
7.543248306240797341e-01
1.250916301187476876e-02
1.308234971118486190e+00
-1.000908989049652809e-01
-2.018707058532753784e-02
4.294013096386775641e-01
-2.925497680291201386e-01
-4.825584991163191506e-01
4.287659201957578770e-01
7.386467120211825943e-01
7.484566162827714919e-01
-3.881567596156824673e-01
-8.055712012772260344e-01
2.331857532161773355e-02
5.511459242999600106e-01
3.091240961130459208e-01
-1.860582837584852989e+00
6.038382888174539387e-01
-2.595756552620129831e-01
-1.513818172098319259e+00
-4.009388749269970909e-02
1.119949844608131434e-01
6.628208111992628382e-01
-6.588047516364301526e-01
1.000854887267749849e+00
-4.004022000078529819e-01
-5.395999683027432603e-01
-5.816478799062196892e-01
-8.202586617321716567e-02
-8.094788089855298185e-01
2.879907875907173898e-01
1.968779936730162827e-01
8.820711233109796989e-01
1.147716763002334162e+00
3.056456413136358630e-01
-6.723198129356483532e-01
-5.806685008331700093e-01
-5.313488940831480045e-01
4.764400157350597298e-01
8.190591589136388961e-01
1.032350245937434519e-01
5.905186784366672770e-01
3.151971489375456903e-01
8.785355804380065581e-02
3.441165424588017996e-01
3.997819133585506224e-01
-5.630881725720153774e-01
9.657520397684693503e-01
-6.957348455238261398e-01
3.331737616091672294e-01
3.988563002439802774e-01
-1.043925798590479848e-01
-3.099941919056452000e-01
5.119125926798955284e-01
-8.981490415512194403e-01
-2.173710478388779954e+00
-1.584153918797661931e-01
-4.334248521841262969e-01
3.184329996582607736e-01
4.161752317482360075e-01
5.192388226222433012e-01
5.836159821509714352e-01
-5.909885473524878474e-01
-1.462909961674863979e+00
-8.955189334508797394e-01
-3.236799609975941627e-01
-3.765398318843788950e-01
1.157014015443921240e-01
5.845710591776792642e-01
8.803010910123665322e-01
-3.276505004475998017e-01
1.347784182785956020e-01
2.067864774677553863e-01
6.066952019948724795e-01
8.018700874114566002e-01
-5.789999998863210040e-01
1.332785817420973906e+00
-3.241315095107552002e-01
2.297980879812159261e-01
-7.639226392852042080e-01
3.153479223633222084e-01
-1.132920051835985209e+00
-6.095050319383428228e-01
-2.214744224557684271e-01
-1.086559105988402552e+00
-5.000145744632833456e-01
4.082692822869152804e-01
1.898592723639318525e-01
-9.553524099351022869e-01
-7.242110708209554826e-01
1.170027826870590371e+00
-7.764179547015651606e-01
2.627241567600852590e-01
4.456940594177833392e-01
1.627426688149015144e-01
9.161341029262242142e-01
8.393081463600227110e-01
2.287613643831084009e-01
-7.293478077535053838e-02
-1.033630249806420265e+00
3.577000080302251694e-01
-1.727855989376566370e+00
-8.113293819147457953e-01
1.746066618472799092e+00
5.661783158340600863e-01
7.670706840022811779e-01
-2.842729942012618971e-01
2.692119978087882948e-01
-7.127975794800713860e-01
6.577194289072170186e-01
6.972946715359715775e-01
1.688537901950067088e-01
-5.482320780228888690e-01
-1.369702667522449957e+00
-1.637733574067788411e-01
6.145254113039889665e-01
3.518258576252289993e-01
-8.464220358216536511e-01
-4.293027661893789038e-01
1.662391237590848392e-01
3.782807769494972994e-01
8.970582740363707286e-01
1.871643799535436248e-01
1.565025929549551886e+00
8.521984195014841168e-01
6.207804885871847089e-01
7.229343400547918463e-01
-1.397704450902489182e+00
1.502793080609125642e+00
-6.577787233557127466e-01
-4.896976764927462034e-01
1.604930896134724727e-01
-2.078124533238273619e-01
-1.116057036598314400e-01
-1.111703138940251190e+00
6.840299956842342821e-01
8.404117807609293722e-01
-1.395864587814853452e-01
-8.183428645794073031e-01
7.084609994591286597e-01
3.372052250173726007e-01
4.481686521412541202e-01
-3.135760397574215985e-01
-3.283186542756487136e-01
8.779177366859118870e-01
1.393682489259315815e-01
-5.971162328055939356e-02
3.438384674622492754e-01
-7.694265155603623452e-01
-5.653113842002422951e-01
-9.974294448401479496e-01
-2.607104755712413846e-02
7.829343460656933429e-01
4.487971836221351651e-01
1.339459920990721420e+00
-6.575512441772473071e-01
6.815414358434394027e-01
1.554930897189074290e+00
-1.455963927557579751e-01
4.034597929029702934e-01
6.242833128348705962e-01
-7.305063794071977590e-01
-5.974542517746649350e-01
-3.584692306263506101e-01
-8.244061241814670815e-01
7.076220827774533095e-01
1.031538943007584086e+00
6.473091243534119243e-01
-4.794923443497134397e-01
-1.224593098910214728e+00
5.062387490620341435e-01
-2.260872620352368800e-01
-5.266277729924679907e-01
-8.866382283147771215e-01
-1.435470378877600650e+00
1.419583143883297871e-01
-2.279510241660724912e-01
2.282405523657625723e-01
4.887480946058322395e-01
-5.062740729048151866e-01
5.115930265547092848e-01
-3.919151686552233005e-01
1.454440497318996162e+00
-3.460116624294233834e-01
1.897683055179668621e-01
6.645169336765737178e-01
6.482323258862012771e-01
-3.465798000186423033e-01
-7.378912513458193434e-01
-5.901015745338325513e-02
3.648549452343657906e-01
-5.302403258279548837e-01
-5.768024863311436157e-01
3.703726272304002087e-01
-3.405966738820881412e-01
-1.177743462359852167e+00
3.983155994226851293e-01
-1.052959408551583875e+00
-7.064387961833117069e-02
-8.002281497581710257e-01
1.158715404046824493e-01
1.059819971704018426e+00
-1.005797290231112973e-01
4.773743773056515760e-01
5.766817590704474972e-01
-4.058586221121535109e-01
-6.728888980503769934e-01
8.984059824421959384e-01
4.062523660790730018e-01
3.864748470617630494e-01
7.794217153304598966e-01
9.247248223714672477e-01
-8.899725810246035262e-01
7.106887728630535694e-02
7.371461228528461418e-02
5.223795919874150151e-01
-8.512946708480568780e-01
-3.939785117136790360e-01
-5.484477752422323160e-01
3.981280369414157416e-01
-5.372810067271063250e-01
-9.597407819756459402e-01
-1.219337587411503332e+00
-2.766312385490155012e-01
-5.722590417646240546e-01
1.053115761406685724e+00
6.428553876560146874e-01
9.882984951222887338e-01
6.734309156003966956e-01
1.435430465072752959e+00
7.213968812833635447e-01
3.218225220276149101e-01
-1.352178616959321400e-01
1.111104152737502071e+00
-1.613564342584678235e-01
-5.671865648513785274e-01
-1.135984683802149897e+00
-5.087742925788296677e-02
-6.892725516857685364e-02
8.313368051220615396e-01
-2.320074326443568036e-01
5.265764151016996131e-01
-4.821285621416262490e-01
-1.714224223404778868e-01
3.177169849869261320e-01
-4.217417407182351141e-01
2.130719029345493759e-02
4.109780525652855232e-01
-7.473253644754327407e-01
6.495473226823316182e-01
-6.917385159322214649e-02
-9.215869973884041055e-01
1.365430684930454053e+00
-6.312558353670405520e-01
-1.189841951332515357e-02
6.973425100587111736e-01
