3.408967357478266402e-01
2.598036199165696392e-01
-5.063583364937069842e-01
-8.586433842300236763e-02
-5.339239417045993363e-01
7.910250616165217519e-01
4.979005380787839830e-01
-5.815284602960000271e-01
2.069686717190730718e-01
5.226118616721811549e-02
-4.238974839985587550e-03
3.494067915368277433e-01
-7.552664879390681429e-01
-7.253682728335797414e-01
4.835580785957538374e-02
3.417983662496137942e-01
-6.727883420567711825e-01
-4.490434885822734978e-01
-3.164369578855150689e-01
9.423885118516357462e-01
-5.289822243808244284e-01
-1.268865512254093719e-01
-2.779091674688649594e-01
-5.797731799155956267e-01
8.203231221568543230e-01
-8.156636179277796384e-01
2.282477433935641287e-01
-7.673541784147843714e-01
1.536392777102291440e-01
-6.284405100884055129e-01
-9.108560041617762559e-01
-5.077671820813833836e-01
-3.713643857067141507e-01
2.660148405326467902e-02
7.257917872704604534e-01
-3.791500541814281089e-01
7.665198954734813164e-01
-7.986314158440577238e-01
6.472505184284103041e-01
5.133842215245201235e-01
-4.324837345902836638e-01
5.947615580765511223e-02
-4.761601585289940708e-01
2.781102990335929115e-02
-2.993635633052975642e-01
-3.951711744614712085e-01
-2.545041023614093567e-01
-8.451681457516981855e-01
-8.898604374794534255e-01
9.319110557953682594e-01
-9.820119354448275661e-01
-5.821462513783312032e-01
-4.399144362158105004e-01
7.838966821827302311e-01
5.840960838821018797e-04
-3.707212848897294410e-01
-5.777541365398219941e-01
1.050620711866492529e+00
5.783355487504198145e-01
7.546090768914754943e-01
1.872474405941526032e-01
2.456326641859074567e-02
4.297539319381322720e-01
-4.787569875028152566e-01
-2.109524638751132386e-01
-1.073304884172472384e-01
5.101740813101813821e-01
-6.175639219218149734e-01
5.429071368875497683e-01
7.648699930438049854e-01
7.293912189446489780e-01
-7.283648830256361784e-02
7.264980675336187854e-01
4.155553674888763371e-01
9.221030192533177239e-01
-1.006604700691406951e-01
4.788790494314325574e-01
7.928382216383178527e-01
5.670900657461961369e-01
8.330160637113385169e-01
2.828163300469044295e-02
6.819981024515930912e-02
-6.206174796275527594e-01
-6.320323965174763359e-01
4.033075927616297518e-01
9.924962269186599073e-02
-6.835482293710317681e-01
-6.842405442455365971e-01
-5.675318362177882436e-01
4.458923261934957250e-01
4.863656259914390656e-01
8.259475340463950932e-01
2.706086279372953429e-01
-2.899783098895691857e-01
-6.668258557294532984e-01
1.944913859025705349e-01
6.909651810464285671e-01
-1.889555303706155209e-01
2.469524174909176195e-01
7.658492824210225702e-01
-1.081931230812711586e-01
-9.159784380722957309e-03
-4.689537683845483862e-01
6.266183200433175227e-01
9.345385619021893131e-01
-6.367748150653773642e-01
-4.986593820756496931e-01
-3.085504188516430268e-02
-5.491744774597111522e-01
7.876587658199423192e-01
-7.637758410460775416e-01
-2.583496411911485602e-01
-6.219516396407223091e-01
-9.808328053915078559e-01
9.558662874529932907e-02
-9.596114769821235679e-01
-3.555715192573050132e-01
9.035489246857688617e-01
2.747753574422067135e-01
9.654673444485826206e-01
-7.402921267571693775e-01
3.490804760985157795e-01
-7.015216044836221077e-01
1.972254884589701440e-01
8.424528427188251456e-01
-6.060480588355703357e-01
2.819858458049605970e-02
7.071137443643062959e-01
-3.133138372187253551e-01
-4.490365434966185898e-01
-4.771032194491937606e-01
8.879924167363828502e-03
1.755671343922881600e-01
8.405069169700731813e-01
-7.197052433084625278e-01
-6.965592519337213684e-01
-1.425054611259772841e-01
-2.301988992798911227e-01
4.668546749573554422e-02
-2.640678303126582360e-01
3.047171863005111447e-01
3.596392129647856262e-01
-9.190659009226425091e-01
-4.270993756434622313e-01
-6.419189018145023962e-01
-3.487696105941961444e-01
4.254946878490959428e-01
-5.390009171678533662e-01
4.001657617943217282e-01
5.646634468993826372e-01
-5.053463227674037661e-02
-8.609632392130732725e-01
1.148929345424005710e-01
-6.238579631840868167e-02
2.738342693370210412e-02
9.843672815107483709e-01
4.439035175001964095e-01
9.444007611906659605e-01
-6.244953586800003897e-01
-5.560319022494060182e-01
8.251639853394936441e-01
6.993788012888344507e-01
3.536925740355336689e-01
7.401733872059397257e-01
7.884918150329234265e-02
-2.464956857305644622e-01
-9.040653711541812854e-01
-6.072246468896385085e-01
7.051068789496146572e-01
-5.430912101067690845e-01
1.187922102190337448e-01
5.055700946755705694e-01
5.743959204783648520e-01
7.782005760519170590e-01
-8.260645987321506567e-01
-8.658306334976326735e-01
-3.462070025020775876e-01
-6.168430287916991661e-01
-1.173922450101388959e-02
-4.491212666307971002e-01
3.168891204178687637e-01
-2.679884051064344574e-01
-7.664879516725882080e-01
7.734713350905559892e-01
4.019407415287157281e-01
-8.030999147837039054e-01
5.303672869012080460e-01
-7.520220095584031483e-01
3.123368752518451696e-01
-2.071065892094341443e-01
-5.827752470334622847e-01
6.354429308666565968e-01
7.318138548045449721e-01
-3.398243741712774213e-01
5.365596127542778815e-01
1.992135965513979201e-01
1.492670863894507427e-02
-1.456635051442292106e-01
-6.636152249342279763e-01
-7.357114651502378866e-01
5.161483655997386455e-01
6.911086167804403324e-02
4.751527956135666031e-01
1.769568007000248411e-01
1.281242116879928450e-01
6.262790672989027030e-02
1.947726386591113190e-01
2.866588920710049226e-01
-1.056448064909980333e+00
8.496040623717369122e-01
-8.057059150453040886e-01
-7.984713586137948127e-01
-3.359086420001879958e-01
3.714023091805285226e-01
8.679078400992497055e-01
-7.494698206621173142e-01
7.163609766926990474e-01
6.798125843375379951e-01
-4.081264758038249951e-01
-7.760597721294166806e-01
-2.999698317786623214e-01
-1.190026414775129382e-01
8.252079244668306668e-01
-8.999729085352252689e-01
-2.950692083121142506e-01
2.104729915158431997e-01
-7.725366573475709320e-01
-5.977768330549504405e-02
1.599687012324997326e-01
6.765906019903418223e-01
-4.530218513047145068e-01
4.813532286265287397e-02
3.699887495364211354e-01
8.902852315559770524e-01
-1.686622974251648088e-01
-4.361210304515832359e-01
1.856990492712604635e-01
6.377623784098813697e-01
-2.146442558874461781e-02
2.013374850435838415e-01
1.012808746338060839e-01
7.173262451893172020e-01
8.774610190730258719e-01
1.055943127351919308e-01
-3.874577016116798056e-01
-7.197372988972436936e-01
-9.308683857695856378e-01
4.912136031742924125e-01
-2.513719377049395964e-01
-5.629044242105163409e-01
-7.874556589731729339e-02
5.400091803685129754e-01
-2.197980549469153999e-01
-1.122546534269448504e-01
-6.148607479382492969e-01
-2.388168155539187043e-01
6.339503995410999959e-01
-3.392722707454067788e-01
-5.577115612592149496e-01
-5.046627781275884184e-01
8.959216742057913851e-01
6.318452377024014188e-01
2.589727311472778126e-03
9.100841957682963557e-01
-1.163278547622548231e-02
