-6.996770040838096172e-02
4.606914307664555785e-01
-9.713667951081861318e-02
-2.595977220668390650e-01
-8.354488134113515763e-01
-1.550936761977519396e-01
4.823068226250670776e-03
-8.419541102106402608e-01
-6.653131139732437749e-01
-3.067690446976754082e-01
-5.197825679356864459e-01
-2.830444865145000932e-01
-3.101111084147232244e-01
-6.782151037118802073e-01
-1.821392903113523420e-01
-3.897709974256642340e-01
2.671202173579252381e-01
-4.763137919348863214e-01
7.774400272300034942e-01
-4.380888409925498550e-02
1.137494994126946324e-01
6.648000042874280258e-01
3.826300705489602549e-01
-5.753348082568754407e-02
6.157885374659308741e-01
-8.041791566351470522e-01
3.459330598798158185e-01
6.973934037595637125e-01
-2.431226837375384253e-01
-6.844249878766330841e-01
3.176711254559909658e-01
-9.323130681379214746e-01
6.902943938856005435e-01
-6.206817513309770273e-01
2.682167882868913278e-01
-7.851121127251614595e-03
4.952212525234409579e-01
-1.557751087817624835e-01
2.614690897434062133e-01
-1.021160575421278249e-01
2.599075167059234914e-01
-4.625718510516887427e-01
3.752276805988179476e-01
-4.557847096148786026e-01
7.679420674648838041e-01
-6.143188893476274615e-01
4.293697802327216539e-01
4.391181954907552587e-01
-8.870427089371775153e-01
-5.228541321531323671e-01
-7.986595806842651246e-01
-6.864184714862568981e-01
-9.811958257727049215e-01
2.500127067534521075e-01
5.161428008030808368e-01
-9.997540752263389674e-01
-7.622372344680179435e-01
-2.335499674119292379e-01
-1.726956158127757046e-01
1.190153516682808110e-01
6.109444819191087728e-01
6.793099089062335505e-01
3.996974037247347233e-02
2.131104023772723011e-02
-1.481148656066648694e-01
-6.830092149325464046e-01
2.991635869833717543e-01
-4.091358844009223006e-01
-8.770559059779758915e-01
8.188654665187906634e-01
-7.646870020643048438e-01
5.729147951668720484e-01
1.671542465032762603e-01
-7.769929959735049074e-01
1.622526512176474256e-01
-1.814423394399566902e-01
7.712765033724726660e-01
4.949392279383184601e-01
6.213941853871134402e-01
-9.982359193372294381e-01
6.475012198904694927e-02
-8.540636730255726228e-01
-1.193550751655245712e-01
7.251522930225802188e-01
-3.320972914668840481e-01
-7.365845346887629486e-01
2.550585253531552077e-01
-1.370732119224298273e-01
1.471420876597244742e-01
-6.202188187173114375e-01
-4.763933642376296795e-01
7.114366713561357525e-01
-1.694213903563526191e-01
9.325672787578533907e-01
-9.428392709807709160e-01
-6.109407951533862846e-01
-2.454617896564501578e-01
5.275020158922960611e-02
8.048112972220735628e-01
-8.028501374096210785e-01
3.627785185992296046e-01
6.092900193200210257e-01
5.414226391987126963e-01
-8.084716067177708521e-01
6.110172291462350191e-01
-1.612528268995758740e-01
-5.513521664214324769e-01
1.990895079182368743e-01
-5.294577811535641221e-01
-6.331147413836917259e-01
-1.276695147672333164e-01
-1.613202201184928963e-01
-7.407779393196789464e-01
-6.522002959594419558e-02
9.246966201932891316e-01
3.154287906821291454e-01
3.235133229873354832e-01
7.849424027865299358e-01
-9.831705583610022003e-01
-2.790912592504419809e-01
7.655431613796954693e-01
-9.572308398275441998e-01
4.215703191864557109e-01
5.574886209226412870e-01
5.990532613979364651e-01
6.195032709343450961e-01
-1.500950192975814002e-01
2.757582327004293177e-04
-8.611199024829441218e-01
3.907588193863389403e-01
-8.337604409658119220e-01
-3.820307495276651366e-01
9.052140384876568024e-01
-2.759226424513832043e-01
4.255401419604558644e-01
-9.739681257333399067e-01
-5.043422837413440440e-01
-3.704852290392812719e-01
6.711594548428234663e-01
-4.372845941251757296e-02
3.241735055769809914e-01
3.563213451836175771e-01
-4.860854413593871381e-01
8.566241851785552086e-01
-6.257223216701324198e-02
6.144753516685719230e-01
7.754965433134901609e-01
7.190810839178471969e-01
-1.505781029359758438e-01
-6.558359250802145990e-01
-5.368284077049136904e-01
-4.629268737356810881e-01
-1.876272933514586683e-01
5.434317544697060409e-01
-8.397913452481486907e-01
3.591595083046470460e-01
-1.540446737759564311e-01
8.958650719355725212e-01
9.875924777522426812e-01
9.913335331997448208e-01
3.666845193074177445e-01
-9.320326477850233715e-01
-2.193184070225566717e-01
1.516045485280756999e-01
-9.984169908928834936e-01
-6.204297504090978688e-01
7.381447041700717193e-01
-4.725608479569043396e-02
-5.184480778698268288e-01
8.592270989142640758e-01
7.738127900127853565e-01
-5.369501394063025401e-02
-8.148862125676310519e-01
-9.553488015285633850e-01
5.120550895657880464e-01
-8.566204007794877562e-01
9.092656547923871901e-01
1.305442157774141521e-01
9.940786816238622592e-01
8.304433602005589776e-01
-4.990038684565623051e-01
-7.794198041437798707e-01
-6.312314561427914139e-01
-6.491138382695416098e-01
-5.228392824865955024e-01
1.285940053217287105e-01
7.222762582429813616e-01
9.316814088876381739e-01
4.984095025953403368e-01
9.916557281178413064e-01
-4.925580333366572638e-01
-8.846979542412272135e-01
3.472056724083261159e-02
6.592869481840208934e-01
2.007916787507086909e-01
-8.718928079868117909e-01
-5.185913465347522511e-01
1.950814638453437500e-01
7.382705630144308362e-01
-8.620246216450331289e-01
8.144274090529193266e-01
-3.786476809670464849e-01
3.027274292503867592e-02
-2.316093298930963496e-01
-1.522345455688922655e-01
6.518265578269417659e-01
-9.259063465804093784e-01
8.096131847793659464e-01
1.939245123832566975e-02
-4.930145383775563772e-01
5.020144393831369456e-01
9.967965719118438983e-01
-5.236992261867046139e-01
3.630590117631553593e-01
7.887948898551133681e-01
5.148629444710841607e-01
4.636583444599231552e-01
8.688186116333880271e-01
4.097823650591152500e-01
9.344705615027959489e-01
4.331868555260838249e-01
-5.956797223855967438e-01
1.805883536836485614e-01
1.623296451135465279e-01
9.417624691952279914e-01
-5.936307707299575132e-01
1.296583647285260987e-01
2.505048846674733376e-01
6.300115712593545858e-01
5.539741944800078421e-01
7.906408456974525212e-01
7.860584811944972827e-01
-3.735523273861682814e-01
-5.253281691881299675e-01
6.668619029097497819e-01
-7.727862688940017044e-01
2.235358183625439921e-01
-3.786753258885549034e-01
2.606508888072656127e-01
9.582715230776901461e-01
-3.978266217327377507e-01
-4.915306650515760545e-02
8.424378112889634451e-01
3.566709873987397028e-01
1.722754478035462000e-01
-6.183622222429929760e-01
-9.775436244826640753e-01
5.915026708249935261e-01
-1.710664723331516424e-01
-6.041906430599901512e-01
-6.720270923520139661e-01
-3.330413166855561435e-02
-7.392303188151863047e-01
4.719686080820242324e-01
9.062960034931815123e-01
1.683238286590342803e-01
-3.056579783232860059e-01
7.452996330059333818e-01
-1.134051197516967591e-01
9.539685831269171246e-01
-2.577026789072736079e-01
8.734111827633412872e-01
2.632222720287789031e-01
-8.107446577459038739e-01
8.288543072083514041e-01
