-9.132093332037904965e-02
2.044213804261658662e-01
-7.701243887840312219e-01
5.484935368422725332e-01
-6.591495851904465297e-01
5.674733343167506217e-01
1.969622903050396445e-01
-8.401756172386696253e-01
-2.914701417452549848e-01
-8.751992291639052457e-01
2.039642833362742547e-01
1.213845521370811031e-01
1.708544398175702028e-01
9.996296697755528982e-01
9.781578262919592426e-01
-9.358585913176338256e-01
6.813834693696341205e-03
-6.118311625430177259e-01
-5.546028174406507638e-01
5.816484183710413092e-01
-5.492652594605937910e-01
-5.252350523448254815e-01
-5.658022737780397105e-01
-3.033193433237602044e-01
-3.392851228503535044e-01
4.002267997871120642e-01
8.045554409201740587e-01
7.446958705084316676e-02
2.817742682974111457e-01
8.693232550076701592e-01
-5.496773711846945076e-01
4.971101807451747678e-01
2.535207878697320893e-02
9.225012576402520370e-01
7.713700056867429655e-01
3.393302983349537616e-01
-3.141326516756386411e-01
-4.312672357544238277e-01
5.510595060850416171e-01
1.798089667706110895e-01
2.543439347176135179e-01
3.076668157629336431e-01
3.912909650323492805e-01
2.746852363285796628e-01
9.971703783160124068e-02
3.577862728413268023e-01
-6.549464205727155708e-01
-9.339682530164861163e-02
7.549667496849372661e-01
4.930987224590943629e-01
3.043327417378069999e-01
-3.227040001415386605e-01
2.311783443585646580e-01
1.501754729013300427e-01
-3.271429355705368636e-02
-3.758628913465145160e-01
-4.112627161626427608e-01
2.805945425536060522e-01
8.123084844496770707e-01
-8.365291681668407531e-01
-2.583573988121679044e-01
6.623680550952852908e-01
-2.608822067632148300e-01
8.466762075367060270e-01
-9.012066584719375939e-01
-1.687711966321336909e-01
-9.314687082032202525e-03
5.845775105430721652e-01
6.479727184368853088e-01
1.844986449239911508e-01
7.779199923871860101e-02
-3.664006978857434760e-01
6.748453041704880473e-01
-2.642470599702997358e-01
-6.628020798405143132e-02
4.244679613794377637e-02
2.597834794481261866e-01
-9.474238512475672280e-01
-1.974012924124775026e-01
-2.498314322214829630e-01
-1.252113627763828951e-01
-3.074896373465372257e-01
9.793598027548642282e-01
-3.996114884202308648e-01
1.752910001188552336e-01
7.843852759789544660e-01
-3.272810655633104915e-01
7.394683362106142521e-01
-4.044654663161990626e-01
-9.334514341549495775e-01
2.431452314401143511e-01
2.187536894521184827e-01
9.188526328403128218e-01
7.279977242115034386e-01
8.996869997069258940e-01
-5.834962776635466142e-01
5.620126699380292301e-01
-5.241274258714430090e-01
-5.124797630766553258e-01
-4.690423001340890963e-01
1.637728108093994273e-01
-7.432286831857126685e-02
-7.209354717640166221e-01
-3.858865559843498438e-01
-7.014885523591802841e-01
-1.220133620920673678e-01
8.647200947550892636e-03
1.120685910216594472e-01
-2.078316951094838494e-01
-1.249076186699893398e-02
-7.771755069977825947e-01
-2.985244464689886801e-01
-3.155932212524603653e-01
-1.424641313691752398e-01
-8.926713049656465060e-02
-4.690134805564518672e-01
-4.766193143939883026e-01
-5.521871254862309453e-01
7.598705776025462821e-01
-5.852277037334669973e-01
-1.173975957440844820e-01
-8.554256515549425455e-01
9.567614536929447411e-04
-2.897065151870004129e-01
-6.542705274676301475e-01
6.314624541575832861e-01
4.432710694655566108e-01
-8.780607339073538409e-01
-5.375374614150192354e-01
-4.738748901834131111e-01
-2.460941668524796455e-01
-1.411718182273942190e-01
9.900104949732901893e-01
-2.861711001480662375e-01
9.993077231403877381e-01
-8.543707803159503733e-01
-6.998608070522249758e-01
-2.628311906979552415e-01
-1.649408156978171558e-01
-4.945594489331921473e-01
3.781637724899917785e-01
7.955724437737357047e-01
-9.691167075507234330e-01
-7.273886793270214479e-01
7.003683039830042034e-01
-7.280995297101799935e-03
4.675338947560314651e-01
6.660761460744513140e-01
-8.623764503330777487e-01
6.120873114680585036e-01
-1.015489016635107156e-02
8.560085750450197040e-03
-3.954735538798874739e-01
2.772228026944130175e-01
-7.500165309531037217e-02
-8.045544995526543453e-01
-3.939844181966996040e-01
-1.481160561590333380e-01
-1.603739827798771334e-01
7.691912302305026206e-01
-8.378961438295651210e-01
-7.727427843351730719e-01
5.408106932013012624e-01
1.959912727538903887e-01
-9.257918717318567303e-01
-7.856749634309172503e-01
5.078205166143898719e-01
-6.856199422892199635e-01
2.097160170014478187e-01
7.977640043678733139e-01
-4.207332649968142935e-01
-6.123535418784482598e-01
-6.302348940146336176e-01
2.991445071221146002e-01
-8.692262996699382516e-01
7.847553173616645950e-01
5.342874284093306336e-01
7.240132381233936876e-01
-8.150127676175624725e-01
2.744799995397617653e-01
7.326114986814273866e-01
-1.767460817994797040e-01
-2.551401975040301640e-01
6.674366725576446058e-01
3.935210063903840094e-01
8.431496805043050546e-01
8.956846886104679051e-01
1.759030550577778129e-01
-4.826798063479709189e-01
-1.607031267944061259e-01
-8.969195279513393348e-01
5.748569345629870320e-01
1.720261512866529952e-01
7.085424687711361358e-02
-8.071137716012266594e-01
-5.881526886298649170e-01
9.262705123075178903e-01
-9.176037946471033990e-01
-6.174491581821413000e-01
5.069249336515175841e-01
6.876653925812215018e-01
-6.998967855982489716e-01
-5.384507905592048616e-01
-5.747758850863289304e-01
-8.775059541155918463e-01
4.763385933779162862e-02
5.682780488988887768e-01
6.229943198904512869e-01
1.484448147682282393e-01
1.516787013500284775e-01
2.826525987999728429e-01
-3.203314947006867808e-01
3.911369521760477141e-02
5.963113816795988509e-01
7.306784680312896629e-01
6.528284380215221283e-02
-1.475205414457554376e-01
8.660235721138105358e-01
4.881042089581273391e-01
-4.067886982848631927e-01
-6.502261255108177096e-01
-3.874345404850245700e-01
8.969730428501401232e-01
6.008741638520767037e-01
6.751461180065896350e-01
-5.460836431136921743e-01
3.548915490751676227e-01
8.809027173984105286e-01
6.777219104840270791e-01
7.198217980442578323e-02
-6.058727085102078025e-01
3.313244978520792916e-01
4.431683860622031013e-01
4.155636750673672442e-01
3.545850703491231215e-01
6.067680564155537581e-01
-6.499857149810095436e-02
-8.656716290168531280e-01
3.636333986598359047e-01
-7.626506135839101752e-01
6.178893186036420460e-01
-8.391483236960353143e-01
7.536730394222290741e-01
9.652112367216683086e-01
3.884701743315348565e-01
-9.083439658900558378e-01
1.129765061065104437e-01
-7.489678428309325398e-01
1.117042274357005205e-02
-8.354751645037052921e-01
-1.931518893218353572e-01
3.681496353952717904e-02
-8.363572035742812272e-01
-4.092215169257675811e-01
-4.524633306293119883e-01
2.979317172127715629e-02
4.020040693595434700e-01
7.697986529618665585e-01
7.716809682319623054e-01
-7.498936712555046569e-01
4.092015019617984972e-01
2.968628979142398094e-01
8.156603746173090030e-01
2.908620491747579972e-01
-5.987706933745449156e-01
