-1.358653117756148632e+01
6.115864477020203971e+00
-1.544379320527521582e+00
3.287788973814638638e+00
-4.978657450405093776e+00
-1.507010347753469981e+00
5.858223768679245325e+00
-1.480873508691539442e+00
-3.592206492565942710e+00
1.294325776215792523e+01
4.473508241184965151e+00
1.110524353760015259e+01
2.022843307897399523e+00
-4.937886657420392567e+00
7.573050129156522203e+00
4.662338400229954161e+00
-1.697255407990234222e+00
-5.393165634740719305e+00
5.293074583837501734e+00
-1.510854682209268596e+01
-3.275235084409686692e-01
3.193154946590886389e+00
6.426658987773422815e+00
-4.523331800755974186e-01
5.196467049966824625e+00
5.283813949550571820e+00
-3.474939825785605230e+00
1.183521246036769270e+01
1.797764196574645812e+00
-8.036119337110269711e+00
-1.318803994919181655e+01
1.506810714766189818e+01
-1.247074089771202665e+01
5.020818222843828948e+00
2.405087717291454652e+00
4.883463735755853463e+00
1.654011463387949465e+00
-8.819041865964640792e+00
4.606425973098436266e+00
-6.209936883978545374e+00
-4.709399445972164422e+00
-4.363142454825426952e+00
6.898102931352838141e+00
-3.474484190683853946e+00
8.296290207461943567e+00
-9.147282935863906062e+00
-3.315898839224136641e+00
7.913660196492545040e+00
1.332921281354370713e+00
7.592558818439012036e+00
3.411860693840442771e-01
2.391445565346277391e+00
-5.083466630117596807e-01
-4.714561514639839856e+00
-1.302080551587420665e+01
-1.764769495527687582e+01
-1.279626303493641926e+00
-1.967692791749349190e+00
2.869263075612520364e+00
3.606014378149300370e-01
3.966526033275083130e+00
-5.974637547045148489e-01
-5.808051878763301090e+00
1.080536874963604355e+01
7.731670670004655577e-01
-3.405995061852648220e+00
-9.501341351829060144e+00
1.486126369732143182e+01
6.455675740352362801e+00
-5.305189275962447937e+00
-1.364974884834512681e+00
1.494956386767644574e+01
1.283209727199273331e+01
-1.978200624959894682e+00
-4.457311420952576597e+00
1.263062173965956347e+01
6.616366367380322799e+00
-2.517270146555058652e+00
1.909617580910022427e+00
-7.303576502554390615e+00
6.028597965036645023e-01
5.120358396968670789e+00
2.150710398402497781e+00
1.067883088206984965e+01
1.310116900406467000e+00
-1.566025384863902969e+00
3.683662934004443112e+00
-1.192745352966131378e+01
5.549295406793316232e+00
-3.438988999649294165e+00
2.829610580856926738e+00
-5.648817246173430284e+00
5.841027314148949046e+00
-1.045586226822072362e+01
4.194478253107764232e+00
4.038802537360225209e+00
-1.999793444531118292e+00
3.718914543257582750e+00
5.797059473886584158e+00
-1.119702277003383983e+00
-7.596419733118674245e+00
5.825797979004342153e+00
-3.315590156524466092e+00
4.564931965274986680e+00
-3.433074161562074345e+00
3.038148739490347694e+00
2.597268017445557575e-01
-1.024738061704747683e+00
-1.063231339186245883e+01
1.982713791071542175e+01
6.027814549668375488e-01
-2.342644729115929358e+00
-1.410191692411922126e+01
5.732919449158243808e+00
1.077539037160828883e+00
-1.112445856865686444e+01
1.844410601730635335e+01
-7.290773808606396678e+00
4.477583539308906069e+00
3.616733194845477062e+00
-1.222448795644329067e+00
-2.842845835800466570e-01
1.015448909257045074e+01
3.330841405898952168e+00
-3.384472208399167847e+00
1.265088411950443081e+01
-1.226006637106890729e+01
-7.352104038094896765e+00
-1.071285201208836080e+00
3.862286879154199326e+00
-5.334437562836009228e+00
-1.430480718088412040e+00
-4.881331191377977774e+00
2.859637555148831112e+00
-3.857497119262903507e+00
-7.773078613958239735e+00
-7.689716242211932951e+00
3.197685372218437294e+00
-3.434028071174013874e+00
6.483792456475915067e+00
-1.566899807109067622e+00
2.567470782756327452e+00
-5.061855482895437852e+00
3.597115758834692478e+00
-1.170485926051659575e+01
-6.309191065794268027e+00
5.104351513102791671e+00
6.979024498910987084e+00
3.079823822830119795e+00
5.162757733789259618e+00
-1.123513548425604647e+01
-2.857110241426404684e+00
6.559254811598954404e+00
-3.738433592605280076e+00
-4.056319451874027315e+00
-1.596853156773553728e+01
-8.163073424741366324e+00
-2.560249234560605824e+00
-6.964616153944200860e-01
6.470294414447850251e+00
-1.584531798684760906e+00
-4.737958900175323507e+00
-8.376669866636945017e+00
-1.046309321998226238e+01
-3.957786652026145102e+00
5.130035686576750464e+00
1.259036429482982999e+00
1.143252078158490548e+01
-4.509148282075781999e+00
-1.974815275228599232e+00
-1.287953522586140664e+01
1.207476650314698752e+00
6.870964266858083036e+00
3.163060510816472881e+00
1.032862685624519905e+01
9.683251273413981508e+00
9.645939677123042344e+00
-5.796157652244518843e+00
1.930630141276649336e+00
-1.242670159636275606e+01
1.276682175815239573e+00
-1.389337120846482865e+00
-1.220206601390094825e+01
-7.037945203813945838e+00
8.387621611134891353e+00
-1.381304092104483461e+00
-1.809451963049462719e+01
1.444502361696541115e+00
-4.050151922580552011e+00
4.461906006907347511e+00
3.399652078833377278e+00
3.976253347056485365e-01
1.130766626873608871e+01
7.912054817652192096e-01
-2.088025849049951255e+00
-4.607546441194022790e+00
3.059272419033980839e+00
-2.650950832919537703e+00
4.335576022921934225e-01
6.296487381197560795e-01
2.851701532486631940e+00
-3.576973268488923274e+00
1.195299361075125866e+01
4.238316941419491002e+00
3.674140649148751603e+00
3.765684013290830912e+00
-1.932151716330434033e+00
-2.623195255810877313e+00
5.142763959915004790e+00
-4.367047068277856159e-01
6.316514238916226986e+00
2.127200315179588408e+00
-8.661950531687473642e+00
1.134763471777176180e+00
-7.021216450884860016e+00
4.493090710686108658e+00
-6.441094777264051885e+00
7.795189791403280388e+00
-5.126766079173015633e+00
-6.594200281638593175e+00
-1.868747414990456335e+01
6.356570807556074953e+00
6.986990973858953957e+00
1.134316805850207288e+01
1.001250401624321462e+01
1.841385484763767977e+01
6.892090693412280089e+00
-3.135644686011040072e+00
4.349189284783098408e+00
-4.645391357556176715e+00
-2.422400403721290729e+00
-2.336098103138596116e+00
7.371453729017583889e+00
9.682193422466614408e+00
-1.543978028907287303e+00
8.818503814649622186e+00
-1.844996782994475781e+00
-2.237089653095814423e+00
5.808729981714411572e+00
2.788579706035251071e+00
-1.155298150332024765e+00
9.217520717733894697e-01
1.572094887637352834e+00
8.752498237089781696e+00
-7.413307866998790630e+00
1.292190536826641356e+01
-5.258595057354901847e+00
-3.256552251455846037e+00
-9.731311846248903663e+00
-3.113682924266087948e+00
-5.982581629047557747e+00
7.727205410861929025e+00
-4.255382118542215153e+00
3.021136763685539073e+00
-6.234441906217432994e+00
-1.084286317421653578e+01
2.055495828254109814e+00
-2.384552123125711631e-01
6.039249011928910171e+00
1.236738237020042774e+01
-4.731432430863399929e+00
1.570829592722135359e+01
2.590967756944154932e+00
8.158212020973852674e+00
-1.798951097526528820e-01
