5.428223398760991802e-01
1.803946407689460685e-02
6.615160988565751410e-01
8.929774086603803340e-01
-1.948221317777925066e-01
1.804018534332132440e-01
9.834768245020912847e-01
-2.434270884222491382e-01
-9.942349432428452261e-01
8.195932285224445391e-01
8.101280372785262252e-01
-3.883131327053590542e-01
-9.520690675064371611e-01
4.455358753291964735e-01
-7.673541513524166913e-01
-2.607286058773605752e-01
7.449035631681133474e-02
-1.217235621805057288e-01
-6.534946441203450807e-01
3.753885933486729165e-01
2.194414955066608108e-01
9.455072157884767403e-01
-3.765692244962084434e-01
8.181754666917011587e-01
-3.924295809492091003e-01
-8.990294365106596963e-01
-7.708267993165287546e-01
-2.510862387642940341e-01
6.888803671577274912e-01
2.374561177668224055e-01
-6.191333547162027884e-01
2.194198886123317482e-01
2.437723356841388078e-01
1.604841945429056338e-01
-6.410410728844961881e-01
-1.687920354147545154e-01
-9.290263252056694121e-01
1.148539427159722681e-01
-8.610484996858547291e-02
-5.043362153224983935e-02
2.066302620391577971e-01
2.417188826973646343e-01
4.158344535882427806e-01
-5.295382411185896032e-01
-7.092587943946393469e-01
1.439887244768205399e-01
7.191672021743655829e-01
3.622888029463533499e-02
8.230116855259210773e-01
-9.359611763485597979e-01
-8.391719305989395750e-01
7.138254920570761275e-01
-2.171078984570313786e-01
-9.399618478261253518e-01
9.447638697779834338e-01
-7.749308540897903441e-02
-9.879705860536138751e-01
4.493524121168346319e-02
8.645841300482457470e-01
-4.292839112477218055e-01
-4.595454348684453461e-01
6.398417215821949888e-01
8.285419842204222451e-01
-4.354679351317718439e-01
-6.245980063437139851e-01
-4.019974318992214357e-02
2.692901833366001529e-01
-6.437386334213199834e-01
-9.584376696891816483e-01
-8.173671628988090632e-01
-2.769329017139785520e-01
-7.771973852887548162e-01
4.620303843274156108e-01
1.416300067657294548e-01
-5.699725296096755933e-01
-4.069202959341988723e-01
-2.374956510984271851e-02
-4.191383792613070369e-01
7.820396740597221896e-01
-1.634866343132870270e-01
8.080734719085245210e-01
8.595513790756650341e-01
7.159164460278057973e-01
-5.295153059500268267e-01
1.417577990722347359e-01
3.644163907499293753e-01
-9.755768079227069567e-01
7.629504135697542377e-01
-9.219733503481364334e-01
1.299139782376035335e-02
9.205692165258954063e-01
4.042792409251232399e-01
-2.194184803612317936e-01
-2.829158256549961781e-01
5.827170556060103923e-01
-2.816286539491617003e-01
-4.425405011758289930e-01
3.835613347871340562e-01
6.895617657034280867e-03
2.373078375812356366e-01
8.102006781815240810e-01
-7.363208214900953674e-01
2.832350408846868728e-01
-2.750404530817673887e-01
9.570101488400435397e-01
7.947572623293774896e-01
-6.847848186724969644e-01
5.363583619823659721e-01
-4.173613956172450568e-01
-4.021787872669533304e-01
4.628297768635079024e-01
8.135763924925099033e-02
9.303627644754222104e-01
-3.629357063681055706e-01
-2.799891950087340931e-01
-5.911805406491696946e-01
2.232911841858560287e-01
2.766582818998957194e-01
1.436331345858385955e-01
-2.430624020254830153e-01
-8.186979151789903764e-01
-9.682794644552630281e-01
-4.431057585854758507e-01
-2.768349756922643401e-01
-5.256227999939240281e-01
-9.083428150449610605e-01
-3.118652162716311071e-01
4.631583646836134882e-01
-5.382932933176700629e-01
-2.089894714900366601e-01
8.402090318949113623e-01
-8.657881276690502226e-01
4.826562850517901460e-02
1.107479594647184928e-01
4.324302164136011317e-01
-9.166067235154504722e-01
-4.004945058886779652e-01
-3.084147133891186332e-01
-1.322859113332468528e-01
-8.110594513122246774e-01
-7.868178382977264462e-03
-6.812542969147810101e-01
8.009802704777138072e-01
1.482200495048289213e-01
4.534267748666565012e-02
8.838786665707969448e-01
9.244179940900165704e-02
1.683529852399601179e-01
4.189254298813245292e-01
3.222400408811594286e-01
3.343715099128274915e-01
-3.731002101789107073e-01
2.203718699388361735e-01
-1.317059182757820412e-01
6.445517913431797474e-01
-5.416857973212254596e-01
8.785850142619826553e-01
-9.335584026538672475e-01
-8.633609169890934520e-01
2.724056136634005476e-01
-1.240381879705330093e-01
-5.831144289499472499e-01
7.719214086620227455e-01
-7.449123264513330955e-01
-9.738753552341592457e-01
2.064700289917953402e-01
-3.209541782730032100e-01
6.854258160212234330e-01
-7.668869146362164990e-01
3.561272493302996001e-01
-1.234147928764501856e-01
-4.354880268319363257e-01
-5.703899508389171924e-01
-5.455019581818154606e-03
9.381470473503206176e-01
-9.636458679374708680e-01
7.406570605365210280e-01
2.869025621370315804e-01
-2.137907839841934887e-01
-5.896213001535293152e-01
-3.393650999255768408e-01
3.496346077426966126e-01
9.720879563519897459e-01
-3.581870155518356302e-01
-8.583877338972649707e-01
3.730405733378876487e-01
-7.501898036922882707e-01
5.521250347636257327e-01
7.451455525817392012e-01
-9.256995547457733675e-01
-1.457160773347321303e-01
-9.078827104455393648e-01
-6.802627944707611007e-01
3.180602860445915780e-01
-1.220833627911854791e-02
-8.756793009037939779e-01
-7.215888422352227938e-01
5.785731524912065549e-01
-4.176542254006616606e-01
4.065602305979185704e-01
-8.492444143065822626e-01
2.111991741473979722e-01
4.050388246433951345e-01
-5.176333882159409594e-01
-7.288660722598361286e-01
-8.200990320786489818e-01
-9.517265768479727939e-01
7.020427484890325864e-01
3.508871474730268503e-02
7.052262829011159972e-01
-8.152479537702195245e-02
6.975447494977407015e-01
4.461926963031084270e-01
3.090353282495772458e-01
-2.626026626126809482e-01
-4.885337515637711014e-02
9.982680985105796267e-02
3.743209837488243874e-01
8.642707104952072061e-01
5.214902405211336855e-01
-7.896287078565198403e-01
-8.169040743793276604e-01
-4.987236129026813014e-01
-7.854548262204894549e-01
2.346462661903738756e-01
-6.629573025931791985e-01
4.252636487101315588e-01
9.337227851478315799e-01
2.186891245895314917e-01
6.292126258029597796e-01
-5.356252773313752158e-02
6.814149669424576228e-01
9.796367749755550136e-01
-5.302088132240290186e-02
1.890506420488158312e-03
-5.497917506326941428e-01
4.923259710525478283e-01
-8.516533521976619170e-01
1.852239127697397070e-01
-5.038042450732320710e-01
-6.558061540904220887e-01
-1.157026814712556195e-01
-2.422298823140718316e-01
-9.904505451898193424e-01
1.576729893541564120e-01
-6.650887325026677566e-01
7.862781255007449399e-01
7.187202346489667271e-01
5.415722673437073365e-01
5.870812380707763900e-01
-1.079757944831118976e-01
9.309790059555207442e-01
-1.787641023621877601e-01
8.908946374977804172e-01
-6.290618259269602497e-01
-8.183114891813421110e-01
5.782556495962083432e-01
4.707036591892250765e-01
4.996975791098878794e-02
-5.098361251191414478e-01
6.900930144066832472e-01
-2.866588234484881426e-01
-6.936053137542663727e-02
2.141632894277851751e-01
6.484806110607794771e-01
