-5.995684043861262413e-01
1.100122065304676156e+00
-7.556003968009951111e-01
7.314987993664884280e-01
-7.859919854396878458e-01
8.249451477741840399e-01
-2.411318723235813533e-01
-9.333898044825216234e-01
1.152048171774571639e+00
3.465182361963632385e-01
-1.174685485311150357e+00
7.371431501248942864e-01
1.404709795526743576e+00
-1.849098329587361977e-02
-3.155233447652066037e-01
-3.362529582275686213e-01
-8.642525812186837575e-01
6.699793231493448298e-01
-6.266398197146753057e-01
7.452739190089396892e-01
3.226744288481419032e-01
-1.030194346992755472e-01
8.984953459780521401e-01
-1.080057929716328191e+00
2.885293747162824829e-01
-7.344961431865094648e-01
-1.705269279438761831e+00
-1.295474067105466753e+00
-1.935723959426590035e+00
1.161657952224428580e+00
-1.718232538020382227e-01
1.496229369086858219e+00
1.553108155050337391e+00
-1.431460388331057931e+00
6.427720980608501167e-01
2.183062312062444277e-01
-4.262808362989094491e-01
8.139969181893018657e-01
-6.114742187705400900e-01
-8.993889773973010038e-02
-9.875603269908505011e-01
5.298717250956926916e-01
-9.822751495833061952e-01
-1.496107750376966194e+00
2.982678857627889535e-01
7.644589586167006567e-01
-3.827816099177948628e-01
3.713727175256400503e-01
2.893119940690657699e-01
6.425633356106981164e-01
2.940269924837206617e-01
-1.290972140363160214e+00
2.255128100484433684e-01
-1.862029250058107044e-01
1.406496139667684941e+00
3.752105661288186456e-01
1.076566215042045860e+00
1.087839005209795484e+00
2.184468490097284388e-01
1.253460459067950339e+00
1.093673675590998373e+00
-1.344648180903618151e-02
-1.270126339140439820e+00
2.510446640178982669e-01
-6.587508366227162737e-01
1.583976865431600656e+00
-1.506109692719224569e+00
-6.012048770941458287e-02
6.643798968657935733e-01
-1.329106851044857374e+00
-5.868762996951237820e-02
4.585674330945382904e-02
3.752369251392315697e-01
2.206324261430647748e-02
7.489579249773130609e-01
-9.615241982047277869e-01
1.322691175892707349e+00
8.005717870698741967e-01
1.459947490361556133e-01
-8.543381717975949696e-01
-1.492797900618166862e-01
6.403886767301235627e-01
-1.390990811116687986e+00
1.555612127390916477e+00
-1.532143139629198902e+00
-1.315146333112601207e-01
-3.693789093855300854e-01
-2.091909084404775521e-01
1.595394006897969064e+00
-1.003615545338221171e-02
7.732188892628235610e-01
4.643287967841254194e-01
4.138143360659669590e-01
1.305120125127247288e+00
-9.854874311182352242e-01
5.783147750480199800e-01
8.330587681857726245e-02
-5.314399756315051349e-01
-3.166181172596136406e-01
5.302749340282721935e-01
1.063996411651587426e+00
-4.371937774518906972e-01
-1.180021212922607088e+00
1.407455707826585467e+00
1.415930002901403251e-01
-1.420596584274095520e+00
1.716530427961222571e+00
1.211710152649735583e+00
7.065635862679071622e-01
5.380254979776923907e-01
-1.473592136702836175e+00
-2.273153261483853438e-01
8.362719684158387290e-01
-1.352313170721110680e+00
1.178170121294597195e-01
1.009614730957996587e+00
-9.068415507621250260e-01
-1.903288756198717735e-03
-3.771873182675345992e-01
-1.067088530059798313e+00
1.673395634995210823e+00
1.459399316827669546e+00
9.235321106396645607e-01
1.667933327371562413e+00
1.059199490433334168e+00
-9.561606913720832601e-01
1.657901413838134719e+00
-2.754383862485623169e-01
1.281661162909462526e+00
-8.745253577101963494e-02
6.802567949037797712e-01
1.078766276050905581e+00
7.999721973084326088e-01
5.520303901866779883e-01
6.500092858389631134e-01
4.583799028507699047e-01
-1.631454083954699374e+00
-1.672163383470082199e+00
-9.679152147020027019e-01
2.482795362321146282e-01
-7.185987365708755847e-01
1.077225853923418519e+00
-1.441395610822551632e+00
5.234817410959801132e-01
-1.507534094200731811e+00
-1.418912456401707711e+00
4.612491580685059711e-01
-4.751166917866134209e-01
-5.744797770164982165e-01
-6.766363758496632963e-01
1.568192018019014089e+00
4.586988010798743742e-01
1.130555521494627680e+00
-8.946821124508860246e-01
-8.312576693391761085e-01
-3.395535703591330279e-01
-7.532477664696631825e-01
-8.156861026994167707e-01
-1.176136964495809734e+00
4.707141731894439740e-01
-1.405286999012912652e+00
3.017980899411553120e-01
-1.040103516812326934e+00
-1.005119077352006229e+00
-7.765850895906001305e-02
-1.586144219552276802e+00
3.029813031406144441e-01
4.030013634794735733e-01
6.325771297732565301e-01
-1.610736685447881289e+00
-8.061461660692635922e-01
3.930858284422766857e-01
8.615438755043584029e-01
-1.741379585286406240e+00
-8.822529233106000124e-01
-5.445165056934176961e-01
8.295763464774038587e-01
-9.531972578817810016e-01
-7.060133475735743680e-01
3.019551220266608604e-01
6.090498797444281465e-01
-4.431112042534516293e-01
-2.026351842529910963e-01
-8.398211876641441531e-01
7.019195265727189437e-01
1.232905857126187943e+00
-7.683854552810595040e-01
7.096172553664772398e-01
-1.553319896036375880e-01
-1.052972054551138736e+00
-7.646723827083222735e-01
-1.127161564448728059e+00
4.120572125826428289e-01
-3.332843012885779999e-01
-9.235347818269858955e-01
1.124301798756005777e+00
2.522113631327559391e-01
3.823882130139051316e-01
2.820043031279825252e-01
-1.031019621856570812e+00
-5.328125275022821405e-02
1.452802664478444417e+00
-1.675685569094473415e+00
-5.575425359680985515e-01
-6.013672200430837389e-01
-1.017692570075032332e+00
2.063220604700244376e-02
1.053129994601265551e+00
-1.208220575025686916e-02
5.356486583435778881e-01
-1.820194285148170055e+00
1.326735026812060347e+00
-1.552666190823341008e+00
4.472397876271416717e-01
-1.150755078905842055e+00
6.918543068604725566e-01
-1.437945057720084741e+00
-4.270597420385724430e-01
7.789526475361818747e-01
4.336650990415716889e-01
-9.982301860438824725e-01
-3.595811995285690399e-01
-9.575456643408533086e-01
7.842303583019448743e-01
-1.594519395701679443e+00
1.022809758464384267e+00
-1.167227436564580056e+00
3.639185101463968675e-01
-8.085204605059123084e-01
-1.744089144459894491e+00
1.548902504049806783e+00
1.116013433236100472e+00
1.765964863523749040e-01
4.862283046503221851e-01
1.729632820173634400e+00
1.710606535764011227e+00
5.759414712213211107e-01
1.580824120896318075e-02
1.423627645363596983e+00
1.598417119668277264e+00
1.507716553928500014e+00
-8.756039013310913388e-01
-2.920228544440528484e-02
4.342060187163206963e-01
1.698734346187092958e-01
1.027842976696025534e+00
9.702888028207118376e-01
-5.911406971651100850e-01
-4.589346935009938067e-01
1.118283720921306568e+00
5.970464378964935870e-01
-4.385877150594682528e-01
1.111677555778501247e+00
5.061076232917269824e-01
-4.022938735044732095e-01
-1.273192025106561598e+00
5.451928151783282939e-01
-5.281556111347697202e-01
-1.233782213937422600e+00
4.117010251355840422e-01
8.916991082655842948e-01
8.079038760795582697e-01
-7.840658914286509074e-01
-9.067661249559585412e-01
5.219251130440438757e-01
