1.053515540825304520e+00
5.002458410157911040e+00
-6.020060566597709162e+00
4.456991374028397956e+00
-1.505825662187761704e+00
7.107825704461379956e+00
-5.663285907021220478e-01
5.542059668813991147e-01
-3.857585424286667841e+00
-2.855948115916631558e+00
-3.398695899851770452e+00
-3.702418103891959689e+00
2.859208734725180445e+00
2.516781599067126507e+00
7.662682169856135372e-01
-5.990233884281549459e-01
-1.252030344441785514e+00
-7.062710560259800374e+00
-7.219525391113500667e+00
-3.000507204266853023e+00
2.496169380641156677e-01
4.645386386663419742e+00
-2.614048066648399171e+00
-4.672283920225457798e+00
4.474882730398928032e+00
-4.884123234842871142e+00
-4.519467694555991955e+00
6.649827766163495468e+00
1.078730517122920229e+00
8.696507455347697757e+00
5.005994842820857826e+00
4.638024348598558610e+00
-7.020853467160141470e+00
-3.965449422964335113e+00
-6.049797463454079649e-01
8.623793774134802526e-01
1.580695210886464475e+00
3.840592237853054147e+00
1.960220019687162418e+00
-6.441759484472116881e+00
1.292860777884772272e+00
-6.151332882892516452e+00
1.173657373915040214e+00
1.611950336943435591e+00
1.828599444811439989e+00
1.839185722776467635e+00
6.458236808077054691e-01
1.614351456316232669e+00
-4.786037286318198802e-01
8.383363434730023656e+00
-4.396471420320603229e+00
1.293153230498548023e+00
5.189956144833400842e+00
-2.707095350974766390e+00
-4.499055629768093922e+00
4.360272325876904276e+00
3.299668939505710163e+00
2.645946306377835899e+00
-1.694077645409606037e+00
3.878202921738830522e+00
-2.739732787024563354e+00
-2.381530493800922077e+00
7.233445005917869430e+00
4.279057320455476265e+00
5.477082349012733609e+00
3.071251241685267086e+00
1.381419353638347003e+00
8.784660160956903052e-01
-3.618715754271355500e-01
-4.705027517411441984e-01
-1.331765735172045773e+00
2.643872848911817730e+00
6.400134354748483467e+00
2.721625576158199333e+00
-3.018643386638952819e+00
-5.411130159652405069e+00
3.097139234017090903e+00
-3.156829506390796958e+00
1.158690159194099234e+00
3.311134179802622590e+00
2.111844381958987604e+00
3.298716635897703142e+00
4.871846559805961263e+00
7.362254164326508032e+00
-3.991215600466190949e+00
4.159769863677434287e+00
1.681538712472756547e-01
-8.773735607975300388e-01
-3.363780615780743943e+00
1.646433809216216071e+00
2.204629416582916335e+00
-1.164896954847735699e+00
-9.353573815051262619e-01
6.457479093053729358e+00
-8.692499561547951004e+00
-1.239144424179285942e+00
3.661408349754745828e+00
5.044524685093265681e-01
8.068442692998650800e-01
3.099132255961500881e+00
3.803215565603714321e+00
-7.471706756270127592e+00
-2.470698410179860804e+00
1.440020830034948185e+00
-5.128143327151541087e+00
1.402604558155576164e+00
2.504827747150264905e+00
-3.356436778970330437e+00
3.070410370470006534e+00
-3.141910590877030174e+00
-1.416209497844690635e+00
-7.161294868056290674e+00
-4.405360568856359071e-01
-2.008501159486144161e+00
7.735682566163549767e-01
-9.829580899643517444e-01
7.866413685997086347e+00
-3.506125312523531878e+00
-9.923168104617374752e-01
-1.074691339402285006e+00
-4.174828595762321015e-01
4.874286436162869052e+00
-5.769040125711517142e+00
-2.205737357391992504e-01
-1.998753582023505171e+00
2.992027035794881940e+00
-1.834385021871969057e+00
-4.154584945569858689e+00
5.464475435334824382e+00
-9.500233322648127254e-02
-3.144019223894416903e+00
7.189957093828776014e-01
-5.164962496326601205e+00
-4.719198182135291297e+00
-2.886671641327259064e+00
-5.950946015904820641e+00
-3.066518135598366612e+00
1.207752992351262655e+00
-7.425249450994058087e+00
-5.202690224175046119e+00
-3.459131551986827091e-02
-2.585581540486179275e+00
2.801161811650386912e+00
-9.364008147151842820e+00
4.284900324413871253e+00
2.770603685984931008e+00
1.194730557796571224e+00
-1.049559238111850812e+00
-1.850553379215251315e+00
-2.699247368053339979e+00
4.521780810715209320e+00
5.076432078829277827e+00
1.796171803212941898e+00
4.490984351886009307e+00
-4.035353610708760641e+00
2.416637964264774396e+00
-3.624581193401233747e+00
4.270802679808530122e+00
7.003454790897951199e+00
2.818241347566985411e+00
-4.880189169661590221e+00
-2.467891504024011695e+00
-3.881318818843622953e+00
-4.972105146427731048e-01
-6.156883887548225687e-01
1.006502031117106011e+00
-6.181525884960376693e+00
-2.667179425157986117e+00
-8.785505220965983852e+00
-6.241387423642212440e+00
-3.821560126078249464e+00
3.443225061397867215e+00
-2.388212462626941868e+00
-9.385196502237898031e-01
1.850442687475758019e+00
-5.218051692346504566e+00
5.607006227342393956e+00
4.790827879772656672e+00
1.579771973973678634e+00
1.576425485481783406e+00
-6.259145930946939274e+00
-2.324830698439779297e+00
-8.491489670792333300e+00
-8.442023117679385846e-01
6.629121821530387315e+00
-5.473085146022138581e+00
7.276426798768788728e+00
-8.999716782729474396e-01
-2.554198406459507797e+00
-2.534879759578750225e+00
-2.989538951859012084e+00
-4.864476132152909749e+00
2.599932116181861819e+00
-4.945202859860788891e+00
1.842988551344610926e-01
-5.142533524658409405e+00
-4.078425153474745990e+00
3.098063740782829534e+00
-3.560461497559197497e+00
5.508098520771891771e+00
-5.930879425905355440e-01
-2.875424782906271570e+00
1.321776902859323144e+00
8.587854277871265207e-01
-2.769135798356645140e+00
-5.200217478282151973e+00
-2.402916258409744099e-01
-2.027512837567012394e+00
-5.223343393832987624e-01
-5.741300294166502560e-01
-3.561928653559423452e+00
-1.109567671377018394e+00
5.879376732007484563e+00
-1.502173870350465013e-02
4.701217610873253960e-02
-2.616051495175328867e-01
-7.212894282277615421e-02
-8.291677811186699998e+00
4.441404976089551759e+00
2.207675514120092108e-01
-6.943879061710794609e+00
-6.789507055080440168e+00
-1.283756966232113772e+00
5.955733404966642830e+00
-4.166272718173685163e+00
-1.054068234172103935e+00
-5.311812711486032512e+00
-6.386981074945718984e-02
1.217732491843012799e+00
-5.295041884243218533e+00
2.963763154040324643e+00
3.368499502580968308e+00
-1.163372469023070899e+00
-2.044954889026517897e-02
2.118882179498917662e+00
4.281115587352677387e-01
1.776237828333935731e+00
4.518786799807662291e+00
-8.441436689324597342e-01
2.364429213832849097e+00
5.940234354442137210e+00
1.991671535608550592e+00
-1.554404123783102554e+00
-8.318317255918852737e+00
2.022117440343003558e+00
-3.123105245853735390e+00
2.181606182039603326e+00
-1.195263493398545984e+00
7.070097279090610698e+00
2.694938186910001754e+00
-3.196115965320879049e+00
-3.302648224484340922e+00
-5.751443737791068767e-01
5.657024207360326074e+00
1.832330578097239648e+00
4.810743203035166893e+00
-3.590697582310700575e+00
3.096928498157835996e+00
5.672599874300163769e+00
-4.559186919898764678e+00
-1.655650302691058506e-02
6.907795844900859628e+00
-5.531149272804010586e+00
1.496033032486749903e+00
-5.178489566285155554e+00
