-6.006443298885322246e-01
1.454889115157483037e-01
1.143201599168874871e+00
8.259008688148729016e-01
-1.647131412089194225e+00
9.164399106311775789e-01
2.322026351429570035e+00
-4.818405056067381897e-01
1.773944683829784097e+00
1.392606462288927816e+00
1.189602915169744923e+00
-1.482569705151548067e+00
1.674820913859337956e+00
-1.052226838652270402e-02
1.542539476484089178e+00
-9.721435781938643494e-02
-1.056310198078410645e+00
-1.206301285330281470e+00
-1.166742097113295351e+00
1.959962784849324846e+00
8.935547739795681732e-01
1.118113401123577155e+00
-7.185106810970331992e-01
1.151557289456532462e+00
4.509106308014679265e-01
-1.032647597601534128e+00
-6.622527097864122636e-02
2.132393036879847437e-01
-2.238869706201751075e+00
-2.344015521265699675e+00
-9.656669837492913855e-01
1.304735303170549088e+00
-1.420336077669706931e+00
6.279317816912188821e-01
8.186803558981917694e-01
-8.890426085102653975e-01
-9.999376050306459929e-01
1.744477500210643850e-01
9.033353846906440054e-01
1.176364250827640401e+00
1.453851190501726620e+00
2.235162461294342151e+00
6.242420117929359247e-01
-3.934385666818316363e-01
-1.631370773272383001e+00
-1.712176175486611163e+00
-3.130436657588375193e-01
8.961677685848841168e-01
3.750426128818097893e-01
-8.902082824992756382e-01
-1.674987487227257432e+00
-1.081232651056293737e+00
-1.580379115114621258e-01
6.054497675186690797e-01
3.333296245978442651e-01
1.584646339790827252e+00
-1.768052733150200284e+00
9.262628281160454335e-01
2.258779613966266808e+00
1.935768904930068313e-01
-1.531860941900790030e+00
3.033519768874244349e-01
7.304078710110778472e-01
-1.578944571096170035e+00
-1.877181577347885044e+00
-8.445973229360426160e-01
1.194197637456806405e+00
-1.498315206535596467e+00
-1.589976351525359988e+00
-1.697305088037116771e+00
-1.371068851976083414e+00
-1.654273462956733276e+00
-4.323180747071709851e-01
1.593277891694118598e+00
-6.709479213895968019e-01
-1.681808111956101248e+00
-1.075000192834209889e+00
8.820826823841254605e-01
-1.109585742565041944e+00
-2.307967924889899325e-01
-2.537094025271692255e-01
-5.352668467379246842e-01
-8.040988019057933034e-01
1.259313200406995570e+00
-1.930181456954016550e+00
1.776913573533966284e+00
9.086800788380942073e-01
-1.393307822930864859e+00
1.677941582652718866e+00
-7.558790430338846456e-01
1.890412800537075055e+00
3.557047946600289112e-02
1.033186151286613064e-01
1.812289835609431909e+00
1.100398622099697965e+00
1.343626548477911520e+00
-4.023725597015736510e-01
-1.376173988459357123e+00
2.655449286773016171e-01
-1.075127669414394527e+00
8.399155386614798324e-01
-1.972615364487429468e-01
-1.009775463071887591e+00
5.320104300102788120e-01
8.511153855630958498e-01
-8.272337836860306215e-01
-1.564578922715312626e+00
-2.687251427279519489e-01
-1.892831756436237134e+00
1.746091390357982220e+00
-5.030995920735334970e-01
-1.137168472420257093e+00
6.900444341302282014e-01
-1.890051022957319971e+00
-1.357625112525488037e-02
2.590252426227937832e+00
-9.415472343108234332e-01
-4.745442186183450595e-01
2.199620650740733430e-01
1.626382670435001065e+00
-1.156376987110938614e+00
-1.049732880364635079e+00
-1.739704733366781719e-01
1.162534028382504081e+00
-1.736947031842067668e-01
2.031456237358006511e+00
-1.527118419244646086e+00
1.366369391430103608e+00
1.116273892581382876e+00
2.922076618657138414e-01
1.495655995680370776e+00
-1.013859604521156088e+00
-8.902671134416615395e-01
2.176677395110689250e+00
7.753599852419010841e-01
1.302358665301310281e-01
-9.929258106403604511e-01
1.323974439766033795e+00
-1.872511512499694719e+00
7.446090415821897679e-01
1.478895909573233469e+00
-4.783728481366643637e-01
8.600854115413557599e-01
8.506672984086661726e-01
-2.630966756337955736e-01
-1.957527846978103503e-01
3.068628631020006159e-01
-1.168926433664503328e+00
1.841235038129101387e+00
-1.689902456583757484e+00
-1.918718065537979856e+00
9.916916344110593418e-01
-2.559129026077179847e-01
8.004565564992667248e-01
2.069374682447166158e+00
-1.453292160058620386e+00
1.012111986410097586e+00
-1.881009930938111641e+00
3.848949301460502515e-02
-2.145987352529142633e+00
-1.085695481588433431e+00
-5.305976351696047866e-01
-9.834730828865048680e-02
1.140058175680346508e+00
1.789226062447102583e+00
1.896466817123841908e-01
-1.982370729565507750e+00
-3.743154379344806881e-02
1.090030583644379991e+00
-9.943688643380496073e-01
1.231586997570772724e+00
6.502285175537817485e-01
4.374747531949842450e-01
2.072515115506389449e+00
4.877843955245270147e-01
-1.140512074852386482e+00
7.058531921827794209e-01
-1.397952702622364152e+00
-1.772190997702181581e-01
-3.198589829488635017e-01
1.317392094908364508e-01
-3.507045532607830918e-01
-8.278843888436708820e-01
6.514135896056696962e-02
-1.630339271087621000e+00
-2.339903208843336357e-01
1.265477830665088677e+00
-2.351268826047725469e-01
7.014362903890447587e-01
-1.101471277032068707e+00
9.916145839608270229e-01
1.930961958166499848e+00
2.301784977633273499e+00
-8.732859986020107268e-01
-2.291102233915350617e+00
2.288647945018905672e-01
3.179046639653935191e-01
-3.887210514944073325e-01
3.838130412428475413e-01
-8.945366736367599270e-01
-1.570255581474133466e+00
1.465803046611061866e+00
1.299259422693680666e+00
1.367694434994663366e+00
-1.056672010194366074e+00
-9.071544637288497803e-01
-1.333893996836469586e+00
-1.897880283521261147e+00
-1.011813352814586064e+00
-2.329809340981642052e+00
-8.354085309535641546e-02
-8.104581327393928225e-02
3.728789478311298478e-01
1.536115374266462386e+00
-8.418754778157069851e-02
1.739681421136532347e+00
1.069872868193782800e+00
-8.381008692749769562e-02
4.399824667814419277e-01
5.454403261643814282e-01
2.490218108169373057e-01
-8.010727442102261175e-01
-1.502828123153511775e-01
-1.987655197446640543e+00
1.602839674899922295e+00
-4.185013931542924115e-01
2.101734586440258568e+00
1.760037318033773390e+00
1.435429883168838572e+00
-6.289435713329318833e-01
-1.325450406422679972e+00
-1.998480177036420891e+00
-1.133306377064021042e+00
2.193344459003644942e-01
-1.603339737815399069e+00
8.991046907133544153e-01
-1.187349844742714655e+00
1.192042532983435432e+00
-1.113394180799560207e+00
-2.616597575679637244e-01
-1.629991084830225700e+00
-1.351616970697740783e+00
1.009639898188906759e+00
-1.757018243698761140e+00
-1.536681410278348592e+00
-1.031119024386336902e-01
-1.447339273577846974e+00
2.665400749593664909e-01
-2.217564012309034105e+00
1.232062354529004145e+00
9.169956247896998702e-01
-1.113735840281700362e+00
-4.596090509433344296e-01
3.351744472624650362e-01
1.380477972268686848e+00
-1.784691469346616488e+00
1.326857518955029569e+00
-6.904105119313851402e-01
1.221200811464326019e+00
-1.600644493474716379e+00
-1.987526723563661113e+00
-1.268894682306261457e+00
1.076232102078832131e+00
2.057435010513207096e+00
1.214735337431067652e+00
