-1.099667397733033880e+01
-7.182668659037698689e+00
5.124719229829883815e+00
3.093658847715039961e+00
-9.777665667942615713e+00
3.670922046914035786e-01
-9.266458334651071382e+00
-6.318799172734957281e+00
8.190220874079248148e+00
-2.274499467078548332e+00
5.231877238182342182e+00
2.690488393643730269e+00
-5.766188247200008554e+00
-3.094172654662638688e+00
2.779073556757258423e+00
-5.702817070879403261e+00
-4.974081829601845861e+00
-7.636737465829591898e+00
-3.890039639996557330e+00
-5.795347728308164470e+00
6.584040043793387698e-01
-4.817804535141395839e+00
5.368896908006154156e+00
-1.130388092497237551e+01
-8.427712415626803732e+00
-4.252499302222900290e+00
3.658275659982306305e+00
5.556787485443702046e+00
7.575766227911784334e+00
-8.358503363188987123e+00
-4.572853909461345623e+00
1.263622284940940199e+00
2.755327657592022028e+00
5.911463454150845287e+00
-1.895862002653772693e+00
3.430999578009299888e+00
1.540774603772262719e+00
-7.575642533538009538e+00
-4.681689892465541902e+00
5.896454680214187061e-01
5.646971319670108791e+00
-3.585417019073010803e+00
-1.198373450154714748e+00
-3.940561099697124092e+00
1.284218379750547756e+00
-2.495562417900026198e+00
5.156080407038460933e+00
7.446266015071079103e+00
5.151704590717838705e+00
-3.055406550008354483e+00
7.674754884723886228e+00
5.447565184005210170e+00
1.993183932562582639e+00
-2.155474087591282117e+00
-8.805308692262283188e+00
-7.805986333182089787e+00
-1.107958654048116998e+00
2.899504889413161646e+00
1.072912869051179285e+01
-8.857808546335439459e+00
4.755226356454250514e+00
4.030854105568472789e+00
-6.453946487889249184e+00
-5.409067887160269983e+00
-2.005548395934045214e+00
7.786749983498120642e+00
9.752750798807893418e+00
-3.625394966899990301e+00
-2.333884102016981821e+00
-5.141704736823786703e+00
-5.689732584796949766e+00
-2.923438359423295996e+00
7.926820616617058946e+00
3.630659737855651770e+00
2.305776835496880395e+00
-5.062958041691276279e+00
-1.815617852930784260e+00
-4.848330537275132635e+00
1.219160688405393600e+00
-2.992705648940982233e+00
1.315784929845355888e+00
2.082038921149886868e-03
-5.869950852814216802e+00
2.212930226964556990e+00
2.093926079069830859e+00
-4.272863586425837745e+00
7.574132245136452335e-01
9.916337719700687003e+00
4.515780159092230406e+00
2.407293442889127721e+00
6.693539157390643091e+00
-4.832541358345229909e+00
-2.712635879681627227e+00
-6.826918800857065150e+00
6.190347589994737998e-01
-5.500578489177847530e+00
-8.139110765377421952e-01
-1.889707750178360346e+00
3.069856315047620132e+00
1.148590099295970335e+00
-7.084832762000502493e-01
-7.436587303443014108e+00
-3.036045881211412834e+00
-2.189698737321878586e+00
-8.515555993355736319e+00
4.820170423231194157e+00
9.398226695031137723e+00
-3.678316066351300151e+00
-5.826739592590463035e-01
5.929641749433235631e+00
4.377124717878356108e+00
-1.248658170573382353e+00
-5.644535153929464144e+00
-2.564586209298355790e+00
4.267462647946119070e+00
-3.400540204671909650e-01
-5.419704683670098611e+00
-7.471703311504025891e+00
4.418656174265946923e+00
-5.724420236904657955e+00
5.122174372960159872e+00
-7.728753598980199868e+00
-4.465188955356440559e+00
1.461685829552868299e+00
8.645654386333571750e+00
4.520835508537500047e+00
-1.385880761130645400e+00
-1.082549189619426588e+00
-9.573892759163522115e+00
-1.958391365419190233e+00
-3.376321045059579307e-01
-5.839873651114205089e+00
-6.291545902641892951e+00
4.211220166715669677e+00
-6.834109363377899093e+00
1.998710220936122717e+00
-5.925241425557652875e+00
-3.404547863805331698e+00
6.057552056027579290e+00
5.951190675109387485e+00
9.522308838696677213e+00
-5.875054591816212479e+00
8.967633628569670279e+00
-5.985567571046273017e+00
-1.634940389947714223e+01
1.420807122321467375e+01
7.222783654032788547e+00
2.816429407411947139e+00
7.153081580445168619e+00
9.505683012733541215e-01
9.610909439424457190e+00
-6.537636986963380359e+00
1.107774978313510683e+00
9.519692104519386078e+00
7.868320422399743386e+00
-6.103805361256299022e+00
2.403998105055025203e+00
4.867786841963755329e+00
8.777359219459910378e+00
6.070653101801139151e+00
-2.225197853406863935e-01
1.440140722796876688e-02
-1.904233580440306772e+00
2.111778763670872472e+00
3.643484857115879105e+00
-7.536262030862443062e+00
-2.475991454202760345e+00
-2.079085293479181473e+00
-9.696050510928911237e+00
4.049986437989232968e+00
-1.448762355392408274e+00
8.987377096718810465e-01
-2.092489762396344322e+00
-1.494634035492079072e+00
-6.124747139933688800e+00
-7.903507927875439876e+00
7.460280549182090937e+00
-8.773288247572693876e+00
5.390094568547143528e-01
-6.471642859368810896e+00
6.770727540725250293e+00
1.764231321192741397e+00
8.484995852014938222e+00
1.270835136163083190e+00
-3.233455593384130466e+00
5.383060910392309495e+00
-2.983883966743061666e-02
3.176535992956361021e+00
-1.082930363778782201e+01
6.406569489059508626e+00
5.664524349078247312e+00
3.120103859832264459e-01
-2.421862996399357204e+00
-7.112661770812825246e+00
2.310551209784895921e+00
8.496118011553653204e+00
1.583952610120471505e+00
4.886190872172042177e+00
-3.978912969426398050e+00
-5.581911298601361260e+00
2.906829524788601127e-01
3.213086240929757587e+00
5.267333062804738120e+00
5.607425343977329391e+00
-2.629885932207296939e+00
1.092153770246726197e+01
1.000460077994076435e+00
-3.804803298630057284e+00
-1.331773362302988595e+00
-8.752001435318089051e+00
1.299266034183065077e+00
4.738351819393969322e+00
1.019654325176495746e+01
9.446000041528122892e+00
1.657404189003409689e-01
-1.537653889246256789e+01
-6.966342811427970183e+00
-3.029013733441761946e+00
-2.746434330582070427e+00
-2.974389617103373684e+00
4.340219222605194993e+00
7.998724679524144676e+00
-2.653257102670783851e+00
9.134182503331818026e+00
6.173731981728668217e+00
-1.670036411932877662e+00
-2.738680925965210289e+00
-2.043030890107849551e+00
-5.891231982799351563e+00
7.660924215628480027e+00
-2.343447783195521605e+00
1.895072731847738057e+00
-3.546970445311603992e+00
-7.623029005992913998e-01
9.010551080116602662e+00
-7.203963690869010783e+00
6.177017629121475117e+00
-1.320736038946972535e+01
-3.386052431594182011e-01
4.429751355994255846e+00
6.126004940928020837e+00
3.580342709454444439e+00
6.149595455292409696e+00
-5.078959517128358137e+00
-1.425789865030826320e+01
-2.483995470295217611e+00
-2.228472021275871295e-01
-1.993294650629827691e-01
9.796542958310546112e+00
-2.434998927641202293e+00
-5.594553165712207843e+00
1.636586133875195248e+00
8.383229793045956502e-01
7.629081883699715405e+00
-5.522040044817790871e+00
6.757877356844917749e+00
4.152794595624427210e-01
-6.061024426618981664e+00
2.491043135524094954e+00
-6.610250879011226210e+00
1.318184672758003106e+00
1.428218287293533351e+01
-1.122299037563985458e+01
5.918991984143550100e-01
-1.286432109181931338e+01
