9.995368392672785429e-01
2.851933203434978026e+00
-2.275874416059565863e+00
-2.631296987748280719e-02
8.049063109673724181e-01
2.058000948539638664e+00
1.061154834085572762e+00
2.702529670429484554e+00
1.448679913181821766e+00
-6.825771808882648006e-01
2.301327490056716663e+00
-7.698594303977045472e-01
1.826044537821050140e+00
3.636052941750706147e+00
1.762958103685476452e+00
8.854419279707057555e-01
-2.349259071410807476e+00
-1.955354448670057366e+00
-7.742996697920884186e-01
-6.003616330097751863e-01
2.052151369087062083e+00
2.984581967315808715e+00
1.170424363168499404e+00
3.920723866322671225e-01
-1.890020978829852094e+00
-1.247584549776135310e+00
-7.939563575544340557e-01
-2.230103069077667755e+00
1.573324144932339852e+00
2.178070727715275989e+00
-2.766056492781817422e+00
1.733165631804520990e+00
1.296076279958965793e+00
-3.867470156870828069e-01
8.008771510207186584e-01
1.132938530934095356e+00
2.211194330869786784e-01
2.151344044535592914e+00
8.679260379146068738e-01
2.861760807645531424e-01
2.497155567204744742e+00
-4.550618526593458446e-01
-3.106261381503752639e-02
1.851469416595202144e+00
-1.920105988444586576e+00
-1.897275760395830346e+00
2.445206668098703684e+00
-2.523041676317113513e+00
1.847895311386995365e+00
1.866076474567121224e+00
8.337325334337833960e-01
2.073453840425251826e+00
4.283599278109907260e+00
-8.967235400382591592e-01
1.137932606353616816e+00
-2.067857351644280417e+00
2.950182298448452034e+00
2.487439000771865416e+00
1.396753901868177827e+00
-4.459078844646686690e-01
-2.904581453212201625e-02
-5.232811970605030782e-03
4.822786226700486178e-01
1.037112645921016485e+00
2.103076584723350795e+00
-3.309815486339385160e+00
-2.026368513851593445e+00
2.887284184244643392e-01
-3.139617199570272188e+00
1.590351254584199348e+00
1.833259692125754903e+00
4.025690677367215198e-01
1.178893022124430701e+00
-3.614866047026792373e+00
-3.311993191783282331e-01
-1.496422111336586092e+00
7.401071956897554704e-01
3.128006636187886436e+00
1.788207807933602123e+00
-1.882865730269766447e+00
1.324290347564880399e-01
3.755915708419790278e+00
2.069943437056593005e+00
1.853425734748149534e+00
-9.693534498774144526e-01
-4.328072139169358845e-03
-1.163281678717928092e+00
5.955173851767685544e-01
2.821333912187729442e+00
-1.958575200462398858e+00
-7.074400837869564418e-01
1.237044878363337430e+00
-8.539919670461262324e-01
-2.303585772907730256e-01
3.752481665938836031e-01
-1.020396908603012909e-01
3.962110644948062088e+00
5.211702602792483985e-01
-2.285533690589270250e+00
1.045236652920596976e-01
-1.189311453426858511e+00
-1.771898559050220312e+00
3.919915760132932636e-01
4.136881959804959763e+00
7.394870784767243466e-01
-4.596861478129526390e-01
-1.148178109367831823e+00
6.727297196922534805e-01
1.818701122008207882e+00
5.310437476220376818e-03
1.658777832390316842e+00
5.680637850769655328e-01
3.223176061480201859e-01
2.048824821506579852e+00
-3.388590546233280154e+00
-8.427846402875009968e-01
-2.532468625058783562e+00
1.989750447565888258e+00
1.037206275745229833e+00
1.581594272744030194e+00
3.096722026234070002e-01
2.876839240971355238e+00
-1.850526879909200062e-01
2.537608606922087340e+00
1.190207623853438701e+00
-1.092112958691477953e-01
-4.499350049360075765e-01
-1.552320913999509333e+00
-1.010026672456850738e+00
2.394725420053047393e-01
-9.666666263731178432e-01
1.895062880607252920e+00
-1.945978002583804045e+00
-9.196967545741973060e-01
-4.427944116097517480e-01
2.017720125517399765e+00
-2.040900594559926229e-01
6.174450977315848466e-01
-1.290110580228115644e+00
2.625611610709656318e+00
1.330270122548534273e+00
-2.584167192359127174e+00
-2.126192889736204350e+00
-2.246645586485914059e+00
2.760600476351180443e+00
1.952156876402882713e+00
3.486927551522518876e+00
5.070940002779638078e-01
-5.850843948235298075e-01
-1.163184237355835648e+00
7.814458285021905759e-01
3.584750414786141537e+00
-2.015954373098593488e-01
5.781062974556034906e-01
1.198919350722766675e+00
1.673382623286865822e+00
5.132641587710409237e-01
9.051101161898300607e-01
6.713877192516323200e-01
-5.647749543619359214e-01
9.214509847864021941e-01
2.409813216600324992e+00
-1.491082167051903884e+00
2.343110137155692385e+00
2.239208284185947584e-01
-4.052253325952470675e-01
-2.077787411680025453e+00
1.106839731730162368e+00
1.418006245988295166e+00
-1.644370843345109190e+00
7.816357002412788191e-01
-5.315938054638749133e-01
1.315156431336488740e+00
8.419509866914316465e-01
6.663638652654935157e-01
4.828291958675238194e-01
1.870306237153850137e+00
1.914426954850292795e+00
-2.090029234370506472e+00
-2.718900514399889001e+00
-1.237526336048401676e+00
-4.247995813113072394e-01
5.765403751032468493e-01
2.462666760726590631e+00
-9.194174257060319100e-01
-6.890509091805980812e-01
-1.696509479554444866e+00
-1.369156195639548823e+00
-1.907044753075541887e-01
1.752590311020700287e-01
1.375042912623092528e+00
-2.378130519070222881e-01
-2.289273554064660487e+00
-9.529147526694715653e-01
1.526584910559722896e+00
1.487407380191135609e+00
3.266221028136213067e-01
-7.038061676443818637e-01
-1.237255667317213037e+00
-1.136305118760746691e+00
-7.029216748804308912e-01
-1.727787729968643049e+00
7.852636662361892617e-01
-9.244287229539366324e-02
-2.395001628820409012e-01
-7.757275367387370668e-01
-5.882724231517946212e-01
-1.460001947281934331e+00
-6.049816495279614070e-02
-7.837989311857824770e-01
1.208008715179106352e+00
2.271669717444735614e-01
6.689476645365168839e-01
-2.900264273775086998e+00
5.832081628206767787e-01
-1.868713982012176089e+00
-1.145675366634576697e+00
-4.069115988817367580e+00
-3.075696008485184207e-01
2.708681410348567908e-01
-7.127925964225704236e-01
3.094686443739785187e+00
-1.094777380985590298e+00
3.029767388976611908e+00
1.330230972465278549e+00
2.973623374962071964e+00
6.279718543938473951e-01
3.892810718109206425e-01
3.919074750532321794e+00
-2.863713046346662239e+00
7.169948652727686778e-01
3.149403623073058212e-01
-9.338930211422116212e-01
2.945407061318483510e-01
5.637581683668982935e-01
-1.811679697143577572e+00
-5.193664340972650173e-01
3.791996006146722831e-01
3.438870650642111837e+00
2.232729353393626326e+00
1.478031200672368817e+00
-2.683974129427770805e+00
1.090539999800501203e+00
-2.536539491695728898e+00
2.662068535660187418e+00
-1.750865258042381800e+00
-6.400285118012009056e-01
-1.342786891845944464e+00
1.921602033038661173e+00
-1.618092858971608816e+00
2.289171087385090342e+00
3.282043821845016751e+00
-2.425573472708226319e+00
-1.189963570029842987e+00
1.968326988234874175e+00
-2.829283746066740157e+00
6.572051907898678325e-01
-1.290747968688027658e+00
3.884770105598104983e+00
3.839905808221394379e-01
9.721717347981588819e-01
-1.367650665082814854e+00
3.119672069872959641e-01
-2.406270463678101823e+00
1.258001634905190125e+00
