-8.522733823480654891e-01
1.786363804716435411e-01
-9.146325509272135168e-01
6.826900493818190974e-01
-9.047461280095006053e-01
-5.190189338680126774e-01
7.704597012121721100e-01
6.902315273919348293e-01
1.836712879129935860e-01
-8.550783496646707782e-02
-9.690198012632715852e-01
6.926485948737199916e-01
9.723964140520369170e-02
1.151611168554811382e-01
7.388237118455320829e-01
-1.259490328734451658e-01
7.622992204522587301e-01
8.399849029168855452e-01
-2.873401670195963042e-01
-2.515678121537685552e-01
1.491305258950441637e-01
4.063334488969785330e-01
8.584303172092790923e-01
6.017089109276854142e-01
-9.870616680888342209e-01
1.811323139374629854e-01
-5.747514191172322651e-01
7.944018512196284743e-01
-6.547754282033837470e-01
6.825994423038326264e-01
-3.959595457721860612e-01
8.779219889897893481e-01
6.759125034781632291e-01
-5.049894100283656151e-01
-9.540031840441325350e-01
5.640536924961974119e-01
6.571117859608446299e-01
7.995637296170399200e-01
3.671196750355181226e-01
-8.060403143162415684e-01
-5.275797064599312414e-01
-7.894352977599659038e-01
8.675971585321797797e-01
-6.754286158891984471e-01
-2.044971205173999884e-01
3.407253411910564633e-01
1.950324443884698944e-01
8.739616896977848715e-01
7.805089861714877841e-01
-3.503549790127740149e-01
7.737477225044187001e-01
3.687189200541316492e-01
-6.671796136487673223e-02
3.213424956949721967e-01
-9.179897156250873547e-01
-7.751602939529924630e-01
4.220815086400921956e-01
-6.905642905557294320e-01
2.670658520304691752e-01
-3.330501613669116789e-01
5.487730825151266867e-01
9.594964340580007800e-01
-5.890792147273904433e-01
5.121809514962678556e-01
7.103409322015101779e-01
-8.548359580203919172e-01
5.596957004739340213e-01
-8.209411373476749318e-02
2.804063445513449437e-02
-7.470948182267098669e-01
-3.626927813040619064e-01
2.855129621798622175e-01
7.414368074612509574e-02
1.664018076507589594e-01
-2.884503245256360149e-01
-1.436482436520951644e-01
4.165916036528758415e-01
7.100525827284043245e-01
7.153026314877131142e-01
9.931531291257884586e-01
-1.092066284777648555e-01
-1.243546544087503758e-01
-6.836738616643227573e-01
-3.199578629534034491e-01
-9.264562619771881113e-01
-4.032706816460447374e-01
-9.454191959252196131e-01
-6.309999990079093735e-01
6.409997387460855123e-01
-4.606887580884433397e-02
8.890688293860435909e-01
5.142154061411279287e-01
9.494262188495774524e-01
5.128469630780951860e-03
1.592974519154979340e-01
-9.607194490014079324e-01
7.297093929492304287e-01
2.895910904008427433e-01
5.830655388465344480e-02
-6.165118133535885114e-02
1.053243353600745724e-01
-3.499083043676873839e-01
-1.004350729002836395e-01
-9.225040854444441774e-01
-6.981500124387045592e-01
9.518830315559161370e-01
5.971466034509385068e-01
-8.870369128668587066e-01
-5.424065602478447268e-01
2.207047740926364465e-01
-1.121835775709123517e-02
8.485089612215479526e-02
-5.514634672846947527e-01
5.240095741201695745e-01
9.000487882517824723e-01
4.910420335727778696e-01
5.949295134566487953e-01
8.928972115347628691e-01
7.244996071091507339e-01
8.209432575075463756e-01
4.143579039045170997e-01
-8.485297005841649920e-01
2.833056225591441546e-01
-7.894905488524099901e-01
-4.305087026725153976e-01
-1.293018460910393408e-01
3.929511460160317604e-01
2.520636350023559569e-01
-3.762265686006509569e-01
7.017056986357854687e-01
-4.934193716295478538e-01
-5.348454635097652510e-01
4.253450891214280993e-01
-9.781649597745103453e-01
4.137101202165378577e-01
1.401054328749389288e-01
-1.694578636243488923e-01
-9.794824358637255202e-02
8.112969538554148929e-01
-9.960813641495060988e-01
4.106804794272271852e-01
-4.345922266346120555e-01
-1.363304419295190417e-01
-5.992297062716642753e-01
-8.384212045443861783e-01
5.330328611280805706e-01
-2.955598016740630385e-01
-4.511951856342935052e-01
-1.233362490995675298e-01
8.900835585682960183e-01
-3.041904182971808535e-01
-6.804239809173922016e-01
3.844349612545827632e-02
7.702056276667461621e-01
-3.682595855297623455e-01
4.253912151555077070e-01
-6.373238550214732623e-01
2.529653494176220541e-01
8.014100705766173949e-01
4.550062513867276781e-01
-3.654551004752006893e-01
-7.342665861701536123e-02
-6.379955126286382949e-01
-5.318373376947738151e-01
6.126716690678208899e-01
5.169661989159390902e-01
9.253874499624528127e-01
1.317148445523133038e-01
-2.008141901266387030e-01
-7.331173932255699022e-01
-1.209201026185298122e-01
5.598999231014971656e-01
-9.518872523012136266e-01
-9.579321160252700640e-01
2.508513026369549870e-01
-7.561796575616004379e-01
-7.772349624436671878e-01
1.312192013882538255e-01
-5.425434769784283073e-01
-3.922313667373640289e-01
-1.054497401077001406e-01
-1.595991675300589829e-01
-9.228626039942964265e-01
-3.195927105026097337e-02
8.927150655754545472e-01
7.561851353287243338e-01
-4.331488311693993953e-01
5.439438716715776501e-01
6.484520970969587239e-02
-7.274265480210724277e-01
-5.598814724907508200e-01
-5.574876981542962184e-01
-8.704677370380338175e-01
3.959134991429709149e-01
5.470256688078052321e-01
-4.042862905639357241e-01
-2.729932891955326735e-01
-3.009448289647054242e-01
3.689976514037112132e-01
9.997319432611626588e-01
2.822232668573738668e-01
-9.067693429294276797e-02
5.026460851672607255e-01
2.263658529440524259e-01
2.172753090036669832e-01
3.996126209532084861e-01
-2.901326559863606214e-01
-8.185672145722848736e-01
1.288711235312756109e-02
-8.380881707622436227e-01
-9.032188888350063394e-01
-3.224614972089958620e-01
-2.477439328302171173e-01
2.859219368135734740e-01
-7.349519170161287196e-01
8.417347765571228102e-01
-1.126563942571696675e-01
2.028620421203590762e-01
-8.226523971422097237e-01
-2.559263380570602209e-01
-4.719972690769016488e-01
-2.055564103348348493e-01
-8.318875675602532827e-01
-4.701368998086117301e-01
-9.596541410557308804e-01
-4.939108434337686759e-01
-7.149797819358092443e-01
9.373668049788423939e-01
-3.214776800316334615e-01
-6.516293050314554414e-01
-8.694678510209730149e-01
-9.839590619869835741e-01
7.824540932625514422e-01
7.046380230400517419e-02
-7.029641757115001610e-02
8.975666835772388996e-01
-1.690776948059786733e-01
-6.658669961525858216e-01
9.319113502837355067e-01
-9.922399432352482229e-01
-6.980014612407101637e-01
-5.444902098184980499e-01
9.351266938503157711e-01
6.738891808860663080e-01
1.039656349297286564e-01
-6.706226128105134965e-01
-1.111777877830153471e-01
-7.044429982684978775e-01
2.170015166261807238e-01
2.085790441397541439e-01
-1.039410559154159142e-01
-9.962077599623866409e-01
5.317676174547079082e-01
2.851933889857423132e-01
8.683023529701585641e-01
1.955996304104830052e-01
2.704545129940023607e-01
1.325367790141960267e-01
2.012527134274673113e-01
9.520455726199834601e-01
3.323101563663612978e-01
4.394058748774236633e-01
7.631314414193317575e-01
-8.451756153188139109e-01
-5.933855064201605245e-01
