-7.980732582096390360e-01
-2.252936680640964529e-01
-3.654956302238887567e-02
7.902932451783843959e-01
9.721173793754838144e-01
8.526153826298843441e-03
-8.917656733472523189e-01
4.744978641469423941e-01
9.592679791004381507e-01
9.751210191727575083e-01
-9.996023500430450959e-01
-6.524723835149681683e-01
8.917634405334078362e-01
1.901447852893924928e-01
9.344663603669050023e-01
7.746750758275464666e-01
-4.313471520079636967e-01
1.038382480860688961e-01
-7.287954032287122796e-01
3.414384513330108728e-01
-3.949593343486148544e-01
9.425374431678230636e-01
4.727590525057134840e-02
4.130274843894898851e-01
1.228414426102366619e-01
-2.937331858436003085e-01
4.476589418169352186e-02
5.496472485076071557e-01
-3.257422982675195477e-01
3.516026154732829756e-01
9.884245546871313071e-01
4.820794026787960096e-01
-9.787267781645914155e-01
1.039785264527215425e-01
-3.081217725168627908e-02
-2.600720135474015038e-01
-7.027830717376468694e-01
5.477239331484271556e-01
6.660173847749575327e-01
-3.186055847812907516e-02
-7.412579082591532753e-01
8.331287573575789640e-01
8.193548244383499490e-01
9.181557210205444353e-01
-2.454053395183373176e-01
1.177078803480451352e-01
-4.704383595488781378e-01
9.037666639064587670e-01
-6.489373113174110586e-01
-1.663136081723646242e-01
7.439323255026826232e-01
-4.313430608150448098e-01
1.048302245390346776e-01
-6.960985464917679444e-01
2.816816994005397756e-01
1.384868822820271017e-01
-3.059852795116746460e-01
1.957423854436795008e-01
9.666077201389797757e-01
5.791096814053673381e-01
-9.515365157379298555e-01
-4.348414249045751134e-01
4.027222940670700524e-01
-9.973283456143788861e-02
8.867458221063870827e-01
2.121368720549388076e-01
-9.786125718794402850e-01
9.865912021128859788e-01
-5.601853224695299005e-01
6.146877942025241737e-02
-9.236848800220887057e-02
-4.358980042150237821e-01
-7.668394375683194042e-01
7.334861372890131292e-01
5.439847476810857341e-01
7.160643268943716055e-01
2.038732855629457053e-01
-6.638331678719389117e-01
5.320849348822367375e-01
3.342293496731048030e-01
8.832850043213040792e-01
-1.345390791364311500e-01
5.603924516071612238e-02
-4.028130135946297319e-01
-9.531925843351396477e-01
-6.765736107262616539e-01
-8.080702863214146436e-01
-3.706584043169354192e-01
-2.205748436087611175e-01
2.470636799721523946e-01
4.079199724246251879e-01
5.086239261017344582e-02
-5.664964576281183994e-02
9.201538885454427774e-01
-6.084698857126142890e-01
9.978054079532034937e-01
-8.425381779525298320e-02
-8.446026988542503222e-01
1.924122166423649638e-01
3.888583051225635856e-02
-1.241739978855056492e-01
-8.272840881803615876e-01
-5.766751527221751772e-01
-2.054333931978002958e-01
7.788805712759832023e-01
-8.103008606758346222e-01
-2.431772683954898095e-01
-6.298836857561949110e-01
2.823870258379626019e-01
-9.673151554297056975e-01
-9.035472985614789732e-01
2.084148779961694231e-01
7.007944092076396903e-01
5.825319674601685538e-01
-5.554258370329963057e-01
8.128835350936216564e-01
-3.831777699266147863e-01
2.266100373226769271e-01
4.498866315495928525e-01
9.600120222454113783e-01
8.801806369288445175e-01
-3.201657145076586275e-02
5.762457677391130684e-01
-2.164598344623667181e-01
-5.310671753599884859e-01
-9.662460551404323805e-01
5.243701099619164641e-01
3.739755825534616385e-01
4.836220425484634156e-01
-4.704184643596047710e-01
1.729257087523972114e-01
-9.810509944654139947e-01
-2.011002952789646692e-01
7.006902631976286155e-01
2.895959271161083759e-01
-8.871188065541635304e-01
-7.178829648662721219e-01
-8.108064982160290146e-01
-5.295867434819234720e-01
-5.788162477629226199e-01
2.249214892942454913e-01
1.163332306318070053e-01
-2.452765792662217059e-01
6.518101752123679482e-01
6.624108854721153516e-01
2.625592233727025437e-02
4.419971199476271373e-01
-1.367247246487361956e-01
3.992666876546278054e-01
-5.698571216240981840e-01
4.743354317125494379e-01
3.332484696525175316e-01
-2.731524439852763830e-01
-9.492084696802229882e-01
-9.431338372311672824e-01
6.255741382934398853e-01
-9.089917413287456061e-01
-9.259286546851865918e-01
-1.373214682171663981e-02
-8.416525126459790673e-01
3.922873677434870476e-01
-7.780409318151881859e-01
-1.929668048925337054e-02
9.538746444109260647e-01
4.356735505403557251e-01
6.952819245207608745e-02
-5.796413828536766122e-01
-1.457304728125212723e-01
2.152990980932831810e-01
1.009054042569130782e-01
1.667650454156035522e-01
5.846578574491423375e-01
2.223863355104036543e-01
8.527727860543017346e-01
9.990842860594892905e-01
1.813474261459326886e-01
2.186533884387236171e-01
4.766856241953216777e-01
8.104215269606847016e-01
-4.369461286924529730e-01
8.615753260630625299e-01
-7.259708232386692384e-01
8.879224043485278717e-01
3.768352137252806155e-01
-9.778264987427536248e-01
5.300208123085485834e-01
6.203262588518574372e-01
4.923528206687350917e-01
4.819579281641397372e-01
8.946004924675099446e-01
-2.500007625000528755e-01
4.041521522787450138e-02
8.734215851177009604e-01
-4.190915257637504165e-01
-2.013861029349011122e-01
3.166485810895383057e-01
8.789935142585534322e-01
-7.718374889830053043e-01
-9.879887728341429920e-01
5.796119518178044494e-02
6.149309485848926116e-01
8.266995477718956931e-01
-4.029858987306820239e-01
-7.846869816134656173e-01
-6.793951187273636894e-01
5.541292568075051328e-01
7.077141693803121747e-01
2.418355419291557951e-01
6.782348255496108980e-01
-6.227990618683698631e-01
-7.413594287093268065e-01
-5.801930060153970281e-01
6.076994754286086931e-01
7.980711310519155166e-01
9.990869543609546266e-01
-8.122885641173613891e-01
-5.921117942961751091e-01
-6.443382724872597223e-01
-1.968946199082199922e-01
9.499949696696066148e-01
4.204078280482239638e-01
9.223575648327777543e-01
9.418284586514076295e-01
9.660422085370210521e-01
-1.800481958304744889e-01
-1.599023575874256586e-01
1.909944440343449568e-01
6.155601727888821983e-01
2.017084346232427272e-01
-3.746493008839646421e-02
-4.506727784547630566e-01
6.356005294305846487e-01
-4.426225467651818679e-01
2.706547530188552209e-02
9.119203894709673186e-01
-8.429749058169497822e-01
-9.705133406153554354e-01
7.895933491622464384e-01
-6.074557213025311153e-01
-3.273638102969695929e-01
6.194316487550799444e-02
-8.848173240665173633e-01
-7.092184853225516061e-01
7.389763040972621155e-01
-1.778846655261638876e-01
-7.538177329418953576e-01
-1.985847215556812984e-01
-5.910425922955804268e-01
4.582904222702004482e-01
4.224569185418767248e-01
1.115788191211415370e-01
3.155105273488314488e-01
2.075084447493178441e-01
-4.122442106894022018e-01
-9.180880218299258821e-02
3.670120726334691330e-01
9.028108429752756958e-01
-4.042566140463996760e-01
-3.894586511603788104e-01
8.320672901400829602e-01
3.520127610118284345e-01
4.031107927746575559e-01
5.812631443175431123e-01
7.008090942040781091e-01
9.675676414949774262e-02
