3.194094324914493743e-01
6.813844051783437550e-01
-7.411005022900085670e-01
-4.330865505810645999e-01
-8.155304552099231774e-01
2.764942388696267628e-02
-5.701746671467857741e-01
-6.703517553724795963e-01
-8.191627092575795022e-01
-2.444709838894389975e-01
8.134293362592381893e-01
-6.851452064983716284e-01
5.256173184433143852e-02
-7.276298511190619767e-01
-1.430718844486031927e-01
4.646450113461881859e-01
8.670444464281068520e-02
-4.475902384448011695e-01
9.498952328145897628e-01
-9.286517710056767516e-01
1.856070051173879243e-01
-2.741362037818007025e-01
6.257160512945505459e-01
7.483352757980903380e-01
6.403465824280776264e-01
1.377129848548979130e-01
-3.758344690175354774e-01
7.870531948292400770e-01
-7.259309561547251377e-01
-2.340093896309010102e-01
-7.645799538256503602e-01
3.983622661114627483e-01
-1.669544341819786393e-01
-1.474367251389443467e-01
1.425983684847096367e-01
-9.039879487270263692e-01
9.335631815034084457e-01
-4.136364595554677948e-01
9.336020542453138393e-01
4.844964588927027638e-01
7.535123837910964184e-01
-3.096972902502539426e-01
-7.325624483700365897e-01
-4.129304314597859182e-01
-6.364768747080735700e-01
5.016199145332713716e-01
-5.170587932539727483e-02
1.601045606465700821e-01
-6.037032656255436613e-01
5.096720733194328723e-01
4.342428588702329506e-01
4.129917351665834957e-02
-6.367251233560824453e-01
7.137304648795019801e-01
5.286900220728443234e-01
-1.668969240876598814e-01
4.272836775315105307e-01
9.065838488631385861e-01
3.180931318425614940e-01
-6.360347884061008372e-01
6.610603436065263239e-01
-2.124139485338503164e-01
-6.250582816416154763e-01
8.721549751398760542e-02
-9.537863016165339936e-01
1.512248468270609436e-01
-9.459990421066049038e-01
1.874339299515770385e-02
8.343402781235718102e-01
-9.232924062735676785e-01
8.450663285082484766e-01
5.043940010094709603e-01
9.959949553550613288e-01
-4.270301872617221495e-01
8.431563527140728542e-01
-2.029087883941183001e-01
7.371022419604933429e-01
-5.708200897502164750e-01
6.763249545000598051e-01
1.546264252523621430e-01
1.668600661749959357e-01
-8.929197505331578633e-01
-4.072147965176446949e-01
1.123953247342914796e-01
-2.456385848144737594e-02
-3.650294240759599518e-02
3.444239724006987746e-01
-7.801163026858040084e-01
-1.744644184110328844e-01
-3.637876511358317799e-02
-1.349187706292795941e-01
-7.209468223500150597e-01
7.220146041940254111e-01
1.989982505864138496e-01
9.439896508946468145e-01
-1.993951166880292281e-01
-1.002870146772030235e-01
6.534829810854381194e-01
-8.993855131306438544e-02
5.314952139858237778e-01
-5.269328871633311984e-01
-7.870244038284754939e-01
-7.823539846956049093e-01
5.408269970046639674e-01
-7.324032997045568649e-01
-4.895969022908475132e-02
-6.742303707233667787e-01
-1.490753253336882800e-01
6.038323056838645897e-02
4.514087028206650309e-01
3.637801590048641565e-01
-3.559803796772331719e-01
-6.952908132472399583e-01
7.472901456103933082e-01
3.285665735283316291e-01
9.019343530251942020e-01
8.329022628883921975e-01
5.180345200359977031e-01
4.059144936863607889e-01
-6.479953964933125032e-01
-7.866413777166822996e-01
-8.005268721116256536e-01
1.196536286344038746e-01
3.035996670635687789e-01
-1.023463986854620256e-01
6.914268639238780878e-01
-3.826127700251413799e-02
5.349427285253669506e-01
-7.374313449576530566e-02
9.898209200988750123e-01
6.370297428530322659e-01
-1.806544265188854137e-01
8.034807342525884799e-01
5.645150522555930639e-01
-8.824617816385100788e-01
5.040659009325856310e-01
6.735598971113274658e-01
2.415132596626183847e-01
6.869675983565524113e-01
-4.297167781422610577e-01
-4.101259470993778855e-02
-8.196246696763465067e-02
-6.303741168839542830e-01
-7.852194213691396918e-01
-5.732241428888249501e-01
8.841780325911376970e-01
1.675574288268433243e-02
-5.423127645825653875e-01
5.367053609172185435e-01
3.484806434733991320e-01
4.998020805722869220e-01
-4.130076600680026022e-01
4.548661327051599645e-01
3.456704917569419777e-02
-1.786941215003150507e-01
-7.654266415004828961e-01
5.617145819888906821e-01
-7.812637301218849917e-01
-6.256939548008104701e-01
3.458795970318078172e-01
-6.986908131023901181e-01
-9.649478177309886995e-01
-1.978581783480064527e-01
-3.819958963642722249e-01
2.013144212186479542e-01
-8.718147517400924862e-01
1.329838276516022155e-01
7.309344752918802701e-01
1.423420897022704690e-01
-6.922137640721295337e-01
-5.984540813740677478e-01
5.606858138234627198e-01
-5.279298565129808551e-02
-9.384082091973757755e-01
-2.715055095519347539e-01
-9.074279739063577654e-01
-5.726562725310131441e-01
2.602153072634385556e-01
-4.423010886397731323e-01
6.422166324526057402e-02
-3.195640606500349534e-03
-1.442216377920397807e-01
4.839316088293799112e-01
6.566226038551254973e-01
5.887813023543688740e-01
-8.785105653860370012e-03
-4.605733863817329521e-02
-4.946261482653595554e-01
6.714413903072862233e-01
4.606018130365188146e-01
5.588813822794223007e-01
3.798532424587806045e-01
5.747771383209330232e-01
-8.890483654147141035e-01
4.391592994928998905e-01
9.041968976407630532e-01
1.122412576650673177e-01
9.967578537067440791e-01
-2.536797569510831352e-01
5.773267966749986435e-01
-6.073411068119785039e-01
-1.127261037217071049e-01
-3.330085227230381584e-01
9.953755915215711791e-01
4.592129225629479894e-01
-6.217864880571790653e-01
-7.248846430837398991e-01
-1.142226670737367389e-01
-8.967877472315470833e-01
-1.289954225447587088e-01
-3.120060756307161398e-01
-4.407791032714372115e-01
9.575925941257426022e-01
-1.198351519000997456e-01
-4.452403490404497344e-01
9.109170852363595028e-01
-3.798479035418123040e-02
-5.946461413350516700e-01
8.501844139712702031e-01
5.520992694910575871e-01
4.936583039355424418e-02
7.427874861684944374e-01
7.407723138752309033e-02
3.806442576796253974e-01
-2.637628987340434605e-01
-7.080171792801344122e-01
4.967329628091696758e-01
5.570731759044300624e-02
5.639725164788678136e-01
-7.674087855047957429e-01
-8.225822990167728221e-01
4.517120728162684618e-01
-2.902658449737569590e-01
4.541682525224424172e-01
1.824424682108061191e-01
8.966255299784200439e-01
2.751029329948977420e-01
-2.470177937583741823e-01
2.896875062872779072e-01
4.846936095112073239e-01
-7.102573725018594963e-01
-1.420458173952419134e-01
-3.771916346524406549e-02
-4.379118391059719784e-01
-1.457869203465214092e-01
5.912972331012045224e-02
1.832436411260207620e-02
-2.916824164811648856e-03
5.500484502044467039e-01
-4.457289650433660100e-02
-5.831652653467820357e-01
5.573759713579888864e-01
7.731933412728175803e-01
-5.331560818032461402e-01
-8.517621674124875586e-01
7.808569234529767478e-01
-5.695423819832090562e-01
-7.269541626401057055e-01
-4.079785252518135508e-01
5.054159986969075646e-01
-4.512841696466640684e-01
-4.942505411629740664e-01
6.084422986227051577e-01
-7.346920966747367832e-01
-3.327577439152102912e-01
