9.589021437362031941e-01
7.188884850752441658e-01
9.054245700958766241e-01
-2.050898921552579690e-01
1.010561446412487907e-01
-1.044087091663303823e-01
4.126970836027263889e-01
-9.741306541510348360e-01
-6.565596393692623156e-01
-8.657013066976382287e-01
-3.092635347432941550e-01
-6.428226229112610213e-02
-1.935624031562743763e-01
8.895931075276518607e-01
-9.881256034171753688e-01
-5.576339448430540635e-01
-3.647643104357790600e-01
-1.297786089310309920e-01
2.079912193192243741e-01
1.562241429034871842e-02
-8.062954867448762775e-01
-5.745877421247438388e-01
-1.711549915591972226e-01
6.814520126918606202e-01
1.135766700037309285e+00
-8.896867643403321146e-01
-6.794553040582103076e-01
-1.150413261400922149e-01
-7.711672928984376618e-01
-7.420083948760869408e-01
-1.424219680479344330e+00
-4.873054921798742889e-01
4.886857380789131344e-01
7.553419162249209728e-01
5.104729869335582482e-01
7.441702816502071549e-01
-4.155182194922621974e-01
-9.129047142932902315e-01
-5.782729144020248846e-01
3.362992179285826388e-01
-7.839767222642525235e-01
8.515869464150837009e-01
-1.992954275099447781e-01
-7.977534539648889478e-01
-5.988336001424682253e-01
-7.925018138927026889e-01
1.711944347703209246e-02
4.602557396831790104e-01
-7.582837410645485443e-01
5.951090973610353441e-01
-1.184075020899362229e-01
3.938874014352451436e-01
1.797686266436646640e-01
9.381246717591861239e-01
9.482956768199186648e-01
-7.650817315219636816e-01
-8.152131529251098740e-01
-2.886872084244417325e-01
-7.509329062372591679e-01
-7.659970499338365491e-01
7.582089915057149687e-01
3.138519656778133715e-01
6.586569697829918191e-01
4.570075013332686176e-01
2.500994023909544062e-01
-9.037362268035531443e-02
-6.906808679110184590e-01
3.128342772775705161e-01
6.625782066583043584e-01
1.280022973189078872e-01
-2.146788134234505208e-01
-6.701486130448048861e-01
-5.170471488157644124e-01
-8.325379258125398252e-01
4.240671520920060722e-01
-8.741200538075029058e-01
-1.925548334363955671e-01
6.114085049530177951e-01
-3.343279854815195407e-01
4.477678909203817170e-01
2.930510134256127941e-01
-6.525650386547432458e-01
2.935926351671043211e-01
-9.991052852790223149e-01
-3.144949575899058658e-03
5.963261312609580145e-01
-5.382316441672911900e-01
9.951433853541648000e-01
-8.696657197280350804e-01
1.090442053461662342e+00
2.755835217022049033e-01
1.138880560083241900e-01
9.026458757615071216e-01
-1.630279155857561335e-01
4.816233861846840325e-01
9.407440586243267511e-01
5.160786251521520818e-01
6.362789552498619994e-01
2.933632161607144795e-01
-1.629651705455972266e-01
6.246364392814405253e-01
6.203592450326300689e-01
-1.161185682389198615e-01
-7.213358275589699664e-01
-2.597702059072011238e-01
-3.943460209402220862e-01
8.863056311091316308e-01
9.219573668898114471e-01
-7.243282963381872941e-01
3.588991198514314140e-01
-8.182744849242882257e-01
8.556948208328991612e-01
-7.126972149347303720e-01
-1.383174934752846585e-01
2.602176234171027502e-01
6.307573344326951048e-01
4.143401578568457477e-01
-9.592588538011753707e-01
4.587376044981454903e-01
7.768995662276370062e-01
3.410462645509912960e-01
-2.789876520066398857e-01
-5.013199484121877436e-01
-9.988747830369861802e-01
-6.651878214844302306e-01
9.516863875998686773e-01
-1.546349570507989934e-01
6.238826022064256627e-01
-4.111527322660091244e-01
-5.112492198487699202e-01
9.248133340936441904e-01
7.173499306499906414e-01
-2.028936982153526358e-01
8.768321754685898251e-01
6.112087676779287548e-02
-6.955420638047465909e-01
4.395439951029189718e-01
-3.024297310911037151e-01
7.166224263201218525e-01
1.038473693611630111e-02
-1.426291853360828199e-01
2.045826627756470728e-01
-7.827599379191209072e-01
-9.886941746740518511e-02
-1.004428498977803841e+00
-3.624515369096059647e-01
8.371652114232267516e-01
5.073205534537643668e-01
-5.494304798039515436e-01
-4.531898655068749004e-01
2.960103341326631998e-01
-9.712938777851527483e-01
-7.881264613637822825e-01
-1.684422626085309016e-01
-6.592995472982581262e-01
-9.057279355667229304e-01
2.203017649210958218e-01
1.513403106349702210e-01
-3.212700768293088593e-01
-5.508707188741370775e-01
6.888921013323260345e-01
-2.833954944627259387e-01
-4.461198181622041403e-01
-5.581031838062329165e-01
-7.633285089670138746e-01
2.783589654824309978e-01
6.089514242343869732e-01
-6.790043531483789252e-01
-2.786457158367827702e-02
7.689299678730039389e-01
1.915438351435012621e-01
-8.109438630732146436e-02
4.590766961932022383e-01
8.744212945578675455e-01
-8.046380671509894000e-01
-2.790264210528079492e-01
-6.282871759963142289e-01
3.683916959829236504e-02
6.642980747956543919e-01
-6.645594807235359891e-01
1.460318491801348983e-01
3.328629398915705639e-01
6.413062990327815793e-01
9.190391995639521916e-01
-1.854469474917319616e-01
7.465190882102638037e-01
-8.990415431942397895e-01
6.157153629060760913e-01
6.600169696897495442e-02
7.733228490865573512e-02
-7.732256418927505592e-01
-2.259177696845537930e-02
-4.679085807420628185e-01
9.015825889256690040e-02
-2.079912047445107159e-01
3.668592712635243558e-01
9.528386409861614448e-01
6.726431655350347816e-01
9.097480320146754673e-01
-3.235917547042537201e-01
2.426814670297383625e-01
3.110583323868543193e-01
2.430600240259018774e-01
-2.043304195931794354e-02
1.312808479484723900e-01
1.364862846643699612e-01
-1.446037671296833693e-01
4.423946402822525048e-01
-2.248551229410360452e-01
-3.863165497181788588e-01
-3.323339923818215969e-01
-1.481344424853237030e-01
-2.550784770151426351e-02
8.887304518378886797e-01
-2.092997009238040107e-01
-6.630161981316291531e-01
-6.344544623001380224e-02
-9.313664753157842036e-01
6.142135093703826598e-01
2.486392233156985432e-01
-5.356668623057281309e-02
6.308556557354545458e-01
8.444547701991247379e-01
-4.764230149034744954e-01
-4.125977044486495160e-01
5.415771195677332450e-01
2.111509821184049951e-01
1.093600383825492628e+00
-6.797612341831267280e-01
-8.811084826324574459e-01
6.028221835771148118e-01
-6.502751739262628838e-01
-2.809729060013670399e-01
-7.599573718633770847e-01
1.491296200639360414e-01
-9.065828437622260871e-01
4.873387950831873372e-01
3.482468394118343191e-01
2.097091958501982045e-01
3.000511883916636702e-01
-6.995053746781563220e-01
-4.181488098508641116e-01
5.074179185079501497e-01
-4.321922372714295246e-01
7.482684794971015130e-01
5.785987986177154596e-01
1.181354403781051943e-01
5.338069922576453852e-01
9.803405511301186426e-01
5.689874619515982168e-01
2.215556833952541105e-01
4.771656049128829569e-01
7.838043459100333399e-01
-9.701059518301979878e-02
-7.276480741935348329e-01
3.572923216764796184e-01
-7.274283174155945497e-01
-5.561559186462796678e-01
3.804592736157874633e-01
-3.435187977530418380e-01
3.191525587179879775e-01
6.505983567571963500e-01
-5.480972433139641442e-01
-1.449503481314740050e-02
2.825200983559561507e-02
