-5.906047261276439198e-01
8.116048388275958203e-01
-8.338836930626793986e-01
-7.227403297334609178e-01
1.264002753984898586e-01
7.767473571238814323e-02
-8.243372412776581726e-01
-7.679888847221683079e-02
-1.915501739408844717e-01
-3.451155649695591965e-01
4.894785573064626139e-01
3.144677446857091496e-03
9.182415881901284660e-01
9.380143395101931958e-01
-8.166470791084587955e-01
-1.388820108961041910e-01
4.112123122507784778e-01
-2.022401145353631691e-01
9.981108149110722305e-01
2.923904946074116218e-01
9.527928645298686661e-01
2.340430640879773705e-01
4.061983422906609853e-01
-4.142628585126175711e-01
7.188907388937715304e-01
7.254265682432303741e-02
4.231794115352096597e-01
-4.938918855751595061e-03
1.689686139560173661e-01
5.390183288738041867e-01
-1.670139511501560481e-01
2.928173006764749342e-01
6.322236914100658467e-01
8.137535336089363192e-01
9.961954592169355305e-01
-5.365608905697321074e-01
2.547866277082331266e-01
-9.537620299823987846e-01
-4.996620126808117845e-01
2.837738446879316534e-01
2.994536403393475155e-01
-9.430944508897023404e-01
-8.532303634689448746e-01
9.270842660218396869e-01
3.914958202244565033e-01
1.255662743776997381e-01
-8.699891053704746913e-01
4.714815473984250715e-01
2.369307207309321317e-01
-4.721324078184030437e-01
5.470093616469271502e-01
9.113452904661685228e-01
3.189947956822869468e-01
5.638484125639451339e-01
-9.491850148784028995e-01
5.509416821516313068e-01
-6.308135625657913526e-01
-8.974454750606570830e-01
3.786264137044177414e-01
-3.031312753447266140e-01
-4.940783195845883657e-01
5.570059944239300620e-01
-4.774582124807420502e-01
1.152983558149511811e-01
-5.803625246023069728e-01
5.042948922807439782e-01
2.133636790348951706e-01
6.846757804607368492e-01
1.824255049400669293e-02
7.468171122264173345e-01
-7.243623797285729804e-01
-5.224707236660011134e-01
2.493648031477888605e-01
-1.962520821611573041e-01
-1.735433358003728443e-01
7.662372062325313316e-01
-5.205296204882168265e-01
-3.547075982114016313e-01
-2.098259251674596815e-01
5.685460215693372010e-01
4.318646915671129349e-01
-9.947613520225286887e-01
-6.094510708079399208e-01
-3.727101236037297927e-01
-6.150110387277614166e-01
7.040739764370962384e-01
8.214511785684455170e-01
4.705124119169468155e-01
5.741788236140799029e-03
7.727808521517456342e-01
9.056776926028753394e-01
-9.250697865981487578e-01
6.313703268044739136e-01
-2.844001301290346451e-01
-9.211040063650852705e-01
6.409928131961395437e-02
6.696804568832204207e-01
3.961066782642765904e-01
-9.592499031733918713e-01
8.859271722122341597e-01
8.034707633167676999e-01
7.251677420997266754e-01
-3.698760676245245183e-01
7.478943721683926071e-01
5.444498752792872320e-01
-8.616866640340445915e-01
-3.116863286774880226e-01
3.513333814026298185e-02
-3.259150417270706424e-01
-4.338311807155281752e-01
-4.859919779284014307e-01
-9.718300665292167739e-01
-5.728846262204068118e-01
6.222819890797843811e-01
-8.529171749546176073e-01
3.842965715384742964e-01
-3.381717848749059563e-01
8.310166812609838249e-01
4.327048596904952138e-01
-3.713588739373940850e-01
3.989037251700233710e-01
-6.774697331521342125e-01
1.000244963677467958e-01
-1.148762712976036937e-01
-7.685562867442174984e-02
-6.550033036976841139e-01
1.373873689939404397e-01
-2.905582459813011997e-01
8.151038409285549236e-02
9.515295791784241786e-01
3.947309871805981807e-02
-4.732458143984663579e-01
-6.448375777558839061e-01
6.795185627392332783e-01
-3.141372191647289203e-01
-4.827479296494667782e-01
-1.477131176966912651e-01
-6.579505658920385969e-01
9.445288271228613475e-01
-2.230859921563645987e-01
8.964266859492908690e-01
3.258149400445096155e-01
-9.686687506765534472e-02
3.450005590902072150e-01
5.300303245015103304e-01
9.189583686355990988e-01
4.208182505181736754e-01
7.173113078713893032e-01
-9.525490486825276548e-01
6.222611359517855600e-01
9.562954829285883473e-01
-5.558404497879141370e-01
7.293141333773978108e-01
-1.459948738105052435e-01
1.831696581860429163e-01
3.716992320194811850e-01
-9.237353597560682417e-02
-5.627786712055928842e-01
1.941131113665617303e-01
-3.147524009308164672e-01
-5.530520991840994771e-01
-9.778353529692696000e-02
-3.010270885248200745e-01
-8.364277808136115766e-01
-7.418401748638614457e-01
-3.224852545110001856e-02
-4.402739285935377556e-01
7.505164534921198172e-01
2.156917171066830008e-01
1.151688166495867804e-02
2.808039952556564689e-01
3.297660461088680606e-02
-9.220790469916684273e-02
-1.017259745667384863e-01
1.825009499903389454e-01
-6.948830466694226882e-01
1.646108511997905754e-01
5.717067237913346922e-01
-2.385553893012688498e-01
-3.209402958011020601e-01
-8.178889601024008638e-01
5.866308426695427958e-01
2.853754230757408195e-01
-7.562403106645085860e-01
2.310436727453808459e-01
8.938221176374800958e-01
-5.844855710154592821e-01
5.700201379469174157e-01
3.696006195047885079e-01
4.005867657373918256e-01
-4.051035166569254553e-01
-6.108337088585242824e-01
-1.517545234677077914e-01
-8.112844618105810035e-01
2.887828849362095163e-01
9.129837011200843122e-01
-3.554325927904142812e-01
9.595971172247441672e-01
-6.080239321263030128e-01
8.553859492454767288e-01
-4.130160070975412712e-01
4.896559875974166864e-01
-2.841949876090217320e-01
6.088638524583689371e-01
4.369985584772113629e-01
-1.546657023302289158e-01
-4.823618502792568208e-01
-1.426829744712831971e-01
-7.021846302491434599e-01
-2.553277741767845388e-01
-5.216167106875952975e-01
-8.496747340187689179e-01
-6.503221615451613147e-01
6.909755598691227352e-01
9.951894484163770205e-01
-1.921218346388544607e-01
8.136615967478861844e-01
5.218517963461146714e-01
5.832087078837482341e-01
-7.388461755089834604e-01
8.716935374284324745e-01
-1.075499934559942528e-01
6.163591405339228224e-01
-9.105771410307863523e-01
9.941349871899340940e-01
-1.275266828041619060e-01
-1.270325607955917757e-01
-4.837825511024280711e-01
-3.179654589540126253e-02
4.744678456064033156e-02
1.536286296885620573e-01
9.024829382229482277e-03
-7.974715635498053068e-01
6.239246164283445140e-01
-1.866884881739530044e-01
3.080409578881606603e-01
-8.656054519166749284e-01
-5.329012591151238709e-02
-2.692295347024993291e-01
5.026356553768243085e-01
-7.785722584690377701e-01
2.236821376396973537e-01
-4.820483483030546523e-01
-6.167475286285521996e-01
3.586873886460970606e-01
7.204882764452562594e-01
4.497464687145618090e-01
1.080418496990218635e-01
-9.179532652761912548e-01
7.178739729586165463e-01
-8.019621213733485465e-01
4.185266040982842384e-01
-7.138812450700962042e-01
9.066502617169089895e-01
3.551995369968665717e-01
2.958643343386524460e-01
-3.634238754287053563e-01
9.659386527364932640e-01
-6.531759174306612792e-01
-2.316385829481915071e-01
-4.728376729356897901e-01
1.208008589885278816e-02
4.590271479734078230e-01
9.952286480648617761e-01
2.801097523723907745e-01
