-9.403678100969139475e-01
-2.600913442854251301e-01
1.453607573777875306e-01
2.532738526543676372e-03
-6.316239522345534763e-01
-2.762744820894977860e-01
6.952132533323451824e-02
5.406261388924507028e-01
8.467467267664829933e-02
4.367507017537053393e-02
1.320627204758533235e-01
-3.160425824464314637e-01
-5.503604722793031812e-01
-8.919236287260190466e-02
2.990513967906627268e-01
-3.382302182132024271e-02
8.438615485708658159e-01
4.908074890379021671e-01
6.474099825663164332e-01
-9.270440192414335367e-01
9.697697819998027935e-01
-9.020734231976310635e-01
-8.580926493474618777e-01
-8.038755400115538130e-02
6.552620044796479970e-01
1.494103380247786550e-01
-4.065905290526321547e-01
5.055885169467331242e-01
-5.212932855314245106e-01
5.097689702088845642e-01
-7.763797167521233611e-01
3.915733224315476324e-01
6.757562058652712977e-01
9.841782516999888486e-01
8.193707900703794955e-02
-7.054005133895631108e-01
-1.006658863645033541e-01
9.446853416861622499e-02
7.397129196269132123e-01
-4.986853200895404736e-01
-4.488239766555357502e-01
5.489580005400362950e-02
3.557073629248488356e-01
5.515904771645347981e-01
-3.023341054928669891e-01
-2.611767304351613195e-01
8.662977435216179245e-02
-9.216605475777546186e-01
2.278095606712582377e-01
-5.967834950753052592e-01
6.993269835520909972e-02
-8.008267570496336862e-01
-8.830213520405050254e-02
8.327534542982335530e-01
4.536196353276200632e-02
-3.169533596410307741e-01
-5.208034787924060716e-01
8.859230894004543888e-01
-5.677541256045115503e-02
-4.645862913074074729e-01
-1.373146702627492388e-02
3.215932519230382258e-01
-6.856291386263608789e-01
8.767830226424335738e-01
-4.763344864012633018e-01
-1.629058403709475744e-01
-3.936846909671376515e-01
4.787829312563969264e-01
-5.265213966250847921e-01
-3.771637030272680935e-01
2.779714945811719851e-01
6.746847877913726421e-01
4.105604157369340257e-01
-7.889048080605975954e-01
-8.178755791786509466e-01
5.431578268397336817e-01
2.180908279953266415e-01
9.784137661759355620e-01
3.775950752385432985e-01
4.354217748137061417e-01
-1.364956748777537143e-01
3.938586112594935074e-01
8.098853854692744658e-01
-6.266585985649686386e-01
-8.959040273613021466e-01
1.643036588891848560e-01
-1.882752363295105980e-01
2.137204283567837315e-01
-7.428002996598062069e-01
-7.169013128782486532e-03
-2.830773188763373582e-01
8.125840727251087969e-02
-8.988946258066801143e-01
-4.461065016999941069e-01
-9.028910173831095065e-02
7.456562735979876955e-01
7.469651329464463974e-01
9.465864412922619930e-01
2.973905696235201734e-01
-2.092721292312498260e-01
1.812463501707786140e-01
-5.882902264574412232e-01
-4.307557814442899424e-01
-5.597380014721700103e-01
9.054830491904044543e-01
2.887819463648684248e-01
4.782787055081441085e-01
2.472841033696546731e-01
5.652431746517088129e-01
-6.890446228971414122e-01
-5.662290604251889459e-01
-3.864940178154281369e-01
1.337106078358349937e-01
6.210878190539537158e-02
3.777500993477111990e-02
-4.917379698549408928e-01
6.024554443696004125e-01
-2.056878189748863051e-01
-3.741130713362592619e-01
6.951545896843647210e-01
-4.356319084887079196e-01
6.723588983312920320e-01
-3.787537947537531480e-01
-9.244840082739940179e-01
9.929302673655482359e-01
9.414495561811297986e-01
-3.083178209986225937e-02
9.009407987616322444e-01
-1.085364183851991182e-01
7.296149758654675299e-01
-5.334470431976883198e-01
-9.942168133482403025e-01
-7.696224687428161459e-01
4.571826919625556762e-01
-8.948570257817021201e-01
-3.791868001519589360e-01
1.863283373082953442e-01
-4.987204317459668079e-01
7.057964670366045912e-01
5.049730819405917615e-01
8.452414941275103732e-01
5.827621568382466144e-01
6.808355893568722728e-01
-9.975008966036427172e-01
6.849904757580216330e-01
-5.352016220264999014e-02
6.846594450672163212e-01
-1.637563545549205468e-01
5.044331740953871268e-01
-9.371738084719722917e-01
9.937742364215838009e-01
-3.984543091714567442e-01
-1.890128063360392296e-01
2.124206130749886068e-01
-3.484896740017509043e-01
6.533403738299976560e-01
4.793945560931534011e-02
-5.461410406957556418e-01
-5.944264109770203142e-01
2.010622747320647274e-01
8.398133466023611771e-01
-1.448500255624098898e-01
9.517534474519036003e-01
-6.259304321805441162e-01
4.850477904472791923e-01
-3.242069373780096520e-01
2.257027935385291784e-03
-8.362287522645837079e-01
-7.040202287983323703e-01
3.649953688282001618e-01
8.780073983704868024e-01
-4.555711005615286080e-01
2.836948256881541841e-01
-3.886999799808803502e-01
6.925694971915887788e-01
6.734733165593080884e-01
7.212497097234020771e-01
5.949653192165185178e-01
2.018364687146594338e-01
9.761714666540100005e-02
-1.204267401143188643e-01
1.125904957276373519e-01
-4.811085072912633098e-01
-5.291847656088013441e-01
-1.519023911669314941e-01
-3.217599790504133139e-02
1.034853539542421874e-01
7.919140378392250934e-01
-4.863574093008786736e-01
-1.682967852162715605e-01
-3.623836718263520051e-01
-5.245572440198491559e-01
9.196844428350625655e-01
5.291603648582243746e-01
6.495983618409368887e-01
-1.346506001395157970e-01
-9.896077818524229297e-01
2.968112850270856473e-01
-4.795144888950846340e-01
-5.560570259734234355e-01
7.105150005501401633e-01
-4.064530749071602056e-01
8.810711671449591442e-01
7.019965424153535860e-01
-8.869639675204821216e-01
2.598133640171713665e-01
8.555642501107023623e-01
5.946572739763518189e-01
-6.406448688312138540e-01
-8.561722049964375358e-01
-5.638738320970826390e-01
1.199109407046203835e-01
6.512226534764247177e-01
-2.914960424638670666e-01
-7.992741003328476257e-01
-5.364288601361690834e-01
1.955935882606776310e-01
3.645763489817916980e-01
3.742097717707792981e-01
-9.874945897030793507e-01
-2.195936016751864894e-01
8.345680013219516358e-01
2.864013309023429876e-01
-7.195068368151664728e-01
-6.388834136548335874e-01
-6.213297963118997735e-01
9.911944630638696019e-01
9.208874411590797227e-01
-1.178085590787376624e-01
5.838761948654784817e-01
-8.469435388196113745e-01
2.749683495784747134e-01
-9.834175811785719201e-01
6.987135851483614601e-01
9.139719041882856665e-01
-1.400999716342872237e-01
7.887469084198412972e-01
-1.120193175386650086e-01
2.439692247759261967e-02
4.039270590373225112e-01
-7.682946930912988304e-01
-6.326462784031077202e-01
7.196380928559298340e-02
3.163614625855679652e-01
-4.543577067577331263e-02
-3.252543470620568034e-01
4.938020154099371783e-01
-9.468327686320379133e-01
-1.340714517766168346e-01
9.475173866474284612e-01
9.858019629238812254e-01
-5.897693532642627190e-01
-3.048111440985858955e-01
-9.403922965796760458e-01
-5.727343828776907397e-01
6.972153831132918977e-01
4.760705677106891187e-02
-1.712712660856972047e-01
-9.370722956170096651e-01
3.269842672263079120e-01
-9.425934687658352740e-01
-5.991711945764881531e-01
7.426210984289749462e-01
-1.503160742133857752e-02
8.252988202631512671e-01
