3.636541257825798290e-01
3.276488234481726991e-01
5.692289177309297621e-01
-6.013822623869296002e-01
2.290977018670081744e-01
3.532956024993643140e-01
-1.649965457971414029e-01
-1.812447814820388192e-01
8.136104402443178341e-01
6.035068568878938500e-01
7.478903825041984810e-01
7.742217080738122981e-01
-4.019156871436226908e-01
-2.791965743507873743e-01
-2.920573018282741629e-01
-4.682679905174946811e-02
-4.099881958939244342e-01
-7.548133449498755088e-01
-9.952145309704827358e-01
-8.943945478325308063e-01
-1.476071736000899026e-01
-3.580855748341502665e-01
-4.875915657421279192e-01
-9.563662901362679492e-01
1.423179304702097969e-01
-6.866898624418560360e-01
-1.149121948011200267e-01
5.532203742573522653e-01
5.856425099653843613e-01
4.415977040784291319e-01
-1.365217170876118491e-01
-7.331013935628072353e-02
4.790317916307551549e-01
-1.313567268313631242e-01
5.527333292880995952e-01
-9.129023462712333448e-01
4.685651069251117740e-01
-2.038804215981577794e-01
2.844202046889909852e-02
7.337097067059539235e-01
-6.517715249062749905e-03
-6.951688077694633261e-01
9.086229385357116328e-01
4.741580599104431304e-01
-4.440154299320295816e-01
9.768745901073201399e-01
3.081665717944539473e-01
3.805729027072670689e-01
7.761702547734499191e-01
7.419673187102480139e-01
8.270196320548610647e-01
9.732954839735517005e-01
5.014851389008494476e-01
7.309882703614298816e-01
-1.155878792341962225e-01
-7.202054619467457286e-02
-6.544897336943968913e-01
9.297743077569471382e-01
-1.953270286197039685e-01
4.740518194445813016e-01
-6.170920950246236991e-01
-4.349299286168695211e-02
8.734154204713104885e-01
3.525912087908384951e-01
-4.053138441350851995e-01
-7.075466640684193731e-01
-4.163429643798417512e-01
3.662748327449194541e-01
-3.321753056092640044e-01
-8.773262719804488796e-01
-3.942974363295270734e-02
1.631845647857721460e-01
-7.427604639215117377e-01
-8.332148336695563984e-01
5.153053411479269208e-02
-6.635793786296002583e-01
-2.296030413507643697e-01
8.476614892054152861e-01
-6.437635043543674662e-01
9.694080831208595761e-01
3.411358097409056267e-01
-1.470775550467664505e-01
-3.285239277717730833e-01
-9.698716699056031398e-01
-8.665486147048429011e-02
-2.524265067676461083e-01
8.861116679724021505e-01
-2.915611993950786296e-01
-6.170827799405091962e-01
-8.408654646803526145e-01
-1.627535600370817459e-01
-7.642406384518676266e-01
-4.329998253944362663e-01
-9.579254498028271225e-01
-2.913177783958322831e-01
4.732618494030131906e-01
-5.597651764461673007e-01
-3.606771894402869272e-01
-9.240738210512677853e-02
-7.341964587795319908e-01
-9.738782510132730774e-01
8.338521457185772423e-01
3.710410606298863989e-01
-2.299257873514370942e-03
4.294542903662703637e-01
9.915288508658295363e-01
5.297695392031021022e-01
6.294082613537881343e-01
7.226804749564723629e-01
3.464482502876007342e-01
-8.969146838329451477e-01
1.731479610310355799e-01
-1.535157909636182261e-01
-3.281890237717930425e-01
-4.577499354264678022e-01
9.745276478635911399e-01
-7.268873278787626457e-01
-1.712866984277132687e-01
1.127982570866743472e-01
6.554012642173874248e-01
4.447030852456179684e-01
5.029548619004231558e-01
-6.045799967035581091e-01
3.153898968171022776e-01
-3.117990980490736863e-01
-6.571935423559320810e-01
5.598457884358540859e-01
-4.216597314979233513e-01
8.398614144237974699e-01
2.221998385700241219e-01
4.844906254964223002e-01
9.121532649815207172e-01
3.299518015785820602e-01
-8.620677035187163106e-01
7.682317552145863093e-01
5.346401083670180299e-01
-9.316207139929260084e-01
-6.368071274595661357e-01
1.211341283839972860e-02
-2.647947655403501965e-01
-8.397884029798627914e-01
2.793172330617079702e-01
9.458006211141001263e-01
7.409004333821718191e-01
2.159812871989146288e-01
-9.310506845050170455e-02
3.029300234391307800e-01
-1.622009191573525744e-01
-4.780489399002707529e-01
7.040722139678654568e-01
1.443608651767622764e-01
5.379398318935530998e-01
-7.378959880477073963e-01
-5.039993534534348285e-01
4.545057695572785050e-02
8.753275798676023456e-01
-1.994638013408103205e-01
8.114103198656557048e-01
-3.888996500095345255e-01
-1.128865533651612907e-02
3.981012043577289994e-01
-9.053669004284252697e-01
-9.767423354546529435e-01
8.212424650355765188e-02
-2.307531068144241804e-01
9.349515218739175015e-01
-5.679876371622496478e-01
-5.039339014940489303e-01
6.384926699063464550e-01
4.967242667781983645e-01
8.497333894859582237e-02
7.411895310128842063e-01
2.193922167954653890e-01
-2.035676931902934417e-01
6.758679414314343603e-01
-3.694356472635251798e-02
7.655085682084248333e-01
-7.904016071547470546e-02
-6.396717807186249605e-01
-1.555502693817314430e-01
-9.462510956000640405e-01
-2.090546368085632878e-01
-5.524127634560287436e-01
-6.330730884681550208e-01
-7.695863704642897929e-01
-2.395653286894907641e-01
-7.870179965667452038e-01
-9.341607540579703883e-01
1.288683782939490374e-01
6.994403256811771996e-01
5.463017018962519344e-01
9.327692873768831383e-01
3.095631299635359657e-01
7.124876931429680038e-01
1.424788182290832594e-01
-3.906209282010606465e-01
6.667139140550948362e-01
-5.478797199425446962e-01
7.744752050486927164e-01
-5.885652623853494525e-01
-7.932018241385481172e-01
6.159666194686341800e-01
8.968054306025428080e-01
-4.821205763655116439e-01
9.560058063466052580e-01
-9.311392990688158733e-01
-8.104593899058845086e-01
-2.096511694058664776e-01
3.777305682975828915e-02
4.729422450123434984e-01
-1.619579221841687122e-01
-2.930814683938898213e-02
-5.381827743674678644e-01
-3.742531749124811125e-01
-4.033216642612473812e-01
9.837409342971326076e-01
-6.301296487657694900e-01
8.033016698345543105e-01
-1.867000061632297925e-01
5.279826893378933850e-01
-4.374473053347731621e-01
8.663573159201551910e-01
-2.649466899045627155e-01
7.424692546323905518e-01
6.459341599211463336e-01
-6.691278696753915067e-01
-5.371696759366968443e-01
-5.007995677795757938e-01
3.451727662516401729e-01
6.187608084172957490e-03
1.758626850708833178e-01
5.236501298242524083e-01
-9.647973724023171105e-01
5.856900498818158329e-01
-6.091457025033220063e-02
-5.491994652640039831e-01
-8.812141328825884301e-01
4.558789743595659250e-01
-5.862197973982481436e-01
5.480351314723965750e-01
-6.900937912752214132e-02
-6.261743731265725366e-01
4.673155100565302700e-01
-4.923848662058194492e-02
-3.119217757309236116e-01
9.645577354793677394e-02
-5.400368146582843476e-01
3.978397742514938606e-01
-1.858598124705790333e-02
-6.687573281952237103e-01
1.570644162684173839e-01
9.096486849111264927e-01
7.468791209364509243e-01
-8.312778414947810113e-01
-8.683799666693210462e-01
1.200635730114765209e-01
-7.952265760984968956e-01
7.222310514818097715e-01
8.184253584681586702e-01
4.453680809514546368e-01
-8.883775495851398141e-01
-7.339057651731428766e-01
2.064796161366939664e-01
5.315585578725936511e-01
-5.314672450077000398e-01
