2.993591625697217040e+00
1.562333877402527271e+00
2.419645016930109804e+00
-8.722912088551355581e-01
1.718168979404366192e+00
-4.877610736424050408e+00
-1.018015723732212718e+00
-9.553923617759396691e-02
2.539595557070644549e+00
-6.476092478071854286e-02
-1.344526014362678712e+00
-1.080933114902794312e+00
-9.910761221809056831e-01
-4.420479186698951235e-01
-1.038496550134244689e-01
-6.793927143666771862e+00
3.326704205593066455e+00
2.401656514183877489e-01
4.794434177700650501e+00
4.097481942061021343e+00
2.659662166701909580e+00
-5.023185280566788258e+00
-5.979151766025457171e+00
5.642477380951509414e-01
9.727661149407362817e-01
-5.874870815026310700e-01
-3.501076374650577971e-01
-1.256961699157674861e+00
-2.732281248929366857e+00
-3.363695693624930261e+00
2.785165120560317398e+00
4.767347513520981295e+00
-5.927534848427038483e-01
2.991290606577166056e+00
2.235531297810990470e+00
-3.261833045392962926e+00
3.129677837026401566e+00
9.417800483406165712e-01
-2.832833568540586100e+00
-3.712719386000800093e+00
5.923429477362240902e+00
-1.384517200897596556e+00
-2.553737549696674769e+00
-2.266542838410037675e+00
1.642460049258022359e+00
1.446055335553719123e+00
6.990242631460070299e+00
-4.083897723075044617e+00
-1.106405988760417181e+00
-2.488160048391336421e+00
6.047570955493468681e-01
5.557019321633707154e-01
1.811506341204625281e+00
5.144647398541575711e+00
1.137522972298936175e+00
-1.500662981671252449e+00
-3.032597282680212114e+00
2.163774658430790421e+00
3.087736371953910819e+00
-2.014618055583127898e+00
-5.457147626520861827e-01
-3.468652891122733894e+00
-3.575695176823072696e-01
-3.841018868508668582e+00
-2.648743901489305941e+00
-2.028613517546850264e+00
1.608856593135549184e+00
2.902879506631633966e+00
-2.022215532828443019e-01
1.733920962049886771e+00
3.129363460559000387e-01
2.347327775776088643e+00
-1.770004271693562892e+00
-1.382823811241445044e+00
-2.732749293278852187e-01
-4.863682342159466820e+00
-9.934749185325355558e-01
1.671231352754196209e+00
-1.604433413037441802e+00
-4.289961441089081617e+00
-2.110348033081493657e+00
2.400394711403218140e-01
1.372282637911673930e+00
-1.814675235123353048e-04
-4.074718809866885394e+00
-4.498648870468415772e+00
-3.056279156413522990e+00
-1.520126890215520277e+00
2.480256094257042854e+00
-8.309448868846498470e-01
5.496416953694677865e+00
2.070681025918478468e+00
1.854686111055440012e+00
-2.105364392564068154e+00
-2.604132898429287746e+00
4.131818152454270532e+00
5.278045433414664700e+00
5.688304815011024917e-02
-1.511862778181800371e+00
-1.052176695927764527e+00
-1.282763782989545742e+00
8.338084144198593117e-01
-5.828502142971626609e-01
-3.374226608430796137e+00
-1.663224184987031062e+00
-2.705625988392204029e-01
-3.411130762272798655e+00
-2.834162914879812867e+00
-1.003108697114586612e+00
-4.933016065792221738e-01
4.162676433776826279e+00
4.763776975119784041e+00
-1.985674849201374936e+00
1.466387076011425927e+00
-2.536808549250471945e+00
-1.018651237503555240e+00
1.800315180090712452e+00
3.111407722975376711e-01
9.484844224118433864e-01
-3.865443622131832679e+00
-2.326007026211098783e+00
5.192805448023254389e-01
-4.588920891565788196e+00
4.760592592657983957e-01
-4.310559740000095452e+00
5.003535596315913936e-02
3.325059734712288328e+00
3.911582872343987827e+00
-1.458360503050744494e+00
-3.199346646670334859e+00
2.943491959913167033e-01
-1.480572740408415466e+00
-9.723941559487723207e-01
2.864987435880917754e+00
2.035321975882050438e+00
-1.170211624227979863e+00
2.097938755341751005e+00
-2.712921178822361501e+00
-8.979896647359015827e-01
-2.706985940983853700e-01
6.581164921389707212e-01
-1.876508796416062497e+00
-6.702657780581514402e+00
1.514294675053374339e+00
3.124968523960451883e+00
4.766492193648696585e+00
8.716667101411790242e-02
-2.392021822573926038e+00
1.406626391670690701e+00
-3.942926301141955747e-01
5.623320570011157926e+00
-4.652767790399011005e+00
2.653907161015814697e+00
-1.589614569591139226e+00
3.453991466736772153e+00
1.251537500049058060e+00
-3.553107633866401383e+00
1.345162611345707138e+00
-1.094794035588930736e-01
7.125477098554804378e-01
-1.605927314240276571e+00
-7.213033962771794316e-01
-1.426413342169611909e+00
7.259424703672467061e+00
4.546340240352313433e-01
2.388377184008957599e+00
-2.623100614402488429e+00
2.402178410097006722e+00
2.062193265601571124e+00
-2.532799899652746323e+00
-5.644061201164971564e-01
-3.627524211771275819e-01
3.803792528345318225e+00
1.146755748390883012e-01
1.368091558638047545e+00
-1.907262356288290217e+00
3.328818506123386367e+00
8.394946876467908048e-01
-4.612223208533850816e+00
4.753682960673689450e+00
-8.437267440734301793e-01
7.678233043301840866e-01
3.803704309959140772e+00
-1.824903197805634925e+00
-2.374802014405630768e+00
3.685868759073088086e+00
-1.546552466826488725e+00
4.460469038664942043e-01
2.167266349889272803e+00
6.821914631831182518e+00
-1.159629683003683187e+00
-8.126812744134723765e-01
1.661115310614836194e+00
-1.569793256928381231e-01
-1.754573470252306366e-01
-4.221994756010234440e+00
3.160284932632178023e+00
-2.444356790857605599e+00
2.562820077210675729e-01
-1.141228678790061180e+00
-3.390644759161991040e+00
1.823277482315167342e-01
-4.336891890018643281e+00
2.786435666159419622e+00
-5.041003174647893381e-01
-1.379430030913084249e+00
-2.282957269686894719e+00
1.253903150058519156e+00
-2.560539024566333977e-01
1.638524909772219207e+00
-3.295025606581182043e+00
4.503840770629608414e+00
-1.955615752896299187e+00
2.004751517582649356e+00
-2.387281560398067715e+00
8.408335647036765392e-01
2.536606991308553827e+00
-5.661186234705152920e+00
6.833903171087441386e+00
7.655838584325669327e-01
-1.505804099719206590e+00
8.390621315657978974e-01
-7.745353804761228034e-01
-1.808677661206604004e+00
1.556755947488156488e+00
-2.619396145675791931e-01
2.390176607751120841e+00
-2.249114830313107660e+00
-4.378283489218873781e-01
-1.973450421091024642e+00
1.445882183551677747e-01
2.646530471365295512e+00
-8.812081510517300043e-01
-1.016258787211838488e+00
-7.092519743096605822e-01
6.740994895690338717e-01
-4.886184922901887218e-02
-3.121529561801545949e-01
-4.046464805508507290e+00
7.109729926014376478e-01
-3.383904973839911623e+00
1.431551388733433905e+00
6.882720128629431500e-01
-1.132875810139363004e+00
-2.077625310132231728e+00
5.033259503829646819e-01
-2.360431571355015024e+00
-2.288137011763672124e+00
1.813380489805995088e+00
4.554444920347990866e+00
-3.093191063254141504e+00
4.106872845289476714e+00
-2.876299403194399584e+00
-2.417328797318769151e+00
1.507088058801070662e+00
-4.730563725180307877e-01
-3.489993940920277926e-01
8.101485580926535146e-01
-6.192444073527049397e+00
2.733549157282963105e+00
4.883858648327208840e+00
5.729330435483105388e-01
5.244727471867243196e-01
-2.976638002212570022e+00
1.387643708776097329e-01
