1.327767597945118538e+01
2.181372146454167193e+01
-6.382198224744105808e+00
3.775126211531370846e+00
1.099830342431692287e+01
-5.395782267057413151e+00
-2.215132803265514649e+00
9.673432697970575589e+00
2.891834365312901500e+00
-3.930014910701160602e+00
8.873014268940751847e+00
-2.939240247955174468e+00
-2.209066298637781856e+01
-2.592169577832958982e+00
1.244967793879132145e+00
5.358868151852625772e+00
-1.943230484992925255e+01
8.220779357549178101e+00
-1.076886711693088472e+01
6.837285981375738508e+00
3.395111157913641264e+00
2.598462611436021419e+00
7.402392450097901033e+00
2.352884533397261535e+01
-8.857278075878740609e+00
-1.337354716176757830e+00
6.416399703275442512e+00
-7.284960503346036731e+00
1.748905087957289339e+01
2.445447930557205041e+01
8.478393137717812778e+00
3.731757856871397383e+00
-3.719779336368149725e-01
-1.465028509245388832e+01
5.783154385395879338e+00
2.029806230999058769e+01
6.063439262477945402e-01
-2.804311699219060205e+00
1.566500479376199628e+01
-2.292890909005830125e+01
-5.588948871943190788e+00
5.470162551272185425e+00
-3.468548146145766342e+00
-2.419616418904490729e+01
2.260605780143570698e+01
-1.100960442792965743e+01
5.499334577604345853e+00
1.654382351055806311e+01
-2.769003827134692397e+00
-6.345757645162743543e+00
-1.083922357309115725e+01
4.913213173367561026e+00
1.569298199956819317e+01
-1.125590872728906078e+01
1.561103032583662120e+00
1.866790783294637635e+01
1.064388152651823738e+01
-1.358685878485436227e+01
3.111159778893171524e+00
-9.175946685845708828e+00
-1.955218666978145281e+00
-9.253362559685726296e+00
-2.816375961589286714e+00
2.299660056872725455e-01
1.286719750302848553e+01
-5.076871909053529919e+00
-1.207146704566438444e+01
-2.424005653736351462e+00
-5.099882353454588291e+00
2.466675491845062851e+00
-1.708636442954090029e+01
-1.864642986659098556e+00
-5.829190944474126113e+00
-1.188513342319569865e+01
4.670961627885034773e+00
-3.743928322548528698e+00
6.555051963238079260e+00
-2.957364846998102426e+00
5.524208049797898035e+00
-1.181863496072779540e+01
1.096135441374701180e+01
8.283186543553444636e-02
1.189639894751801563e+01
-1.834249603462718881e+01
-1.154122009065224219e+01
-2.448913535681117359e+00
-7.274893517822373923e+00
4.642233507067432541e+00
1.288180583240532417e+00
-1.088764450431035158e+01
-1.049769129917904920e+01
1.614078625890397944e+01
-7.812637149821645366e+00
-2.214679412711427986e+00
-9.334852564798064023e-01
-1.371252966285617880e+01
-1.108844333766413826e+01
-3.602567951327530604e+00
-1.862519741031709941e+01
2.652765618463706510e+00
-2.729404509329771855e+01
2.286633341517990914e+01
1.727993046639890062e+00
8.722124877824242617e+00
6.771847029169599352e+00
-7.827200324235121798e+00
2.120781447306090683e+01
-3.154845607433372123e+01
1.897011783577684696e+01
1.449410930419735521e+01
-6.133844008921702340e+00
7.055041954044744656e+00
-5.087895402094145147e+00
-6.791541667944386518e+00
3.724025196342397592e+00
1.150712125547041609e+01
-3.340022278200177652e+01
2.779333476761522448e+01
1.488001015363523472e+00
4.013162918473717866e+00
-2.872118943273195768e+01
8.574276673809746896e+00
1.113749428857326507e+01
5.961197121732102033e+00
-1.360346896443012987e+01
4.760444836241535249e+00
3.235990582998712117e+00
1.907560929409666883e+01
6.985361315919908165e+00
-3.567381675593293444e+00
8.174839097398324483e+00
8.069606124432739946e+00
-4.189659874766231695e+00
2.882013124401576754e-01
-9.157128357135128738e+00
1.109728093734577481e+00
-5.233596972368945721e-01
-5.018401234687033252e+00
-3.537772272075496272e+00
-5.347758985480286498e+00
8.654704887146136727e+00
-2.152013196122581107e+01
-3.176878233529252249e+00
9.449613944806445787e+00
8.666789616883772140e+00
1.173457904469256974e+01
2.916850558060386511e+00
-5.412684801718693706e+00
-9.616368162107436390e+00
-1.533853146378620380e+01
5.684152303848089893e+00
-9.458202773931544627e+00
1.730914207817189876e+01
-3.653748689995454324e+00
2.410071492986320507e+01
3.005717263440419451e+00
1.613472930586890541e+01
1.121446259892155695e+01
1.209635512440557292e+01
8.202420332054078944e-01
-1.069887536840231057e+01
-1.216225571450801457e+00
1.115349422540417690e+00
7.092593883876898708e+00
1.735481746405093872e+01
1.097012035456224588e+01
-8.701113014992944983e+00
7.517722083130979449e+00
4.871154036360642259e+00
-1.079350953977020744e+01
1.509956361046980433e+01
4.889964679669437153e+00
-6.791062679255080781e+00
8.969191300751443663e+00
7.023126012959719056e+00
7.464969256244918805e-01
4.805293312154153895e+00
5.318867985089676953e-01
1.546142766752560860e+01
-8.005133910304389033e+00
-7.651390472671084630e-01
9.586509098840680920e+00
1.458668361271660885e+01
8.114463733350607555e+00
1.433761085287536297e+01
-3.922158404076725002e+00
3.545590158891639199e+00
4.488309202351422833e+00
-6.380329147765452014e+00
-2.945080429888836004e+00
-1.489378145003706244e+00
1.808689505707636158e+01
-9.973801215729571013e+00
-8.330146546789649165e+00
-2.244359605055603524e+01
9.766432908503690058e+00
-1.148382452983732804e+01
-1.140673566959538832e+01
1.479132629676080235e+01
4.743503308660245388e+00
1.093210708181614166e+01
-1.286427587854392662e+01
-5.585967550843742302e+00
-8.479140298728411906e+00
-4.725978977618294330e+00
4.961079382800251736e+00
-1.417629256288443607e+01
-8.913263223690066184e+00
5.508716500861068788e+00
2.988686899219877180e+00
1.597630285485835522e+00
1.175206984583692105e+01
-2.215577028428360506e+01
-1.349751505307030897e+01
2.180782085114536528e+01
1.332157530928795808e+01
-7.701511771413924179e-02
-1.543711234925612796e+00
1.155348869345526985e+01
-3.351516420537689100e+01
4.213364918374202794e+00
-1.286835864558506159e+01
-1.412185620629238469e+00
-3.960949476953699477e+00
3.990984549333203457e+00
2.673300731016409859e+00
1.153095664199441117e+01
1.171530174969106852e+01
1.525382123243828403e+01
9.191446053370379232e+00
1.918032261978529363e+01
-4.162132962560937344e+00
-2.495971333661389835e+01
-2.458391202865262137e-01
-9.337145510887198796e+00
-9.365480747166706976e+00
7.819789793458652660e+00
7.859769799604100271e+00
1.939510917334595019e+00
1.983518191572406053e+01
-2.713234741495856639e+00
1.013244487735684274e+01
1.111452452255274448e+00
-1.299566820173566661e+01
-3.995195959214706827e-01
7.420843422859602079e+00
8.389126490551609194e+00
1.423011728022935429e+01
4.765026740527336102e+00
-7.727082873586306633e+00
-7.731678104188091538e+00
-7.417076155197704246e+00
-2.831060133010763646e+00
2.959131853662607980e+01
3.617830940188310862e+00
3.416427949797260943e+00
1.575605163744618231e+01
1.809590605124482821e+01
1.537387942721487910e+01
-2.069768253914767087e+01
-3.115786121531098463e+00
6.394663546566188295e+00
1.254981928642523670e+01
4.827805164103311952e+00
2.798243168349133825e+01
