-1.540554069777582669e+01
-8.030876377726626769e-01
7.517759513869636478e+00
-9.921363316095968443e+00
-5.511273093371545251e+00
1.470737010820957646e+00
-9.842122526678098282e+00
6.188940731119002336e+00
-6.486458315052235690e+00
6.729899774670176527e+00
3.313794888213065448e+00
-3.763708449055635619e+00
1.504430065167100850e+01
5.778273535332855815e+00
-6.052677256508544268e+00
-1.115453380783212722e+01
-6.541212598633507014e+00
1.763858060467441646e+01
1.718203022172118677e-01
-7.477627841889397331e+00
4.541195459099604648e+00
3.170473262491199762e+00
1.073786674020088405e+01
-1.245765105798044736e+01
-3.738335692638746544e+00
-2.810312436460432384e+00
-2.612824504683213256e+00
7.674502397337358950e+00
-1.973513583867982746e+01
1.419010787077029434e+01
-1.074559954140637430e+01
-3.777216748502841170e+00
-6.563577577718069378e+00
-1.206293627134067847e+01
-9.141817242345439354e+00
6.889401355361546742e+00
-2.361373989499703896e+01
-7.670616666824521257e-01
-5.580391765655791758e+00
-5.217846612278878027e+00
2.446982762369227071e+00
-1.799100627972026700e+01
1.384901042788631642e+01
-1.391084023689534765e+00
9.761061380901943085e-01
-9.553181432257922268e+00
-1.871259252216371038e+01
4.485309865026431808e+00
1.556917404762891421e-01
-2.289654282558522169e+01
1.824354293250659254e+01
-4.038150041705796944e+00
-3.604142800086735932e+00
-1.861394249210357543e+01
2.012884712118998110e+00
3.713653336475867484e+00
2.258917454064815367e+00
1.362388844025171153e+01
4.820142098446027035e+00
1.525423750640654497e+00
-9.888956197034682205e+00
-6.630932659060290391e+00
1.187034022786595600e+01
1.890179532893461634e+00
-2.261015224673167978e+01
9.659832888990493416e+00
-3.272816247652302390e+00
1.545558243429908529e+01
-1.567763788155630067e+01
-1.079092062572032518e+01
9.934675173810912696e+00
-1.864596366301204355e+01
7.696549386169152740e+00
1.900552238721430598e+01
-3.515254602105319037e+00
3.763496197476212224e+00
4.771132311306764962e+00
-5.301360792061261762e+00
-1.517153772573188775e+01
-1.734576936062734021e+01
-8.614613298980559719e+00
1.103909085503003373e+00
6.240478833098718203e-01
2.773542523001650828e+00
1.061978182775017387e+01
1.508677354667636550e+01
8.286592636054896488e+00
9.908365454025573893e-01
-2.254311028896829772e+00
-1.332772173464610965e+00
1.021230409407828077e+01
2.007797484639450847e+00
-4.483048492506530591e-01
-6.826988702951715116e-01
1.203262379207930888e+00
-8.673968508707142533e+00
-6.793283631842408354e+00
-1.102037385574462647e+01
1.793486579181091045e+01
-1.932677585663871156e-01
3.803845097765934824e+00
3.983975239934867574e+00
-7.470365184356014154e+00
-9.768970273286377903e+00
1.055863595927059428e+01
-6.484297310226764921e+00
-6.782654270815720920e+00
4.049853014839520426e+00
5.606283699932516740e+00
1.787680521663008903e+01
1.865792570534717143e+01
-4.198027943524666128e+00
-5.636724438426201633e-01
3.659948260119600061e+00
-6.929000475383679358e+00
1.462481529353646081e+01
-4.827067285469286873e+00
-1.265193596573948298e+01
-1.504193509514075444e+01
7.574809590757242139e-01
5.092652472567447575e+00
6.702355733808378346e+00
-4.154592145388919633e+00
1.114845618411361983e+01
5.893467343205726294e+00
-4.948363725982494188e+00
1.927013210809993637e+01
-2.654808548977358740e+00
1.048648820048725305e+01
-3.464181787718543681e+00
3.312226804710245442e+00
-2.346999154874281235e+00
-1.067824686337620221e+01
-7.825548625974272809e+00
1.478891025736403719e+01
1.167216583497557103e+01
1.073484552919552915e+00
-3.856052938068657454e+00
-4.391726355182369090e+00
-2.183161619302405043e+01
3.170191407228117431e+00
-5.258997827838224559e+00
1.072537565640490698e+01
2.928237657441193242e+00
3.398553624469163204e+00
1.128532612416851144e+01
-7.205431612037267897e+00
2.099524140672690553e+00
-7.846497212780914055e+00
-3.057784394091043190e-01
1.614805086194989858e+00
1.116824457693536488e+01
-1.628642754478613597e+01
1.716302930918920211e+01
1.834555962895741299e+00
1.506541913208094741e+01
-1.079120807957096062e+01
5.237105483382103799e+00
9.318151077221653367e+00
-1.020943558835267773e+01
1.267403142248323178e+01
-4.748593373363755532e+00
4.801464421871806998e+00
6.369410508974533869e+00
-1.163813578262061021e+01
2.360059028649604329e+01
-5.362061910629146055e+00
1.326763820449638231e+01
2.444536424392291352e+00
-4.673135784840767748e+00
7.672150330761985160e+00
-9.448284458577306921e+00
5.360686800748453607e+00
-8.612082502126996886e+00
6.969719809400475086e+00
-1.101324877976538774e+00
-3.875457289572115549e+00
9.188628728715364513e-01
-9.791515458527573657e+00
5.523079548539813644e+00
6.247774674594563038e+00
-9.502845408493085344e+00
7.525053653158632727e+00
-2.185698294435737044e+00
8.174168950218117402e+00
-5.240975228213026860e+00
-9.984929735782824167e+00
-4.019078343054900415e+00
-6.942708585900456697e+00
-1.347192502780298540e+01
-1.370205215634164375e+01
3.186339639840442217e+00
1.228886190186793126e+00
1.410495220309581299e+01
9.423916228321307376e-01
-4.425891772763026921e+00
-3.353127983189810202e+00
-8.556071071854521648e+00
1.232082090429667787e+01
1.302379425352148701e+01
1.567220711464737448e+01
-2.312448762555547788e+01
1.617004332651685772e+01
-1.352641582894298589e+00
1.781626810279617956e+01
-4.079079600912612902e-01
-1.674576351449533362e+01
5.893005181534255676e+00
-2.114936083619129548e+00
5.848287325607516962e+00
8.080517690658111096e-01
1.421512786363622993e+00
2.783209760923877951e+00
5.658902800212027573e-02
6.484694259018036533e+00
1.013647479289120312e+01
9.480522995164598399e+00
-8.504488635506909588e+00
2.398905916874271238e+00
-1.601431664204546479e+01
-2.066010743667403204e+01
-4.907489694137831648e+00
5.204592287619459690e+00
1.850151836316975551e+00
1.370982589718253664e+01
-7.099961737234780301e+00
-1.806693551885749827e+01
-5.192122390109201291e+00
1.499440893099216510e+01
1.662146782467569750e+01
4.035026754464125176e+00
-1.166679976564083177e+01
9.103061032660284546e-01
7.812508167951589755e+00
1.192590972611894351e+01
-1.572555950368223066e+01
-2.035105714425155199e+00
3.892053488505602843e+00
1.879834841161485315e+01
7.389173499731410466e+00
4.363199099465028041e+00
3.170564827520274243e+00
-3.789437187629660087e-01
-1.599020770438055905e+00
7.082968564815670387e-01
7.560756716927627963e-01
1.041129620565482305e+00
7.830547678437872250e+00
-1.524013073112333583e+00
-1.208906631738074466e+01
-5.901724052807691301e+00
6.060980064063718586e+00
-1.238211936667215696e+01
-6.314545962486278086e+00
-3.456969699417954400e-01
3.615155341431664393e+00
-4.438621577613726998e+00
-2.191640254477009719e+01
8.420362335213916083e+00
7.476297336121236370e+00
-1.339159628378597233e+01
2.133017381383957023e+00
-1.965889309952441266e+00
-1.523953843428804333e+01
-1.274011760730526532e+01
