-9.745042583584133666e-01
-9.311226900559561592e-01
9.013518746870741172e-01
-2.534447229457224005e-01
2.291587032211519492e-01
-2.607915742241306845e-02
3.749560208466169442e-01
4.361931132558540813e-01
7.876225704569621566e-01
8.691204126897766891e-01
-3.281527602352529716e-01
-2.214387145308847060e-01
-1.357539985452267395e-01
6.678780793970782170e-01
-4.541201671352581570e-01
-5.485950836041098011e-01
-1.084894331278896118e-01
1.362260882931320971e-02
-5.856529341884193496e-01
6.142974646373358105e-01
7.447426063516566774e-01
-1.018753304575867880e-01
7.812720605978884514e-01
-8.717167509965286776e-01
-8.222012764274719832e-01
9.468642890884175767e-01
9.481076646313297829e-01
-9.539190873256528924e-01
-2.564689892571732077e-01
9.152756261713448360e-01
-3.679222136125805953e-01
1.109542794748841210e-01
-6.675590656766203779e-01
3.414013017161623420e-01
9.415192260730154139e-01
-4.027399419945190129e-01
-9.763358099898480358e-01
-9.661187968269169257e-01
-4.866848093262592378e-01
-4.496879304314769232e-01
-1.937668296701888782e-01
1.741900073679973904e-01
5.915386425881241639e-01
-8.237219815177476701e-01
5.647809266763659242e-01
5.983804067068134724e-01
8.249646600125957185e-01
-6.362439471947998193e-01
9.174791294681476916e-01
-8.475001447371997010e-01
3.223105579927199038e-01
4.368485554932786119e-01
-7.693446784343573874e-01
1.134670448801029519e-01
8.062157335381023859e-01
-2.674102822031432236e-01
2.679406632513292585e-01
4.559219056562682226e-01
8.460951613168405938e-01
-9.707931499416553311e-01
-5.388643111641999717e-02
-2.665165253855732441e-01
-8.436658345471657050e-01
-7.548722870064326074e-01
-8.534000008432336415e-01
9.618737732040301136e-01
4.970124856838609162e-02
2.563327096980849706e-01
3.103824846299703122e-01
6.989005912323442704e-01
2.039882233883560936e-01
8.784791586755436033e-01
-3.540021792473733164e-01
-4.653485786987998640e-01
-8.487797111532848771e-01
-8.661571200865367803e-01
-4.092182336515735042e-01
2.750531303049752463e-01
-8.909761222240919487e-01
-3.284905928280035248e-02
6.736759281541495614e-01
5.534568166317259674e-01
4.582806430815664633e-01
5.524844051205153317e-01
3.813569816769568632e-02
-6.699368537810630464e-01
7.899041044882331164e-01
-4.090555835140501362e-01
-6.899289594397297609e-01
4.545364531767632776e-01
4.304365763254747179e-02
-7.097924778708655236e-01
-5.775263233541145791e-01
-5.876274980363291878e-01
2.363146354855656384e-01
-2.172970308069108736e-01
5.638367618212518639e-01
7.570358870810323104e-02
4.385763110869593806e-01
1.364308371760969418e-01
-9.685820593909322263e-01
7.434485263587622406e-01
-4.968304417211875101e-01
4.373963123473276760e-01
-6.153862932307434530e-01
3.465072285399048990e-01
5.988608710593659179e-01
-6.141758975505471341e-01
-4.217283616379026157e-01
-2.022834464028744339e-01
-5.963878791079857411e-01
5.586563395233234974e-01
1.259764724512419942e-01
9.926102782895331877e-01
-5.245931651332091938e-01
3.948735029917416206e-02
-9.039236912694741388e-01
-6.025664862448489867e-01
-7.930352153758837286e-01
9.894990425616738694e-01
-6.594461258394959113e-01
-2.999289440767851644e-01
6.179027327728898733e-01
4.686904660702526648e-01
-6.130769526440615902e-01
-4.076315704854309718e-01
4.516902518673040490e-01
2.142162377540488549e-01
4.440159020699014913e-01
-7.827669026864436663e-01
-3.916022017465996541e-01
9.074919736856967845e-02
6.618729534572211914e-01
9.702642102476055630e-01
7.270515656077558564e-01
8.394929906813386467e-01
-5.877674490929953866e-01
7.727760781065735607e-01
5.848428929500086859e-01
5.565109812097366326e-01
8.237204723694950825e-01
-4.262011228404753993e-01
6.974701383030057489e-01
-8.233884675779501450e-02
-5.840937137786728073e-02
-3.055942084456360064e-01
9.186017523016354325e-02
6.616595186559024455e-01
8.518916495372441666e-02
6.250063979358579935e-01
2.939617796197557809e-01
-2.918723313875348779e-01
-4.881731427980353644e-01
4.575070010521584685e-01
9.593949669800538871e-03
-3.422198876563684600e-01
2.114825502507773347e-01
-1.937097380940466795e-01
3.405309221478298731e-01
-1.523923874181143390e-01
-9.400248090371581267e-01
-8.152307970174628160e-01
5.129897709668498340e-01
9.757230285379359103e-01
1.408902177470887640e-01
8.592446742863395492e-01
-2.046739355444120445e-01
-5.367621460979123960e-01
7.795851696359323846e-01
9.468297267700116482e-01
-2.333566256192236565e-01
-7.129132715166153211e-02
-3.419778475405996776e-01
-3.037253425638897220e-01
6.294512983057476418e-01
-5.820971645426609165e-01
2.558914812597103960e-01
3.317692142432844271e-01
3.699110863466390509e-01
-8.488030932739392131e-01
-8.114974686020977046e-01
-7.420640822553785654e-01
-1.385479192682190774e-01
-3.685702970923689925e-01
4.049889832154285330e-02
-1.229188383558217357e-01
6.670535835078614806e-01
-1.539269999187702354e-01
-6.622411477019403137e-01
1.031115948071850141e-01
5.512416328647178343e-01
-2.573164507739373885e-01
-8.909967514555465762e-01
-8.387902551293868747e-01
-8.488946361270237606e-01
2.625217792241845149e-01
8.622496858998500713e-01
3.108115584756703242e-01
-6.444903581336018927e-01
-2.563563820643612878e-01
6.517400162423570009e-01
8.678636188362900405e-01
-8.223339645212215387e-01
-6.614787060331246416e-01
-1.560134746843999665e-01
1.025216554316685791e-01
-3.410038983312795313e-01
-7.428579036392690682e-02
6.312466586144267477e-01
-1.481391288684545948e-01
-2.123931080035086350e-01
-3.207076995451534351e-01
1.209916182786887617e-01
-5.568317253719512472e-01
-8.253053832167165371e-01
-7.552272749450128497e-01
2.969852654723159624e-02
-2.337889431436865895e-01
-2.343606023190585308e-01
9.744778960994193717e-01
-7.080565021677638349e-01
-6.636105101844060883e-01
7.767640716499959463e-01
-2.065251630196482946e-01
8.303069736733195150e-01
-4.269193758383600379e-01
3.921733850575059854e-02
3.804865186123540521e-01
-9.913848278024839367e-02
6.069840889938078465e-01
1.286951823528543759e-01
1.003028038168725100e-01
-4.364732718441863835e-01
-2.466615463323498236e-01
6.698923591902472552e-01
3.992284530451470914e-01
-8.989994981900042426e-01
-3.062702633108933536e-01
1.603699151945336965e-02
-4.560209122675331628e-01
2.528697364473750930e-01
-3.639090542123619709e-01
8.374905091312716543e-01
8.343520798294941088e-01
-1.136707221485504515e-01
-2.250391397144289041e-01
2.079819210207483060e-01
4.282653252247605735e-01
3.609194594831925951e-01
4.128412574722730710e-01
3.554670482690098776e-01
-9.336990719098017255e-01
-3.261449188955500844e-02
-2.529655209712424746e-01
-8.847428479805805601e-01
-6.534603181322682364e-01
1.871721492350797433e-02
2.722734717524732950e-02
-8.225234690695668593e-01
-8.664777093453641665e-01
5.173814548299375815e-01
3.957636411848479696e-01
4.130575576778574565e-01
7.452966090906030239e-01
1.254905414986959844e-01
