3.354731722202263313e+02
3.330386170181572538e+02
5.655828023975880114e+01
-1.638454677079643318e+02
8.073753196623781037e+01
-4.685456595866464795e+02
6.862129296846133002e+02
7.160549974852207811e+01
2.052382999463638313e+01
-2.503725224789550907e+02
6.031139952266837554e+02
2.782815626072409714e+02
2.918724579088719651e+01
-8.054488074607882027e+02
2.319538074470526112e+02
1.527914316902537166e+02
3.917930486892420276e+02
-1.745717559929589413e+02
1.292947160335987462e+02
1.429068202995757702e+02
1.421245186411979233e+01
5.191057022140977324e+02
2.343965290805362258e+02
4.766828284919603220e+02
-2.418268876179757569e+02
7.133006147891610027e+00
5.411955347022264107e+01
2.543213674663560084e+02
-9.607261724158819050e+01
2.799417086524557590e+02
-3.925878969783532284e+02
1.845277414519668469e+02
2.196496422186001496e+02
-4.795236811091319282e+02
-2.324404792843999985e+02
3.179285614367093444e+02
-7.395428924435033302e+00
-2.814695413621250282e+02
-3.680016932677771706e+02
-2.303454678108922451e+02
6.464490668694801911e+01
-3.884740550371867016e+02
9.097083393330150614e+01
1.759412901844416410e+02
2.461460672779335255e+02
8.475335196968060814e+01
4.369311582260300142e+00
4.954785121568897210e+01
2.380658888082376734e+02
6.671412745048222632e+02
2.235734812674943157e+02
-2.186827011340414018e+01
-5.148920740894386228e+01
-4.768238760062098436e+02
-1.516064648536980997e+02
-3.842059068228076626e+02
-1.229685900172531774e+02
1.842638548820513336e+02
4.695188355999075043e+02
-6.849179357270509172e+01
2.677528042064492411e+02
-2.509880349384132785e+02
2.274831151007163612e+02
3.208635174922137168e+01
-3.935843954360560133e+02
1.486785294407447111e+02
4.895260697812551598e+02
3.214814739888021222e+02
3.337590141094032106e+02
-1.072156352608179759e+02
-3.307235217552332074e+02
-6.144949541261787829e+01
-1.036814730964067195e+02
-2.986921240267286670e+00
3.493727809473351158e+02
1.104148344234454981e+02
-1.646166060926119883e+02
-2.928537024544444307e+02
2.305064952586485916e+01
3.185275235345330884e+02
-7.608694607797244203e+01
5.107765574544334868e+02
5.733349330461057889e+02
-2.656664946404909955e+01
1.767375016630446112e+02
2.007044153456961340e+02
3.145555248846919767e+02
-6.191883287001599001e+01
1.451453128803690795e+01
1.811668878899348272e+02
8.759555163673824154e+02
-3.389623508462353811e+02
-1.049729953936801081e+02
-2.658252790001304220e+02
6.127619049745501201e+00
-1.854111368223718443e+02
5.118841297555607639e+02
-1.336313507765903239e+02
-4.213163194992061733e+01
1.801502970333997382e+02
-3.573022886212538651e+02
-9.580493838347626934e+02
-6.742640654878108819e+01
1.725677114345925247e+02
-3.587089439971110778e+02
-5.708557702678594126e+01
7.738054717765905934e+02
3.077737780230606859e+02
2.250423367574069005e+02
-4.118374003266409318e+02
-3.136789294271683843e+02
4.478083139836056716e+02
-7.250838873783504823e+02
-3.327403449349827156e+02
2.154449727672487995e+02
1.167389441178771818e+02
-6.511305851920626253e+01
7.675899469706421030e+01
6.397384898514120977e+01
3.761933484789769722e+01
-1.719940065253067871e+02
1.236918943988841875e+02
-2.950304011181459600e+02
3.531327143020628796e+02
7.611455036988508027e+01
-1.617968831855604606e+02
-3.902661674609831977e+01
-6.870220299644790884e+01
1.669281518863878659e+02
1.146148644992171768e+02
-1.301233994833367831e+02
6.511627720001013131e+01
-4.288116295706765300e+02
-1.718989018784495215e+02
-9.937323868599364118e+01
2.102042828087329269e+02
-5.208718679978177306e+02
-2.340710251336973897e+02
-1.738584709897331777e+02
-2.457472068482336454e+02
-8.541521504557671278e+02
2.513961388664284868e+02
2.976360874077770973e+02
-8.005104975154807789e+01
3.866587267841626385e+02
1.645179837846742714e+02
3.900194379966345082e+02
1.815193159883025587e+01
-2.850913307280821982e+02
7.124817607270934161e+01
-2.176337981331256088e+01
-6.180406988372100230e+00
-2.713948473427216186e+02
-2.359739665914333955e+02
1.020397353282588853e+02
2.705575133400549817e+02
-1.264488058305094498e+01
4.503815992408279953e+02
-1.859116645769531999e+02
3.104809222439005794e+02
-4.584045479224867563e+02
3.506999458856307115e+02
2.011773415661188267e+02
-3.382548668267375547e+01
3.215865684638895345e+02
3.295553811087156646e+02
-1.677072384743428870e+02
1.643727710022687063e+02
3.702664131830185283e+02
-5.192360549229167077e+01
1.014433925895321238e+02
6.672519508951136231e+02
2.039744930980346567e+02
-1.833426558206853230e+01
-6.609471604083404372e+01
-8.518036560311932703e+01
3.811083398986939414e+02
-4.262165979129321158e+02
-9.156518055368488618e+00
-2.939150521548755250e+02
-2.877909264507451326e+02
4.414211416123421827e+01
-7.950450954110489477e+01
-4.577772030306679767e+02
2.384853344481673219e+02
1.039429386059922109e+02
-1.966689754300993229e+02
5.318850225221837036e+02
3.637321156386769871e+02
5.569948035837253428e+02
9.468645802508252984e+01
3.000566502854812256e+02
-1.229840673016810513e+02
-6.467237120253092826e+02
5.287293717536915665e+02
2.053422442404377932e+02
-5.224992637393646646e+02
-3.922862100398885445e+02
-2.748640068408703883e+02
9.398763784814951450e+00
1.171812578674603884e+02
2.402799761702061687e+02
7.287907613628799197e+01
3.002467229116659837e+02
-8.689983977485961759e+02
-5.063844207879116084e+02
-3.783080191278594384e+02
-1.356664741941594912e+02
1.124873922169194032e+02
-2.034104770587895246e+02
-9.542376859530634192e+01
-2.521721682128059783e+01
-2.281816296572762610e+02
-4.697986315731724858e+02
7.553470484434740229e+02
-1.008648201758413308e+02
-5.367922744018929961e+02
7.014931240362292897e+01
-1.721000871794314264e+02
6.688036443648910563e+02
1.152962614649998869e+02
-3.388853704170367678e+02
6.687349329415533816e+01
2.194952419690829117e+02
-2.680855619299652517e+02
5.327314905018437940e+01
6.392943665139782752e+02
1.444755956563309667e+02
3.032515922124401300e+02
9.434272389176509677e+00
4.230776361791866975e+02
-2.064798654220042238e+02
-2.158825205088524797e+02
-1.063130653196637070e+02
-3.256905265723825238e+01
9.181899567384867566e+01
4.047817287132813817e+02
1.851472263350148353e+02
3.702388227649280452e+02
-3.513758132352734975e+01
1.935984595306368306e+02
1.578480462744230977e+02
5.367230573537803195e+01
6.483266961802625872e+01
-2.597470235263645577e+02
-6.654317908051461927e+02
1.205151003679021038e+01
3.118586969951721244e+02
-1.701947327310139713e+01
2.907445588648178614e+02
-4.551707245916917088e+01
2.507141036809404113e+02
8.564179361784729849e+01
5.830814595217791663e+01
3.128082110427038742e+02
-4.015510813257334917e+02
-6.123144541577811424e+02
4.777974892735727508e+01
2.779397002074607599e+02
-7.384465486680538788e+02
6.694868818473119632e+01
-2.048772766646834143e+01
6.380499396986482452e+02
2.581629108663696570e+02
2.513498328228906686e+01
