-4.977036518233941553e-01
2.622910614573825683e-02
-3.245587999439170090e-02
-4.471659022871064537e-01
8.235964581030552623e-01
8.711915821786075931e-02
-1.157475503661112848e-01
-4.023684909539658738e-01
6.017850712221508580e-01
8.254578465022532896e-02
4.237426223766704858e-01
1.796449682545868676e-01
5.212596463209453468e-01
5.450693903359034032e-01
3.093274187326406910e-01
6.983651555718650705e-02
3.621458562960078176e-01
-7.356090851957856058e-01
-6.420790409390813025e-01
-1.288252213245133504e-02
-1.251682313236863742e-01
-6.290948564240470553e-01
-6.732628452335478464e-01
-1.053923438655348654e-01
-2.607307474393010249e-01
-7.257301608547889193e-01
-2.917029016486001325e-01
9.721907508760971872e-01
-5.570346972833994936e-01
-3.637353337273390164e-01
-7.329904412690151361e-01
-7.776850192876120227e-01
3.446356425542065338e-01
-7.723634208419557501e-01
8.679461153745968716e-01
-9.413130360694778043e-01
-2.188964646008728643e-02
-6.981696519972055981e-01
2.403602566568003862e-01
5.269421203221700267e-01
9.379526056760768560e-01
-5.066809710572652836e-01
-8.851997026722280282e-01
2.326765993280517364e-01
-9.543966434738395677e-01
-9.708473910629494830e-01
1.048840669490800348e-01
9.082007043346790320e-01
3.580930797950345745e-01
-6.044192894086557466e-01
4.861049837092679127e-04
9.675325062139088494e-01
1.768254582611903380e-01
5.087013987118522707e-01
-1.986658612234473154e-01
-7.674271115803247278e-01
7.087436056534968110e-02
3.188272764451696162e-01
-4.499941731849391169e-01
5.135957485579463189e-01
-3.630330474428751231e-01
-1.150679945198704868e-01
-2.404073904347581170e-01
-3.608644218900214362e-01
4.295633962058671429e-01
-2.269104730626529953e-01
6.108568072755633516e-01
-8.179646078843502144e-01
-7.419063109360712893e-01
9.678089329275257890e-01
-7.654328232214790972e-01
8.800687196198936357e-01
5.776630716530579690e-01
7.027068574482520091e-02
-9.407617937171588451e-01
2.792010287513437827e-01
-5.126705674533202917e-01
2.318273663982093336e-01
-3.855694978261616779e-01
8.325895870333139825e-01
-8.389295494869447589e-01
-4.866547115573567339e-01
9.020637292488142833e-02
-7.754060540262560641e-01
-9.958249333384876500e-01
-2.188931679478420822e-01
4.726253995822435883e-01
-8.581121323854400407e-01
3.325562711111169634e-01
-8.672008644131657951e-01
2.723562930073240018e-01
-6.854004477774967574e-01
3.387136509719964605e-01
8.176961201308273752e-01
-4.896736981012341783e-01
7.544563942857598349e-01
9.977226054131259625e-01
-1.605914709029512277e-01
-5.922116364680052314e-02
-6.251816511589165515e-01
-9.184005364222498358e-01
7.844577300606628834e-01
-1.311175327960434345e-04
6.603099388772788458e-01
7.302075819847568816e-01
-6.362205407607322005e-01
7.724109688058108381e-01
9.660256489834431193e-01
5.020508646800561081e-01
-8.670198675636400232e-01
7.750848894702069281e-01
-6.165065787884003168e-01
-8.842534001933236576e-01
-9.013125232306444801e-01
6.107196982506284400e-01
6.233035387234990843e-01
8.404126810670922154e-01
5.999855494285450952e-01
-5.496203325046415955e-01
7.885357346694759073e-01
-2.281866568652644034e-01
-1.183961116758243115e-01
-3.530378232185182874e-02
-8.948582651727075010e-01
2.009760515486902488e-01
-7.839076136934423067e-01
-4.704141871828038113e-01
7.150785047765330082e-01
-5.924281973134515322e-01
-3.865945787403097800e-01
-7.534981439099319722e-01
-1.113024645970686066e-01
2.983854091907294226e-01
-6.405024109875949723e-01
-6.186371293838359708e-01
-8.289243721919281604e-02
-4.855205612701367635e-01
1.770783235491351082e-01
-3.212961786379859852e-01
-6.972327384907121006e-01
5.210942568977803280e-01
2.206719151463960582e-01
-8.948795979893082730e-01
9.348073315426411733e-01
4.453927913210531386e-04
-5.897714387130491565e-01
-8.415503658953373822e-01
-2.009291200365157515e-01
9.895432366692391568e-02
-8.588146050444983581e-01
3.059586927102369014e-01
-1.048413028998553820e-01
4.359256660331600752e-01
-7.816456068473170982e-01
4.568653369159738631e-01
-7.029661003889632331e-01
4.942009714549830957e-01
6.620549158981496873e-01
1.110751766237922933e-01
4.077356963398814926e-01
-2.451666121148468047e-01
3.189403111824524739e-01
-6.647674181852583075e-01
9.510549969087702671e-01
3.361851716136774471e-01
-1.824658801257472707e-01
6.614910350615934576e-01
-1.138828069019011124e-01
-2.504261149572948320e-01
1.282462429138158111e-01
7.297564363516961805e-02
-7.751160868815998306e-02
-1.074828590163514619e-01
-2.725640063408822922e-01
-5.638065355451842287e-01
4.988894023461447613e-01
8.639071962995222842e-01
7.527011642058942797e-01
-5.385504644747509673e-01
-6.413499016555199717e-01
6.759471323715309232e-01
-8.769351114240468981e-01
2.651678593817525798e-01
-7.649681599668807230e-01
-9.330669931326793787e-01
7.293357992978549698e-01
-2.749351633781635940e-01
8.506065325496944274e-01
-9.951303764737579050e-01
-2.093957467015239438e-02
2.451205246472836219e-01
-4.165676471986556884e-02
9.122133846713977867e-01
5.123014392834535080e-01
-8.786098361432790327e-01
-1.341296899493344963e-01
6.018542836326605805e-01
8.428423225957294429e-01
-6.362898113437829295e-01
-4.412283716802205547e-01
-3.528209972645535153e-02
-6.276819410366019092e-01
9.967569314838931049e-01
8.675910046121769748e-01
8.388966159342138296e-01
-9.820851560759186194e-01
3.450897820096043844e-02
-3.628178970060433883e-01
8.139296917243843410e-01
-3.399204637473809409e-01
1.496270323207815611e-01
5.887697132936782207e-01
7.358598553882944593e-02
7.506504572339004477e-01
-8.770499705186352024e-01
8.288705000047946747e-02
-5.330774697239610838e-01
-1.657227100420832766e-01
-2.465972182162985415e-01
4.376537751228019024e-01
9.019896885445297663e-01
9.683170084628315299e-01
-9.848381172041996701e-01
8.077276861331524893e-01
5.240620066728050030e-01
-7.969463872509766622e-01
-4.824708224010998414e-02
9.782104652294553171e-01
-1.716329063616621742e-01
2.680098212725143814e-01
5.497397819237568317e-01
2.811468437269852849e-01
-7.402148543445901119e-01
8.679389324694209984e-01
-1.632288717955752144e-01
2.470999777976723433e-01
-3.349478512478920589e-01
-6.381556710098854612e-01
4.880049868592815088e-01
6.127900934360668295e-01
3.820902391900491413e-01
-9.420446282435563923e-01
1.366927888380868872e-01
-1.113915041192936606e-01
-5.582033645299537827e-01
4.513700136333032020e-02
7.964100526727095897e-01
-7.991098438076118526e-01
9.472550809702466879e-01
-7.282168555056308668e-01
-6.998111915388834925e-01
3.883143579181236316e-01
8.279092101716486463e-01
-7.687055680638762434e-01
5.906548294618274575e-02
3.554722933932863427e-01
9.120301539322900330e-01
-8.317587934780927839e-01
-7.825578840002839209e-01
3.250271295431563789e-01
8.021848427843650819e-01
5.255754387343594125e-01
-4.993266385741992330e-01
1.542220912188030368e-01
5.415274807760459552e-01
