-6.147252287901343593e-01
8.458062446343892482e-01
-8.069699940246728431e-01
-4.686675821966137523e-01
7.267188491304894526e-01
-6.700873150083830332e-01
8.524938764789389278e-01
2.249153369932872515e-01
-7.543604310754465914e-01
-5.405314778152654487e-01
5.554907068546539595e-01
-9.471172492628343598e-02
-9.391067537390471731e-01
2.190125945409295838e-01
-2.933414114461820876e-01
-5.871654563251313963e-01
7.584203390735617667e-01
-9.869317849132317466e-01
2.638385749710094874e-01
-8.472147416737536574e-01
-3.675743643940840855e-01
-1.014574641187349080e-01
-1.577309099772983281e-02
6.391826950331267465e-01
4.252517777449533742e-01
-1.506191141846269232e-02
-5.648210601430090350e-01
8.427650972886400194e-01
-9.594405315273646373e-02
8.842079241437057480e-01
-2.315209266995954529e-02
2.285740005879506320e-01
3.205780313942980797e-01
-1.976879020337962700e-02
5.728051514565191127e-02
8.218420468683702573e-01
-1.641280119146086847e-01
-3.882047444209673071e-01
1.195846808859652999e-01
-8.868010572367834854e-01
-4.496761071583439406e-01
-3.762238404737106023e-01
4.731668974686398244e-01
7.226792445227099293e-01
5.580766450976315518e-01
-1.268470219005395361e-01
-4.601975571874130644e-01
7.345985809441335501e-01
-4.009676186601522918e-01
5.684296387843523757e-01
-7.847161295658782176e-01
6.966647768573825950e-01
-4.576964495087105789e-01
-9.310834908184235648e-01
-4.290806155669462107e-01
-5.283731716584396665e-01
-6.350195177766295718e-01
8.063312004576317360e-01
7.484900862129064691e-01
6.808391910843059058e-01
-1.763531773013102821e-01
8.523677190692970917e-01
-6.545136691226765002e-01
9.843750734869920471e-01
8.018990303434050393e-01
7.566120030695306919e-01
1.996931426746728633e-02
4.989871613263967554e-01
-3.788676619596476058e-01
9.124883934007790298e-01
1.556310303273946705e-01
-3.919957410444940837e-01
-9.246742768107687471e-01
-1.993756912509314638e-02
2.873403976046218222e-01
-6.843593356896000568e-01
2.251242362578296241e-01
2.518489962097529844e-01
-8.441431126037477473e-01
4.538294872240362654e-01
-7.908759692010438602e-01
-9.505344343313222311e-01
-5.270895741880303742e-01
3.321341773503445616e-01
-1.082802401540550186e-02
6.779231513512804508e-01
1.863067706869576678e-01
9.000454662403640782e-01
5.817076567112451357e-01
2.121755811157255422e-01
3.315191182620520483e-01
-5.691582532450185639e-01
1.605097690987187242e-01
-5.357730658980395244e-01
5.726895911012761520e-01
3.922268286792858216e-01
1.959954290792742526e-02
-8.343176677286698872e-01
3.536954170779991191e-01
9.092284014000571180e-01
-3.259819884776058441e-01
3.453538819848378516e-02
8.889020507281086836e-02
2.037469626016243929e-01
-2.832259715900462549e-01
9.397888767476181293e-01
-8.613640766789845138e-01
7.897478479375814597e-01
1.545760960942561546e-01
-1.560502489153527961e-01
9.594476608552451324e-01
-9.279992442655020657e-01
5.241239754612627699e-01
6.872682816441308962e-01
-6.073729797689353394e-01
7.660434586807502999e-01
5.002252829508706533e-01
1.430127631992612613e-01
-6.968731550511673145e-01
5.857608060694885488e-01
-4.672750374833398723e-01
7.142217270591617595e-01
4.219766004601654963e-01
9.299741183813845513e-01
-7.544361361795575149e-01
3.770626234497382878e-01
-6.860266335876199495e-01
-9.144884370704451371e-01
-9.874528223175791375e-01
7.292048813247351546e-01
-8.191506778973349778e-01
4.522119201217371653e-01
9.962316723834596655e-01
1.893324897358055203e-01
-8.554947567409960651e-01
-6.417845027704780492e-01
-5.071351951487845788e-01
-5.055198854699725075e-01
7.888048024619567222e-01
-3.154305354650550619e-01
-7.170020272500323699e-01
-2.372966491368335706e-01
6.184311250420322370e-01
-2.048117275619349975e-01
-8.446810263896309401e-01
6.431285322976987295e-01
7.501392023383959273e-01
-2.517548526396224950e-01
2.068813123682227140e-01
-6.233981713285159376e-01
-4.415737650458633201e-01
-4.767922004894882271e-01
4.272057085848022240e-01
-3.703068896887737882e-01
4.651023559629707815e-01
3.867065200592525454e-01
-5.227836266493788298e-01
-5.607657377128745235e-01
-1.762449878756362498e-01
7.873242953796228960e-01
-4.663105670878888720e-01
-6.675547280878708634e-01
-8.161338684933958643e-01
6.632679185573653324e-01
-1.652246048083072516e-02
6.142874415339605321e-02
-7.653860678532757866e-01
-1.503879233089666645e-01
8.363607822709355766e-01
2.186005528148760035e-01
-3.503731387612862846e-01
-2.422459435796779914e-01
-7.251559479300615507e-01
2.596255012103660942e-01
3.100436647431181747e-02
6.152543229086220311e-01
-1.297989910919015166e-01
4.411999611246364417e-02
4.537676409242379361e-01
3.588931456159840661e-01
6.445910293260341817e-01
2.948684374591936663e-01
-3.638593521036397327e-01
7.597181289984678010e-02
7.127494156280711479e-02
-9.327885050871080885e-01
-4.400356591086085345e-02
5.262777965159548543e-02
-9.854265908561712362e-01
-9.077624146686702478e-01
3.798110724832890472e-01
-3.704769299890364742e-01
-2.166924461468384688e-01
8.576772373191883236e-01
8.097815351272679152e-01
-8.164823570700141531e-02
-9.519777290597319919e-02
8.694325318725164564e-01
-5.779997468548552231e-01
1.769049767953465579e-01
5.925754141804919772e-01
1.547351105007792604e-01
-3.925150076463295168e-01
1.806498196943613355e-01
3.197073502631799791e-01
-5.499839859746766813e-01
-3.251525427850221472e-01
-7.418753628434460179e-01
-1.293337345260174853e-01
4.101211102487312132e-02
-7.814979638814281149e-01
-1.440987659225978490e-01
-4.571976511788471420e-01
-3.208784600768759265e-01
5.546557638705869042e-01
7.237188610264524424e-01
-8.484117929390577739e-01
5.411195114217826063e-01
-8.818886528484466414e-01
-7.975506124138624919e-01
-4.940769811898584329e-01
1.253459411402604307e-01
6.834748912729740056e-01
8.808958657229548628e-01
2.482467906718950346e-01
-9.454346980047936277e-01
-4.367847098231294467e-01
-9.690579507026262363e-01
2.724877587204743712e-01
8.139222257217757495e-01
-2.825012401002131579e-01
5.603802691527564050e-01
-3.256104757188649224e-02
5.968128546810518298e-01
-9.903311870413564755e-01
-5.815736766118164702e-01
7.747973152196840907e-02
2.116734035680689630e-02
-1.898606091010957009e-01
6.706602980831655181e-02
-3.900763302064957916e-01
4.279422625943221092e-01
2.129552020443707949e-01
-2.233258432836242591e-01
-7.402214336180612531e-01
-6.259449334289526323e-01
-7.167966734020287944e-01
-6.515601392070580200e-01
1.376478372841118958e-01
-6.459909739047127175e-01
6.683914253534195549e-01
-2.293675727023449795e-01
-4.839219901812457092e-01
3.479549449834085095e-01
-2.870332240154982451e-02
-8.568633864608552475e-01
7.782095083487305942e-02
2.136908762851685850e-02
-7.090396535434502212e-01
-7.754054599438162665e-01
7.852565095906471893e-01
1.837930673680372440e-01
3.039174570863090175e-01
4.396751570453982794e-02
-3.104884134467014167e-01
