4.853194484818028620e-01
4.321914355311706757e-03
8.244787654184018155e-01
-2.605931413651796369e-02
9.526785742903138843e-01
6.668225819397264331e-01
-8.927657044319459168e-01
-4.802687282164610494e-01
6.432097544387360699e-02
-5.495179939612837572e-01
4.644388211823999857e-01
-4.546672829647493419e-01
-5.809304352211765998e-01
8.540485859947224423e-01
-9.763368511030618979e-01
-3.162206220151333458e-01
-2.354290584452412016e-01
-9.607593554251780965e-02
-9.837594377677105761e-01
4.535944806352494307e-01
1.838473032414684738e-01
2.113138978954878233e-01
7.189393518063167399e-01
-7.515009253477547002e-01
9.023109871943808535e-01
2.168701197985667406e-02
7.985267800946922456e-01
-9.585328478870329683e-01
-6.504450649551090091e-01
1.998515239625364703e-01
3.009559237118903940e-01
-1.361186165339640652e-01
-1.419065764278002462e-01
-5.544572356646657596e-01
4.621112692428015478e-01
4.246079505536943799e-01
-5.309284935421714202e-01
5.257016467471091747e-01
-9.104759388077814375e-01
9.532221799102846838e-01
9.667868571488622553e-01
2.577409370833543267e-01
5.430278128406196281e-01
-4.085100977908620035e-01
3.847897744565833555e-01
1.923892583823172409e-01
6.078615408342773474e-01
3.546371969874497765e-01
-3.585019764883285998e-01
2.074980649222830653e-01
-6.259525316452687616e-01
-5.432595762511813753e-01
4.706937073381549652e-01
1.486352665394945483e-01
-2.251923021931083735e-01
-8.445946418191703220e-01
3.703633531893455455e-01
9.256728724240026462e-01
6.745731520004651927e-01
-1.191346499812366844e-01
-8.608587817422150845e-01
-9.634456758307345936e-01
4.636449546613119477e-01
2.195548235403108617e-01
-9.926695473700157812e-01
5.512295335334671531e-01
-9.309190072259245774e-01
-9.419178266588819071e-01
-5.013608661089428153e-01
6.373015724075277166e-01
1.672460949889440496e-01
9.762993591905815283e-01
9.681579325523859136e-01
-1.364750336314395351e-01
4.143473238551318438e-01
1.638326020343099376e-01
-5.125709655749888238e-01
-9.100839988356406174e-01
9.992431760650817285e-01
7.501793281520787726e-01
-5.875277923637756139e-02
-2.841365454395545775e-01
7.844077926779333687e-01
5.639926610271137619e-01
8.919625059051206062e-01
-3.235335467450450864e-01
-1.977814536957809288e-01
8.041353091547609466e-01
1.746735483460755134e-01
9.413439205400890852e-01
-2.847744306438579898e-01
-8.270674157050541542e-01
-4.760837484220172833e-01
-3.353851454620768724e-01
-5.645232227122622959e-01
1.635971288049675731e-01
-1.091453603565448738e-01
-3.315126652846871469e-01
-2.059904466526365496e-01
-2.091170005822926559e-01
-8.577535861163934072e-01
-5.085957502963858179e-01
-3.919916083105918769e-01
-2.049254344345401435e-01
-1.941526773844048925e-01
3.325124166095132505e-01
-9.901382484407634799e-01
-5.448616231635214913e-01
-4.732171087602168313e-01
2.234795469634132115e-01
-9.627707007729169320e-01
-7.626504467041865798e-01
8.416629636392201075e-01
6.243588498737253634e-01
9.806431022494610517e-01
1.159161865284255022e-01
2.497821796970156605e-02
5.773351431241353637e-01
9.395841960456317032e-01
2.477177429875965231e-01
6.214155790818562952e-01
1.512603263052745284e-01
8.025415747868711591e-01
3.965708827409208936e-03
-1.223250648681111219e-01
7.525214753423989933e-01
-3.893213244740567625e-02
-3.558819436402329561e-01
-1.116354687115133082e-01
4.994923747707835648e-01
-1.053142549144490125e-01
-7.966241469797052943e-02
-1.012615784413872788e-01
4.436665728048840851e-01
9.848588864310670044e-01
2.540553000245031612e-01
7.006311324941607577e-01
6.237558868202788265e-01
-3.968885393316958776e-01
-5.141261021866354586e-01
-8.292513088008601763e-01
6.830528418024270909e-01
-9.754010853398895620e-01
9.329251057240284251e-01
6.778050948253642183e-01
7.560640136737091233e-01
3.103086636266016995e-01
3.423348077789345467e-01
9.532218086112509425e-01
-2.981990755900143508e-01
-7.361576807721836868e-01
6.220634110689784446e-01
5.217973358436494014e-01
-9.964932319276225137e-01
-4.718807379919609524e-01
-6.734147047438088229e-01
9.708594834200212631e-01
9.792352446530536714e-01
2.286770948396659175e-01
-1.984053194518733410e-01
-5.415369307795740994e-01
-6.477107663618952849e-02
2.013621809535637297e-01
-1.065652624687476457e-01
-6.899170448302351932e-01
-2.468726551133348934e-01
2.028341904002031182e-01
2.255515034215924697e-01
-9.508594322115948572e-02
2.456570544908962539e-01
-4.120805081602252340e-01
6.518229078910984242e-01
6.847359099587824183e-02
-3.223546487564199481e-01
1.888964534176484911e-02
-2.395400256954860474e-02
-1.282020378798716109e-01
-5.068791125701495037e-01
-5.111365947383601505e-01
1.321915249634124656e-01
4.895775580479861944e-01
-2.087404989597363425e-01
-1.204606727378596531e-01
5.301133987132999881e-01
-2.647116256513004640e-01
4.857020211465863380e-01
5.859103362278039739e-01
-5.818726084575001067e-01
3.536655193442321821e-01
-9.957008336585355668e-01
-6.129794210231056528e-01
6.203570034589327431e-01
-6.232338490026354538e-01
5.838835620885096667e-01
9.888423332036269109e-01
5.570372274265174006e-01
-6.843944585944654602e-01
-7.848114171854474463e-01
-5.136129004178620061e-01
9.272562815877285480e-01
-9.775959996021432730e-03
3.336253643004982727e-02
-4.538507640304187962e-01
9.233405168877248936e-01
-5.121021133406569170e-01
6.230988025181685153e-01
1.801756310311612985e-01
-2.649438173504194971e-01
-7.472897451797535506e-01
2.963527430228209969e-01
-4.533800328595609663e-01
9.772948072830209831e-01
-3.979944567324034121e-01
3.011982398623214152e-01
-1.966853332789375575e-01
-9.942763205660702930e-01
-6.935451286224840750e-01
-7.529676841714998403e-01
9.275422137122071309e-01
7.661826727537297543e-01
7.934863269073868519e-01
3.935710567416743633e-01
3.833290511140488022e-01
-7.919602774056786476e-01
-4.564822473670575587e-01
6.607445683098327471e-01
-5.305597261256882469e-01
-1.755250633622473799e-03
-8.890615661345189213e-01
-4.083399830394056629e-01
-4.138667005092333540e-01
-7.573423981839630947e-01
-1.690738762203138901e-01
6.316297606131633380e-01
1.381410404034393302e-01
-9.121474542965466448e-01
-3.355651239648123063e-01
6.610743165266499410e-01
9.535198309223926749e-01
-8.746953153456120678e-01
3.183428659729066190e-01
-3.577766687362360365e-01
-7.431101141208633631e-01
-5.565242078937038261e-01
7.621928134431490420e-01
1.900923825735567618e-01
7.543839005485697413e-01
5.838193654544292510e-01
-7.882691046739109808e-01
3.651931532456960117e-01
7.664391649677519958e-01
-8.969562560380082150e-01
-9.950847235614668218e-01
8.347704795927293198e-01
7.661512673130421724e-01
3.930216973606390773e-01
6.552632908838247339e-01
-4.043084452516061411e-01
-6.882581016514808248e-01
7.034313924203416946e-01
-9.365572055932052109e-01
-8.907822570010086594e-01
7.069373480831511181e-01
4.099521515068047517e-01
3.098142656995528377e-02
