-9.318524535534180586e+00
-2.100971236070051873e+01
1.307192103962823992e+01
-1.672120353131278847e+01
3.074936874215291382e+00
-2.046945998480724072e+01
1.460508520256346898e+01
-6.920052750061141289e+00
-1.015642601082352492e+00
-3.703770497284662344e+00
-1.192113359506836012e+01
1.425176402940862985e+01
-7.664918823345224119e+00
7.962128596305300121e+00
-9.171668158013956074e+00
-1.115305540713353949e+01
1.194618048429354396e+01
-9.156500363212609628e-01
-2.248784438608831948e+01
1.614923445129905044e+00
-4.160814672632488609e+00
1.960703964018710721e+01
-3.579964406832700785e+00
1.951310064350447604e+01
1.619028057789590136e+01
4.162892306435798773e+00
-7.817556950272239291e+00
1.927054449519381318e+00
-1.975671833754016404e+01
5.338835081218879175e+00
-3.171873855675620302e+00
8.339260628332199943e+00
-6.258346795366655613e+00
6.738221778214739999e+00
-1.197424492355401782e+01
6.378484748956879002e+00
-6.451744973126914751e+00
1.858138357085664083e+01
-2.142840364921391938e+01
-1.633950220056470570e+01
-1.214626959634925818e+01
-1.540876362315216674e+01
-2.221025546723205402e-01
-7.101156089509967906e+00
-7.456095922893034356e+00
1.633769512511270605e+01
7.069496477021521841e+00
2.440868726220951856e+01
1.490770307479801637e+01
6.435497374518668323e+00
2.064711580903925636e+01
8.969810452953783653e+00
1.912473659641494450e+01
-1.454806882504839027e+00
1.696609148227667418e+01
7.157738972622123441e+00
2.706553292057454208e+00
5.105586363125815375e+00
-4.737234816491308065e-01
1.933223687391046397e+01
-2.361727050630608282e+00
1.059298669005698557e+01
-1.087039214062358106e+01
1.876532700328074554e+01
-1.285383649298970354e+01
-2.137612910798620192e+01
1.445870059488757953e+01
-3.059249163976469532e+01
-2.342525267060428362e+01
-2.256363253852389672e+00
2.096017916977334750e+01
4.204237486062031515e+00
1.425468199561959359e+01
1.128096128532943077e+01
1.315170640463353813e+01
-7.594966843750620811e+00
-1.023280883145390519e+01
3.268195864230150249e+01
-2.280360626849133610e+01
8.937038098379335160e-01
1.356302124587829105e+01
-5.855244410897600282e+00
-1.401834539801045132e+01
6.270281981166821339e+00
1.373032944282423173e+01
-1.898034141112638906e+01
-1.513018655079689978e+01
4.990772482998023563e+00
2.268674942874316969e+01
2.782790847564284853e-01
-1.053049656187513250e+01
1.504872999566319791e+01
2.187686755525899329e+01
2.312437266982452222e+00
-1.698571470474630019e+01
1.731879611897811344e+01
-2.819805912746158327e+01
1.556993091554104502e+01
6.052998403162033192e+00
7.288043448166331650e+00
1.829288946515682923e+01
-2.514429565445167114e+01
1.014042019212536339e+01
-2.687459390830631012e+00
-5.062652528879317160e+00
1.706568188614617343e+00
-1.529583535351557089e+01
-7.716616839491843294e+00
6.345281158802638544e+00
-2.256272316953708668e+01
1.061637003748540842e+01
-2.045280807798297218e+01
6.277474424216968885e+00
3.336870744156738677e+00
2.497409289837216306e+01
1.300078235726312315e+01
-1.025615290548744873e+01
1.376744457367765406e+01
6.833799823978184307e+00
-2.561149575392232691e+01
-1.873808565170592644e+01
1.727944135967005224e+01
-1.391577749663950669e+01
1.179814770498444254e+01
6.905861701373258832e+00
8.052024743866965650e+00
-2.937443655133577192e+00
3.177375937485589574e+01
5.914798366363159587e+00
-8.346645564805911244e-01
6.902595034648085992e+00
-1.360704910546029112e+01
-3.986864662084735222e+00
7.455343053423312050e+00
8.357413447826578690e+00
-2.843207472365548716e-01
-4.002353859611452513e+00
-2.221681560324844540e+00
-5.704179036541561665e+00
-6.808055129323545174e+00
-3.326547654090102890e-01
-2.226769825760622545e+00
6.230788425068102043e+00
-6.402106572815640106e-01
3.415616045550339486e+00
2.421684557751450129e+01
-6.676168427342817679e+00
-1.175286170265665930e+01
7.308247022601358722e+00
-4.347071732229291996e+00
-1.301769077960453203e+01
1.112603518597740226e+01
1.455473049437135735e+01
-1.468013411318750450e+01
2.619951967093280132e+01
-2.570374133211608125e+01
1.005131874088903476e+00
9.568259456760902282e+00
1.627673667026189364e+01
-1.314398135920310962e+00
1.443942458200042545e+01
1.753898807082737932e+01
1.440325139033348378e+01
-1.171095154814521599e+01
2.333480397340274237e+01
2.043685187038295936e+01
-4.957723899522772371e+00
3.724316413733117059e+00
-1.343999850071465119e+01
7.873495000871960414e+00
-1.600216314370513970e+01
5.430048827597158123e+00
-1.898160765327133603e+01
7.561683820008838097e+00
9.778263149913826169e+00
-6.281411120941084114e+00
8.798342758621478410e+00
2.101819344556085767e+01
-4.871758019452010480e+00
-1.387492103273982025e+01
6.215665961726423383e+00
-1.304295885571510816e+01
-5.013900469458143494e-01
6.366652932562843148e+00
2.843935914936253972e+00
-6.496999435032293491e-01
2.170993668125667853e+01
1.402277402645104409e+01
-1.315915352173980324e+01
-1.475902758336304821e+01
-1.624914644237494654e+00
1.025839441000578134e+01
1.321788787307817259e+01
-1.630360310026342674e+01
1.077354110038705137e+01
9.789477280865611419e+00
1.452236168824292584e+01
1.225003051895954087e+01
1.534396473033245556e+01
-4.042152545532418983e+00
2.341012561249755564e+01
-6.807980723604227791e+00
-9.390726658193344178e+00
5.299981550597845370e+00
2.412879145542497028e+01
1.688079196596810760e+01
-1.385934962580412488e+01
2.024414653006513021e+01
7.740814407687296672e+00
1.424745071021840026e+01
9.618399590093012819e+00
-7.632630460855549970e+00
1.411657406116454361e+01
2.094846138264825086e+01
5.891600569161851375e+00
2.523870002959296421e+00
-1.652904452957514891e+01
2.131976985303473882e+01
6.155709045508036326e+00
1.451645859993916510e+01
-7.228382898746457563e+00
-2.310411014097742211e+01
9.546162377632095186e+00
-5.780523315155403630e+00
-2.302344872192466241e+01
-4.109359909056724547e+00
1.696915391331633316e+01
-2.334513049433951082e+01
-2.914155026700119500e+00
-2.562990843747581238e+00
1.169121305140684353e+00
-2.189674770423090777e+01
2.471207105026892137e+01
1.446041135691226742e+01
3.389815795110042274e+00
-6.044265631670945105e+00
-1.052790244302542710e+01
-4.566097227373898448e+00
1.927246421122647746e+01
-9.650553558962329248e+00
-2.916881231677091080e+01
2.502486086065500359e+01
6.372127531209211604e+00
1.398276020597730174e+01
-6.501829866830242111e-01
2.492211356986159387e+01
1.344726175338503360e+01
1.715088757976572964e+01
-1.774842086384500206e+01
-3.036594930429390260e+01
-4.548663254763445352e+00
9.063305448116221186e+00
1.320037715625615959e+01
-1.191187615006608169e+01
-6.838205776589231455e+00
-2.694546563490425228e+01
1.366488397887432527e+01
-1.539995534421103862e+01
-4.088654733456660750e+00
-4.667899890781868066e+00
5.401298222809387539e+00
-2.219006162280316374e+01
-6.482686244891817218e+00
9.844078629108176770e+00
-2.509421767970476580e+01
