-1.790954744030002033e+01
8.344832725102200754e+00
1.861774693129613567e+01
-2.423928183303981854e+01
-2.144709831297677383e+01
-2.911496928005212226e+01
4.409681769819841435e+01
4.737128853762238911e+00
9.445113630034845187e+01
1.812416826030651151e+01
-5.168775370954659110e+01
2.196064055836538742e+01
4.118307508952013585e+00
-6.473515511583537219e+00
2.323753744904436758e+01
-2.093489369710297865e+01
6.206269870911691022e+00
5.285263605283837052e+01
1.977285275101756667e+01
-2.539499171163145874e+01
1.813635493613186611e+01
3.907338549445411502e+01
2.265948036356128270e+01
6.700630585189347244e+01
4.743974537321293639e+01
-1.923494963252218071e+01
1.481248378856296632e+01
-1.684024509576817863e+01
-2.361587590961426741e+01
2.968660846721361324e+00
3.853078401604685865e+01
3.751486387720440518e+01
8.175232665925685538e+00
-9.986757979508841743e+01
-3.578159082652462075e+01
-1.578102406532596014e+01
-3.185035617197102198e+01
-1.431789836267132721e+01
4.285081378582675882e+01
-1.071118026394264344e+00
-4.210068144698541204e+01
7.245599874064286894e+01
2.290228556171282293e+01
-4.473671347986743996e+01
1.508378389870393477e+01
-1.261117033831866863e+01
1.797375944998311326e+01
-2.700309889824473686e+01
3.457205947888330400e+01
-4.698184174772372756e+01
2.330624200724168915e+01
-3.368690777469462994e+00
1.907091063467818159e+01
4.836147995620046203e+01
9.485946616574596035e+00
-3.777268973267126029e+01
-2.282307171263592238e+01
3.905095072359232944e+01
5.018460500950553893e+01
-1.092557661900560895e+01
-5.740194646822824875e-01
4.471016338028718451e+01
-3.665196550176935908e+00
-2.804104941617437952e+00
6.379232500134349060e+00
-7.100767093042412625e+01
-2.213250330616060779e+01
-4.248120780405754005e+01
4.114162650594052062e-01
-5.056437376852297660e+00
9.408103616191743512e+00
1.781507390156185977e+01
6.792062434817270855e+01
-4.338985502758868762e+01
-7.114267945105558510e+01
4.208529046740592605e+01
-3.448952850872499454e+01
1.955858741364035147e+00
-1.474398851998399529e+01
7.007493291155626025e+01
7.948809734873179877e+00
4.102586842812289802e+00
-3.129824471190895352e+01
-1.020606389039050654e+01
-5.569623906249066891e+01
1.720617951204465257e+01
-4.194770383991952656e+01
-8.937646872374143570e+00
1.732273473015645848e+01
-4.850350590125970740e+01
1.469142261721949438e+01
-3.168294627358710258e+01
9.656353236767568404e+00
-3.923772924251034055e+01
-1.635403806438184304e+01
-3.798412466072145577e+01
-9.286775625435261361e+00
-4.101730812170713136e+01
1.563894699844926528e+01
-2.753912697131812592e+01
-1.143521471787348531e+01
-2.199472587474294727e+01
4.981509010859344500e+01
-1.005848815859234335e+01
-3.518742586367194747e+01
8.538474682391674264e+01
-1.258939268984378046e+01
-3.518117200870334926e+01
3.721084710145279217e+01
4.831040955318939289e+00
3.051136129638493699e+01
3.036952475227558423e+01
2.384910102271734189e+01
-5.304984411272282330e+01
-4.936749755126490413e+01
-6.076944634582703841e-02
1.722288434334172536e+01
1.219617618106146439e+00
-3.093026182312285854e+01
-8.334499275028946386e+00
-1.930925330187356792e+01
-3.090823649717826882e+01
-4.729929564567856914e+01
2.620816093026927618e+01
-6.782448651091429781e+01
2.721620050846303940e+01
-5.180965359238853551e+01
5.484394153548117146e+01
1.151398041268577721e+01
-5.898182218781355601e+01
-3.990717847238371974e+01
-3.640122275197780510e+01
-4.091485781433665636e+01
-2.969296580388364859e+01
-9.193599152728884505e+00
3.286138790987081393e+01
1.146424998245881177e+01
-2.727403712158738713e+01
3.913862021164324290e+01
-2.187936094718255831e+01
8.493401983755470042e+01
6.012385724289681121e+01
-1.052233839725153164e+00
-1.953360877380928073e+01
-5.503976046361612973e+00
-4.776148271610500728e+01
-2.932150320324166515e+01
4.283582922729665654e+01
-2.515365219206069725e+01
-4.355026706005396875e+01
1.262071523554419272e+01
-3.611505265376901264e+01
1.318806729751723061e+01
-2.153362825552666493e+01
1.956864404757438791e+01
-3.631626909347838250e+01
1.028059779912183780e-01
-4.832449062574698928e+01
-1.630777127142669869e+01
8.402904294035554500e+00
-3.723997022119559119e+01
-1.891834695849896164e+01
7.552859624248141301e+01
-2.125041465232453675e+01
4.549456411910414744e+01
2.221343867365362001e+01
-5.412836108784909328e+01
1.460602634944073763e+01
-7.625095003644533165e+01
4.611221791781848367e+01
6.409997183420982481e+01
5.197560570678010095e+01
1.681947908792723823e+01
1.531230550780377264e+01
4.305842514088871198e+00
-5.689043650274201269e+01
3.649906614172690666e+01
-5.254563468363848955e+01
3.988439093392562196e+00
-6.189622993937826223e+00
-3.785774957093497051e+01
3.698772671204607576e+01
-3.551690629285366185e+01
-2.806182597187735084e+01
2.154529574719674301e+01
-2.624446832625613624e+01
4.551633843031040527e+01
-1.698225763152128565e+01
2.257574702625204210e+01
-2.933498519486957434e+01
-1.044326757261207561e+01
2.429687258592536736e+01
1.142023197250634894e+02
-3.648716645328185404e+00
6.656890792957618430e+01
-5.345088415698415929e+01
-7.880850882183549899e-01
1.461718859097611301e+01
8.388712082514990698e+01
-2.740729068939177537e+01
-1.353723947051557630e+01
-1.621065712237192002e+01
-6.121339814055943407e+01
-9.375072567049301142e+00
3.635591125430956083e+01
6.082894611595747847e+00
-2.611300942513635448e+01
-2.144319184198907635e+01
-3.482133924443451889e+01
5.760953740765487652e+01
-4.872599674634845002e+01
-2.334700950641955686e+01
-3.612295482251163037e+01
3.377989872254436143e+00
-8.086886597824122447e+00
-1.295822789561457355e+01
4.552300316125165125e+01
-1.522231133488815225e+01
-6.809899141429932001e+01
1.200729660987722980e+01
-2.919588157842247966e+01
2.646485940783524171e+01
-3.591503234058664873e+01
1.061954169563933590e+02
-1.018627325616995094e+01
1.062284430773720700e+01
-1.666414076894050211e+01
-4.283555962704156173e+01
1.359201827807043550e+01
3.842578794643627305e+01
-1.071074966618019886e+01
-2.789089555141456600e+01
1.336592589719847979e+01
2.752778279838896669e+00
-2.582637314356861680e+01
-3.163978646799621686e+01
-5.582579483938214082e+01
-1.883171543986533791e+01
6.107367079688275524e+00
7.774148665449736484e+01
-2.273726356048647190e+01
3.167132550576250338e+01
-2.312170031063218278e+00
-8.444818685519668300e-01
2.680960503682647822e+00
5.458925137345392642e+01
6.545493453683489804e+01
-3.512144605260262153e+01
8.776128863273333636e+00
1.111406903606839869e+01
-2.096179135639011193e+01
-9.137652448964272978e+00
-2.042176917256314539e+01
-8.185447975717048053e+01
3.118679116100753657e+00
4.685647499707349795e+01
-2.874046963851979086e+01
9.363408789407499100e+00
-4.665480645584103314e+01
3.217967894722377054e+01
3.472092566275357672e+00
1.863920801155775919e+01
-2.323451892606411562e+01
-2.085085041411443996e+01
-1.091177789339120707e+01
