1.023523648105467032e+00
1.051799909734553395e+01
3.877460946998586344e+00
-4.104653422934918083e+00
-5.262682264486104877e-01
-3.163226905828116386e+00
-4.614327898100145653e-01
-1.595334765334472937e-01
-6.160913439786374290e+00
-1.020992099156653676e+00
5.996852751967917783e+00
7.813427425906475321e+00
-4.637137786310061571e+00
2.483882292651276469e+00
-1.625974210478000836e+00
-3.780867567140409946e+00
-2.295447594391140989e+00
-8.354729543819036763e+00
-3.392963992491957015e+00
-4.269392306105872947e+00
-1.480496796612871035e+00
-9.181862972011585189e-01
3.601620660836149845e+00
-6.837373749199408657e+00
3.654360913892716889e-01
-2.859980431715787308e+00
9.280176648812075157e-01
2.408264463590361615e-01
2.192654544026741092e+00
-6.770888188417769626e+00
-2.578105638403759836e-01
4.828271331359801799e+00
-9.397423694671394045e+00
3.141952403863223164e+00
-7.875650932607705101e-01
4.813652931762835152e-03
-3.430013830520738161e+00
2.910060935784183567e+00
2.580196325071017149e+00
1.546238454928609674e+00
4.216002548557728602e+00
-4.517241017714776596e+00
4.979855778646626874e+00
-7.440146518289292743e+00
-3.349275717615936898e+00
-4.935688176794309712e+00
2.277272481052826092e-01
7.681578067838421120e+00
2.333298173325120572e+00
1.746818814561267086e+00
-5.576882514540175251e+00
-9.579047388181621159e+00
4.313374683093019968e+00
-6.230588554520823052e+00
-2.546054143536860437e+00
6.190023849137076262e+00
-4.798183493785627696e-01
-5.721055638881818339e+00
2.733623992029648786e+00
3.250037180891623301e+00
3.372558687057413795e+00
3.226975482670277895e+00
6.220035610552844041e+00
-2.782819239193077721e+00
-4.400777956857585771e+00
-7.189951464893953315e+00
1.801011331643813218e+00
1.022982916105398932e+00
2.169553791661409381e+00
-2.277535502703524006e+00
8.187522432677547535e-01
-3.621370037657962726e-01
1.812803493489766327e-01
-2.103237900689814754e+00
-1.262246812235208626e+00
6.028161649408477984e+00
8.249198158158320027e+00
3.747892803996608624e+00
5.733272253047199563e+00
1.728492717914869026e-01
-4.063720851275776980e+00
-2.839102821148393740e+00
7.932661244800563338e+00
4.808060013121782106e-01
-3.173297605918680153e-01
4.069470727329079551e+00
1.041693929106363825e+01
-9.368054819291494084e+00
1.926706707900592175e+00
1.728317479475861784e+00
-1.284667246297700682e+00
-5.441610099180138604e-02
2.050025015751875568e+00
-2.886883019674586048e+00
2.427510600959130294e+00
-1.116225469774822843e+00
-4.745843871843669959e+00
-1.204947712619186095e+00
7.762351202961697005e+00
2.204281256280441248e+00
-8.371789581231183774e+00
-1.029907037307774331e+00
1.302278941726886075e+00
5.847384991698755030e+00
-1.915117476723948720e+00
1.405187875163627975e+00
-6.224380821310431244e+00
7.464064237244922850e+00
3.871915074864189066e+00
4.990258361604527071e-01
1.076050526231340676e+00
-2.493218061504313354e+00
-1.615247473582286819e+00
3.488584567765773414e-02
-2.887827182838139883e+00
5.717514438677042676e+00
1.372279320627274757e+00
4.521823463015966382e+00
7.120297336635333707e+00
-1.665154066345337247e+00
-4.894314876502020795e+00
-6.257641553810176838e+00
-3.003211323907792885e+00
-5.172861971998422348e+00
-2.409656513205961748e+00
-3.358532907412582702e+00
2.829116897355686167e+00
3.077141746399236322e+00
1.073665419972480439e+00
5.410575236272984867e+00
-1.798309170028163262e+00
-3.824329663184947492e+00
2.863214693223505414e+00
6.786535108701832186e-01
-4.440087272446288758e+00
5.930002737110931399e+00
-4.677857153670708534e+00
-7.055286625662583688e+00
6.026706642190960972e-01
-4.796971724692515870e-01
-1.118814664548619442e+00
-6.213589564920594555e+00
-3.160230581105097691e+00
-1.005662380668478839e+01
-4.218091363900673407e+00
-8.206743871256410472e+00
-8.383613454918723562e+00
1.019815026896785071e+01
5.704518962805538163e-01
4.256007853146759778e+00
7.161960851016367258e+00
-2.285963366239644579e+00
-5.185008377863198348e+00
-3.568315872824224577e+00
1.532619860477440143e+00
3.339027417944547160e+00
2.366000058032244890e+00
-9.392141716249009509e-01
1.006921795020952537e+01
6.756143182979977624e+00
-2.388674930229801596e-01
6.469735350323477796e+00
3.988039982057985711e+00
2.177645188909505869e+00
9.130779972997116190e+00
-1.975223359744551432e+00
2.071637099943283822e+00
-3.510816088383114320e+00
-1.569643742060013558e+00
4.944237921627048671e+00
4.424178923206823377e+00
-5.096971184329287752e+00
2.787052208843832979e+00
-9.206110314129634098e-01
-6.441526279922280551e-01
1.925308908685111620e+00
5.643001119588524794e+00
-3.885469315507878996e+00
1.121477394983333431e+00
6.924729144024924565e+00
8.346138603878447970e-01
-7.681799061741207968e-01
-6.694833588303395366e+00
1.416936770492769782e+00
-5.458500392201752760e-01
7.728990355925539291e+00
-8.890510758637081068e+00
2.747141768871792511e+00
-1.300106395752580024e+00
8.150996317611566511e+00
-1.004475406211869926e-01
7.288753222645143026e+00
-1.529487844676176600e+00
1.593980600924319591e+00
-5.303401293207701706e+00
1.534848488482087880e+00
3.547365316665787027e-01
-6.365130195785317468e+00
6.577893128180738458e+00
-8.315319606944242992e+00
-1.298916995675231556e+00
-1.707626780130615529e+00
1.909221624987607058e+00
-1.339208891642217125e+00
-4.096721019261149621e+00
-1.534432721513970810e+00
-3.034414962710625829e+00
4.998334076059220976e+00
-1.045886475423913442e+00
-3.544539687586499843e-01
-2.198457120955685795e+00
2.063011282061909757e+00
-4.477456957853542363e+00
4.495142870249846823e+00
-2.237872923916281565e+00
2.952821930691726937e+00
-2.076084448976365682e+00
8.610721095838884676e-01
5.898575138800079554e-01
-1.852637308574682784e+00
4.841693970294033811e+00
-6.398453821827950527e+00
5.699734411095452202e+00
-5.571632369556288822e+00
6.002927728826046305e+00
-1.937075591893774984e+00
-4.861677387978713405e-02
-8.987903640923949888e-01
-2.328849044449971206e+00
3.203751225990068452e+00
-2.373431722214524253e+00
4.385849494706968166e+00
-1.042315296694474647e+00
-5.335022135426049417e+00
-4.754552852041143751e+00
5.933806879239121201e+00
-7.478535127708257235e+00
-8.245748958487094882e+00
-2.261052455104699099e+00
6.538183381445406006e-01
-1.936445423099126817e-01
5.143414042293548150e-01
2.224814635811553032e+00
-2.677839661905228041e-01
-4.625151020316261352e+00
1.818063096122428668e-01
7.735008671471153008e-01
-1.152110872020137400e+00
2.242112660311430083e+00
-1.207243910094427441e+00
-7.474070907792992990e+00
-3.466364764278011101e+00
4.741929051072373724e+00
2.238421462226928949e+00
1.480809004499361592e+00
-2.638363329464057383e+00
3.828944413954501691e+00
-2.092242046103783615e+00
3.688471357659240280e+00
4.485290230616870155e-01
-4.515991120110949275e-01
3.390194491295245083e+00
-7.454564872290331268e-01
8.250247871882683270e+00
1.050083844227328811e+00
