3.719802639191898130e+00
-9.366940976547125097e-04
-2.148229564943074266e+00
-9.391750586809402002e-01
1.590951540270438613e+00
2.558749156644230638e+00
3.620143878568756524e+00
-8.880344855377880764e-01
9.244354169244425323e-01
-1.560514445408001993e+00
-1.839497796717856737e+00
2.472586626111397123e+00
2.390307622508049956e+00
-2.474229104457009054e+00
-2.880645501001151132e+00
7.209504200135875562e-01
9.618153038215586370e-02
-1.961356738612534567e+00
2.762999707612716627e+00
-2.088705376681849302e+00
8.789108665641350848e-01
-2.479694577236268849e+00
2.046634190642348194e+00
-9.600869760923298468e-01
1.548007166127758127e+00
2.770797676757129402e+00
4.517813514256229013e+00
-3.331480183207433221e+00
1.988329090916044484e+00
3.295498979252156957e+00
4.109289657105516191e+00
9.661591865547272118e-01
-1.184833571937873309e+00
-3.864288433669423206e+00
-2.966305500217094604e+00
5.006517137665978945e-01
-1.881958331034175425e+00
3.221827635144390578e-02
-1.005400174904327593e-01
3.957375574352489656e-01
2.046511037230559715e+00
-4.847805363682870516e-01
-3.936245024846528606e-01
3.092198812091821125e+00
1.566946721539371534e+00
4.015995896387591912e+00
5.460672855189960817e-01
3.031102947183335949e+00
-1.165009015360995548e+00
8.856305711658585267e-01
-1.895084917162946636e-01
8.407053991446430397e-01
1.954030811738892259e+00
2.438356944574634255e+00
1.792574236994483261e+00
-1.758712589879780852e+00
-3.050026516465131454e+00
-3.426908859544326447e-01
-3.353587844406928919e+00
1.016822509684249670e-01
-3.261623021916840059e+00
-4.101590662620585803e+00
1.262857474189710949e+00
-3.393267943785772900e+00
2.993189278830602706e+00
2.786612384999079595e+00
-1.515075243692112772e-03
-1.759888595853072113e+00
-1.630214268960450630e+00
7.150224403810491181e-01
-6.572661926322282966e-01
-2.039511731651685089e+00
8.637303108227778470e-01
-6.394845742837433900e-01
2.060298577125888819e+00
-3.067632999585545583e+00
2.419762194708117597e+00
-3.909337875759197001e+00
2.454551686347012374e-01
3.294998315072945161e+00
-2.573758581097955744e-01
-3.585356444658712505e+00
5.380395494132211853e-01
-3.357088610052002320e+00
-3.451341166579791064e+00
3.451360703911968475e+00
2.112635092552912930e+00
6.332084612155270964e-01
2.603821804592163502e+00
2.588919112501313791e+00
-3.518598551634935401e+00
4.576712114593073366e+00
-2.477591209543435369e+00
2.029581773107810960e+00
-2.240889816064615570e+00
1.679837731907941833e+00
-2.917560263735173187e+00
1.131981049416407759e+00
-3.277340232042569745e+00
-7.389933765017253631e-01
-4.578725660044430379e-01
-2.901812693405113386e+00
2.307240666148684394e-01
-7.726636146461733912e-01
2.916784781721144082e+00
4.088529277389934435e+00
-3.818980012197329410e-01
-1.405199478428616366e+00
2.184173426416221031e-01
4.293264514296019740e+00
2.802424253248508856e-01
1.784780505570554787e+00
-2.082655473691406911e+00
-2.214127821323022882e+00
8.775215740994042335e-01
-1.514474602785188750e+00
3.562298930130991970e+00
-2.888869064514836715e+00
-1.380090894823907011e+00
2.603598110683357225e-01
2.871238679486838308e+00
-4.645915345416328224e-01
-2.485408683133941032e+00
5.806640938279550301e-01
-1.065930833473145989e-01
2.404406118967038708e+00
2.372582612827198290e+00
-3.097947849812516807e+00
1.628094286979375305e+00
-2.049494942442398937e+00
2.091649669165188019e+00
-1.528320364520017627e+00
2.166190836584148904e+00
-2.419025018392706450e+00
-2.372629107170052265e+00
3.412928518974849279e-01
-2.778953310426026668e+00
-1.875868189451136869e+00
1.775894341147966848e+00
-9.087950634996078136e-01
8.971377811232752464e-01
-2.013170947555621981e-01
2.317258078059643900e+00
7.848919274322918582e-01
4.109782729939532447e-02
4.109704126065516050e+00
-1.318156944951959453e+00
-2.555391199955431070e+00
2.029003642856115341e+00
-5.567622764743300756e-01
5.417929650008477260e-01
6.177831999559943998e-01
7.555604972918125162e-01
-3.149996225191363575e+00
3.432158645530234864e+00
3.878961640849714954e+00
-3.150773419987995538e+00
3.038578914518976326e+00
-9.656176934512523680e-01
-3.764192478501493966e+00
8.636872387940872087e-02
3.211413658222842304e+00
-2.002748810893636211e+00
-1.788746632998720276e+00
2.637436514618487493e+00
-1.131455974601082159e+00
1.545694625598576177e+00
6.741613814132720872e-01
2.217264204635623237e+00
-1.328367582705613614e+00
-2.001951817898131480e+00
-1.111809043799360852e+00
7.528960789880109195e-01
-2.761533365428485709e+00
-2.154762456099441614e+00
1.649915837216096914e+00
2.210866946274955558e-01
1.018733126604781880e+00
5.019465168673857836e-01
-1.848620283119189356e+00
-1.056120707422985028e-01
8.099951640014146914e-01
2.349179947765581922e+00
-6.876705030440867228e-01
2.451508824186358737e+00
-2.013221457293839389e+00
7.268378470863978702e-01
1.630557956690259047e+00
1.525876903985001531e+00
1.306518540927759542e+00
1.016807212939937255e+00
-2.837398143080694268e+00
-2.908717554996174126e-01
-2.664411442583769496e+00
2.333761413389181971e+00
-3.052014482616976498e-01
1.189475816999758379e-01
-3.960258983839173297e+00
-7.054937695990727287e-01
-1.441849847422323805e+00
-1.083410947213006015e+00
1.260663175883463438e+00
-3.581763885890649757e-01
8.225586933971142933e-01
-2.202167799576240093e-01
2.632356239146222521e+00
-5.397917238930667327e-01
-1.561409041058364311e+00
3.438279428544059435e+00
7.038667360546573271e-01
1.710869027135822673e+00
1.475282533314919764e+00
-7.539411693304698403e-02
-2.122027044425915054e+00
-6.897067955176512388e-01
2.814897864084547230e+00
-3.166870979934761632e+00
-6.167310201682622006e-01
2.886003569980497119e+00
2.376538391330736744e+00
-2.882435925989567771e+00
-1.516610324373641294e+00
-1.950737599625210539e+00
2.345660138385210036e+00
2.594493583287669214e-01
4.129813686472987300e+00
1.132181436970283867e-01
3.979053704997493668e+00
3.177415013895332763e+00
4.901607743762656511e-02
-1.570307224741214869e+00
3.240038159087460290e+00
-2.064893973112796322e-01
3.898058662940218078e+00
2.133200923213442124e+00
-1.705522294640616998e+00
3.857473332602325833e-01
-3.047728477973037364e+00
2.143210633395364439e+00
-4.495334523826149953e-02
-2.280309080306048841e+00
-1.389001668890699204e+00
-1.132407378484927563e+00
2.023817612670800514e+00
2.814035515724651049e+00
2.140564859959464883e+00
-1.691653236825559015e+00
-3.803695740630134825e+00
-2.177377196879707100e+00
1.810858784470585459e+00
4.209744272909192730e+00
-4.297744121526278605e+00
-2.207059818523494421e+00
-2.132701309474433593e+00
-2.272029916547214867e+00
-4.108828572145307945e+00
2.942761843851950054e+00
-7.082021655648542691e-01
1.797298091000774090e+00
-2.228382130989450260e+00
-2.778869539478576733e+00
2.374505160918444879e+00
-2.208244457058616383e+00
-3.419077643363280794e-01
-7.255892695866826836e-01
