8.976977265815504481e-01
-6.373773746553872410e-01
3.403796096005657912e-01
4.602082418801167751e-01
6.314981819063332225e-01
7.432468366335098775e-01
5.464267695258318014e-01
-3.326744400578176553e-01
3.092039946863736066e-01
-6.611671056866903484e-01
-8.894808227379451537e-01
-1.549239430932916051e-01
-7.106354548055238141e-02
4.818554573027471477e-01
4.463363004025853176e-01
2.788348418690487218e-01
-4.784196982953248245e-01
-1.326003033004086173e-01
-6.666788645705676863e-01
9.947958444534918954e-01
-3.911692970673663616e-01
-7.214491553175890193e-01
-8.034822531037815185e-01
-1.613618713714664032e-01
4.741565668942813172e-01
7.102799511491251216e-01
1.869231404769902127e-01
2.134396065240899976e-01
-1.514651310283352537e-01
2.479967541471954640e-01
-7.269551840720225311e-01
5.087927203001809673e-01
4.103655376493982043e-01
5.571409498933141968e-01
7.254080912606322151e-01
-5.992267816893475096e-01
3.728244539555516379e-01
7.744173316149496333e-01
-2.355751449028715694e-01
4.509232623099390658e-01
-7.587299742958064641e-01
2.605925527169272726e-01
4.737213644839133320e-01
-3.031396552671239419e-01
4.383771291055282848e-01
7.118604325135082789e-01
-6.553437516743088054e-04
3.450310582656979097e-01
4.564149225267002397e-01
7.910765190718638262e-01
-9.177237215110480850e-01
3.699093797270776030e-01
8.900940476373284671e-01
-2.156890636073154344e-01
-3.481449007382875216e-01
-1.677191361418506332e-02
-3.308780926372492104e-01
-8.951242221650921316e-01
3.727270302120635481e-01
-6.172535199405038142e-02
-3.408335128428723326e-01
-4.711614483660468977e-01
4.454554263110230838e-01
-4.806910686721275194e-01
7.574063716614194419e-01
-1.499358094515621520e-01
-5.981733349029043634e-01
-5.665261514871233750e-01
2.216333798102045893e-01
1.337471915779480103e-01
9.263756601008432678e-01
2.092988207343331464e-01
8.934589105780044171e-01
7.011308969701137705e-01
-9.540415218212150439e-01
-6.445779067398798023e-01
-2.048724534610313341e-02
-5.352874192816754473e-01
-9.685431135431665783e-01
5.958048738883301443e-01
7.703795037848448768e-01
4.400430223032669730e-02
6.240890192778190126e-01
-1.865790380225851308e-02
3.392730517175686078e-01
-8.585096958006981360e-01
6.873416937303697960e-01
9.247736065837099950e-01
3.316202975891227034e-01
-8.035393331161795327e-01
-9.510093994813801910e-01
3.685324700122900587e-01
-6.929496463992452782e-01
3.994479786654947517e-02
-4.572213781206577732e-01
-7.749740739036086179e-01
6.135970898167779630e-01
5.032516637656185843e-01
5.138115074892963818e-01
3.243311616881732196e-01
-3.829546184132115449e-02
-9.073231634572762605e-01
7.426723579012037835e-01
9.526597243695926753e-01
5.279421248605369321e-01
2.573851903022090770e-01
-7.320089525180775158e-01
9.257197444525897545e-01
3.565412154094698138e-01
-2.197391093788807481e-01
4.501840273333113096e-02
-1.891012951254478214e-01
3.132900412392065626e-01
-6.217720919034581684e-01
3.678513981866282645e-01
6.798375282986222068e-01
-8.546852467727812375e-01
1.096770852384634232e-01
-6.456058194875424761e-02
-5.007059727177300967e-01
1.544752730573442090e-01
3.864184487420363467e-02
8.761251204203908127e-01
9.087543889391014318e-02
-5.093297390396551716e-01
-9.212438033936827253e-01
-4.686336974385558740e-01
5.572584463247929332e-01
4.606983562055362302e-01
-3.860928684373585718e-01
3.222122207867461618e-01
5.313886151374982436e-01
-9.896358379902854274e-01
-5.240342105483657420e-01
9.676898492485488390e-01
-3.308456613148249570e-01
6.384098190269684725e-01
8.833259057732529840e-01
8.412816030311998095e-01
-5.226772743211671735e-01
-7.478815081783969365e-01
7.237000806124949115e-02
4.647690362927698882e-01
-4.491720467705642150e-01
2.491242941753655238e-01
6.667804138297057648e-01
6.216617840012736984e-01
-1.683436921755769866e-01
-8.638034335334556779e-01
3.737614294768372147e-01
-2.456078719669751997e-02
-2.677880231342417705e-01
-8.542569488208135997e-01
-5.254281597231891254e-02
5.390021216754941058e-01
6.261583229948364249e-01
-9.854338068661716576e-01
-1.421176595005386734e-01
2.267346551170905666e-01
5.330372138759962297e-01
3.947213175974011445e-01
4.762278701227060651e-01
2.503822323429316654e-02
4.624715205241614058e-02
3.913332081595797263e-01
-6.169862321121630799e-01
2.537648346580470005e-01
4.840585260622189967e-01
4.893615249469212003e-01
-1.560438606062770628e-01
-1.951433672599225400e-01
-9.168481181146630465e-01
3.937411824430814278e-02
2.247359212640720472e-01
-3.003742217213074550e-01
1.049516668026806432e-01
-7.738613436325800787e-01
7.373578166923415722e-01
-1.090163329618523136e-01
-2.095675701883112918e-01
9.159655905349166627e-01
5.653378089158487274e-01
7.957054163304921879e-02
-3.697257200443699876e-01
-3.299547807938536526e-01
-3.170683182058136040e-01
9.128899354962731749e-01
3.526871460760347965e-01
6.193793113928547367e-01
-7.726082436316517033e-01
2.251640558976399920e-01
1.756951291370452140e-01
-8.750235600411331305e-01
-8.383838722445351443e-01
4.439987352660250686e-01
6.810148466282408553e-01
-5.136223736973548615e-01
4.761812714343747199e-01
-8.556381665144729975e-01
-5.632105783487098005e-01
3.877529858060200230e-01
-3.204285810771063669e-01
-2.504109483148146964e-01
-4.169314910225681015e-01
9.996265025651147607e-01
-3.572708361326830673e-01
-5.471172171051041921e-02
8.836927748982050801e-01
-5.886014647752579876e-02
-1.037930955939601052e-01
-5.893932101971861570e-01
7.914163103778559805e-01
6.147716037256931720e-01
-2.052904056506632546e-01
-9.908560749923662758e-01
-7.351132754579259299e-01
-3.480717222238836062e-01
-8.087540930616674562e-01
5.895052382877730146e-02
1.170401129505147519e-01
-5.989378519838135517e-01
-7.545509362509765783e-01
2.158488566142309217e-01
9.347652883231449827e-02
4.834175505590894151e-01
4.937983420030749304e-01
4.683186976389093203e-01
-8.926709040537696982e-01
6.594604068029152888e-01
4.663344467622718703e-01
1.185789142435449417e-01
-9.643605985507668343e-01
1.910896908660255633e-01
-3.198364735122773972e-01
-7.640384415019720876e-01
-5.286396533757022898e-01
-6.380645542428520223e-02
1.031868690526780430e-01
6.154175042113614325e-01
-8.045906020692044081e-01
-2.759346648197567031e-01
-5.406916494466886824e-01
-6.812706982197354044e-01
-3.938961667765625840e-01
-6.599555418480351765e-01
3.405863828149113814e-02
8.884878382421996790e-01
-4.191357814157925521e-01
1.905794302548609043e-01
-6.759874353979082873e-01
-1.861713249561049999e-01
1.698218772469057836e-01
-8.810716606318491628e-01
2.310703687772905912e-01
6.292023390346610512e-01
2.038819375077292051e-01
1.379431854160362292e-01
-1.868623317181814514e-01
5.359157896668835797e-01
-4.333022676875291079e-01
-6.589587366415656788e-01
-9.615912724262369871e-01
1.579598432932973751e-01
-7.176355824809961259e-01
-1.330534240435368165e-01
