2.239602718576250151e-01
-2.511457529111316145e-01
-8.629217809017979413e-01
4.227890693729333127e-01
-1.105466382237555667e+00
-1.197053658476268323e+00
-1.279411111175889015e+00
-6.733421377841748434e-01
-9.123924089223960365e-01
1.286047569362791521e+00
1.073032418594838777e+00
-1.764012156296233869e+00
-1.608586594344779686e-01
-1.418621018274299317e+00
9.861839875043734160e-01
-4.579144985837010906e-01
-9.363924742913173338e-01
-1.186853488030477521e+00
-2.298423302942045332e-01
-1.642500038232219683e-01
-1.070073511727915871e+00
1.026047001691930749e+00
-8.622200179153511890e-01
8.939394819645889445e-01
9.588691580170153328e-01
-3.746991070514010258e-01
2.096788456201917894e-01
-1.216608147500517489e+00
1.213084773857382004e+00
-1.568947674015719329e-01
9.202792313156524795e-01
-1.115846530624275967e+00
-2.276011400016433317e-01
-1.220240933410722040e+00
4.965813199184490601e-02
5.422813667189310127e-01
-8.219696202374293659e-01
-3.667414219733721725e-01
-1.273727164826220726e+00
2.250353193542470320e-01
3.207889871180397146e-01
-4.295680834944028414e-01
-1.253772642862741815e+00
1.145283214176350928e+00
1.500765894857482685e+00
6.110804496985065004e-01
-1.442475659504715013e+00
1.411982510801799151e+00
6.282764511489380421e-02
1.399755286782194741e+00
-3.336386361058718553e-02
8.640836534167858352e-01
7.665275641407087726e-01
4.876646119142270530e-01
-6.802555325387145135e-01
2.081699092501865245e-01
3.912512431182187389e-01
6.247501099473300179e-03
-1.192202865706545101e+00
-4.849273928482740748e-01
-4.042589962489204214e-01
1.696888956660886905e-01
3.611900790716860432e-01
-1.420500080519603081e+00
-5.004123603746961635e-01
-6.027458968560678310e-01
-1.115083435205793005e+00
-3.310476443695287152e-01
-5.106229768410130987e-04
9.549526929232057260e-01
1.681735566317686503e+00
-1.122017268818054525e+00
1.218168594409827499e-01
-8.793306409674330748e-01
1.068070606220229202e+00
4.747646565618552916e-01
-1.701226622559008250e+00
-4.988942198144434292e-01
7.719230265044523254e-01
5.124367797218758458e-01
7.158330628166409415e-01
-2.103480956714474659e-01
1.677305315894048743e-01
-5.032922677863342908e-01
7.322939595649377020e-01
-1.707301269872125715e-01
1.518004601000523035e+00
1.676032517744066253e+00
1.128276784997728210e+00
1.129644047293510312e+00
-1.332692832903146662e+00
-1.345140008422204048e+00
5.224483766075380675e-01
-1.765590536289007417e+00
-6.421783915117453834e-01
1.403693153498731583e+00
-8.860421568009626547e-01
8.829464714327798225e-01
1.318915495731254772e+00
8.700656711470186044e-01
1.615378206682252404e+00
8.478986351955489775e-01
-4.627826343341918114e-01
-7.528416342127752792e-02
-6.978007859615509290e-01
1.546807903155545283e+00
-1.015332245369292341e+00
-9.134964022131147887e-01
1.732490322151558626e+00
2.834218120116250850e-01
-4.558351759683056947e-01
-1.432293058154918697e-01
9.149467630572973853e-01
3.701057641439204349e-01
8.028491932386452312e-01
-1.680379506922375699e+00
4.384910420949973964e-01
5.286669388202411834e-01
-4.794352828749654516e-01
-9.370311078328603660e-01
-3.617047656634994612e-01
-1.198063058573801687e-01
1.276819878340040848e+00
-8.683808641742647438e-01
-2.766816224220023379e-01
-5.339844732963676677e-01
8.292957425706225516e-01
-1.904322582350125304e-01
-4.550834143223694284e-01
2.501128729675587969e-01
1.404255781151303228e+00
2.957951923587816001e-01
4.514270832318649784e-01
4.182185776628496443e-01
-1.667645614279421595e+00
-1.563386376838945546e-01
-8.276260337735672490e-01
-1.798265954218084550e-01
4.032740617871627964e-01
-1.220556630017278099e+00
-8.038966434282915907e-01
-1.196486930218346512e+00
1.371493503365503130e+00
-1.292828398812608803e+00
-9.844840469227461588e-01
1.243397552493107572e+00
-5.850109844601163456e-01
-1.246842070473540565e-01
1.849312438127091562e+00
3.978092545751987785e-03
1.747823054102766172e-01
-1.402552294906428854e+00
-6.885485062290295222e-01
-1.088720565329896584e+00
-1.303187329415343765e+00
6.020141455219654159e-01
-1.150742215309832339e+00
-1.309241048782769923e+00
3.292824941038083875e-01
2.796553746845840127e-01
-2.535824769624048791e-01
-1.480834380111733850e+00
3.969751394077198903e-01
-3.874310217996066452e-01
1.026375659702786436e+00
-1.016888460980557518e+00
1.927937470657296037e-01
-2.222380358970786896e-01
-1.443721737985136810e+00
1.500701716848026779e+00
1.744769494486501316e+00
-1.642180907678051360e-01
-2.868266714037949194e-01
-1.259134593124245249e+00
-8.083668774098629051e-01
5.400277980209615691e-01
1.800162378032568622e+00
9.829256660182117411e-01
-1.185029754001421853e+00
-8.533036084526971488e-01
-1.611468775482463034e+00
-2.704323412461101528e-01
1.687612622223047865e+00
-9.217436614070845247e-01
1.541936102508445483e-02
1.579544242260815246e+00
-1.169570370258132375e+00
-9.208382834404360562e-02
-1.118141024934804051e+00
-8.061612451664708079e-01
-1.955808651271127019e+00
4.709470363643949997e-01
-1.120602216215178970e+00
-1.487088032318610420e+00
6.990774469906833044e-01
-1.102802652134164507e+00
-5.442040693936560647e-01
-8.146312080699567026e-01
6.260495776298726778e-01
7.410056064137737764e-01
1.102647872074553392e+00
1.728659337142206986e+00
-6.082842789777455073e-01
-7.209184509917896388e-01
1.792148533002765332e-01
2.291287678277685314e-01
8.869065583218362914e-01
2.011052679522961739e+00
-6.510225895884200753e-01
-1.784557430466109443e-02
-9.406045413811869871e-01
1.842207217484402859e-01
1.663228769387853578e+00
7.974861505152022190e-01
-1.735671718530215513e+00
-4.220335849598850775e-01
5.836348968491575917e-01
-1.043321732117281631e-01
9.894570297224098976e-01
3.063340611784257650e-01
-9.836043758888215471e-01
1.802764496985204801e+00
4.163902554146956536e-01
1.167000225605509645e+00
-3.471871002028083519e-01
-1.787320961376285267e+00
-1.216518491281383785e+00
2.941466871464603061e-01
-1.083930830495403619e+00
9.765755943152353291e-01
-7.669733977852601914e-01
1.232345759336605173e+00
1.136567123594964368e+00
6.821438022246623101e-01
9.700855011386376736e-01
-1.133979148509106860e+00
-5.765772333880124778e-01
-1.184492351627275397e+00
-1.919486673147833278e-01
4.798537549944049130e-01
1.102472932254258353e+00
-4.748288131939288337e-01
1.154380275693660973e+00
-8.047734485606075072e-01
-8.171031604297190887e-01
-9.187358718989102613e-01
-7.489383583892883500e-01
1.010561661848743409e+00
8.777031843782794329e-01
9.384489978619484085e-02
7.992538605204078106e-01
2.998378587046488519e-01
1.475351369867032414e+00
-1.038687000926124426e+00
1.310394145263263255e+00
2.102199311252509473e-01
-9.538087064620266453e-01
3.291384441785349946e-02
-3.370816626903455071e-01
-1.197966670297959890e+00
-6.331445157367998622e-02
-1.114486056029214689e-01
-6.602982839717113084e-01
1.594906594221688012e+00
1.134727829923653619e+00
