5.147654603146678554e-01
1.896408960008478140e+00
-2.419156176356133336e+00
1.460471264793099966e+00
2.013655546070173052e+00
-5.903019520878791671e-01
-1.935555311392810562e+00
3.554583207891448549e-01
1.345240584487192192e+00
-1.197143712318504694e+00
-8.794970611574117747e-01
5.645979213125285057e-01
-2.911566674102830099e+00
1.075128616280462968e-01
1.026114056609837899e+00
-1.789666696502342891e+00
2.311366615772468158e+00
-2.579459399315269685e+00
-3.457843338357614593e-01
-6.151547672675725664e-01
-2.248960742384537248e+00
-1.237791719958687420e+00
-1.642098142796810656e-01
-1.853086895041597293e+00
1.377388790081363723e+00
-1.556857419996431791e+00
-6.748396794981199598e-01
-1.082268913492744122e+00
2.369806171733739752e+00
-1.729452962220537682e+00
-7.881244924141268537e-01
1.120142645047836449e+00
-2.048081710620992091e+00
1.378371931692992103e-01
-1.760422642364474655e+00
1.316629398434917331e+00
-9.058365313667857688e-01
1.571729404261468677e+00
2.892614126384593920e-01
2.271929955681661895e+00
1.349488949934277926e+00
-2.435431803793444594e+00
-7.467163538188912320e-01
-4.850512570906522214e-01
1.096109193966670059e+00
1.676135699228363585e+00
1.357543708400430482e+00
-8.416967559381798303e-01
6.607134835609500545e-01
9.691821032161934690e-01
-3.148878878928164093e-01
1.736728886099536684e-01
-3.542160836117274059e-01
-2.228679122046845151e+00
9.470868527862834618e-01
5.720238986392238711e-01
1.737905997669697111e+00
1.464374487230486910e+00
2.719255119591427849e+00
-1.189542482388737721e+00
-1.495401448669178457e+00
1.442725636405038703e+00
-4.611808017896643630e-01
8.332386277158416732e-01
-8.918816057766160155e-02
-7.218686071341885446e-01
4.159118280447493543e-02
-4.728692550430050323e-01
2.107298621080530232e+00
-1.601009960633394069e+00
1.754953163654968673e+00
-1.364900715107187246e+00
1.964693739547251017e+00
4.028848701454539327e-01
1.835987428669432431e+00
-7.796209900057369246e-01
-8.640007034879628733e-01
9.122921474676859432e-02
2.978468674723723453e+00
-9.309950391006150960e-01
1.443517973141051236e+00
1.187911668089648209e+00
-4.778369752559386008e-01
1.297150401147820542e+00
-8.411871145502285430e-01
-8.325274420967232469e-01
-3.769130489762904102e-01
1.553377016148033363e+00
2.628799444170297761e-01
1.588075639147371598e-01
1.728625110363126716e+00
1.173004349124879386e+00
4.091521031317735257e-01
-1.072010750425199443e+00
-1.332636040859070281e+00
-1.517314459522180359e+00
4.434501357072849759e-01
3.581800819592579344e-01
-1.272897738436973292e+00
1.921908580498596253e+00
-2.749301031190013234e+00
-4.197254131220382600e-01
-7.289013428194762723e-02
7.832998848523451407e-01
7.956370399027363760e-01
8.556389957521157719e-01
8.180297540405403467e-01
1.782134474400229651e+00
-2.718418654960957248e+00
-1.594230709319648609e+00
-8.670560895014780556e-01
-1.692535219494259557e+00
-1.145984495096646905e-02
2.806928115933494894e+00
-7.931651057257675941e-01
1.635315315108743839e+00
9.626265013283767935e-01
-1.754253651551707538e+00
5.797644484982391599e-01
6.997434157861488480e-01
-9.277236260772556697e-01
-2.281223919611180762e+00
-1.692262638984139311e+00
1.672243733476328487e+00
6.577999683408133347e-01
-2.857956188155021948e+00
4.435794050181244286e-01
-4.047125193481863059e-01
2.509240676727395147e+00
-1.278634725047006260e+00
2.273212865911330205e+00
-1.584649961599345902e-01
-1.160778331261398399e+00
-1.117136744685486960e+00
1.334399988403666359e+00
-1.875205517122501053e+00
-8.349429777885480908e-01
9.092073194811001180e-01
5.841122703040423358e-01
8.454513957614177011e-01
-1.545246113887210448e+00
-3.446559436821392541e-01
-4.178883885218889205e-01
-2.125815856783647817e+00
-4.169115229971169789e-01
-1.133696182921624107e+00
-3.470471460231179694e+00
-1.127024413945490799e+00
-1.214839181309595784e+00
3.686034109334099806e-01
-9.917264989234197969e-01
-1.023131937248625167e+00
-1.888844956812251730e-01
2.235533389170746510e+00
-1.482372132920840357e+00
2.472047839070362407e+00
-1.485140777473486384e+00
-1.795406682681988109e-01
-1.787162400487658065e+00
-1.546755525000629294e+00
2.944191503337795446e+00
-2.627697601572862585e+00
7.531892846596462965e-01
-2.288067979455402856e+00
-1.428956890427300341e-01
3.262070684417379685e-01
-1.583141377613929812e+00
-6.837988032237447555e-01
-3.537293390204612198e-01
3.901481426864154001e-01
-6.064205640261822738e-01
-2.107123019970093658e+00
1.159042266453674142e+00
-1.317518633424253682e+00
2.156126734623533103e+00
5.190580386355490017e-01
-1.003284188789812070e+00
1.094825710632754800e+00
-1.373089790591395909e+00
-1.168941433473266844e+00
-1.396828829679236605e+00
1.674076219936877497e+00
1.297876956706730311e+00
-5.464022458412307603e-01
-2.523687691933761634e+00
-9.930545597509193856e-02
1.856215193758175896e+00
-4.525392135773935731e-01
1.225616790999024097e+00
-1.307438843840494358e-01
-8.414008329538800179e-01
6.327633687318663380e-01
-5.828692160017842072e-01
8.546361568141345177e-01
1.134154111505816243e-01
-1.501884389040883061e+00
-3.518024124579804957e-02
-2.550700988516980239e+00
-1.016931579594756996e-01
6.554000155897554691e-02
1.127813867238346202e+00
1.832151956287781047e+00
-1.173827961703072020e+00
-3.239679444337433267e-01
1.415853566431947819e+00
5.316649612953376902e-01
6.066087754490296913e-01
-1.307444735911041933e-01
-5.615136460479643876e-01
-6.769075712472640838e-01
-1.904499675196940300e+00
6.042727825082220283e-01
2.030797863336884390e+00
-1.410833415322504614e+00
1.280722651198115347e+00
2.157548138787723779e+00
1.308515062547601193e+00
-1.401641762264532298e+00
6.490836830404345115e-01
-4.218241380139888252e-01
-6.646045426400275513e-01
-7.677925633244203629e-01
-1.087202781462743406e+00
5.386201509838708379e-01
3.809196148519444769e-01
1.597390699944065684e+00
6.116636731698118501e-01
1.845908147383348297e+00
9.979911287317342339e-01
-6.090146279585393341e-01
1.488937856476665544e+00
2.811603218938633075e-01
-1.687220068798054307e+00
-2.093988010146252243e+00
2.432592029050609228e-01
8.045035550886592279e-01
-1.743019877719008015e+00
1.633872645285339154e+00
1.521223705160255513e+00
-2.347339774591217676e+00
-1.504535854916075888e+00
-1.611886162597353067e+00
1.170582923257285746e+00
2.783419579211524386e+00
-9.455718514440679678e-01
-1.685136666545641315e+00
3.195090016840248515e-01
6.524682831179993148e-01
-1.920430179256609748e-01
1.501177992280473994e+00
-7.202186673284615148e-01
-1.189057745326593252e-01
-1.096609179048152249e+00
-1.643428114171709975e+00
1.887433538696654312e+00
-2.227479409984128300e-01
-2.404780186003680598e+00
7.630951170583107901e-01
1.691298807182006758e+00
-1.037672098106713570e+00
5.530132835864387530e-02
1.684675965978870593e+00
4.152410153989863351e-01
9.053017116164603362e-01
-2.122669057455161656e+00
