-1.107607893667035270e-01
9.102907746716115689e-01
5.092906336370721654e-01
4.349736870119342846e-01
2.186952462621181148e-01
1.113534978812702469e-01
-5.965962448787762717e-01
-6.774982218149734337e-01
-3.263469985838773901e-01
-1.028160674024358734e-02
5.317341321741020366e-01
-3.575782885287861479e-01
8.749179774248976305e-01
5.342047663784810219e-01
-3.311462981204926770e-02
3.070729843612871601e-01
-2.144755822236708021e-01
-2.560258664748549240e-01
-1.592792565350338307e-01
6.906690431704065603e-02
-4.430964823924814500e-01
1.430875995238343190e-01
-7.528971362415450841e-01
-2.170988152013648698e-01
-8.962738240702750048e-01
-4.474922671928602824e-01
-2.055998860431387243e-01
-5.473246970440934778e-01
2.281737295638892604e-01
-4.690720705134927559e-01
-6.825270805347913861e-01
-1.473026167963422672e-01
6.678152166925130917e-01
6.563955924108180184e-01
9.029381681588919406e-01
8.705937970728798714e-01
3.390302033788388236e-01
1.677572678531713546e-01
-3.906688847704078427e-01
-9.269141351953247288e-02
6.387706116933085099e-01
3.326174706345783605e-01
3.239321418421727827e-01
9.712573594466937799e-01
-3.585165373695065050e-01
6.761390924028340965e-01
7.376500943121988563e-02
6.072100879833515208e-01
-1.845530935803765260e-01
9.428899990347421323e-01
-9.461151867491208733e-01
9.569584103979866807e-01
7.387375420064292708e-01
6.194975163037239607e-01
9.390953246459794457e-01
6.634796128383393388e-01
6.777909083314637151e-02
-2.438498905661725669e-01
-4.372134766840749531e-01
-9.951891921167719257e-01
-9.196570430217965164e-01
6.638805328179073761e-01
-4.666321680205463007e-01
-2.625601815323366228e-01
-7.803019145306315796e-01
1.648500744243985849e-01
-7.349873361075760503e-01
5.230183621253645665e-01
8.617904869586290317e-02
-3.281056196609539732e-01
1.367013953426050588e-01
7.886842405894043395e-01
2.191822472768856223e-02
-4.918310298408499204e-01
-5.078786458799389170e-01
4.740753328561690960e-01
-6.686926021900454487e-01
-7.771352309725323426e-01
-7.615502008669434719e-01
-2.317915345008620953e-01
7.748631934141996247e-01
2.845942395761436039e-02
-2.148812756709883587e-01
6.467813045407104777e-01
-8.329285885899395669e-01
1.488128014689875656e-01
4.276403363283758363e-01
8.297421596419618517e-01
8.436673731621466832e-01
7.839661507750816938e-01
-3.271190935556580470e-01
3.928141689119977187e-01
-3.064530967138536788e-01
2.305646134048553453e-01
-7.507524182705969107e-01
-5.441180818478481562e-01
-2.089454801295791420e-01
-6.354159311322886694e-01
-4.289630470685728003e-01
-4.798148351668745093e-01
7.765117228964133478e-01
-3.975869678387566886e-01
-7.370092879274596775e-01
5.121909760146254875e-01
2.842608682195246761e-01
2.654033016018981783e-01
4.546071371313495924e-01
-1.602207801473287674e-02
-3.408823798482332190e-01
-6.001484806752228618e-01
8.566937314293090466e-01
-9.417857223135175371e-01
2.457405593913217778e-01
8.283672048549373113e-01
2.091374192656960673e-01
8.036316458037586763e-01
2.984763033945607713e-01
3.096979790213303385e-01
-3.328334294387440551e-01
8.032100808920528134e-01
2.948450546156369256e-01
-3.318051945125295443e-01
-1.232537953178898249e-01
-6.318934785472309912e-01
-8.183535781204225312e-01
-3.157712584115484056e-01
-2.434922772097569688e-01
-3.256593545539769874e-01
-8.136787318042524308e-01
1.191842487814862572e-01
1.773308844942946827e-01
3.661390042184387017e-01
4.026025743996259898e-01
-7.607824780465084480e-01
-6.112705721418767446e-01
-6.003966941141172242e-01
-8.110387093702173811e-01
8.237241871215927880e-01
-1.036086182745514783e-01
1.537943476698619971e-01
4.173105894198283483e-01
-1.910511544507880188e-01
-6.718087242007368953e-01
-6.059551052499447810e-01
9.690294398728400704e-01
-9.061952667496486757e-01
4.000348976878194129e-01
9.244319055994110190e-01
4.887763109488225677e-01
6.424859589742126786e-01
9.810976713080088452e-02
-5.108435602560561506e-01
1.767787592121123907e-01
6.926728919907376714e-01
3.230158748210334441e-01
8.482796316145684301e-01
3.029965828559209040e-01
7.258367090203925454e-01
9.622361205315475008e-01
1.770206759490742243e-01
-7.407059549297105860e-01
-5.057039978576121086e-01
8.596471652118304885e-01
-2.733574066756918608e-01
9.116780436935898457e-01
-8.036587742037293314e-01
6.137182908520775193e-01
-3.959430530023633210e-01
4.926337950411978639e-01
6.731522079225988886e-01
2.471095076454639106e-01
-9.754238124058853820e-01
2.096940101988582494e-01
1.381762671207931170e-02
4.939237475284916634e-01
-7.583887008601868374e-01
9.294625712882309543e-01
-6.452192820413886754e-01
-1.887472488972583573e-01
-4.373018801746064721e-01
7.871458946351803654e-01
-2.529807850323284590e-01
-1.022409774971171359e-01
5.450267912948121296e-01
-1.867883515144634909e-01
-2.510443023967063869e-01
9.901312789843943474e-01
-7.872651823180529806e-01
8.821609842433186799e-04
6.857129398700627654e-01
-6.908042564777854277e-01
-2.427590094645364349e-01
-6.796346677558016136e-01
-7.064819749296069595e-02
4.682522870261873749e-01
6.493145644416999929e-01
-9.881701790045078759e-01
-3.081647764691237690e-01
1.816663790888572994e-01
-4.871423745813165951e-01
-9.836242937838985956e-01
-3.274164947788118507e-01
-8.603605090063684013e-01
-3.715509021140483981e-05
-9.005644831771395520e-01
-4.564852784411623787e-01
-7.291308584947919780e-01
4.835533848706994320e-01
-7.466486610772593568e-01
1.955945884137744173e-01
-1.357797866314098822e-01
-3.671425467051823155e-01
9.467455569724247955e-01
1.422319683430106618e-01
6.019592744111073035e-01
6.536866862225148012e-01
4.106989647017098566e-01
2.542205325135804550e-01
-7.359712641894600171e-01
-2.712931214568730098e-01
-7.228657032517851189e-01
3.366124353660502333e-01
3.179601662715718646e-01
-9.946579964465624979e-01
2.744597431733344362e-01
-8.953015664872836510e-01
7.554796528358993513e-01
6.138894868656246118e-01
-1.062002707850899785e-01
6.009620057224762668e-01
1.311682672937286576e-01
1.418040891192351438e-04
9.804056013756254906e-01
-3.053869151598764820e-01
-2.516048963267407679e-01
-7.911084413374187552e-01
-8.648527811219262063e-01
-5.640157285797025022e-01
2.179275200821817471e-01
8.539385384947484336e-01
-4.415826886869380630e-01
-5.975779742418154683e-01
5.102562118575793004e-01
6.259001387473552835e-01
-7.723786573609516815e-01
-6.375152790342957232e-01
7.706113256961544256e-01
2.622184758797474480e-01
4.467686973601903144e-01
-5.936925259358598606e-01
5.956047734580667274e-01
-6.947663465069724431e-01
-6.263071494635383818e-01
-2.538694022635996639e-01
-4.707122458905397266e-01
-5.630292132560932306e-01
-1.045010161091790568e-01
9.992258784087124646e-01
-2.043434929874443640e-01
-4.584965716178870387e-01
6.300721447327108926e-01
-6.849598863204984234e-01
2.581454161174947526e-01
5.942152022435762682e-01
-5.104563044562930862e-01
