9.783483552068816813e-02
-7.925900780736889750e-01
-6.498941403301450315e-01
6.932790435981475152e-01
9.035576962000411161e-01
5.308520256228932421e-01
2.177581194207551807e-01
2.818098388410146260e-01
1.372316669734341410e-02
3.266972312685840762e-01
9.306931849848432137e-03
-2.497812325086767871e-01
2.592703372083773328e-01
9.359774019059905470e-01
-5.529847335913740114e-01
-1.526659881917651340e-01
-3.137270672501357716e-01
-5.205493651947241673e-01
-3.065745878222707610e-01
9.575536200302137146e-01
-4.230005748695679912e-01
6.086830696122258466e-02
-4.306908507838023148e-01
6.820184191626688097e-01
-5.985203382803006011e-01
-4.921359528506674685e-02
6.818416989840845321e-01
6.910153024016492118e-01
-9.739725314808529433e-01
3.946709676799251554e-01
7.767604783857675610e-01
-4.689328333870390608e-01
1.452980340718765806e-01
-4.667017118288541155e-01
1.551924969542848309e-01
-2.170894826181661852e-01
3.375136287761855147e-01
2.436583384106918437e-01
-3.230158283556547882e-01
-2.513895779418422460e-01
2.941171028572036050e-01
-9.904757407751083598e-01
-4.441426220924038493e-01
5.841405007655968706e-01
2.197994701943262186e-01
-3.832956488149084073e-01
4.154659265054769790e-01
-5.031134264723833294e-01
9.193531699635724141e-01
-2.089365254131132499e-01
3.685811320255494294e-01
-9.069429759385021494e-01
8.044078794726730042e-01
8.493907158664024681e-01
7.614523340005840968e-01
-6.984673768423070861e-01
5.660940296304037833e-01
7.101252018400210364e-01
-7.642199303508048214e-01
-3.377339481216021788e-01
7.595259817765700472e-01
6.007686407731704925e-01
3.415315780287855318e-01
8.104147632818974323e-01
9.348903514718343022e-01
-1.905485841131109304e-01
-8.280457330817596606e-01
5.710291258902679967e-01
2.952064115713499692e-01
7.543184326201157752e-02
8.342946400034030319e-01
5.306539851198122104e-01
-7.831180806726056876e-01
7.426449704949449337e-01
7.100242844766051498e-01
9.360853715780326212e-01
2.844069006685614465e-01
-5.517295651215656793e-01
-4.772496466945952420e-02
6.195746632948477828e-01
2.926539603162741088e-01
-8.079978956642770438e-01
-9.517226485378018630e-01
6.365210241856744666e-02
-9.425061500062887898e-01
1.918485122690607447e-01
-3.338729164067901767e-01
-9.422692230205869102e-01
9.226679708292533366e-01
-8.526087174473770958e-01
-9.629071577828292039e-01
-9.152615788437417077e-01
8.370969291036931548e-01
7.804625575740598009e-01
-2.543613181148098867e-01
5.455706642140818463e-01
2.166490224948893761e-01
-6.920047509848747946e-01
3.072887297171693621e-01
-8.689247854807928828e-01
1.328418988909831899e-01
-2.468398797961048885e-01
2.899810489935021884e-01
-9.479291739637130121e-02
-1.341480820707410260e-01
-7.657357392583232780e-01
-8.426415175261952051e-01
-6.572029213898864519e-01
-4.411832619088951191e-04
1.794171475271926219e-01
4.029842707105895094e-01
8.215882875462823254e-01
-7.523054740153403142e-01
-6.762790831562883742e-01
9.782133480081156574e-01
8.241647927907880256e-01
2.503886302596964875e-01
5.911916849869489621e-01
7.331775129486350906e-01
6.893630865174573685e-01
7.029473577928333494e-01
-3.861770427429009889e-01
4.136499382908138678e-01
-5.052279207790786320e-01
6.140626134818103488e-01
6.072103490266291814e-01
7.178462439865445077e-01
8.556794210529150568e-01
1.380239137537269123e-01
4.399935729316666322e-01
2.409933018497210089e-01
5.612473569988092326e-01
-8.159630673486608643e-01
-4.732198695936455923e-01
-3.423295120546003822e-01
1.278060826126492522e-01
7.269926751204189852e-01
8.499667881896038057e-01
-4.185847962806354960e-01
5.336267494628899044e-01
-8.119184722971874990e-01
1.615555364306517916e-01
-9.761531185136080868e-01
2.254805221721545294e-01
1.714712835747600472e-02
-4.405082730884783970e-01
4.138422707942335244e-01
-4.901269274890447392e-01
-6.906145012440370046e-01
-6.171036780865004623e-01
7.405450768674766149e-01
7.587706804912526248e-01
1.096429762105874950e-01
1.833255406685574407e-01
-2.076911966991223935e-02
7.172194261445730135e-02
4.158526293952555797e-01
-1.237548071050920129e-03
9.889981959393139288e-01
-6.536079465389255105e-01
-1.751506326716940620e-01
-6.515576190823235692e-01
3.928358088723824526e-01
-6.185564238468064246e-01
-6.781739557447052924e-02
9.921985546898746122e-01
-5.822507504807212797e-01
8.477784632080598293e-02
-3.278594746474430277e-01
-6.777839667490079822e-01
-5.508770950542114520e-01
2.745221575563676630e-01
-8.734171818215521466e-01
-9.669364097957711124e-02
2.854519057941786730e-01
-1.312682451830540220e-01
-7.051171912887204130e-01
-4.111762082764345294e-01
3.106172227306607247e-01
-5.485732236119844618e-01
8.510182566590167585e-01
-1.304109059888478583e-01
-8.946970011173844828e-01
-8.731972852429017440e-01
-9.104003100620190470e-01
-2.281083770409011446e-01
-2.921455900862237609e-01
-7.024626729859240193e-02
-9.928910616564647906e-01
8.570021401187719601e-01
5.992453366489480793e-02
9.742401749719942217e-01
-2.012279710831090807e-01
-3.570966915615674253e-01
-9.940224561108348400e-01
-2.931034650329891189e-01
-7.183699495566824300e-01
-7.949118736525462303e-02
1.257067746470421632e-01
7.671099264620049318e-01
-6.367286243793324196e-01
9.017261718844633567e-01
-6.842802893238244533e-01
-1.128326079916299740e-01
-5.709808218143352931e-01
-6.010769309783596803e-01
-5.492171877858851303e-01
1.081917464934301076e-01
7.728599156034481332e-01
7.082562875481339670e-01
-7.135727546478345396e-01
-1.646036150208476379e-01
-1.915277135025483801e-01
-9.335622327284140987e-01
-7.040000086453439554e-01
-1.373498346451973440e-01
5.469561839510030943e-01
3.279504102776684693e-01
-1.314759316829039459e-01
6.533844131467523297e-01
2.877336024454795194e-01
-2.097544401197832808e-01
-9.170136528686605448e-01
3.684713633638414532e-01
2.844592317941696535e-02
6.243066874605538441e-01
8.729063217693799892e-02
3.620606952775939913e-01
-4.522418873125448879e-01
-7.214644285575309013e-01
3.728647786954168986e-01
9.367152561152831680e-01
1.719695969589711826e-01
-2.113957588609278737e-01
-9.976021276146256334e-01
9.935180513823491655e-01
-1.866150258697323316e-01
3.472327631547313942e-01
-3.069787071666221223e-01
6.351658873736951705e-01
3.407478278125006810e-01
3.824845045789009301e-01
7.884596987026573078e-01
-3.939896148355170880e-01
7.181052229789450791e-01
-8.683783913837050950e-01
-6.072393120585106718e-01
7.630146592209479106e-01
1.323162038106506788e-01
9.294491929236599059e-01
1.513349513700088522e-01
-4.971407595291417181e-01
-6.763692530806553194e-02
3.312576578188308751e-01
-7.806220085920256846e-01
6.201253342073895780e-01
6.694651481535287552e-01
7.995243629724351209e-01
9.534969228764453852e-01
-9.725262443211162289e-01
-8.747849279195687444e-01
-1.749184396401992636e-01
4.139475040916928972e-01
6.771550642984949242e-01
7.793516544546443825e-01
