-1.381235498725353894e+00
1.364180103504284203e+00
-1.561536303515971058e+00
3.380335464011634539e+00
4.954459560142197572e-01
4.213447569351128408e+00
7.164207611610571291e-01
-2.010860417552326140e+00
2.656887633365280443e+00
4.086303873666798481e+00
-3.668682528810135235e+00
3.075159188287995171e+00
-7.726694021164222548e+00
-4.968434103900408516e+00
-4.432087905883374646e+00
2.186543426751670349e-01
4.200135133975339663e+00
-1.629536202192805039e-02
3.940297390394841504e+00
-4.508685084991103098e-01
-3.809749792383589462e+00
-3.464604142436592760e+00
5.771053705983478999e+00
-5.227909260963496507e+00
-4.863900492398643749e+00
-1.007548944074069031e+00
-5.930819898821030556e+00
5.920897365593321027e+00
-6.068687332827141567e+00
-1.460075558437313736e-01
-3.253565906754358306e+00
-2.328218902577986249e+00
5.580013647646687502e+00
-1.501583777681258169e+00
4.054139749990296693e+00
1.840404944849522106e+00
-4.208798833200695810e+00
-1.374644405069392228e+00
3.960210438855513715e+00
-9.163354471854840977e-01
-4.346016710316712661e+00
2.059429085793278880e+00
2.705110168654018210e+00
3.377687101774808465e+00
-4.310830377624115806e-01
-6.197736868160508727e+00
4.809518649575792892e+00
-2.980522243532912618e-02
-6.712982408630441267e-02
7.506529506851434164e+00
-1.821544166170690815e+00
4.862401244101871356e+00
3.533781638721882334e+00
1.233109617177792217e-01
3.179006609036311826e+00
-4.630120872793471065e+00
3.630980806057101606e+00
1.532256216321473907e+00
3.387179911101172447e-01
-4.470933977603564813e+00
4.126254587343748170e+00
-9.606203492943454769e-02
3.494656344951367455e+00
4.372319242326035749e+00
6.899550163315484319e-01
-1.123801111857379631e+00
-2.842308235854352105e+00
1.069767920305076725e+00
2.576815219523289180e+00
6.708865348363124426e-03
-4.667824800704790889e+00
1.517820071506410962e+00
-3.132770340003084852e-01
1.062679912213331246e+00
1.165063820189657484e+00
2.346333046010094847e+00
3.896332032160510828e+00
2.470757569240734419e+00
-4.907760913754605880e+00
5.255439523233555121e+00
-1.388289979480460845e+00
4.170342144186715672e+00
-7.035276950447285849e+00
3.479188517546487613e-01
3.651054178819476137e-01
3.880225572400239464e+00
-3.767647462474345676e+00
-1.180950956982389055e+00
-5.610822571615607046e+00
-5.498034423493303180e+00
-4.269961095927319761e+00
-6.976726573023311895e-01
-1.735580599330182938e+00
-2.711488011919055197e+00
7.319422617332318914e+00
1.375059694088375251e+00
1.878166256044641269e+00
-1.350544009462863126e+00
-8.505481758683735016e-01
-3.503367213809686742e+00
-1.902296417190044053e+00
-3.327836541264498127e+00
2.002164515979761639e+00
-4.690225042565328906e+00
1.027039760221513109e+00
-2.303580607594800433e+00
3.349249298620717852e+00
7.249762547663091361e+00
-2.919579007659672154e+00
3.106701042037682825e+00
4.225170761184825707e+00
-3.610849704228213053e+00
4.079166401759566796e+00
-2.636822111674084645e+00
-5.608431908519595943e+00
4.868752450878689686e+00
-4.983439619228501982e+00
-6.035069048582955009e-01
-1.956131108414951525e+00
-1.601033075146781615e+00
3.091958842658447004e+00
2.149585591183391098e-01
-1.590930884996217820e+00
4.961789722098349786e-01
-5.918045972746457828e+00
-3.258651757252772896e+00
5.061621594881343000e+00
-3.596034350167606197e-01
-4.796360908059039696e-01
2.747024879456656521e+00
-8.674264768048243202e-01
3.602587380011755158e+00
-8.424852039908810042e+00
2.079845032478796263e+00
4.398338688107461536e+00
3.165107777856880134e+00
3.400294136601860195e-01
-4.074666823943912775e+00
3.631462603682467094e-01
-4.238184792940037582e+00
5.619378292622302595e+00
-2.845015610238681159e-02
4.155527826243187173e-01
-3.481501780025409332e+00
3.256132598011570067e+00
1.506698099294163207e+00
1.243240092962811350e+00
-1.561480639867157461e+00
-1.291160523480587186e+00
-1.132315394651994822e+00
-9.947762113687361740e-01
2.675691590520224761e+00
6.306742061388315612e+00
7.517671718536126368e-01
-8.396786649855391138e-01
-9.565794790847566009e-01
2.627842192755467821e+00
-2.508229512978754627e+00
-1.648307142978107764e+00
-8.015136942102028428e+00
-3.426312084826323545e+00
4.602723012765848054e+00
-3.295961167106929324e+00
7.350427289853944224e+00
4.122110700832642749e+00
9.756975090438948506e-01
-1.730279016314568041e+00
-3.978265542277430455e+00
2.825350561070495425e-01
-3.144372426026881051e+00
-1.083936824598754622e+00
-2.350551864820248082e-01
5.107863983311560219e+00
-2.636201956936225166e+00
5.089272481481639687e+00
6.107583638988576702e+00
-3.508256640081780287e+00
2.655943716518416320e-01
2.476570394942284814e+00
-5.079157677008204530e+00
4.477472059199238075e+00
4.460625473540540398e+00
4.845176824025623219e+00
3.273063564237950196e+00
5.088223380498369863e+00
1.171145648767592251e-01
-4.072319588149997394e-02
-4.299778606740744635e+00
1.697079807089509895e-01
2.254687975386912846e-01
4.684242547923448186e+00
7.492952712007999727e-01
-3.887441557010679283e+00
-2.480367510391306318e+00
5.257260419091517534e+00
4.482346097391983974e+00
-6.583848622837311648e-01
-1.510140349513186209e+00
-1.391240446259567554e+00
6.497762430237813192e+00
-5.347781335641592637e-01
2.773658168292997495e+00
1.631187402785289731e+00
2.501377577230484484e+00
5.195354023323570658e-01
1.146136761418866445e+00
-2.763840823491154897e-01
9.836000775601926316e-01
-5.047936187076951242e+00
4.911934446801645038e+00
-2.629734145733444883e+00
2.252007736976213259e+00
-3.760211382977862726e+00
-4.554057779720636745e+00
6.019728411924799794e+00
-1.477408253173812636e+00
5.729939638702819416e+00
-5.584242884990455735e+00
-1.555960459933692253e+00
-2.253121865472814456e+00
2.159008499310848705e+00
-3.190907280585475903e+00
-5.455960669945473462e+00
7.564079834572406291e+00
6.236497210128302271e+00
-4.029888410225312967e+00
-1.120040268199256506e+00
1.272743486172922989e+00
6.448394828686501157e-01
5.362706217019561628e+00
-1.546088482514668794e+00
2.454436356082750681e+00
-3.251834042534171854e+00
3.256457099786678633e+00
-2.357797835300822875e+00
-4.559923381654590102e+00
5.029751273866347461e+00
6.917812165074582076e+00
-1.779967638890669335e+00
-3.617962131089841105e+00
5.743258678510976267e+00
-1.999984913361649630e+00
6.767692876988951056e+00
7.041504219587173541e-01
8.671885043903015955e-01
2.563551750359568615e+00
-4.891798869185098653e+00
-7.408636581748572203e-01
1.245356226684112055e+00
1.404741423239584730e+00
-4.494806558423698917e+00
-2.112085428559990596e+00
5.803150052980806883e+00
-6.986482532242275223e-01
4.160749616404041618e+00
2.293393943299197879e+00
-5.084303329128778692e+00
6.833002518964168992e+00
-3.575682172925873203e+00
3.147806237430996301e+00
-1.852851113037138120e+00
-2.446209408505109373e+00
-6.912092974650398958e+00
-2.783611842982034457e-01
-3.768956164917175222e+00
