1.269491375802088484e+00
-9.587494836054457625e-01
9.935961858841672045e-01
-1.643092813895058235e+00
1.370049598348074049e+00
-5.277507470714351001e-01
-3.463850994886772949e-01
1.489632151416164119e+00
-1.875569470997622279e-01
-5.380891911131158167e-01
1.390381581567722957e+00
-1.126725126714779313e-01
-9.352261966485085898e-01
-9.656234901673457216e-01
-1.143417198898129428e+00
4.884093190544323004e-01
-2.096520727719985988e-01
1.226579597542967637e+00
-9.430999305711746938e-01
-1.107841011694897126e+00
7.670239606216822104e-01
7.989018473790409081e-01
-4.187955673911516463e-01
1.134252846146972082e+00
-1.125546331875045603e+00
1.394192449748087981e+00
6.579358689322492015e-01
-8.937699869800339592e-01
-1.037408581411594533e+00
1.260890525246798566e+00
-2.893614142596920846e-01
-4.741044348014780141e-01
1.351065395103559608e+00
-1.109575346338034896e+00
9.261144125043194730e-01
5.153053080978583500e-01
-1.987988479589382074e-01
-1.395269870091893072e-01
8.552400135970386064e-01
2.940465484489144243e-01
5.569801937604234032e-01
1.246984285765649680e+00
-6.889480184269883845e-01
-4.664801935880732442e-01
1.059484102257992166e+00
9.685907255730930032e-03
4.920816839333240766e-01
-5.246052577702093878e-01
1.450930338649778273e+00
-4.619451218747261390e-01
7.857810112456828922e-01
1.590632182189926969e+00
-1.499184853760719083e+00
1.741546928815688844e+00
1.195996707792110980e+00
1.214417241915860313e+00
2.943933578620753222e-01
6.677205738218370268e-01
4.421913503218721786e-01
-9.063954219118504074e-01
1.478369927683648166e-01
-1.638946982336999980e+00
8.241653271248852164e-01
9.153558385184855650e-01
-4.676153305208516908e-01
-6.391141716697884556e-01
-7.688944409725199103e-01
-1.446114360759973572e-01
1.920791279887664738e-01
9.932104963774659456e-01
-9.756002483100414402e-01
-1.023098530491935110e+00
1.118853502217795892e+00
7.086512715023536302e-01
-1.314911028309193375e+00
-3.143787031172941004e-01
3.540025856448223429e-01
7.097093069463349391e-01
-3.779013247244924489e-01
-1.065056965648064846e+00
-9.871888272980571255e-01
3.818291205531650911e-01
-3.589007170069113961e-02
-4.079136620717239703e-01
-7.641352759183998034e-01
9.873649552710398458e-01
-1.704880887743741580e-01
-1.046542491125680652e+00
-1.191211387084870399e+00
3.491462662110447202e-01
9.238257725542982080e-01
-3.639947016523980006e-01
-1.535666184721717009e+00
1.852071393947237743e-01
-1.761113151422177836e+00
-8.871306727216181631e-01
-2.636780510919173315e-01
7.769444747340235047e-01
6.453815598072071280e-01
-5.092195278368315536e-01
1.439948755448043238e+00
4.724571196361136982e-01
1.826403981624745709e-01
1.072630967374683664e-01
-1.374773792775477954e+00
-1.439246679934130135e+00
2.555378782983036556e-01
-4.561905622235236102e-01
-5.078483199050846109e-01
1.033002047326446737e+00
4.195803531501333117e-01
-2.485806147632196872e-01
3.866924232234907333e-01
-3.270177191570809994e-01
-6.643475364439923592e-01
-1.238591853225657902e-01
-1.081120828706961801e-01
1.003017802199927644e+00
7.077978205907717868e-01
-4.508174102153658658e-01
1.726342181023865940e+00
3.005607434086421392e-02
1.325239736235724664e+00
4.870650859865525151e-01
2.601528259202012805e-02
7.220467766011111621e-01
-5.764106622520344114e-01
-1.282284474760830850e-01
-7.189842195582284434e-01
-1.012772256651502278e+00
-9.854157752624622679e-01
-1.613404786357625742e+00
1.790156338106406952e+00
-1.408521672536812597e+00
-1.018410892961080449e+00
-1.416153396469469916e+00
-1.519334810378546230e+00
-3.087358935742463562e-01
-1.126835289161605580e+00
-1.920913411654875391e-01
1.290620649897020300e+00
7.671849863192086172e-01
-8.487859342375145832e-01
1.061144994084184390e-02
-1.249661313343178648e+00
-1.640275847263893638e+00
-6.944943596758726967e-01
-8.275052530945851137e-01
-8.904514726538118596e-01
-1.391362296552583588e+00
8.396175385970549021e-01
-4.509838655325535406e-01
-4.016076815589413318e-01
-9.993559004606988871e-02
1.518786423110384920e+00
-1.166453189689681258e-01
4.115242900313439423e-01
-4.770089811816925485e-01
-9.940921796708617197e-01
-1.261232952351343251e-02
-8.799152657086903861e-01
1.440063318959541872e-01
7.114748902173478884e-01
-2.662756154621601645e-01
-1.320395158489970244e+00
-1.134261362115578375e+00
4.721755504809985737e-01
1.772605221673556608e-01
-1.257922352255820941e+00
-1.176100371833050939e+00
1.412193577847504100e+00
-6.721263049799337530e-01
-1.045626588397821521e+00
2.898389967834535952e-01
-1.181047707969296479e+00
-9.237554109083212506e-01
-5.523500475498163143e-01
-1.175948453930273363e+00
-5.842592105501136501e-01
-4.090981750797135774e-01
4.484037599794683526e-01
4.603870844930860740e-01
-1.883324350185744400e-02
-3.947003749891064839e-01
8.804380784523744286e-01
-3.731974735280499944e-01
-6.029237967125208320e-01
1.008051917696501487e+00
1.360298531368930419e+00
-1.158155795800413390e+00
-6.189006795608664735e-02
1.066337545467902492e+00
6.678605982653803563e-01
5.553726998111842006e-01
-3.351547515930266563e-01
-1.052258154350411479e+00
6.247380583611389371e-01
-1.516530057206493254e-01
-8.491833434419658877e-01
-4.711138267380557965e-01
-1.485402785750332466e+00
1.001396652444410673e-01
-4.197466422420876864e-01
6.808112186458610271e-01
-1.000089428800403635e+00
7.766720443186402312e-01
-1.063913864635913642e+00
9.661684011987491383e-01
-3.759505684868514885e-01
-7.659037609665098056e-01
1.274315827043742466e+00
-9.186074347128371231e-01
7.333589009701633188e-01
2.988768951010396524e-01
-6.737675553311578414e-01
-9.606664953189550937e-01
4.153196483408160278e-01
7.013058563254692679e-02
1.069988698472335464e+00
-8.245684595980173892e-02
-3.072701845063742221e-01
1.080138013028109523e+00
-3.407295343264649112e-01
-1.268551432754126518e+00
-7.912207703032202444e-01
-8.487873560692645869e-01
4.975888176457321510e-01
-8.482639315602977792e-01
7.867564989925820429e-01
7.929011936339394051e-01
-2.556010603574326856e-01
1.123451997632633592e+00
6.290771961112697763e-01
2.338917373679992862e-01
-4.413265598941494838e-01
7.978921109011182233e-01
-2.649618205716696151e-01
-8.258052865576992474e-02
1.003626545851188601e+00
-1.686299188283874262e+00
1.019327730647833885e+00
-5.245202269669932416e-02
1.544535107831742637e-01
-1.217310688423267617e-02
2.062606359372956000e-01
1.100407852099069661e+00
-1.530047283419777138e+00
-8.578244292651509006e-01
8.993103228953482908e-01
3.385251448090484949e-01
-7.175456493738575636e-01
4.171805052984604023e-01
9.219018523512444441e-01
-1.575049361395905567e+00
1.576173463086636861e+00
-1.085708520116988929e+00
1.640548650623483873e+00
7.031094324996340905e-01
-1.337774580674170322e+00
2.606770957783535181e-01
9.238260727369832503e-01
1.216928792262735204e+00
7.067846473047735278e-01
-6.562659320913366567e-02
-1.834154150872818745e-01
