1.369914827645812405e+00
1.905273920768841833e-01
2.350309059344922957e+00
2.161749049967740532e+00
-1.354034063882493699e+00
-3.857943451431938842e-01
-7.919083169662378685e-01
4.143622135701594544e-01
3.837329757894564208e-01
2.483477558956088238e+00
-2.205605559020214768e-01
1.349595039756370518e+00
-1.676688055784908649e+00
9.816369454369922032e-03
-6.736638268880309477e-01
-7.506586237608250389e-01
-1.026377078778235141e+00
2.084147438519112772e-01
9.258409254598434224e-01
2.500173764478716087e+00
1.435395253341121613e+00
8.875525349848252255e-01
-1.719025381079218651e+00
-9.185325302261029279e-01
-1.297216539708917260e+00
1.900590955545866878e+00
1.890914217902603944e+00
1.046584455713590600e+00
2.317820138213927628e+00
-4.297649899128617723e-01
-7.920313670946157458e-01
1.171215135255884165e-01
1.524016630976856579e+00
1.189850764515206105e+00
2.755246214398499482e+00
2.237888846588509395e+00
-4.405900634770236191e-01
1.110354906788363127e+00
-2.385361797917632920e+00
7.783191687209328746e-02
-6.046866440685849664e-01
-2.211040784244978630e-01
1.133721900748894118e+00
2.369025056485630110e+00
3.006828555960233684e-01
1.162673381445428422e+00
-5.354413472383301453e-01
-1.290699761968071346e+00
-5.038657631781651158e-01
-1.449919670988309317e+00
3.077447517340909933e-01
-8.313696779753330102e-01
2.317079601202536310e+00
-9.362203323461920634e-02
6.077863427637455462e-01
-1.864411543595303256e+00
1.062010946088860930e+00
1.837656221279274860e+00
7.908082007164972671e-01
2.330323792434135122e+00
1.381625505226823147e+00
-3.742853845622348130e-01
1.905947597548238726e-01
4.048448179528668089e-01
-2.334344966669479327e+00
-1.038154552469523484e-01
7.306929291767676471e-01
1.722330837174183227e+00
2.466560848372674641e+00
6.818399900856695339e-01
-8.038749560573468789e-02
1.961370234794876932e+00
1.567714100927491416e-01
8.766376424342483542e-01
3.169193652913346870e-01
-2.414272453856509237e+00
-8.720834054756085862e-01
4.297016907431541743e-01
-1.451636211312714808e+00
1.684784469705202792e+00
1.294065170660732900e+00
6.904569345542319603e-01
-1.036670480358307334e+00
-3.961898968043324754e-01
1.739060955615900239e+00
-6.468913522255312909e-01
1.659223185117199018e-01
2.562386100628107677e+00
-2.433737066491960199e+00
2.301906285810794373e+00
7.136461438791594780e-01
3.735139759757414302e-01
1.758005824440190157e+00
-7.053045428480397838e-02
4.932883995717062264e-01
-4.422584352415939168e-01
4.156679060947892079e-01
-2.792958191985806415e+00
-1.115477227655938819e+00
-1.955855808427365838e+00
-8.336275837088829022e-01
1.392183931931415319e+00
2.042651992917609682e+00
1.474590509897190760e+00
-1.290268526723731490e+00
-7.129701433738064309e-02
2.989080445837760669e-01
-2.259935121873910546e+00
4.977069252425123658e-01
5.142427103226048235e-01
-1.764710038735570308e+00
-1.895516523326050695e-01
-4.113261204553124162e-01
4.446778394557029945e-01
5.124807428980815427e-02
-1.622206901455869321e+00
-6.627063179091614575e-01
-9.759194622263693830e-01
-3.088533213599768068e+00
-1.838612116391193707e+00
-1.389984283271205268e+00
3.155630603177371540e+00
-1.424486317621659559e+00
2.025353408391313614e+00
3.516503597020438354e-01
-3.475954415439988843e+00
-1.774715205970298637e-01
1.068290351597958043e-01
2.484378307817685538e+00
1.146142741515324470e+00
2.194205117576010222e-01
8.592210788921660347e-01
1.503054692178483087e+00
2.105514931187907557e+00
-6.081361445159252366e-01
5.260351074885578626e-01
1.043481122572143427e+00
5.724240743448010260e-01
7.979162474889369694e-01
-1.024885877749265095e+00
-4.552088561605210915e-01
-1.740885582093397277e+00
-8.361284472583587757e-01
1.076105130965298251e+00
3.545844551730718552e-01
-8.214802413235602341e-01
-7.071550206357475332e-01
-1.285184907473574945e-01
-2.656557875715513717e+00
-1.197921209828746392e+00
-1.576007491877675637e+00
3.376642863003124440e+00
1.152328976622103429e-01
1.532225119813758418e+00
-1.973845498309178437e+00
-1.641296189229555225e+00
1.843516968061266414e+00
2.313472349698751707e+00
-2.579969877687784852e+00
2.118291027026959483e+00
-6.447091023161293233e-01
-1.641445423978868501e+00
-3.001744397585456525e+00
5.649556385206653264e-01
3.374829788076492143e-01
-3.846947672646124916e-01
-6.028245313063400612e-01
1.615431315634033860e-01
1.330327911689118014e+00
-4.707098264037506974e-01
1.407723721149681806e+00
1.713163317288434184e-01
9.461561802259175202e-01
-5.407733603148361379e-01
1.883627193012660017e+00
1.605494792972921747e+00
8.517696258761131567e-01
-1.123244329563453991e+00
-2.486703106831035903e+00
-8.805444207024732961e-01
1.599858685497324462e+00
-4.126269630404142408e-01
4.800434252186548956e-01
2.271002256516931439e+00
-2.020800466965208209e+00
-7.606411118999631960e-01
1.021423563409237456e+00
1.369867849334730492e+00
-7.675068188957756554e-01
1.712620965182085619e+00
-3.447029496842932694e+00
6.596693455243705095e-01
2.323788116065576004e-01
3.030599814994761942e+00
-2.268202187007529957e+00
-2.195882413809612466e+00
-1.507083427145061050e+00
-2.575419728222587246e+00
-1.209498914438253525e+00
1.386901305520376271e+00
-3.185424246301442608e+00
1.224899310924218998e+00
4.988457220033122863e-01
-9.047635788567307547e-01
-2.083748877444128844e+00
-2.170650468187427684e+00
-1.915965663448127687e+00
1.479264465607113888e+00
-5.228635981330764793e-01
-9.156313247041201198e-01
6.718719492593899778e-01
-1.448675478669226635e+00
-4.075228491428807276e-01
-8.729743507581502193e-01
-5.888611534687118176e-01
-4.501784006662148951e-01
5.041089898969992600e-01
-5.322567941223133037e-01
9.408807472473612599e-01
-6.816482666964749360e-01
-2.366271897519076184e+00
-2.530137458615421941e+00
5.071379197964531738e-01
-2.074221762902356936e+00
1.237196840251970187e+00
-7.369367687762590213e-01
-5.361005210870679605e-01
8.297300912752391122e-01
-1.505064343385677406e+00
-1.338371841443703802e+00
-1.110498278395513516e+00
2.240517187861082782e+00
-2.293223203596279069e-01
1.470584339488320680e+00
-1.782983776552586441e+00
-1.482308056567477328e-01
1.800359354448965332e+00
-1.423172690025228393e-01
-2.804121235260413236e+00
2.736378946050508354e-01
-1.377348312590014334e+00
-1.442578711667624081e+00
3.653946687240782754e-01
-1.585953681145203298e+00
2.754963388466550533e+00
1.508030995720596179e-01
5.449503115710676582e-01
-1.079843194840694132e+00
3.574195065905371171e-01
6.000686105821992911e-01
8.764166541084176254e-01
-1.387519696043424400e-01
2.854006763007759240e+00
2.238068225677653622e+00
1.299518883052654505e+00
1.953635809297281867e+00
-1.437778855373897713e+00
-5.947820242042678451e-01
6.218482886819309829e-01
-3.409363650749544838e+00
-1.118155338030093926e+00
-1.783438022045585880e+00
2.124814663998397357e+00
7.675789171686990819e-01
-3.038189418618108206e+00
