-3.913872441584929529e+00
-1.233353931560421390e+00
-2.366633121982407939e+00
1.043487669254092420e+00
-2.194478455069430289e+00
-5.213624004679002777e-01
-2.130526643667263187e+00
-2.467003776249664160e+00
-7.493506755701053734e-01
-1.002216403741084338e+00
-7.032810362384243064e-01
1.750718273067310427e-01
-1.712185833999465556e+00
6.063917041391733154e-01
-8.131698805671391250e-01
3.058860250051779195e-01
1.187485549340260016e-02
1.052637093549300129e+00
-7.941012077917017908e-01
4.661009407317589504e-01
-1.293221535130906763e-01
3.501530566422903945e+00
-2.179536165418518134e+00
2.044738636532006826e+00
-3.686122849498246201e-01
-5.397154139423683272e-01
1.553329911976500388e-01
-6.688644257776246160e-01
2.689699257584702519e+00
1.451817881483780992e+00
-3.084476231625624454e+00
-7.938551549784703676e-01
-6.662078585734805269e-01
-4.816716405426244713e-02
-4.262929438218280298e-01
3.213458033277743819e+00
-5.513280126679881432e-02
-1.624451449130017266e+00
3.016462003344999587e+00
-1.051264515943819422e+00
2.084730926489279934e+00
-2.053545254012566268e+00
-2.018033470543508123e+00
-3.973686826055519705e-01
1.913879601966648192e-01
2.026851547465708947e+00
-8.075323684898926269e-01
-7.357306707620184238e-02
-3.960599363831543318e+00
3.617626571733401075e-01
-9.461464127707211458e-02
-1.208227541293740659e+00
-6.726119219399593341e-01
-1.480834942900181472e+00
1.897824850836404842e+00
7.032459326159092861e-01
-3.397832592511029759e+00
9.075573028882419346e-02
4.175779416511083753e+00
-1.104880001769696474e+00
-2.749524933421902517e+00
-3.441147197159841742e+00
-6.627566997295815110e-01
-3.205846058313736036e-01
-1.334729553969795202e+00
1.775831693021949209e-01
-1.984846831483043417e+00
-2.851738836665822951e+00
-9.871577803846054433e-01
-3.508658130498103933e+00
-3.304012894223332886e+00
1.830183685744841027e+00
-4.617687250445596803e-01
-3.784802003349994060e+00
-2.040242113828152348e+00
-3.603426068222309819e+00
-1.804231088391046400e+00
-1.109020660619985055e+00
-3.828634963012785164e+00
-1.230729510838962204e+00
8.098006650748037494e-01
-2.731188201506739577e-01
-1.567678719167301393e-01
-1.039161207954288901e+00
-1.588475605759628762e+00
7.601462402924306083e-01
-2.791028888264674546e+00
3.254588277049168088e+00
-4.455377005473149521e-01
-1.287700752784872067e-02
2.534599011051791306e-01
-1.792137623237660016e+00
-5.458966201938829643e-01
2.219692831368588415e+00
-1.542398154788228171e+00
-1.678267041292661244e+00
9.564000612339813578e-01
9.685478658252877349e-01
1.152980721100862471e+00
1.243237797004413281e+00
2.162763081135973486e+00
-2.673888805655333378e-01
-6.170737432269098877e-01
1.867306420966303726e+00
1.879113893488981502e+00
8.921068715515027003e-01
-2.360149309537628248e+00
-2.230455799851914556e+00
9.360262694710668185e-01
-3.154316828643918491e+00
-2.639296132236256476e+00
1.714487161718261987e+00
-1.766044977951588990e+00
1.859367987933840283e+00
-6.105834556785960654e-01
-1.472416839250754172e-01
2.431323817372311957e+00
-2.410032398169630885e-01
1.173780041945167163e+00
-6.614348421621205620e-01
-1.633477160750946844e+00
1.942244006195064543e+00
4.327229968742343225e-01
2.823760213871556513e+00
3.843951150838329056e+00
8.390530191222765888e-01
1.639789429115023012e+00
-6.948446435773060481e-02
-6.090788968770162182e-01
-2.419908627990504435e+00
4.935613682656158074e-01
-2.811114527534018137e+00
-1.514640993665826274e+00
-1.235598580749830144e-01
9.851664413310305957e-01
-2.773912516008206763e-01
-3.004911145329183686e+00
-2.018392929907542488e+00
-1.772893420930089281e+00
8.475106549379571863e-01
1.808344986349256889e+00
1.386773542605818310e+00
1.032692724273992502e+00
9.315259692278654580e-02
-1.032285059248629011e+00
3.533754571475730355e+00
-8.939606876784768064e-01
4.919716970805148026e-01
1.493546327470912871e+00
-1.290136932948312332e+00
4.313791768297182694e-01
-1.682569710061533552e+00
-1.494844415930106418e+00
2.136098116644675748e+00
-5.895775230816904244e-01
-6.624495957875308205e-01
1.230168828222079735e+00
-2.857719215061274021e+00
3.288914774691809040e+00
-2.523594386905213760e+00
-1.072722728708886741e+00
8.814147966817581503e-02
4.625568719424990149e+00
1.274689814126671594e+00
-3.367941818738586779e-01
-1.521693810642884115e+00
1.729618268942140658e+00
-5.349928822143684926e+00
-5.129487803287576808e-01
1.218286664131484232e+00
-1.659756743226433739e+00
1.739271241351374009e+00
-1.302315776464796127e+00
-1.708107555682739642e+00
2.722480947260164097e+00
1.132782993842398778e+00
1.438757786819618634e+00
-1.903819122010196097e+00
4.024912766785766483e-01
9.522551895512793019e-01
8.687095696849022053e-01
5.198891806832117712e-01
-7.660847717199008589e-01
-5.296446703389358079e-01
-5.255041585503695822e-01
-1.334293932795419524e+00
4.301645608371912344e-01
4.142221808183840004e+00
-1.146137796483148286e+00
-1.068066930743329035e+00
-1.029058858000453380e+00
8.131151006628316580e-01
4.888410459466072666e-01
1.460017890265022489e+00
-6.973724977627213661e-01
-1.369452428397185173e+00
8.496940001573692891e-01
2.897751719038915930e+00
-7.754272734399142442e-01
3.867181079085953765e+00
-1.057154062113182968e+00
-2.791279430534633121e+00
-1.286101810392031197e+00
2.282559735555780289e+00
-1.277468034258639307e+00
2.906862413734159212e+00
8.396655149414705699e-01
3.348187607015018052e+00
-5.099480448310902969e-02
-9.777659256497975848e-01
-1.516567206234045839e+00
-1.939049769834586989e+00
2.246753111990733132e+00
2.260908384651844294e+00
-2.248774054976272030e+00
1.552417977180721442e-01
-6.373609826831481140e-01
-1.183261587305957541e+00
2.084965476801349471e+00
-9.586306672760220859e-01
1.155539304109347298e-01
-1.027680977136965712e+00
3.022375758405609680e+00
2.761400369495625728e-01
1.420977905746357184e+00
1.414329641380308866e-01
2.168366223781066360e+00
-4.425139773640483831e+00
1.174062320185520480e+00
-2.480837142349001212e+00
-1.197206026404801893e+00
-2.128189767143092048e+00
1.255635864151362968e+00
1.630893439216779539e+00
2.196546871270283141e+00
-1.162361672929701939e+00
-2.794742624751760385e+00
-1.015402871873196666e-01
1.127643498574278702e+00
1.219778457539075989e+00
2.288423278023664409e+00
1.312316869641930506e+00
-1.466413018947482438e+00
3.088004821132955158e+00
1.548538443275444765e+00
-7.062881240154841311e-01
-2.538470843605508787e+00
1.273967098214217497e+00
-2.815129199053803433e+00
3.177159987359896576e-01
3.311087643406450454e+00
6.492116444570878997e-01
1.579466215890727110e+00
2.817989043398944737e+00
2.034387503018713073e+00
-9.673043257809644802e-01
5.605740707705763048e-01
3.118102897821751540e+00
1.296195895949499910e+00
-1.999577907804724219e+00
-1.020077965915719698e-01
-2.615986578312749167e+00
-1.807990278095838566e+00
9.461990173075152111e-01
2.381686563301296911e+00
