7.177499483831457638e-01
3.316203110204112292e-01
8.082363956662323989e-01
-5.914805115324501816e-01
-6.817409627529349425e-01
1.665799186377403540e-01
9.987793517185132863e-01
-3.225020177015325284e-01
1.960630539047505394e-01
-2.012127882979541926e-01
6.588330068270662476e-01
2.696643445425501717e-01
-3.469905106482433776e-01
3.364141470720209970e-01
2.518631754578732895e-01
-2.592107889160439882e-01
8.202148786259133573e-01
9.007239919584693055e-01
-8.984427806110826253e-01
5.762737886460462811e-01
7.922445392541626052e-01
7.788247359663700298e-01
-1.220022833850185062e-01
-1.049997225921677213e-01
-6.714894862990767876e-01
-6.844889927720969602e-01
-6.187147354794075849e-01
6.037126334682827444e-01
9.147959363846460690e-01
-6.687632499083311366e-01
-3.530380412591715977e-01
-3.606205857745479193e-01
7.058733050154808453e-01
-2.915229084211528043e-01
4.843001296601618932e-01
3.341114225672319193e-01
4.498710852962766182e-01
-8.692102811269371010e-01
-6.727111412723114636e-01
-6.643797874924728397e-02
1.414167953753286966e-01
9.990948261857077739e-01
-6.062963300729817817e-01
6.078637027507138857e-01
-6.441998797582093594e-02
6.340214920088662609e-01
7.097723843846972525e-01
2.979369288448403541e-01
-4.137554354733834483e-01
-9.866588268990774679e-01
-3.870468919160925392e-01
-2.645764716684124718e-01
-9.172991960685590307e-01
9.219934967084222333e-01
-6.159769057511590429e-01
4.705557008115723860e-02
-8.232247019739997729e-01
-5.703395163147373381e-02
-8.986699029089415536e-01
5.254948384578059795e-01
-4.846285756493851071e-01
-2.606091584897485269e-02
2.445761151867495986e-01
-9.113020438186847372e-02
-7.844359403211609294e-01
-5.669037767609068634e-01
-6.529161455415319892e-01
-5.006899104418804924e-02
9.844316733823705867e-01
-9.879110101203725236e-02
-2.531126788974835673e-01
-7.768796915257665248e-01
4.967169975879293098e-02
9.478198321819670813e-01
-4.270045378921885071e-01
-8.692345182685188298e-01
7.872776755096435597e-01
2.955747536249080376e-01
-5.710645569748331596e-01
-4.454236891425129574e-01
-4.972259933658709219e-01
7.101135887590208640e-01
9.834119299760624155e-01
3.161416599293012109e-01
-3.480904158756283895e-01
1.433091223621316690e-01
7.830664573868624245e-01
6.198423926078735491e-01
-6.307154571482276317e-02
9.671420896318450033e-02
-8.925050210658374006e-01
8.969046267712055265e-01
7.211355333313549387e-01
8.505546626417668232e-01
-9.659092881054724966e-01
-1.513609125409693945e-01
3.046546245287788945e-01
-8.249805053624357232e-01
6.425833583907603064e-02
-3.968046230451194312e-02
-2.127642551513675429e-01
-5.786093613460074891e-01
-2.507567354858906139e-01
-4.677453889840224033e-01
5.719244235816058897e-01
-9.113688213903718971e-01
8.694731322095869963e-01
9.852625410378066384e-01
6.357478654018520192e-01
9.110837730122796074e-01
-2.524663651193468361e-01
-8.980129733084527555e-01
-5.210608402718686083e-01
9.278422524216434208e-01
9.291319347920041771e-01
-1.171713935142255636e-01
-6.521221650408446369e-01
-8.361899713998930395e-01
9.008487823284778706e-01
4.760000844209844040e-02
-9.600417058899002321e-02
5.171219817588967871e-02
6.949935327588612211e-01
7.884791591266804289e-01
4.590229363666500362e-01
-9.523856306048981146e-01
-2.097722761721332319e-02
9.512145859275495940e-01
9.883222970860017220e-02
-1.881542870312882254e-01
-1.679339370049217628e-01
-8.033438146470468499e-01
-1.562741118264365792e-01
-3.992339174186574358e-01
5.849879398446204970e-01
8.551465520841849965e-01
-9.352460944140237320e-01
-3.969446388070534404e-01
3.004840379609059475e-01
2.592096103660570527e-01
5.013833661594200297e-01
7.050142205637255355e-01
-9.475291693690741646e-01
-8.367791691092028028e-01
7.154676401015898080e-01
5.749499677960345778e-02
3.165124635680800491e-01
-8.895200898125046329e-01
3.345550269859438597e-01
5.048104744672985422e-01
-9.128658872599790808e-01
1.661091780639636362e-01
-8.920581948889449997e-02
9.920508991820400357e-01
-5.631493363849160438e-01
-5.237329490143385335e-01
-8.823962135207383817e-01
-4.692568894950177594e-02
-4.390368671829019132e-01
2.144102668105607457e-02
2.472622168910272311e-01
-1.955139950645619074e-01
-8.092380935940333142e-01
6.776251280447502801e-01
-5.873254409892381123e-01
5.830739451264677076e-01
-1.118848105908538670e-01
-5.779546931373416019e-01
-1.632608076910568862e-02
8.839063410884602234e-01
3.067426461811573191e-01
-5.297947046323046028e-01
-9.103910183642831555e-01
-6.368819164792527410e-02
-9.374660956821090352e-01
2.547355374774138426e-01
-6.539131991185131998e-01
2.311828407881828529e-01
5.780738980788246995e-01
-8.370217796871224358e-01
4.830411206084486153e-01
-4.963443732436774170e-01
-7.605776736427749540e-02
-1.980640907341697510e-01
8.058131144829616677e-01
9.923720142456620152e-01
-5.543517157954047647e-02
-9.292829377915241551e-01
-5.961586022356553105e-01
9.769982897806972488e-02
-9.609153122583544704e-01
-5.296843605740619854e-01
9.424012360647584519e-01
4.072878017744874235e-02
1.915857579644575370e-01
7.407890044855947043e-01
-7.758804047750822441e-01
-8.480213529189808419e-01
3.003451144501212422e-01
2.752526799557166726e-01
3.862642199342862792e-01
4.567269119624119966e-01
8.496415452476557828e-01
-7.831350741670994875e-01
8.164862931519392131e-01
7.430091952150637002e-01
-7.351780842735478050e-01
-9.253941141333132947e-01
-1.240443134048194729e-01
-7.559028359029240640e-01
-2.349187938253798347e-01
8.833344642639862077e-01
7.555454596806279177e-01
-7.532142299326431978e-01
7.073524102674684233e-01
8.699941839830496182e-01
-1.708309504282792268e-01
-3.002791228366070708e-01
3.950237782091186034e-01
-1.417037661798483672e-01
-3.163979533398526556e-01
8.072211226510588311e-01
7.568464894764037609e-01
6.569207844560258636e-01
6.154251883477512841e-02
-7.818394648263335966e-01
2.953609924460391944e-01
5.790043062405436647e-01
3.638447976616743240e-02
-6.175851429460135211e-01
-6.138249859001982944e-01
-9.694399894082734725e-01
3.522373071869597805e-01
4.215097399384137855e-01
6.569842853088574408e-01
9.112602291295321955e-01
2.161071258860689515e-01
-1.495432853825042763e-01
-8.816607543511700840e-01
-6.240644144051743503e-01
7.106415226391038509e-02
9.647180378233699560e-01
8.584330280747285435e-01
6.597746767139776036e-01
4.246855705997336639e-01
9.135752813070190381e-01
2.769686736008569738e-01
-6.121871198956763127e-01
1.584606162780799465e-02
4.461733860805063845e-01
-1.142040208076764429e-01
4.481010628264248119e-01
9.117628692500929777e-01
-4.004769415275628575e-01
4.524275294248882862e-01
-8.143841108262315220e-01
4.516387488513022852e-01
-3.628785768603972617e-01
6.093414951992881523e-01
-2.142958991347501119e-01
4.236205551637375333e-01
3.545452992207136500e-01
5.367719860137896148e-01
1.066827560636225414e-01
-4.720255459727578096e-01
