-7.080761058544051689e-01
4.673917747736137329e+00
-1.101487600721892779e+00
-2.027602571139660803e+00
-4.541562346296720287e-01
-1.280379134336170566e+00
1.939664436505779799e+00
-7.010835310919363295e-01
1.789335872710948960e+00
3.303631381150990975e+00
-1.202559870323201441e+00
-4.811077748405738319e+00
-1.468716819716863631e+00
-2.124970483232056395e+00
-1.498379802527384008e+00
-4.493082481277395956e+00
-9.621370168713042625e-01
-2.799924354578087193e+00
1.697546581303636337e+00
-2.172425453667711004e+00
-4.761697649942681743e+00
1.430846810483823006e+00
5.494783592775482894e-01
-1.546067073327683561e+00
-6.866020095671920842e-01
-2.417330049217166987e+00
-3.095066260413765202e-01
-1.641452082982211014e-01
1.397348771828078817e+00
4.837483003516879210e-01
-2.592813033024263358e+00
-2.620656416027016267e+00
2.689265433814247430e-02
4.267943293361337709e+00
6.210375648620723998e-01
-2.175179747811110786e+00
-2.354817545605764284e+00
-1.408526991997781863e+00
3.132119299267384971e+00
3.926601715839885376e+00
4.611537728510077372e+00
2.401204495450465437e+00
1.452038950944967821e+00
-5.227630808890186831e-01
-2.759486839841087225e+00
-8.741900723858728739e-01
1.349920026750415447e+00
-1.256767832053091727e+00
2.815559800763856035e+00
-2.295451803243828248e+00
1.965806723273765044e+00
-8.549630722410870298e-01
1.152299142017722655e+00
-9.435960090694583968e-01
9.424030044154777519e-01
-8.081065485612326516e-01
-3.739527452813738329e+00
-8.131081948867859843e-01
1.515201120018366154e+00
-2.840088487550054275e+00
-1.376302158871559156e+00
-7.928026186441565759e-01
-1.283404406060491443e+00
1.286092401085226378e+00
-2.039396450444225017e+00
4.592844347931729132e+00
4.911684446568578721e+00
7.761954536978743491e-01
-1.147762482599438583e+00
1.918612733407002002e+00
-4.784772956029549995e+00
8.757954612496233748e-01
-2.801149060006533631e+00
-1.403915798831858242e+00
-1.689058450595663174e+00
-1.029551858654143004e-01
-6.944086562693941866e-01
1.039899559216974634e+00
-3.926634945366486829e+00
2.756323218150891208e+00
-5.689078335608936943e-01
2.306930329475608499e+00
-1.941421954666219030e+00
-1.559620546898227156e+00
4.001651643840867578e+00
3.244105192196068632e+00
3.569492222749799382e-01
1.301096808089167833e+00
-8.001391578866565713e-01
-6.624742958985370134e-01
2.168966804651957236e+00
2.977948608875362169e+00
-6.656237625572520855e-01
-3.615688828676521638e+00
-5.166255078185373328e+00
1.580165319905072696e+00
2.476435894482200695e+00
1.104680472475500608e+00
-3.191794473624860462e+00
-1.079465877501151416e+00
2.760738992216165588e+00
1.697940764484521470e+00
2.247283860707482095e+00
3.958108858927001705e+00
1.268538611986713471e+00
3.628693286656736738e-02
2.174389474958930091e+00
-1.230724584942695987e+00
3.723220555506142837e+00
-1.617993772996705770e+00
2.020506041376833650e+00
-2.362769179043413104e+00
-4.514735792158202976e+00
-1.390814389825844932e+00
-2.363551927848074108e+00
1.273935673785196343e+00
-1.563908229017211715e+00
4.630483193538879050e+00
1.305024895598724255e+00
-2.675170273752750738e+00
-1.499293804902394944e+00
1.557830764562386339e+00
-3.772179079718095185e+00
9.746064777413390168e-01
2.886297581154186442e+00
-1.945357607515163734e+00
-4.049167084761570834e+00
1.752311217122794140e+00
-4.526413085256249857e+00
8.161102816209846456e-01
8.770358833566167522e-01
-4.127091674107644437e+00
3.813780300253033495e+00
-5.713466552749952854e-01
-3.418860993770763912e+00
3.116487412218664321e+00
5.388032251465074474e+00
5.681515848981653072e-01
-1.857560347161903547e+00
-4.082291853114634606e+00
3.657030785079468327e+00
1.290217482548562167e+00
-3.717215361342955493e+00
1.199524896188163048e+00
2.335239725447096681e+00
3.355977053001701016e+00
-3.529737361922163252e+00
3.296211929119035933e+00
-1.957673210167831801e+00
-3.375078067737142362e+00
-3.784034088491826431e+00
1.512867008836170868e+00
-2.858054151791166397e+00
9.909424785900320387e-01
-4.378349206959342155e+00
3.453463478903410433e+00
2.816765574873550282e+00
3.401587833391952476e+00
5.409562523332127615e-01
-1.241354358095614785e+00
-3.147678205530004547e+00
-5.762957739270816448e-01
-1.574210927489884781e+00
-1.918329608051454915e+00
5.425223792821530111e+00
-4.601420732186341844e+00
-3.215161705347409082e+00
-2.654086614655603249e+00
-4.768207888541867168e-01
9.030259346138376220e-01
-2.019117186525388519e+00
-1.717313482014459991e+00
-1.229780105128949197e+00
-1.675566600215181001e+00
1.545277012039070197e-02
-4.889231029066359646e+00
2.748270829483492328e+00
-1.705949016551258968e+00
-2.508217869721555360e+00
8.734938163011077839e-01
4.675629100388734027e-01
2.827831494744211249e-01
1.427400385818448525e+00
3.666191851032448934e+00
3.401851813833819627e+00
2.007536926676533717e+00
-4.065055738978611721e+00
1.040287027254591434e+00
2.400455099294442896e+00
4.813756125156215537e-02
1.932173137446213385e-01
-2.942255751072062053e-01
1.722229924955882563e-01
-1.282635419749062811e+00
2.978261027873453592e+00
2.342201631302951892e+00
-8.369660918642103375e-01
-3.628218666797740966e+00
1.295075720041102052e+00
9.528092333379576395e-01
-4.669897936981191933e+00
-1.406311536438578536e+00
-8.239034623445311567e-01
-2.840201538419395710e+00
-2.566257762556447108e+00
-1.556562535487793220e+00
-1.484465516378045358e+00
1.353043305620314607e+00
3.616386880489771638e+00
-2.669073981336448131e+00
-1.132011278275534494e+00
-3.343931385971584014e+00
-3.229214106709444199e+00
-8.314013074741000153e-01
1.639737510809167187e+00
-1.036010143259117999e+00
1.206769994125968415e+00
-7.826128963866163524e-02
-1.659352974590341034e+00
-1.769104350445795726e+00
-3.194878767745543247e+00
-7.192209349831452103e-01
4.211416988796971017e-01
-1.241110819098320883e+00
3.443309895795234610e+00
2.268967731454843983e-01
3.258929957431166091e+00
-3.165086026593699309e+00
-1.698775430558860045e+00
2.776742948767543240e-01
-7.445236479280570308e-01
5.120703115632267988e-01
2.915553173090767558e+00
6.068698948546116245e-01
-1.477368480610700807e+00
4.629558946508345763e+00
2.706050219391705980e+00
2.119359218038768811e-02
-6.047068417621842551e-01
-2.823835698782659165e+00
-2.650871826161681710e+00
-3.690024970409781169e+00
-5.032993575493528438e-01
3.465573065901208061e+00
1.322111475240665968e-01
4.527751596398215117e-01
-5.342653416875132066e+00
3.310347724862036323e+00
1.860247068151156036e+00
-4.701799953032208101e+00
7.758108590694752227e-01
8.078127685695021265e-01
2.669096839839320445e+00
4.150304922688014209e+00
-5.224056202494729018e-01
-3.280469737189475765e+00
2.069102758096789785e+00
2.087529928176486305e+00
3.650144112624652770e+00
-3.181519889012859537e+00
2.313866587974808264e-01
1.939973021607328985e+00
-5.613777677100325603e-01
-3.566683827677803453e+00
-3.175241682928604536e+00
