-3.210601900782231510e+00
1.939498040220182240e-01
-1.991375086043812637e+00
-1.714814574378101142e+00
-1.059981050920423273e+00
-3.761628316504851632e+00
4.593014023819237956e-01
-1.909227325102039963e+00
5.981359066635503208e-01
3.995084212918785571e+00
-2.303320838712517915e+00
-2.988085167150371646e-01
1.969988933044772184e+00
3.418500897982955644e-01
-4.196253247926856611e-01
-2.980638173549055026e-02
-1.429303039573178502e+00
1.879466243015781579e+00
-1.853533707520592211e+00
3.318299904620567453e+00
-3.749724293716354850e+00
8.419588715936897616e-01
-3.171644378632419325e+00
2.843847149072657565e+00
2.306523591023589503e+00
-4.249255541149088877e+00
-1.950854253225884349e+00
-3.823814131389304372e+00
-3.813664649907724247e+00
-9.996232900951461664e-01
-1.129755126452699265e+00
-2.516423577934617795e-02
1.830342872815617916e-01
3.299479982909176101e+00
-2.523156485841426377e+00
-1.983761644741069974e+00
-2.374338535845046394e+00
-1.381803756692038476e+00
-7.830695531591231884e-01
2.317235071752979270e+00
-1.918499325697631264e-02
1.537621984836546662e+00
-6.702300313748462690e-01
-3.207965765207538844e+00
-1.916882915124952458e+00
-2.079912580939473621e-01
-1.841957512851073453e-01
-3.681054958207302441e+00
-1.144719043055170138e+00
2.014030320734504720e+00
-1.512471700090065596e+00
1.143934119746153000e+00
-2.851504745657874818e+00
-2.696098067523200470e-02
-2.186904504903564472e+00
-2.733025191183707570e+00
1.637707206156706397e+00
2.949925690717184246e+00
3.373010741747239027e+00
-1.467541574721977327e+00
3.486736923801765364e+00
2.382672650240058587e-02
-2.698692740068086238e+00
1.367246734848526213e+00
2.077010106161342406e+00
1.910558019367062155e+00
-3.020939877311476174e+00
-2.134415969071077335e-01
2.764215449874551922e+00
-1.114302145201163441e+00
-2.727302592625779898e+00
-8.784610349654535799e-01
-1.673587676747209985e+00
-2.015007321811358443e-01
2.225138817463306884e-03
-1.847883608661860189e+00
-1.575392972263195412e-01
7.456560482648568744e-01
-3.748241845492056967e+00
3.768428767128643386e+00
2.757230367467970567e+00
1.863074728819905213e+00
2.860362794692280275e+00
-1.598071778485309569e+00
1.812559939875105997e+00
3.747539535463674243e-01
5.962973038733172526e-01
2.102751614538983738e+00
7.209458878663487225e-01
3.604465756740880433e+00
-1.203179524343084950e+00
-1.861628253120218623e+00
-1.362380930759783393e+00
-3.477797990746445134e-02
-2.924886239861414161e+00
7.899763345807708781e-01
-2.781002188211563642e+00
2.052956570548030157e-01
-5.708059380368828428e-01
-4.363300504236791610e+00
1.572329147851493802e+00
1.736255903986295479e+00
-3.220719019632296565e+00
9.350656609166362321e-01
2.561974352905928010e-01
-3.568260705531923982e+00
-2.591189521153593134e+00
-2.205813983427299618e+00
-1.459962539925983460e+00
-2.036546439885147386e+00
-4.381717606244486252e-01
4.180064168648891521e-01
-1.600735468674757245e+00
-1.266240497399253151e+00
7.461595672903178489e-01
-1.670746381113740409e+00
9.633747005625735715e-01
1.932309535527015232e+00
4.751575166110246773e-01
4.972499671490764328e-01
-9.190093830237442418e-01
-1.357570795845418399e+00
7.119444049166873123e-01
1.023419952318366910e+00
4.256678949827598757e+00
-1.946991746205076756e+00
4.400423371086678581e-01
2.420631470148375985e+00
-1.724758838560627172e+00
-2.521182677954435292e+00
1.414760633905901122e+00
1.061759298507882754e-01
-1.430019170714478927e+00
5.697543143894545636e-02
9.851302499305771843e-01
-3.064737933684404947e+00
-1.986538068046418637e+00
5.294318059243900976e-01
5.100880993221543758e-01
-4.039713481964604114e+00
1.655064032744902880e-01
7.868339373305536233e-01
-2.185024118098704449e+00
1.530266137048496677e+00
1.443980177902912887e+00
-2.367091457928933718e+00
-1.157240789201478270e-01
3.552630101988415667e+00
1.891218087805215609e+00
-2.703380171037393698e+00
-1.671439736865282244e-01
1.151159866890424377e-01
-3.914818830653541859e+00
-7.768466784084544496e-01
-6.507187920171475515e-01
-1.377556974782232047e+00
-1.464431764070527775e+00
4.946162261590698606e-01
-2.994954975022233512e+00
-1.280690138943034739e+00
-2.872396701359047899e+00
1.785287434988558353e+00
3.628807994643931112e-01
-1.128025691398252928e+00
-1.139661407841010776e+00
-1.715406302850166931e+00
3.142636306596256368e+00
-1.907216629608075031e+00
-1.324366766653207739e+00
3.759616270722572207e-01
-8.368839276783099912e-01
-1.259431273242354488e+00
2.733902276614485594e+00
5.838845524589033609e-01
-3.886645579598642097e-01
-3.287750218410085523e+00
2.963206626961293555e+00
3.957750093243001199e+00
3.424232393224478921e-01
9.153189078913195331e-01
2.288024940984538791e+00
1.252665490169553975e+00
1.555982164701108506e+00
-3.097009596589043845e+00
2.153539127522368091e+00
2.578150711343041745e+00
-1.036554467355910614e+00
-7.068267683158027115e-01
1.834469597206227487e+00
-1.140990325727687660e+00
-4.213052919841915323e-01
-1.175092823760571781e+00
-1.649540654908224768e-01
-3.211901124253574658e+00
-1.009196756450035926e+00
2.869282199424270985e+00
6.442179248462442942e-02
2.111012940964202667e+00
1.913556487790146976e+00
-2.073692598550832322e+00
2.163953923914230248e-02
-9.817315629689624679e-01
-2.101320457506221651e-01
-1.129994198706608666e-01
9.434475647225371020e-02
1.826378279466501997e+00
9.961831376026688556e-01
1.246575218621652770e+00
-2.364011565091056699e+00
2.921821463671418151e+00
-1.080617689411347504e+00
-9.738310965554871634e-01
3.852833544145154221e+00
9.831725132558768454e-01
-1.516958423148482948e+00
-1.078488943963150426e+00
-3.673932836308370087e-01
-3.955636060855932001e+00
-1.020987447813206384e+00
1.808406279235462488e+00
1.811131351569465808e+00
-1.823676172969501685e+00
-2.174621534363999853e+00
2.119530970275125714e+00
-2.131452218913717722e+00
1.418726737827861739e-01
5.947736731337820437e-01
-6.629496777535900387e-01
2.520764308155495570e+00
4.850695936336784642e-01
-7.311847189841640393e-01
-2.801779702586501219e+00
-1.938922373037797575e+00
6.013501596261194848e-02
-2.946606544224803947e+00
-1.236315505472926901e+00
-1.517025477978300563e+00
-8.828777502379132613e-01
1.468483039416679237e+00
-9.153217881034914072e-01
2.086991879377630532e+00
3.815512787563662966e-01
-1.216542544580605290e+00
-3.387875980606813719e+00
-5.413443228356455972e-01
-7.033812573759351539e-01
-1.705091408392376051e+00
-3.777728169665482971e-01
-3.960526911952532370e+00
-1.053459762778166997e+00
-1.781935338710117778e+00
3.553847058978099049e+00
2.878273655993246471e-01
-3.418616610471708839e+00
-1.925295758445157768e+00
1.356990979783137430e+00
-3.234378188576055635e+00
9.614357724957520723e-01
1.133905756159587774e+00
-2.905103103988871283e+00
-2.990985100756825332e+00
1.399873063670281914e-01
-2.937878272357579590e+00
-1.744049875016519202e+00
3.959487364271151222e+00
