-2.292591302110943197e+00
-7.612496410402054270e-01
-1.533391731447179551e-01
-2.191192024771054125e+00
-1.516837887789252326e+00
-1.942513971579385545e+00
1.156438002991765579e+00
1.554081104337494246e+00
2.688379928733290125e+00
1.040120548502623810e-01
3.086546742754889827e-01
2.545742365971364052e+00
1.300139439297284927e+00
2.627482345701837474e+00
2.454737676905058397e+00
-6.716085359820582745e-01
4.516136018969392207e-01
-1.392743628382841159e+00
-1.699189137926158111e+00
2.074230576887160282e+00
-9.923973622074342416e-01
2.221832409222153526e+00
1.007645210147356085e+00
-3.971363043934169612e-01
-7.515527128050207839e-01
1.837324189763142934e+00
1.546639830506194579e+00
-8.639725631555772445e-01
-5.841799571427253035e-01
2.446906779855935632e+00
-1.380109181607620306e+00
8.431754145816378054e-01
5.199012571834287222e-01
1.180361743593110413e+00
4.837732835417395960e-01
-4.796105934189865971e-01
-1.789797341554528742e+00
2.341941654804154949e-01
1.982504310194101560e+00
7.098340333730979168e-01
1.871228928700217065e+00
-2.341608561780979869e+00
-1.456231843286343919e+00
2.124998844014780008e+00
6.630157169040366005e-01
8.068672166482613317e-01
-1.587522019201731416e-01
1.331373526718159450e+00
1.954531480617486494e+00
-9.711503636761749103e-01
7.818396368063481594e-01
1.342897683614098781e-01
9.430040891850484108e-01
-4.154189425980007178e-01
4.360656647929790908e-01
-6.177097845436689827e-01
1.378388974035840597e+00
1.443588833500458746e+00
2.477651304418424516e+00
-2.337136333848863767e-01
7.990144107388555961e-01
1.238948951883192429e+00
1.844428319193870180e+00
-8.376289041439692884e-01
-2.077696481538666262e+00
-2.514115929904575886e+00
7.833648213246988679e-01
-6.875031247423069036e-01
1.945721962088775125e+00
-9.328102004778499046e-01
-1.745154170677199801e+00
1.198655392732614011e+00
1.628756852750962381e+00
1.417513919830833302e+00
-2.009928754791194372e+00
1.542194351255400608e+00
-4.396417665448761336e-01
9.517487196415972406e-01
-1.143000840620022052e+00
-1.274984492941160674e+00
5.626180259795263705e-01
-1.544544507941104095e-01
-5.394387020695102786e-01
2.012837985613036285e-01
-1.659905713368137636e+00
3.399018743637699735e+00
4.677650618137257910e-02
-7.116750192939963471e-01
-2.165653616383644398e+00
-1.548319593377371906e-01
3.358758451328109906e+00
-8.710808610089717519e-01
2.388747624898850397e+00
2.652166979561396687e+00
-4.375036032546300024e-01
-1.184080566773968002e+00
-2.609828570818877758e+00
-6.672497222432167696e-01
-7.741372245261419760e-01
1.704417284349490469e+00
-7.548693609827308304e-01
2.096177566188148322e+00
2.738685623959351112e+00
-1.001445867940765844e+00
-1.075747443118187485e+00
-2.155561874317202253e-02
-6.477257502692412849e-02
-1.344471411670776551e+00
6.078334651675121325e-01
-1.257347456892557336e+00
2.925030792230114418e-01
-9.891717309165586336e-01
1.439162926796762276e+00
1.487469898994123518e+00
-1.461327476472027431e+00
-1.162749008800888495e+00
-6.158991430650431198e-01
-6.686782179287735772e-01
1.059541832942207717e+00
1.474662939040428444e+00
-2.206251225624139778e+00
1.453125747000199697e+00
-8.763256693207577275e-01
-8.247115946913941009e-01
-7.917376448152155799e-01
-9.960549085423258120e-01
-1.867035162288299466e+00
7.725976822437912173e-01
1.082088526866658684e+00
2.600821087585366786e+00
-2.544312439104081114e-01
-1.932375691476129642e+00
-1.855532077965484361e-01
3.176050307583511700e-01
1.838026513826984232e+00
1.095338855716999626e+00
2.588387237496759252e-01
3.039965683765433746e-01
8.072495771107123241e-01
6.190481760281270063e-01
-1.690198588644463484e+00
-1.294782785168592021e+00
-1.224433817079485287e+00
1.690709820480644998e+00
8.555012301051889700e-02
-5.999139847981058704e-01
1.405143511137346923e+00
9.508043921155369116e-01
7.459022482245258878e-02
-1.875077752049623125e+00
-1.120303432026499957e+00
-3.124992696796436320e+00
1.204885413841212394e+00
9.216645528889436667e-01
1.173712178704876319e+00
4.394111504765991771e-01
-8.851033432708517168e-01
1.209796418427887321e+00
-4.217591753399465571e-01
-5.456706529396191385e-01
-1.451976216369570416e+00
1.261130068169575180e+00
-5.677802519752213062e-01
1.491432398827132078e+00
-1.834344741091631148e+00
1.085077449377927827e+00
-2.397250550616256248e+00
5.147356431085065021e-01
-6.991377430902336876e-01
1.010629975159228700e+00
-6.406369742258690714e-01
-2.937665354414545904e-01
4.804358996200732701e-01
-2.433370876350247070e+00
5.781982422884627271e-01
1.706433699156265860e+00
1.199446523395022890e+00
7.187998011318569302e-02
-1.713216799510188126e+00
2.639944365518489100e+00
5.171503992513433179e-01
-6.872560817108319675e-01
2.691333232210818327e+00
1.660564153226351980e+00
-1.437400676306831437e-01
1.338373205345667838e+00
-3.998759880472815276e-01
2.164262754143969070e-01
1.859321652722210949e+00
-1.026729199916498692e+00
-1.772215069085124606e+00
7.534245503492509322e-02
2.891862880510516653e+00
-8.481101797370522721e-01
3.663368384151375334e-01
-2.530141194389079473e+00
2.239066606864281717e+00
-1.464888808431756617e+00
5.693404482632330454e-01
-2.061213202329197358e+00
1.691979351503762441e+00
1.218075656268942097e+00
2.942586052474948088e-01
-1.835918798238741712e+00
-2.723308686238040899e+00
1.311768794207312627e+00
-4.035744647361482196e-01
-7.241903020290549886e-01
-8.762491774444931547e-01
-4.918756953746767357e-01
3.641479583079539339e-01
-1.944428875403662493e+00
-2.444498793142662940e+00
8.827237848646425356e-01
1.941929142331988989e-01
-6.791859965895656881e-01
2.279319181178139253e+00
1.251818458586362315e+00
-8.936138967666296118e-01
-1.259839182115836120e-01
-7.732632372203760429e-01
-3.865868725136437645e-01
7.393804844859872549e-01
1.305090265089324353e+00
-6.300830191851476414e-01
-8.173146724543590702e-01
-2.456637008369739306e+00
2.537406533679477327e+00
1.789029438062951893e+00
-1.726058380486781285e+00
7.895974228789345295e-01
2.114533036140558986e-01
-2.721535004814496506e-01
2.364838931110963216e+00
1.177258425632274896e+00
1.013984019315551821e+00
2.303959617529587334e-01
-1.891673725577783349e+00
1.577129037916037646e+00
1.688033643813984019e+00
1.757858396235355003e-01
-1.947620546224129168e+00
2.784556110436801291e+00
-1.014093887693405138e+00
-4.625460066923132718e-01
1.145040547363676442e+00
1.140301318572786826e+00
3.107702392666503721e-01
1.694603781051641223e-01
2.181079675677642382e-01
-1.168241220853614593e+00
1.338502226760693858e+00
-2.598128359111774088e+00
2.710626329054451222e+00
-1.222473609263151184e+00
-1.892091853987112993e+00
1.185942015689320339e+00
2.393500650183266742e-01
1.741723313349504920e+00
2.575420395269401475e+00
-4.855902683504259576e-01
-3.655235192603040195e-01
9.211548678294323445e-02
1.475655525510567445e+00
-4.065253121514315060e-01
