7.229387905894071320e-01
-1.601625503444332743e-01
-5.899759469531220546e-01
1.722839103217574941e-01
4.575113866238322835e-02
2.315390725437915798e-01
-9.932600321054800840e-01
-2.532388099205424847e-01
-4.521371138673579981e-01
1.679218716901953456e-02
8.168705186608828939e-01
-2.727424730454308666e-01
4.159259262202155139e-01
-5.586294906841406949e-01
-1.296181094176276360e-01
6.165226943980672836e-01
9.798194883515265463e-01
3.522677533942750738e-01
-1.421054769858047795e-01
2.753063607053940487e-02
-6.559842161553193218e-01
-1.097499167802016284e-01
7.482694333190538227e-01
-6.083262419802144549e-01
-2.590351974177635963e-01
-1.474694822765454383e-01
-6.815952100758582155e-01
-3.684196205816669956e-01
3.354428439619703273e-01
8.852176084071983198e-02
9.610161730788524537e-02
3.457310357475522622e-01
-7.305266311604496909e-01
-5.439176668089515942e-01
5.162603728658794466e-01
-5.104122838202744816e-01
3.429310122189113130e-01
-5.755077087827074056e-01
-2.569585841203823051e-01
-4.797014443550502438e-01
-7.943646058143607469e-01
-9.239658880221848225e-01
-1.150423120712913416e-01
7.621721392556546348e-01
-1.496349395022493756e-01
8.822743062427587102e-01
4.276213102974741886e-01
-6.557785029762939200e-01
-2.011033881137085366e-01
-6.373185726698871179e-03
-7.614023633270183833e-01
-9.298742284020165005e-01
-3.480138746317051890e-02
-8.493032852111239706e-01
-7.171533986916109882e-01
9.097780447781593782e-01
2.840181145571074595e-01
2.653404534841548035e-01
4.558864199144487817e-01
-7.784140689691683157e-01
-3.701260741713880975e-01
-6.504664485642188687e-01
-1.839536353254684897e-01
-2.425573792607496060e-01
8.494260131749693521e-01
-4.304906449015684089e-01
-2.775747954116392080e-02
5.415750346332262044e-01
-7.581768965315915931e-01
-3.565976915012216697e-01
4.874823680314519514e-01
-6.928607297220330530e-01
-5.854090983275426208e-01
3.220106028204894333e-01
-3.809626703725434993e-01
-5.089393276466871452e-01
3.249891990439957024e-01
-4.179012629612606222e-01
6.855834919713865716e-03
6.874521818338712453e-01
-2.542177002870620317e-01
8.389331621604920741e-01
-3.138075695168576207e-01
7.928558237962060051e-01
-4.925408693156627660e-01
2.835570637926005944e-01
-2.953165257693339818e-01
2.430011423984401731e-02
-2.663242380193344694e-01
-3.152362705809423904e-01
-7.267630177072326170e-02
2.611065723700447538e-01
8.486523191920847253e-01
-8.875497637927922678e-01
-4.079850377436597952e-01
-9.756062143162875788e-01
5.947358236451201208e-01
3.780263082451977841e-01
8.993348099359916858e-01
-1.506445810584779998e-01
-5.523384492828358194e-01
4.569055056404849324e-01
-2.626161569697411657e-01
2.147130193438298029e-01
-7.271635596280887626e-01
4.761048329248900313e-01
9.057784380277047465e-01
7.245057538974999378e-01
4.600880286827959686e-01
-8.176373933217861989e-01
-6.121743508008863355e-01
-7.529524842320098887e-01
3.738700474931222484e-01
-8.132728120862398047e-01
9.586894086022850203e-01
1.933245258935440969e-01
9.282267597738880216e-01
-8.224128269879775743e-01
4.670953160846424979e-03
-7.668750311220460247e-01
8.517125103300124955e-01
-2.176446951601787028e-01
2.963019818120453674e-01
-7.865823382626098148e-01
-6.799324123447669788e-01
-3.581104113103736886e-01
-1.386461278283603882e-01
6.309783700701085962e-01
-9.068583880200993264e-01
-2.495125997837237541e-01
3.279501473871249129e-01
-8.907659874277373824e-01
6.303432179531887058e-02
-7.529542396640880320e-01
-4.241550941959599808e-01
-2.930205991494703177e-01
5.633085786231686320e-01
-6.171753848736138970e-02
-8.618989179964877678e-01
7.762582186459094924e-01
9.535651926621142582e-01
3.946502102485311969e-01
5.533414334400088563e-01
4.933934241509239094e-01
-2.080193475785674373e-02
-9.547033527813266751e-01
-9.051224807537106010e-02
8.840012318396570645e-01
8.011814961526604328e-01
3.536520041184092467e-01
4.809326236296420642e-01
4.755308549390135919e-01
4.705631527134219727e-01
-8.716870669171636887e-01
8.408818722800672774e-01
3.676798402429464208e-01
7.979580533072634374e-01
2.780534158885188400e-01
-3.261100281768178899e-01
9.826981301868502605e-01
-5.444770890774084382e-01
4.344678529885630525e-01
9.887602624859057610e-01
4.692796033523429777e-01
6.587658286550326370e-01
7.293314189223978339e-01
-4.050531351827928450e-01
7.568008018521543701e-01
4.780894007936198342e-01
4.454884300574821765e-01
4.226976592948219480e-01
6.091966531815784514e-01
-6.641134945887250396e-03
-2.210366673032779783e-01
-3.736217241845374293e-01
-1.564725650471485707e-01
4.449810849731068441e-01
5.801141496501800443e-01
1.129053869650882280e-01
5.457726035566925482e-01
9.474350808982936467e-01
-5.541369845912538228e-01
4.647660397934223475e-01
-4.422589889457999579e-01
-4.490375239243138417e-01
-1.390839001152328613e-01
8.956483457454813557e-01
-3.192238196733465649e-01
8.451541668719586564e-01
5.330755698173532675e-01
2.661826759321916924e-01
5.897726936633849171e-01
-1.577191029190356808e-01
-6.559365065170610354e-01
6.723669216818379812e-01
-5.401302586056035970e-01
-2.835681376890553107e-01
-1.389454556081770598e-02
-8.200595243189050532e-01
-9.274954667045407497e-01
3.802424028140858336e-01
2.003586676708546399e-02
2.964714756798216833e-01
7.566415254470968410e-01
2.690101199192347359e-01
-1.561547793266577777e-01
3.132093174601966457e-01
2.280166310220843595e-01
-8.388428854856739836e-01
2.135243875842580685e-01
-4.526135889592868278e-01
5.858636386191178325e-01
1.624987687965315786e-01
6.728863094069852391e-01
7.664701695646567448e-01
-6.012890105088641857e-01
8.506460812360812085e-01
2.141836730236070796e-01
9.310019508927984688e-01
2.433096587975656089e-01
-4.551642008030407638e-01
-2.751050169641815479e-01
1.881602799542210214e-01
-3.676763260986757320e-01
-8.529607703817385644e-01
-5.931037514067627470e-02
-7.193077999545209877e-01
-7.229268939298931773e-01
8.175451081070890247e-01
2.008098539059559595e-01
7.511971354692414948e-02
2.922201601650622482e-01
-9.269629474090734789e-01
8.048141224576237374e-01
-5.374232163991381483e-01
-3.771910473698234512e-01
8.511326478695133702e-01
-2.745355509263169846e-01
-6.119697181417751430e-01
-9.481501443774460469e-01
-3.611368737872473478e-01
-4.549563871906647794e-01
3.425824892758360107e-01
-2.379488430164458102e-01
6.478075910245162383e-02
-4.483712993433308647e-01
-8.507554638220875542e-01
9.429075558119810463e-01
-4.409315370415447521e-01
2.780849512352199238e-01
6.109886177165793075e-01
-7.634409688333869681e-01
7.869025264394720054e-01
-5.423467171943150422e-01
1.527481083116544180e-01
8.716002842394556804e-01
1.669440380361972842e-01
7.752040984490298214e-01
-8.078990592149963845e-01
-1.297329633598829357e-01
9.011877996712034378e-01
1.698813768953695291e-01
5.081353418267435806e-01
6.216568834521589704e-01
2.301278841036191736e-02
