-7.245242657124468799e-01
6.806908663320163644e-01
-2.261717462542205404e-01
-2.060367711840362936e-01
-8.303351520335104929e-01
-4.783265931117228753e-01
6.582590827291459057e-01
8.990950903740673184e-01
5.677070241157409214e-01
9.278213887929056547e-01
-5.950994630658794637e-01
-5.580739059451569339e-01
6.120871726986416572e-01
-8.896373670954338397e-01
-6.761899642097266572e-01
2.086749664932827653e-01
9.828565849788635234e-01
4.768992521921371353e-01
2.725494483514245836e-01
-1.624872450221077624e-01
3.694935899013263025e-02
-2.000859719923357982e-01
3.189535969709462737e-01
4.120582712671487791e-01
-2.527888382112017940e-01
-6.667890844761004132e-02
7.035864108472575928e-01
1.785836114764518534e-01
1.144122549510984133e-01
8.530062062394216937e-01
-4.609591227168705618e-01
-6.636152624556301838e-02
2.291206851791571797e-01
-4.254782714379863329e-01
8.604264586841359197e-02
7.521058299952938508e-01
-1.360339307218567662e-01
3.681497982750348008e-01
8.336021004182674332e-01
-2.787763376965854967e-01
-7.396644790876396591e-01
8.310508846912576519e-01
3.643035674421688519e-01
-4.529653327127172169e-01
2.811759497969106292e-01
-2.831498390148361466e-01
-4.107026409120348998e-01
7.884563515038480741e-01
2.117316519433805055e-01
-1.599560283605956368e-01
-2.870792181293873035e-01
-8.225630017485485723e-02
-6.757258535618968498e-01
4.734914401960970132e-01
9.504964283665038316e-01
-7.567181978574466505e-02
4.907553470080951996e-01
-5.027081003530506909e-01
1.992200289111862865e-01
-2.964080723449360466e-01
9.968928100632097333e-01
-4.920025029305323816e-01
-9.299114001625348180e-01
-4.464282505430521297e-01
7.898573224069129761e-01
-6.620482141480421578e-01
6.674108620371295153e-01
4.708766055294568709e-01
-4.464120294673883382e-01
-1.391133986056685146e-01
-2.063846296791194135e-02
5.822427399165341910e-02
-5.219065791221100259e-01
9.138343169467331162e-01
8.444277815974154944e-01
7.764349040553226722e-01
-3.445623038966671992e-02
-1.861593830970822427e-01
-2.379456751472754927e-01
-5.514475791506863178e-01
9.862855319934493714e-02
-9.064329633560554988e-01
6.812653145036990932e-01
4.911149541359327575e-01
9.603457877591075054e-01
-7.519955566652889445e-01
-1.496239883246046620e-01
5.788214643962314998e-01
-7.511007008943584307e-01
-2.990797403259315423e-01
1.695750617180875608e-01
1.433312690248491617e-01
2.663741823134251341e-01
3.442883184627132387e-02
-7.175275948339607801e-01
1.662276238336974910e-01
-5.116934660822216596e-01
4.319025760222920951e-01
7.789052503300086805e-01
-9.792750389151250179e-01
-5.303355123348971745e-01
8.369855955151133120e-01
6.858419645871460801e-02
-1.616577878838001414e-01
3.225988540325457343e-01
4.363023246387933707e-01
-4.187691064669429863e-02
-9.898826562670848261e-02
-2.748308589885917197e-01
-8.135357459755396814e-01
-2.761853194218610863e-01
1.693954058459252732e-01
8.611822239218576147e-01
4.586181737775858469e-01
1.163300854550177732e-01
3.744678889716368531e-01
5.339904437697116091e-01
8.824423014681703759e-01
1.757140943820192369e-01
6.716860710743337570e-01
9.992164558776286398e-01
-8.715232003628143875e-01
4.310615842247815799e-01
6.556672892282420229e-01
9.577647795940074094e-01
5.335691627754222122e-01
-8.639241340310161998e-01
-6.725092465319972845e-01
-2.613007244260927564e-01
4.683948118795964177e-01
1.857401510362124419e-01
-6.582373515222119664e-01
-2.782084052018070075e-01
2.248166990034787815e-01
8.277788922458517717e-01
2.597100963304659338e-01
-6.495868192248537287e-01
-7.764113635791081158e-02
-5.846619889661022196e-01
-2.443150981473740657e-01
-4.277174317005185689e-01
-8.867420413050139949e-01
-7.428435369829731183e-01
9.631837823170767976e-01
-4.749075299630203251e-01
8.651696457959536790e-01
-4.587993769198825955e-01
-2.427365441485473951e-01
8.138798521934464958e-02
-2.476495463261911834e-01
-1.579897204407023636e-01
-3.410117386141684470e-01
7.295870957382815103e-01
-6.732824708745290820e-01
-9.277782407341073068e-02
-5.471524091887380870e-02
2.629904070598414467e-01
4.694903411252477898e-01
-6.956603611929672581e-01
6.752051323024126361e-01
-9.068612172398571314e-01
6.647697035021451484e-01
4.242069364982212765e-01
-7.242230269721570135e-01
-3.934008011289387152e-01
9.882752022231136024e-01
-2.316197098731747062e-01
-4.185907793974150692e-01
-4.574283127837028839e-01
9.539873511869012557e-01
-4.530275035699693476e-03
2.382955616281303701e-01
8.493922927320181060e-01
3.802560747055869772e-01
1.863193142590078288e-01
6.135199551587640077e-01
1.808564714942610951e-01
4.433434321160005798e-01
-1.547851736719274562e-01
-7.654949751183126594e-01
6.867064268258298299e-01
3.929881518814792862e-02
5.629397484479075064e-01
4.181381250263038751e-02
9.658835811477308742e-01
2.367593528036155970e-01
-4.872063973441171925e-01
-5.311357035544350680e-02
-9.407316461297594579e-01
1.271300073414813880e-01
4.241938767459507709e-01
-5.226532417308298317e-01
-8.159188712616414207e-01
8.322706063903437812e-01
-3.425139790970566089e-01
-1.075519377170990332e-01
-3.369540111778273062e-01
-9.337445489280602473e-01
8.123467566194504386e-01
6.811374184230183371e-01
5.455095148775199743e-01
-5.767940234079194095e-01
-3.561181096432821658e-01
4.784994846881995834e-01
4.762080121509311148e-01
-4.116474326454480082e-01
-4.637068699625896961e-01
-5.796841489061468344e-01
-5.324313276327832245e-01
-5.666413222819022266e-01
-9.070349858010311461e-01
7.888027675750213241e-01
3.081240270577700890e-01
9.194408321039020393e-01
-5.261338827551560460e-01
-2.731480642264778602e-01
-3.940515142644551716e-02
7.767968142967851541e-02
-8.449384258441694495e-01
1.692941086743311452e-01
-3.431536743773251352e-01
-2.213693040036803783e-01
6.230041198735187802e-01
-4.761001021048845150e-01
-6.318339983279153138e-01
-9.626330150113724393e-01
-5.492786990599300978e-01
1.057689156411523168e-01
8.994668551834721359e-01
5.831794071301814597e-01
-6.570390213087968778e-01
-2.042543551591449180e-01
6.237031426093782027e-01
7.822797357490551828e-01
-2.856479841332584257e-01
8.646406681747171863e-01
9.020742424394225800e-01
-1.782550615598423871e-01
9.898986096549886593e-01
2.314109437715479167e-01
4.184441351812935306e-01
5.874672291768490151e-01
-7.829083027737859801e-02
7.057317292298461719e-01
-4.741944503650907805e-02
5.274929654195286144e-01
9.337443125731073046e-01
-2.188562545084742350e-01
6.648383924274392509e-01
5.206397318860012113e-02
7.025423088678766081e-01
-9.396762086417620452e-01
-7.194205451404227514e-01
2.880721907627852296e-01
3.753837075218453556e-01
-1.623184797764545273e-01
-1.597921413928680145e-01
-9.901583382505165787e-01
8.122393828851826036e-01
3.679994448174417343e-02
5.646276538797225797e-01
6.229977034608953357e-01
-5.921865426529526744e-01
4.817256135727920885e-02
5.354693004408486168e-01
