-1.876842341835071593e-01
-4.273678830721646671e-01
-8.564742848321411639e-01
-8.396196796099664184e-01
-3.105437700203648177e-01
-1.146330827663614382e+00
1.662001528594531319e+00
1.476237261978900595e+00
-5.825241356156115602e-01
9.759438111313774034e-01
3.266791552497112505e-01
-1.135612900238816003e-01
-9.176281706625392109e-01
1.827474587953405560e+00
1.327677772402588108e+00
-1.020714618228033999e+00
-5.613938515217642422e-01
8.844541417000055805e-01
1.294641830616881872e+00
5.824181021435852479e-01
1.216177410860062702e+00
4.092625155880790233e-01
-2.714825202023928852e-01
1.114005058945099602e+00
-1.042913538119243366e+00
-2.979919253518728550e-01
2.091974883106856656e-04
3.998013616200946085e-01
1.462369002614054558e+00
7.789549369735995210e-01
-6.429395167086185969e-01
-3.548348026564457358e-01
3.161044993681801918e-01
1.806970487941232939e+00
1.580239152985579709e+00
1.944765394485223009e+00
-3.164469694336858874e-01
-1.135130848565930606e+00
1.108635373701664095e-01
-3.833030605838676497e-01
-3.329499482506028119e-01
1.044392287208979031e+00
7.693936383465768691e-02
-4.519151467309417969e-01
1.270979844430639938e+00
3.579451923534576752e-01
8.493981035664740498e-01
1.192925545182078162e+00
3.325782050229301179e-01
-2.568661675577028070e-01
1.520232298997959974e-01
1.178779444057402426e+00
1.508797683953623237e+00
1.148140400360059710e+00
9.140405926224149935e-01
-1.004455285831278966e+00
7.362526885444826696e-01
-7.171989072706624890e-02
6.999424500685595962e-01
1.134563324178183397e+00
1.256197399132225723e+00
1.002370034415472455e+00
-6.999359799130118187e-01
-2.683633601618955478e-01
1.094333844385966259e+00
-1.678337914289748545e+00
-9.067584100234603595e-01
-5.137556501415048160e-01
1.005725080083554740e-02
-1.566631534691523386e+00
-2.930523689091968365e-02
-1.308095169125316204e+00
-1.041616670756219776e+00
-1.115743028636184686e+00
-1.862461987005898045e+00
-8.305287953021216474e-01
3.789108431058160198e-01
-1.573524073784859034e+00
1.429564258432062474e+00
-9.070899792838679199e-01
1.122200289376201199e-01
-7.504065690068019157e-01
-1.885885211310726062e-01
-1.914922632817165349e-01
4.748489000356527767e-01
-3.995562654990928997e-01
1.043988273896176572e-01
8.954014936040970429e-01
5.228044004330003602e-01
4.448230810018014569e-01
-4.041989737107618552e-01
1.103322907117181506e+00
1.285902633088668479e+00
-4.554847462939990432e-01
1.126352985083521663e+00
7.718787244481891685e-01
7.106846408935244552e-01
-1.010519234893062279e+00
1.013796010472526765e+00
1.123314539212557195e+00
9.390088622524217499e-03
1.099846036511813008e+00
-6.381564397715444592e-01
-1.145845523500105934e+00
6.265319893238729954e-02
8.824118477857935128e-01
-1.132721169634130165e+00
1.639253214010771620e+00
8.653197728747463735e-01
-1.276015164743080632e+00
-4.857249938892572727e-01
-2.454400987025950887e-01
-1.311416758363378676e+00
9.901027754955314952e-01
-8.471694044171296234e-02
7.571074242922348763e-01
-4.353245763167866711e-01
1.282823437633691999e+00
-3.105573754577224954e-01
2.090980286741569993e-01
-1.034694848774589282e+00
1.750301550797865424e+00
6.406322440527595363e-01
-5.738454992577526337e-01
1.600676608046466720e+00
-1.464472164001927812e+00
7.776651861916705766e-01
3.382776953931293518e-01
-9.612547238647090042e-01
1.347752131024298805e+00
-5.681077282147336538e-01
1.084973248597603801e+00
1.029274106257031196e+00
-5.111045390675658107e-01
-1.095151500683303469e+00
-8.182875339227799749e-01
-1.432064306343240556e+00
-1.247523619583987387e+00
-6.492547986780163871e-01
3.052605820948322002e-01
2.814711673964744865e-01
-7.167583472094249952e-01
-6.588604253539342981e-01
3.094542581677828808e-01
2.534815676007710072e-01
3.043138836262293534e-01
-9.815841663386203342e-01
-1.497960890063645412e+00
1.253180645604153209e+00
5.786865496841352430e-01
-1.516592915434467059e-02
4.021056502125266996e-01
1.250497038445917308e+00
-1.640108756854493643e-01
1.379467610300520342e+00
1.694434642255828516e+00
1.590589027972741487e+00
2.760010655686924719e-01
-2.920038107482695322e-01
-1.064761626885494916e+00
1.098515409368893359e+00
1.167726879915295113e+00
-1.154421527765555400e+00
-1.752892125376719790e+00
-1.293384689612954830e+00
5.861326139388327305e-03
-8.474723079905385204e-01
-2.820198265327928944e-01
-8.994081242222278227e-01
-8.749320321554849844e-01
2.793784046450339953e-01
-4.699278901851539625e-01
-2.618786512563725521e-01
1.676335515010922983e-01
-1.277700614787554145e-01
9.382007052730750862e-01
-3.464776009836809667e-01
-9.628018873783175668e-02
-9.361911315671621603e-01
-1.651709501640585831e+00
1.582650062547036551e+00
-4.440375475413665951e-01
1.032800784522204030e+00
5.051896595007170365e-01
1.055379653173154353e-01
5.900241910297843173e-01
-1.341802014212175820e+00
-7.838177793277282257e-01
-1.386635439857433205e+00
-7.381295462706776167e-01
-3.058454698881776790e-01
5.059302309837064859e-01
2.621336673238816584e-01
4.706565381929982417e-01
1.061649398341813377e+00
-3.604386210824984671e-01
-1.069286535700884055e+00
-1.170123927004929287e+00
-9.393601184588029618e-01
-3.917678765130138130e-01
2.968340234791838617e-01
6.945141554616286461e-01
-1.507066850769668731e+00
-1.530400681979491750e+00
-2.209506796584736754e-01
7.194810119449082109e-01
5.322395336469285532e-01
2.710179829724746470e-01
4.650912855846847105e-01
-7.392321419134384453e-02
-8.626058799826534784e-01
8.752810239178143714e-01
1.166460755536945726e+00
6.349697599278080196e-01
-1.632708051071239730e+00
6.707179284198709901e-01
-7.170235425615552050e-01
-3.767386795773796093e-01
-7.212841091190476117e-01
1.091016583346633428e+00
-1.378864457794059195e+00
-1.216513376517790901e+00
-4.518833098151633365e-01
1.879814986718212344e-01
-1.125072806124895131e+00
-3.672058855604693473e-01
-1.486121741023533449e+00
1.902195207460891102e-03
-1.132570676884270933e+00
1.625336228941439476e+00
-3.780123347232927089e-01
-1.351168440646311808e+00
-7.234484216239135401e-01
8.508003161425155003e-01
5.863128641568212673e-01
1.013830303549652090e+00
-5.106328974169203061e-01
1.477001511480036111e+00
1.802947481860646795e+00
-1.060832315731166098e+00
3.091216845011454661e-01
1.729871989376439156e+00
1.398080931395370818e+00
3.807447301952066043e-01
-5.347728918195080450e-01
-5.385132249215780487e-01
1.268646003819192458e+00
-1.417750517621821471e+00
5.742050716274231803e-01
-5.577180965385378775e-01
-1.201481951099489187e+00
6.378900180717432811e-01
-1.200149116437353669e+00
-1.094364738081847754e+00
1.045432397228853949e+00
1.041787242586081685e+00
1.385800681097226761e-02
-7.669714015631740045e-01
1.007237642379870346e+00
-5.172290989840810926e-01
-1.705882253833864715e-01
-1.004443647637210058e+00
-1.559719164523527546e+00
1.364524582898370753e+00
-5.937643572347348631e-01
