5.994656335254071600e-01
6.961680963217169449e-01
-2.160083729219846038e-01
7.907983006552692373e-01
-2.379662907439072939e-03
-5.792275801593975704e-01
-3.940683239191158371e-01
6.315030726728056987e-01
2.145978429534574072e-01
9.508926622694795494e-01
8.042400886828779960e-01
-3.578686533790902402e-01
-7.519311554522096763e-01
-6.963261096106263537e-01
8.510487068487158080e-01
6.761684030022914182e-01
-8.271120544157004595e-01
-6.588795363407928818e-02
7.339623382762985315e-01
8.068054350647262396e-01
6.436063242731473455e-01
3.680262942026044648e-01
4.080010777537894651e-01
7.140564138276193074e-01
2.280118319198116694e-01
7.476692671516320665e-01
4.472466709153390951e-01
4.863652191298073468e-01
-6.879242680085475570e-01
-7.576502213356908211e-01
1.690393012547071194e-01
8.567134530335864806e-01
-2.926351719165889431e-01
9.938221658431976024e-01
1.116149585019028390e-01
-3.227711687942338425e-01
-8.038561851401972991e-01
3.302044136510222661e-01
6.266769538072272105e-01
-6.793694242254948445e-01
-5.552162549726129548e-01
-7.405316322765529424e-01
-3.994390806736973776e-01
7.780252361239976544e-01
8.729664764240165908e-01
8.152767412460737440e-02
-8.676794511066954207e-02
5.683005984072171390e-01
-1.727401776892900642e-01
-2.228493335523984431e-01
9.599153424181925409e-01
3.662374286769887188e-01
-6.649928984638298068e-02
-1.065588273217721316e-01
-6.653114947683014258e-01
3.529995596913011457e-01
4.609103192510468627e-01
-8.282821353138718479e-01
-9.421362295963264799e-01
-9.130399809102707209e-01
9.124161722174488620e-01
9.898355627618278252e-01
-5.556950517030818659e-01
8.403996174064900515e-01
9.424942990493878625e-02
-9.596621415898640706e-01
8.296591943823525828e-01
-5.660949909569992222e-01
3.005401024527543097e-01
3.027680638179464090e-02
2.288160667957748196e-01
-5.197138396530596172e-01
3.742990493013398368e-01
9.423969881026694750e-01
3.681134270003880715e-01
-1.662330687389399486e-01
-2.911853460553872619e-01
8.759560835780892951e-01
4.532178166636484651e-01
-6.642860173884255204e-01
-5.302406917514006501e-01
7.005674126629246601e-02
8.613661356402091407e-02
-2.255266057932590051e-01
6.105343778880034655e-02
-6.646132622022615788e-01
-5.442915383972657395e-01
-5.028162654892764927e-01
8.113037393009205900e-01
6.389070891321715351e-01
-3.318555499658337737e-01
6.523786170813217211e-01
-4.206683263419965790e-01
-2.128604466401902151e-01
-4.413902266144538178e-01
9.417634081957058090e-01
-2.709266384998145760e-01
-2.368135213074811229e-01
3.561338934293873937e-01
-8.846105183373520475e-02
6.882980872978206044e-02
6.535202313654215889e-01
-2.225207906320725293e-01
-9.883036060825090008e-01
-5.649042008689308947e-01
1.833678931612050533e-01
-5.004141565416992954e-01
8.802813447277824110e-01
3.392301810651221494e-01
-1.055667001892885981e-01
7.529249753616846785e-01
2.299903235514426658e-01
6.348219167766555593e-01
-7.146825641012921615e-02
-1.597941057235203743e-01
-4.688146688177612376e-01
3.223229131641756062e-01
7.938821136474569773e-01
-4.701897548155231643e-01
6.761400887484669830e-01
-2.883009878496309852e-01
5.618733704313039201e-01
-3.040356470844622905e-01
4.974408791608380120e-01
-9.713097702844135650e-01
-3.407635422247559109e-01
7.970597649331843115e-01
5.215926306267619772e-01
4.510398955926486764e-01
2.823260607169220116e-02
7.879317149087865513e-01
9.137349494065063471e-01
-7.662901316249146610e-01
-6.663964788440157605e-01
1.408815466522299609e-01
7.896456490155445707e-02
9.291957167165127984e-01
2.902449193017191398e-01
7.951805237420934702e-01
-2.902690470198683315e-01
4.860914776293232542e-01
-8.162379176099543443e-02
4.382837327394430993e-01
-2.736524169331944201e-02
9.074189669152299409e-01
-6.078576470547192301e-02
-9.267194036670303170e-01
-4.283046741660732071e-01
-8.659327726384742352e-01
-7.014180905353013529e-01
2.052997345309781618e-01
3.670147045730587365e-01
7.049803884897474227e-01
5.971458203528337005e-01
-1.045237476407538946e-01
-9.707444204283426359e-01
-8.180167509325493302e-01
-6.549545545216470810e-01
1.182973123677606431e-01
6.147834040568098679e-01
-6.654650859100981197e-01
3.808171209568211868e-01
6.869223887101290060e-01
2.238298246181387174e-01
-8.295677100486551492e-01
-6.047618300597084051e-01
-5.318616810930647532e-01
2.700895460661016934e-01
3.844469118623874415e-01
5.692973761009001432e-01
-9.569987872357008651e-01
-2.695530272924759885e-01
4.570548407803449731e-01
1.674196151901052865e-01
9.640295921173764881e-01
5.769689551043233333e-01
-5.481689527971818077e-01
1.346937831356134208e-01
4.108409843175790943e-01
-7.391031810604000718e-01
-6.050460300680200465e-01
-4.110233837779038168e-01
-2.665160650968549927e-01
-8.118321119656799478e-01
7.861315316257044827e-01
-8.573651407691309512e-01
-9.443876925397916011e-01
-1.287028266132159704e-01
4.109170474549768137e-01
8.944010603599974463e-01
8.615609784704902907e-01
-3.597483532177763177e-01
8.426046157093345368e-01
-7.200865881149756120e-01
-5.161910028445233500e-01
3.174778560178832532e-01
-8.108107601381191465e-01
-7.168314270572204716e-01
1.195815463074225704e-01
-9.697981337746850450e-01
2.243346916305166694e-02
-1.942421424691171961e-01
7.667422507541803434e-01
4.980491870079408745e-01
8.127427048504869411e-01
-4.601540483580368601e-01
-2.691461739975695711e-01
-7.440856656162606608e-01
9.141177658269472595e-01
-2.496994790430087097e-01
5.593984826865507909e-01
-7.926468706217382199e-02
5.153580101956525272e-01
-8.521220639964763865e-01
-8.028517522469114098e-02
-6.773423693591220651e-01
-4.956337949734208603e-01
6.167015525604457871e-02
-1.770684403964548626e-01
-4.443139067362418260e-01
-9.559843348948464659e-01
5.092498012525550344e-01
-5.055708415322623939e-01
-4.564265481445846095e-01
8.563142998463022515e-01
6.984786083759655373e-01
9.975806590241862448e-01
2.075202092359138550e-01
3.191427696324138363e-01
6.464057406397172301e-02
-5.636893192996339508e-01
-3.910176372472333739e-01
-1.458023494348974491e-01
7.597013608940548224e-01
-6.863295584000554950e-01
-6.263316983131117510e-02
-1.504117182379400841e-01
2.717768683999719492e-01
8.342260355686275108e-01
-2.087852895625741390e-01
-2.248554651434306884e-01
-1.880064561326044714e-01
-7.343448280665687555e-01
-4.162293733504671689e-01
-1.771960340335196893e-01
-4.719586141003881963e-01
-3.646026491921694479e-01
7.884950862068780264e-01
6.473892921317321303e-01
-8.243903338354408028e-02
-4.662579515918641171e-01
-4.483175866036279711e-01
-8.294636135436219693e-01
6.092842983161954606e-01
3.402462906962020472e-01
-4.121524282184945154e-01
3.306149417301971205e-01
-6.634839130336702695e-01
7.301383045091558444e-02
6.606878783556060508e-01
-1.200611894409397973e-01
-1.281734611220857190e-01
2.090462420254666220e-01
-3.439355398859502699e-01
9.241002822694255325e-01
