-1.485356378861906190e-01
-3.056005563595440844e-01
-4.350588654993134963e-01
6.250933740499009517e-03
5.203643477842856413e-03
-9.876278100047453101e-01
-2.021592300369599027e-01
1.308413723860790689e-01
-7.473415379622254662e-01
8.175376157783360576e-01
-9.414371140371453617e-01
-3.569880415263633200e-01
-5.712060168381101199e-01
-8.903501645180533774e-01
-2.547292707426922487e-01
6.960586587702533024e-02
5.306218233975747989e-01
-9.737221706794916276e-01
-3.656361252238624626e-01
4.354662710128918146e-01
-8.230205009432109975e-01
4.302819407125078044e-01
-4.780990228784478546e-01
5.079582932219441904e-01
-7.235341086434845526e-01
5.010151335530346195e-01
-3.102111064133898921e-01
-7.840537124253319501e-01
-8.329287663348396986e-01
-8.500414579013453320e-01
-8.413152201342422032e-01
-8.355161681983369615e-01
5.090292808416772008e-01
-7.368582971991322061e-01
5.590256494536451903e-01
7.246946472213982027e-01
4.629103161568837166e-01
-4.221478382477030777e-01
8.539362857632502024e-01
-3.720858398399495837e-01
-1.851098240308166609e-01
2.284019684349172241e-01
9.797904363709901698e-01
7.337101676118251703e-02
-7.689468525070903837e-01
9.391191626360297917e-01
-6.019836716385527087e-01
-3.361709602486759874e-01
3.805480167186667817e-01
8.222475506770874354e-01
6.644245965154846889e-01
5.787370197098828939e-01
2.796085097229272787e-01
5.484553600403001550e-01
4.810797159849611315e-01
8.182300693128281566e-01
-6.567722245351104160e-01
-4.654174762525828957e-01
-7.247017803579720585e-01
3.716586846482941020e-01
4.662195568957776537e-01
7.591530313155940846e-01
-1.439844919145700786e-01
-6.159725301427576571e-01
-8.271501181061813313e-02
-4.036270197711808727e-01
-6.054365284606484376e-01
-1.688633016532901099e-01
-5.458254770242725318e-01
-1.581455526392196997e-01
-4.929991814635297231e-01
-5.402185627231830267e-01
2.660273021412533634e-01
5.739728572230460291e-01
-8.095129304817465510e-01
-2.779938995764348331e-01
4.333661596809734728e-01
-2.567293866088884435e-01
7.999710081331354861e-01
-3.915220860129877689e-01
-9.564310952393395571e-01
-4.435256565059988443e-01
-9.298264624364867004e-01
5.103320266258455362e-01
2.832505128033366848e-01
-7.635597572449475123e-01
-2.115456106263604585e-01
-5.709452559490737489e-01
-4.893184508628980467e-01
5.157407260875559452e-01
-7.643749501513745770e-01
6.976641205152045444e-02
-2.315913540486409516e-01
-5.331500766130390367e-01
9.270132099208483467e-01
9.689525719552869454e-01
1.323040647072726284e-01
6.691512561607941834e-01
2.903792642738740604e-01
6.239364275684180505e-01
-7.802174045053960061e-01
8.686478654151221779e-01
9.712951611080438141e-01
2.908210110471052268e-01
-4.253962968652844623e-01
3.804648735875972854e-01
-6.168688458870414948e-01
-1.491303590621355646e-01
5.548298154748108058e-01
-7.596635849481647718e-02
9.512336445295521692e-01
1.289533178859136875e-01
-6.878698228803872272e-01
9.881199046953079712e-01
8.344232314341639700e-01
-2.343144559388172787e-01
3.935047839950527315e-01
-8.061661736997298711e-01
5.273801524810046715e-01
8.920728117535090540e-01
1.329367386187665367e-01
-7.216460400459787650e-01
5.441256397107121501e-01
-9.133573185565249108e-01
6.109897695913319993e-01
8.132653348876606181e-01
5.098685095984689664e-01
8.172076049587155833e-01
4.823910918028984085e-01
3.169743117941270505e-01
7.412287480846297960e-01
-6.997734903808896512e-01
6.539344921279159895e-01
-6.993492917576618062e-01
1.657686977307275544e-01
-3.284346843307635044e-01
-8.037268063515925487e-01
-1.663866623907794828e-01
9.814527994153725565e-01
-5.424391265433632370e-01
-1.261921600663031828e-01
-1.272966127170185313e-01
5.314267318337466683e-01
5.193212593012186407e-01
7.628890570697954843e-01
-9.942115708941976493e-01
-8.811197066401019740e-01
2.710268802293882562e-01
2.067823304320401956e-01
6.801749848296851919e-01
3.348277050286900813e-01
-8.716501064305153257e-01
-6.396877656075374841e-01
-7.831559108111811884e-01
-8.351758579953223460e-01
8.380351344961947113e-01
1.044729910985631172e-02
9.064081974364306404e-01
-2.122534349717049018e-01
6.955031707946952579e-01
-6.237892439283909685e-01
9.628806379373220370e-01
-1.874164639035147406e-01
-5.150733222284962221e-01
2.984455831248595814e-01
-1.136234655049017661e-02
-7.196003631199927586e-01
-3.652068977510158909e-01
-9.088093769075107353e-01
5.637707321940284011e-01
-5.939166244856397547e-01
-3.526617483127088004e-01
9.046184759649669171e-01
-6.637301958039452110e-01
2.219589953241658531e-01
3.421900820774732566e-01
4.258168091914040776e-01
7.829376438606596711e-01
9.274049594248852113e-01
-7.089689333776205693e-01
-7.147032118502676390e-01
3.131724773582189592e-01
7.335177199877691567e-01
1.868309642307570684e-01
-6.818799923057863310e-01
4.846982884707979888e-01
7.786134747813948653e-01
9.858297298332381331e-01
-3.427618675317085639e-01
-7.971379373431619619e-01
-8.935457343236601346e-01
9.073061099252532902e-01
-4.980405162755283666e-01
-6.205385744693825423e-01
5.514308579276727684e-02
-6.488432109219892663e-01
-2.108450284818670362e-01
6.927507426260020029e-01
5.437780229418078815e-01
-5.979412280079055009e-02
-1.019965482945575097e-01
8.524902871617212607e-01
-8.356255727822421431e-01
-9.930933249069295865e-01
-2.998084712108795014e-01
7.483963914469689005e-01
-3.786432590151385114e-01
-9.103895972868256692e-01
-4.273452794959049506e-01
2.706821526353115903e-01
-3.741276579071457498e-01
-1.015576321803133286e-01
-7.182617438409144572e-01
4.200876319026218830e-01
-7.014563872717793913e-01
2.720729871880132045e-01
2.790080457375070377e-01
-9.889959088347100025e-01
-7.512057523959589922e-01
-1.515421431752621562e-01
-5.786152592881950163e-01
-4.798511614964291461e-01
4.664255927001716984e-01
6.742813888176120152e-01
-8.031801075720834682e-01
-3.514604985108336077e-01
-1.652420373113843155e-01
-5.434431655825848750e-01
-2.569246855930507056e-01
-2.712555274774186564e-02
-6.596644592801339524e-01
7.080334088116013724e-01
7.517853507927916290e-01
-6.359484800375272417e-01
-2.242979666764262081e-01
3.688818059689691342e-01
-7.175192206010443385e-01
9.236387641742676013e-01
-1.489518835690024634e-01
-2.558629554234193026e-01
-5.284950648912098981e-01
1.570967315805076314e-01
9.924097296332872187e-01
3.826072695681861369e-01
2.703414168902520398e-01
3.177113018390906873e-01
3.824188257035594507e-01
2.304780949168618864e-01
-7.730240767590927931e-01
-5.459995581794725439e-01
-8.965869439158287157e-01
6.798315517567978805e-01
-8.023997912056719528e-01
-2.604261025577869759e-02
6.947462687928229741e-03
-4.557054182621536054e-01
-8.575991682647843284e-02
-5.641125789223984111e-01
-5.218752703434792473e-02
-9.472962523714636429e-01
1.683482843341914670e-01
-1.444312894008841219e-01
4.416097631698785442e-01
-9.165151950953160931e-01
2.497689010629480233e-01
