3.158776032570099090e+00
-2.379414045045225024e+00
5.785663231921933658e-01
2.930308716409594005e+00
-4.376911735272214443e+00
1.979590364264395275e+00
1.179426319813635882e+00
5.015866908343622477e-01
1.801574250570418201e+00
-3.029484214057366565e+00
8.841889486159046907e-01
6.849469400105021588e-01
3.034243081057124591e+00
-1.924504179390669201e+00
-2.577843713875356713e+00
-2.704798193917526739e+00
2.634859503103671230e+00
-1.324623827457763525e+00
-2.988899609692448056e+00
2.567516206310870075e+00
-6.260675929608026102e-01
2.333572099312678283e+00
1.145223579372724565e+00
6.712138798701383635e-01
3.082581649797564882e+00
4.148810540317720008e-01
-2.613444547332230528e+00
-1.861355979138297201e+00
8.074204991835840506e-01
-2.914742744211358705e+00
7.760404901802092636e-01
3.176754178603516943e-01
-3.750264999802181975e+00
-3.813468438994490839e+00
-1.135866112380644388e+00
2.462114626271199924e+00
4.388657933100120756e-01
1.981247504669743087e+00
-2.598318594960360439e-01
-1.450242080751217744e+00
2.627038855588628152e+00
-3.728733959449503921e-01
7.493268148232345993e-01
2.664551217756061519e+00
-2.317952684523659102e+00
-4.092372939897990669e+00
3.137502193177297283e+00
4.757199425385471692e+00
-5.577903310293280903e+00
1.362452538922254597e+00
-7.826262715624033861e-01
8.851405623545636203e-01
7.990509141180599517e-01
-2.541204802863896717e+00
-1.663990575518393467e+00
-1.503746398485716895e-04
-4.905279619861206086e+00
-5.698338418141553063e-01
-3.811023850078486763e+00
1.194771523374448696e+00
6.600509580246398667e-01
-3.148642420697793654e+00
-3.030012250222550163e-01
-1.410384669438564886e+00
-1.830710423454940283e+00
1.103985725939471418e+00
1.527086242829384322e+00
1.855822208916997784e+00
-1.541038399207979026e-01
2.420404243225545038e+00
-3.505622245281380778e+00
1.051374516857144670e+00
5.166246127063121030e-01
1.443416716714973624e+00
-2.002891819116177641e-01
-7.636267819141447921e-01
-3.199197930009783697e+00
-1.027934361383277428e+00
-3.320807233690193705e+00
1.778041089705159727e+00
2.879487809387639707e+00
-8.681719543540412642e-01
-3.433452098277099296e+00
-3.192739133317476496e-02
2.364694045427427671e+00
-1.738955373649003322e+00
3.930222901483273468e-01
-4.193368167161876769e+00
7.685128830375093090e-01
-2.813291754274342082e+00
4.839323665779630135e-01
-3.762418688627788832e+00
7.940803450641356065e-01
1.425175970685393256e+00
-3.616018959197061511e-01
-7.374487775895323116e-01
-7.749777551720008484e-01
-3.333432524988064749e+00
1.531427402752425060e+00
1.198569686242179078e+00
-2.124131390317938628e+00
9.563650813379447335e-01
-1.710805847825810133e+00
-1.110948906804336556e-01
-1.020422178397360602e+00
4.930723304901565740e+00
6.363756590172553462e-01
-5.751025293829801210e-01
-2.196748444243738607e+00
1.260373015089472748e+00
4.367878596075641440e+00
-4.862147751879939861e+00
2.497691930512596414e+00
3.754768423089418938e+00
3.015195989101519203e+00
1.137221610484584033e+00
1.269757313872016180e+00
-1.081695363255094078e+00
-4.265223861270478478e-01
3.352938753852431564e+00
2.718905611255863608e+00
-1.335986816602640959e+00
4.173399028129104238e+00
2.502467429144295874e+00
-2.009297029586659900e+00
-1.806257993102723169e+00
2.130067856793180781e+00
9.273440183280241556e-01
-1.763651654140110159e+00
-2.706096256805752720e+00
1.801828116782490108e+00
1.111298829127980614e+00
4.201735246496655085e-01
4.359793402610178781e+00
-1.442682734502591102e-01
1.126700084736388385e+00
-3.175277382717828889e+00
-3.385984323326216572e+00
-4.116911449544963020e+00
1.868536267835121834e+00
-4.748371076810333768e-01
2.837076611095689316e+00
-2.008196184369252180e+00
-4.813010022312641523e-01
-2.349275691302805669e+00
3.735616241367046841e-01
2.487302075913234045e+00
2.844982494584962773e-01
5.171180323065458495e-01
1.739924884178517095e+00
2.932303016619121738e+00
1.992163249049131668e+00
-1.161839328052528764e+00
-3.696108492353654462e+00
2.363670112375331200e+00
1.035736459479582816e+00
3.095446006532165395e-03
3.731610225162580452e+00
3.879137591344990810e+00
-1.005966937457591914e-01
2.321643564169644680e+00
2.466520433967674730e+00
8.958165958051346189e-01
1.321102294925765586e+00
1.446056217011883582e+00
-3.701158487021785959e+00
1.676387047970546051e+00
-2.585251554021911424e+00
-4.303347885474894774e+00
1.507256324301459394e+00
-2.579209859126607718e-02
-6.017965046361190007e-02
2.970321045919660730e+00
-4.858616339855829303e+00
5.090199238088431999e-01
2.098641481398051845e+00
4.322778272791765186e-01
-5.651659634337817817e-01
9.987053005856506571e-01
1.584175469783902779e+00
-2.606137963694822979e+00
3.800526385800859330e+00
9.237382994530838332e-01
8.515162563024154530e-01
-2.974724475257312761e+00
-2.318205098368426142e+00
-3.227832232969330972e-01
3.853771878971566922e-01
-2.824554650247201870e-02
1.060221046044576454e+00
1.826822384796596310e+00
-1.754471692049537346e-01
2.940303931815241301e-01
-7.774566570862716519e-01
4.478854446457559035e+00
-2.138464273143625860e+00
1.594308075760145771e+00
1.572231231965646625e+00
-1.238287140379487505e+00
1.334162945523644561e+00
-1.616783167497739759e+00
2.916728000622564210e+00
-2.041848917149520215e+00
-2.405406908622480966e+00
4.266305727355304001e+00
-1.894250974113921071e+00
-1.821609049339415920e+00
-4.271966892529528437e+00
-4.386340138629323704e+00
8.259409588725603601e-01
1.137701904437508293e+00
5.336023466257391323e-01
1.507670309682442866e-01
-5.461883949091169699e-01
-4.010912598064368950e-01
-7.012117734057143892e-01
-1.969097691842648823e+00
-2.078418605582479817e+00
-1.639113892677400708e+00
5.496399975399590687e-02
1.364179968752805561e-01
-2.198365633996076429e+00
4.569412602559473235e+00
-1.056380048361382995e+00
-3.305238687965950994e+00
-2.992596827949431049e+00
-1.215317725104725355e-01
2.263148837999664043e+00
-1.028506893906057540e+00
1.587341779299242583e+00
3.179821450700934804e+00
-3.515426709943287431e+00
-2.296652236855140305e+00
2.529865363911874443e+00
2.515683082339879029e+00
-2.435420005116796238e-01
-3.386701181310709075e+00
2.397285681378294342e+00
1.237611369209371981e+00
-5.718055403331028241e-01
2.187322015994850766e+00
3.003983094121965181e+00
-2.350140079866660070e+00
-2.083799581834471670e+00
-4.653971158633209981e-01
-1.593414631741433496e+00
4.290306453171214507e+00
5.983812693528327564e-01
2.077823045249189704e+00
-8.309414878458256659e-01
-1.641803360681865165e+00
-2.715830625541120646e+00
-1.901668852008911115e+00
-2.156046846525428329e+00
2.701728273336525099e+00
-1.828406587485685852e+00
-1.152284585637811221e+00
1.487972799768506604e+00
-2.755931439442325992e+00
1.003763907228242047e+00
-1.957599544526814839e+00
3.049872878349177530e+00
-9.117690128955970863e-01
3.783759666129653976e+00
2.370015100556724263e+00
