-3.464578651503938431e+02
2.745384414562615234e+02
-9.344420899672082115e+00
-3.142422189004719257e+02
3.579143081753544493e+02
-2.262180446243243352e+02
1.137062514687671921e+02
-3.965566586976152621e+02
-9.643320230312342289e+01
-8.727853433415398854e+01
3.623447494086480560e+02
-2.515858809819768283e+02
3.651491557988806562e+02
3.565559100312905798e+02
2.918693726039310832e+02
5.255241655889003027e+01
1.331623402134171386e+02
-1.297464281525215881e+02
-2.910006413066076902e+02
1.848421449999376591e+02
6.675279758268906107e+02
1.996640696625894975e+02
6.941429009690907606e+02
-1.420068892015388542e+02
-2.408610250309193361e+02
-1.990552507059757374e+02
3.336090624308996553e+02
1.526677328303599666e+02
3.019784702291577219e+02
-3.506886347483047217e+01
3.356458040463811585e+02
6.143774090382198949e+01
-7.633609017513690276e+01
2.495055712166395381e+02
-4.182423114386712655e+02
1.497167018747361311e+01
-3.976977227331795461e+01
-3.858815322453905878e+02
-7.913059772952385629e+01
-3.096002505993779437e+02
2.685943954660300506e+02
5.701385285569944728e+01
-1.246488180339696044e+02
2.296289395358706713e+02
1.043108236278197580e+02
4.283217828390583009e+02
-2.034934307871563703e+02
-2.471557852642347370e+02
3.963527690372990833e+02
-2.727325669336715563e+01
2.224107326426397151e+02
5.259492046133433405e+02
-2.977464639890656031e+02
-5.404759721805461368e+02
3.971045500344998231e+02
3.839796699923464729e+01
-1.323370076816308085e+02
-4.126929655649203710e+02
6.911257606247326066e+02
9.007154430613915963e+01
-2.463092662953267222e+02
1.986458495592866029e+02
-3.452069966283362135e+01
-2.191660589051887200e+02
2.875887309829656147e+02
-7.923527748801281234e+01
1.365167247822562615e+02
2.439999419766878930e+02
7.680693583845862094e+00
5.131349014622580853e+02
1.608592910455353149e+02
2.966084886006658508e+02
1.552113829485273584e+02
-7.576674895315011327e+01
-1.377760425791619241e+02
-2.464327209963620362e+02
1.447130486454762206e+02
-9.822721818012462336e+01
1.508003107014237685e+02
2.748699808643653455e+02
6.181966324293488668e+01
2.268080316012985236e+02
7.464473338558104842e+01
4.414429221125208755e+02
-3.532177298554778417e+02
-1.993177522057064834e+02
3.374017427261916851e+02
-1.414206868278861577e+02
2.922908497695769370e+02
2.290974541140305689e+02
-5.407242376115156679e-02
-2.448358838042861123e+02
3.945319947244703371e+02
1.223736315173502476e+02
-3.529724688898878071e+02
-4.506811287723499504e+01
-1.056661872862907643e+02
1.862967088501478941e+02
1.396050107605274206e+02
-1.011668894421075038e+02
2.033624103647495929e+02
7.669681883677498035e+01
-2.289405026819488285e+02
1.798255662862866870e+02
-1.460693785729596641e+02
-3.690531993697564417e+02
-6.745052768548374900e+01
-1.437931457567497944e+02
1.524408213630168802e+02
-1.371599538948411805e+02
-5.095143848399810338e+01
3.124310985954774083e+02
-6.389385633848282851e+02
-1.719821357918903573e+02
2.111991042901656215e+02
-5.516225191500150515e+01
-9.667829906189462008e+01
-1.447464366567933496e+02
-2.197301017502035734e+02
-3.708078249974174696e+02
-1.601608842710070917e+02
-8.122132351277837614e+00
-4.842944725189261135e+02
-3.472010555849938669e+02
-1.291901944336676422e+01
4.288217101853167605e+02
-6.048985658401387866e+01
9.497553879441213098e+01
1.632993184676450085e+02
4.045212712564023718e+02
-2.735944490719651867e+02
-3.920700946731617620e+01
3.046714329275077944e+02
-3.413313134960980051e+02
-3.909022360829072795e+02
-2.641962319254859040e+02
-2.066326717530028247e+02
-1.042095802413720378e+02
-2.247916580909535469e+02
1.686725920430971826e+02
7.687691700854041699e+01
3.701890182859312972e+02
-2.075490399329002855e+02
-4.643082766108359749e+01
-1.743159870981850759e+02
8.673472752260911989e+01
-5.459978355467738993e+02
1.933883627310319184e+02
1.117501393885755476e+02
-1.287024438903298460e+02
1.419200379499501992e+02
5.553185175794038742e+02
3.446413764282917214e+01
-2.940528676460019142e+02
3.958535443254097430e+01
4.493510228196223011e+01
3.863725716559217176e+02
-5.369945633720724345e+02
2.142032887423603142e+02
3.366041391056246823e+01
4.247304769856479645e+00
-3.761128386156776742e+02
-5.109035165108895171e+02
5.140099796180896874e+02
5.612266977365801068e+01
-1.478399827554360684e+02
1.073009347172809811e+02
1.716399143211548335e+02
5.294278933877675399e+02
3.456472719076348312e+02
1.721137850312530020e+02
9.407668753732225753e+01
-4.831846878723865757e+02
1.151822642902341869e+02
-4.828688645575507508e+02
4.727932673938152561e+02
-6.127940079193710972e+02
-3.259118370815050412e+02
-4.348620473175657821e+02
-1.978711732439584239e+02
2.961692976012295730e+02
-8.350901712867759841e+01
2.390676791626441116e+02
-3.448624860991334344e+02
-4.899492222741793768e+01
-4.071329717554054923e+02
4.346976304507627020e+01
-2.158758670367746788e+02
-2.714524984151163949e+02
-2.025406031600771541e+02
-2.939734342798649323e+02
-7.420654601042542708e+01
5.711118581674521693e+02
4.968496696353531661e+01
-1.083836170743862226e+02
-4.509788655394974626e+02
-5.762631274294625428e+01
1.479492944513092141e+02
-1.902770718306720426e+02
2.946748316114934596e+02
-7.333409675677926032e+01
-9.430437876822800547e+01
5.864082861281544865e+02
-6.853992302358935262e+01
-4.269547998577427848e+02
1.305058917083577228e+02
4.958674596437678588e+02
2.235879133314468845e+02
-3.861655080230931958e+00
-8.329616829725236471e+01
-1.299029469126422498e+02
7.956239676571036057e+01
-5.493342388462129122e+01
1.278475625684540518e+02
5.015281233674964767e+01
2.629262247861492483e+02
3.102214450775039154e+02
1.058338688641510856e+02
-4.637782375429090820e+01
3.047757396209079843e+02
-1.836973724262787755e+02
5.235736358012827196e+01
-2.416236072501248771e+02
1.330780516114331817e+02
-1.511526970207072509e+02
6.706298553291330222e+01
7.390398160570650532e+01
1.411618246342419170e+01
1.199778667726875909e+02
1.165866270368947397e+02
1.609930288843986546e+02
-1.734839183925811597e+02
2.707004428888660073e+02
-4.771678050380697300e+02
1.319781410182780235e+02
3.560737422665141594e+02
-7.262606699445960601e+01
1.328405312590301257e+00
2.371073204979554987e+02
-9.019705870702533446e+01
1.513594876015983459e+02
-6.262488979812829939e+02
7.921718963664802970e+01
-7.515865961296246951e+02
1.760727349858720743e+02
3.425890706277176605e+02
4.243384866328605654e+02
-2.528211029374911334e+02
-1.283346541058094772e+02
-1.450507729353046216e+02
-1.447956547655108750e+02
5.000229077633795214e+02
-1.926088025563421695e+02
-1.140316823449029293e+01
-4.835857609149235259e+02
-3.706786982351883921e+02
1.604460429261580146e+02
5.344507861391077768e+02
-2.041529424496953311e+02
3.093657123217385561e+02
2.909614514812439978e+01
1.846955715254343033e+02
2.090461271146680247e+02
1.554612369733440858e+02
2.908785815958652847e+02
