3.149148619853867181e+00
3.515370974279219851e+00
-2.916538814174701066e+00
-2.871283734929050979e+00
4.755433369108602593e-01
-1.408281181631519496e+00
8.584837851520273899e-01
-2.127243308987048831e+00
3.250931883254074006e-02
1.768255393402802245e-01
-1.015454703208355625e+00
7.551267576220284106e-01
-2.685413360825186224e+00
-1.959103171347583050e+00
-1.487433382258873227e+00
-2.536505552189660673e-02
1.993032036979204502e+00
3.333833055763947062e+00
-4.740516903069934784e+00
-3.571509068463813996e+00
2.483018279633962155e+00
3.865984315871591193e+00
-4.684352260325234107e-01
-2.770408519318770857e+00
-3.483807629099302083e+00
-4.297643410819889098e+00
-5.939834849770530001e-01
-3.400385345442633600e+00
-1.190951653442739566e+00
3.922471131121398891e-01
-2.809215054703106951e-02
-1.647433135577355490e+00
-2.285270923148204347e-01
-5.732711094535828389e-01
6.013619438457296074e-01
4.894426364766455428e-01
3.868855925342188584e+00
3.074893317085983568e+00
-3.901254432257148963e+00
1.036966374655984069e+00
-6.908004430674591356e-01
4.334923452506245667e+00
-1.527662788824828866e+00
-2.488637463716135478e+00
-2.769858954910948690e-01
-2.773950082517563143e+00
5.013459705352460993e+00
2.579149138100075511e+00
5.012477582212848670e-01
6.596624502033532345e-01
2.048293793492038883e+00
5.926428267779732195e+00
2.607223384120791021e+00
-1.802584354894259722e+00
3.002632833280624247e+00
9.752535059222691149e-01
2.093895982932157285e+00
2.351708453862425774e+00
-2.306906020041986416e+00
3.212202160362788717e-01
8.678660267225606351e-01
2.480617988272025620e+00
-4.989910531365813751e-01
-4.686243783566487409e+00
4.853525513972143934e-01
1.833255486749573837e+00
-8.805358035451462673e-01
-2.076760288003054900e+00
-2.209348441065368540e+00
4.018964641760644163e+00
-5.637025705401055298e-01
-1.793333899197990355e+00
5.392743211907133016e+00
-5.436981799354991374e+00
2.863657727442949330e+00
-1.500101364526144287e+00
-2.398902361781440007e+00
2.415729397808004109e+00
1.895097489318304795e+00
3.658255814896776315e+00
-4.624227248504119148e-01
-2.038623891100148633e+00
-3.161489470176813144e-01
8.693196136575559452e-01
-2.932627424735753330e+00
2.966897431485372216e+00
2.407096092635422568e+00
3.360430597631525185e-02
-4.049708139345311153e+00
1.668203419226968354e+00
1.832186118874238545e+00
-1.991026391405745777e+00
-2.439658381963486278e+00
-2.757436698533023200e+00
1.658458533632909404e+00
-7.976370598599294981e-01
1.235231465379853510e+00
-3.533929276883683634e+00
-2.624070042715684337e-01
3.198578648231007460e+00
-4.862455499391138858e+00
2.846599599398883740e+00
1.380380235666390565e+00
3.070811175747792943e-01
1.397593557034904954e+00
2.618559026003929091e+00
1.316380456788501574e+00
6.859328987229278418e-01
-3.455595439981011374e+00
-2.350022076542779281e-01
-1.867749743736529133e+00
1.703445228925348776e+00
-4.871295675016191318e+00
3.352129506197270015e+00
-1.778643757165922601e+00
3.048431520183714216e-01
-1.828758911592609504e-01
4.656877664050419696e+00
4.774862081398545399e-03
-1.599601340022834606e+00
5.613802196538835165e-01
4.792163909851443471e+00
-3.268645402432725167e+00
-3.361603130172494680e+00
-1.489608303384930110e+00
-4.248308190481404623e+00
4.325334363575868979e-01
-3.335344398663486754e-02
-2.373738946025227836e+00
2.492642367253019575e+00
-1.473642227060957488e+00
2.269731434028871009e-01
8.215596901772908023e-01
9.636275854315080602e-01
-5.137083752454311814e+00
3.163178768382795880e+00
-3.150417683769730637e+00
1.271938582220980551e+00
7.755804248983693139e-01
3.760854144243589214e+00
-5.283881183475874765e-02
8.907258861031196462e-01
-2.457247695897271988e+00
2.574099052745267624e+00
7.687290642676782859e-01
1.287541522526784998e-01
-7.725564422617883786e-02
1.628622871218369461e+00
-6.785953911890585388e-01
3.893857670040013375e+00
9.830653535158759837e-01
3.961492031093091226e-01
2.279930452861062662e+00
7.675223665473687173e-01
-2.749175313098941587e+00
1.129827406670603995e+00
2.289308476745245624e+00
1.793643958205277222e+00
4.358919073197904837e+00
1.871353587703188603e+00
-3.618316790651234793e-01
-2.894954124133477524e-01
-4.942886953723396593e-01
-1.903921281639691543e+00
-3.787518202095631281e+00
-1.501035502618976114e+00
-1.815117431964385908e+00
6.439475213648696572e-01
1.068990117276456875e+00
5.206795072098481469e+00
4.690270283971113230e+00
-4.154208489398648396e+00
2.126281874854613729e+00
1.400634709473445483e+00
-2.591968257737820025e+00
-1.709774259557285569e+00
1.154558951424955904e+00
4.032160807716687057e-01
-2.439822790326454438e+00
3.001727315770995608e-01
-8.732113621288566385e-01
1.938606207986490304e+00
9.287159648084530872e-02
1.477034311210292383e+00
1.666580003139559452e+00
-2.582028916571295962e+00
-8.274574465787692956e-02
-2.837325019317193497e+00
2.011034238261249774e-01
2.663768210027612771e+00
-1.278446431242212800e+00
6.414863394261883789e-01
2.733635021129444009e+00
-5.229188811262119430e+00
2.845166553182811864e+00
1.472133428140448008e-01
-2.460411366307828196e+00
-9.765686051146705848e-01
5.430619841048219820e-01
3.799384902510058559e+00
2.295045844807714897e-01
1.154205192018774362e+00
1.009198425956745471e-01
-1.535162656463791464e+00
2.817021770222233323e-01
-7.428130495895995944e-01
-3.569117713695040717e+00
-1.238898392001659188e+00
-2.047427439397448090e+00
-3.054112873553147089e+00
-2.776565113060519785e+00
-3.171624268203207642e+00
1.232226522308249139e+00
-2.710703180416439650e+00
5.526626207400903157e-02
-1.986273867683821248e-01
3.206079506761238651e+00
-1.868343170374100026e+00
1.739876686825477581e+00
3.092183856738799363e+00
1.379028545746842305e+00
-2.960107238992119028e-01
-2.221610424463357880e+00
6.984017604818286706e-01
2.032963925132112326e+00
4.356646072177224660e+00
2.922369975755659821e-01
4.029991001939015050e+00
1.915516439760080569e+00
-9.416769862780848266e-01
1.716293352902487301e+00
-1.881426225190346635e+00
-8.359908812873668715e-01
7.132462312984825248e-01
2.211026375210326300e+00
3.603659491188040853e+00
3.638844723958987615e+00
2.600326655436186574e+00
1.679491772317582843e-01
-4.470864028699103265e+00
-4.067494826359880911e+00
2.043486698797799317e+00
-1.573006557478645595e-01
-3.721506708818505871e+00
5.256229473843136990e-01
-3.674426412064199621e+00
3.457768255116431266e-01
-1.954563566119012163e+00
4.399034610091765884e+00
-8.978179003063986308e-01
-5.496680549328978316e-01
-3.471338315065015223e+00
-3.914431310574193468e+00
1.999064345229054629e-01
2.269648467280002135e-01
3.039976206199115905e-01
-1.320678662745156773e+00
6.964383171722103860e-01
2.158609469979928974e+00
9.936117319578008367e-01
-9.083322128345679980e-01
2.747106924061073041e+00
-1.674307119671420541e+00
1.931666949797264943e+00
4.364405729474587048e+00
