9.637429236544061695e-01
-1.350330900228915443e-01
4.863196656045427613e-01
-7.440281054222719348e-02
5.559508928208976020e-01
-5.206656039800221514e-01
-6.480313613541976991e-01
-4.796106572747971253e-01
-1.109363896861246257e-01
-5.595105499977697239e-01
2.356543657812673054e-01
-6.653453291858528740e-01
5.409736729526772869e-01
5.466593988516743607e-01
1.588676285115306897e-01
-4.784459999348800174e-01
7.715610860965425033e-01
-9.384092041150882135e-01
7.826523313983910768e-01
3.743445255765620594e-01
-1.868776870081942931e-01
8.290753247863236197e-01
-4.966579642166739639e-01
-4.384882197834789608e-01
1.703513657630757461e-01
8.821262824139233238e-01
-3.606617343377633844e-01
-1.077079115886567795e-01
8.226297649951883617e-01
-2.071236370878029032e-01
-1.305042679140089312e-01
7.418224711213328160e-01
2.389343578890033015e-01
-9.670819185118175731e-01
-8.962133914537224744e-01
-4.625824009770171941e-01
1.540037309852642089e-01
-3.915018938683800798e-01
4.072753831062598806e-01
-6.666214038384332685e-01
9.856805068799456837e-01
3.650995705887902787e-01
-2.861491112895910849e-01
-4.659710215353527474e-01
-3.785249863797255365e-01
1.012623628215776339e-01
-1.069205475915682158e-01
5.347183196909344183e-02
-5.470051491219130035e-02
-5.220316495128087819e-01
1.637425741737770224e-01
-3.686740261640064631e-03
-4.446699605084156737e-01
5.323015052386470547e-01
1.314396944173679138e-02
-8.931849205894459853e-01
-9.521589244128740859e-01
4.585761534380183857e-01
-1.655891955051465025e-01
8.793300194377640100e-01
-7.335798147365646393e-02
2.162047025520310584e-01
-7.607258399421441553e-01
8.079638073040287249e-01
-8.309722399331040954e-01
6.095110091885156400e-01
8.533994519693688385e-01
-2.114157964433907022e-01
-1.993230802546872571e-01
8.416679016738701780e-01
4.955224572466216948e-01
-8.611039353490286263e-01
-7.497522458288545799e-01
-9.949266792571513918e-01
-9.817953417396050320e-01
-8.452876787621284027e-01
-9.018655723046054007e-03
6.020528283813715298e-01
-2.384260737875432135e-02
-5.265951298179869511e-01
7.433094666779698212e-01
2.712510204946507741e-01
5.251852248744055540e-01
-6.630042842070411613e-01
-7.236258475913013299e-01
2.135209771242865262e-01
4.139534483151958710e-01
-4.501260314450461486e-01
-2.158213218945619349e-01
3.321109106215194284e-01
2.740467028215771705e-01
2.220166582402025579e-01
-1.588019790976757939e-01
4.295828737045819246e-01
-3.983734704842882834e-01
5.872880099991062419e-01
5.953548401387420697e-01
4.028487243352119052e-01
-6.904726023814304892e-01
9.377903634149500345e-01
1.666609140058972205e-01
8.232084311463059301e-01
4.046927064019705256e-01
4.321972257196373679e-01
-6.236581960162146387e-01
-5.240812264744418858e-01
9.174409354249013493e-01
-7.533543737256649386e-01
-9.371979237808087948e-01
-6.022687166578533091e-01
-5.953821308586164651e-01
-4.511044926556402324e-01
1.792720299194048295e-01
8.748726178228054540e-01
-2.113471560984898634e-01
4.518548530138342123e-01
-6.255806544682331882e-01
6.900394969917047483e-01
-7.224268901068431337e-01
2.019051328412364565e-01
-2.968402106653826866e-01
-1.741995149116586372e-01
5.509646414329880670e-01
-8.591806544779059251e-01
-2.015722135531845538e-01
-9.016709105317939343e-01
-1.979573901287254856e-01
-7.955459073723014640e-02
-3.641838562802570678e-01
7.540869378902976816e-01
-5.860660551548044772e-01
-2.781767641601122776e-01
-5.796222117642120253e-01
1.769148831009836886e-01
-5.531560795921715012e-01
-3.605487145066890164e-01
-5.203091043286489636e-02
-7.838299711532934477e-01
-8.016350612281613053e-01
-6.132729395921885374e-01
-2.864227952199935867e-01
-9.863670334224921010e-01
-3.428591989916149885e-01
8.042252150222504170e-01
-8.571579131436706245e-01
-2.430859912406209133e-01
1.747787758828711624e-02
-9.345917034132145140e-01
7.340189618446508746e-01
-7.339306106108816063e-01
6.958904836547865624e-01
-1.511069845047836591e-01
1.502753192703232266e-01
3.258928617051473076e-01
-1.121692874754351976e-01
5.932673407036315183e-01
7.651198267336400960e-01
8.660336127207410861e-01
3.417687531281281554e-01
4.310275321469196896e-01
-6.294166752984264868e-01
-3.298726763663066830e-01
5.751788061761338167e-01
-5.283746240006270689e-01
-4.647448101015032584e-01
-2.723054517208949310e-01
8.853703128814616186e-01
4.060820523743462473e-01
-9.602498880926741975e-01
-9.721670919698681690e-01
5.201907236851681660e-01
-8.788026388729415217e-01
5.521934470073153189e-01
-8.303592056796169629e-01
6.352008603760306293e-01
-9.801978821971355504e-01
3.464138441914599298e-02
-8.164228304125207281e-01
-7.127155216843232832e-01
-9.376488930320945325e-01
-4.478497808119108470e-02
5.177363019051479665e-01
8.471627856743129126e-01
-1.093900994208298894e-01
-4.486512045123403070e-02
-3.474292409008983284e-03
7.652512804182034500e-01
-8.732702400195340164e-01
-7.198735413875483324e-01
-8.812067590097198977e-01
-2.473960773300725169e-01
9.036463191129902039e-01
-1.724731523728846305e-01
2.757815645582661901e-02
-8.012545974189475562e-01
-5.434521149859934397e-01
-6.122503474699760861e-01
9.469901110656011589e-01
6.362092902193932087e-01
9.592989032345717870e-01
-7.827902036173612910e-01
9.901477638402371717e-01
-4.582156334183167257e-01
2.663035814385465994e-01
-4.381911058628871203e-01
-5.731112827475901561e-01
3.872270912021293920e-01
7.091925941392149824e-01
2.224867064709332709e-01
-7.816276664822392473e-01
-9.386321405041597732e-01
-5.866095094710781499e-01
8.362665813026952666e-01
-5.334140872252988164e-01
-2.348956128466090920e-01
3.146546150068738612e-01
1.333557435299830285e-01
-7.889296670540526524e-01
-9.189576592844128644e-01
7.854656922809961639e-01
-7.779901194749934135e-01
-3.635217647230954974e-01
6.603851033801420023e-01
6.086860375626277353e-01
-8.443199630342963502e-01
1.469525549195160874e-01
-3.304733784391220563e-01
1.663275558541763566e-01
3.334829425413308179e-01
-2.519265987413827901e-01
-6.131884703670364978e-02
-2.750508818033456926e-01
-7.923480451214734988e-01
-5.738099699753345107e-01
-2.362108754995391191e-01
1.251958331470215402e-01
-7.275090987470547166e-01
5.976826062757232272e-01
6.804051163446664940e-01
7.290733359596006657e-01
2.836661519779921647e-01
-1.910836778390037072e-01
3.094640677224498315e-01
2.561494874597469718e-02
4.555313245765990615e-01
-5.514294847674388045e-01
6.672041825602097465e-01
-2.357494542163687257e-01
6.727155099323636200e-01
-6.353104041137529467e-01
6.970265871948542191e-01
2.614074741865783924e-01
4.790947455627077023e-01
3.562959939963850076e-02
6.539334383298942566e-01
-4.646103400414698381e-01
7.890734804985408690e-01
-3.402408341667650937e-01
7.993076331536210777e-01
6.573275039295998212e-01
5.040256483982501479e-01
7.154535238463779478e-01
-2.515829343670399343e-01
6.171945752171172916e-01
-6.659318707018060390e-01
