1.166379641672218970e+00
2.203796203602535364e+00
2.708376031017631025e+00
2.861679891382960417e+00
2.883756635636801624e-01
-4.036472868851291862e-01
-4.408907022801111353e+00
-2.484410032378778332e+00
-8.376348581567125695e-01
1.183439818662994858e+00
5.109736031170599713e-01
5.387187606330606782e-02
-1.977125368951059503e+00
-1.714568056728997147e+00
8.058258863074283518e-01
-2.728032484019299098e+00
1.072757980168807107e-02
-3.122021960496238258e+00
-1.595711302481814808e+00
-3.307035575228414181e+00
-1.549109362841555537e+00
-6.319535688572939236e-01
-2.296104561039885306e-01
1.993180894496029976e-03
6.345930822661529636e-01
3.233645359057399027e+00
-1.937211761904383156e+00
2.459025022018701101e+00
6.420943503835085941e-01
1.157966625678040096e+00
1.815837394963989881e+00
-4.721841421963167695e-01
3.262624083083481175e+00
2.368114952416102259e+00
1.569261567076148056e+00
-2.163416033406790895e+00
9.598465571562055931e-01
1.997667083500463070e+00
-1.020058714669895839e+00
5.961908244073371721e-01
-2.474370716199164377e+00
-3.042770516768098510e+00
8.823795155141430646e-01
2.555807752813678557e-01
-1.612153640267397714e+00
-2.273167860693553255e+00
-2.387349057927710128e+00
-9.271014501052654566e-01
-2.285401099842876427e+00
-1.159838917803163838e+00
2.850587766870129158e+00
3.193785663096057714e+00
-2.699013108232742875e-01
-1.018372201039801306e+00
-2.275760255373751928e+00
-3.956759586028532061e-01
1.822280055435785417e+00
-3.758615075568041863e+00
2.466272878284786696e+00
1.353845514817390239e+00
-2.171029567953781214e+00
-6.939111227899119605e-01
-3.198830542339325400e-01
-2.150254577439903336e+00
2.062363918343763203e+00
2.241711500921416800e+00
-1.122528272822667234e-01
1.668592290769713937e+00
1.221550884651591007e-01
1.405628738674141287e+00
-2.383430694821187523e-01
9.181610590059370303e-01
1.443060274833374290e+00
-1.719882220920974536e+00
3.798216720993718987e-01
6.774727606911509215e-01
4.343767375062617120e-01
3.173185289887565652e+00
4.968272785851879370e+00
3.377558748030546454e+00
1.071481606648100771e+00
-1.556766093558877628e+00
2.894452673119829011e+00
-3.849159790013300775e+00
-4.323013164662513397e+00
-3.458588092546003967e+00
-9.153946094576779213e-01
2.221758773992647651e+00
1.117122571579519219e+00
1.204655816697929982e+00
3.228659264042757826e+00
3.965273565209860962e+00
2.527920666657573756e-01
1.776814045279247356e+00
-2.253380489491680905e+00
-1.537619050493334250e+00
2.422149928527639773e+00
2.514611875839481314e+00
6.010225172024334928e-01
1.573031020119868284e+00
-1.162596970711575473e-01
-3.753321171619149466e-01
2.085152232075077716e+00
3.914821570600159006e+00
-3.552277662010600690e+00
2.665851538819038691e+00
5.943353062335681170e-01
-2.248871978567325680e+00
-9.797567035409150693e-02
-2.238425491374145260e+00
6.651561708362426772e-01
2.781895269653715363e+00
-8.853976063823484344e-01
3.011123164588920709e+00
1.214856269953742185e+00
-3.614683402170487447e+00
-3.648990340046896375e+00
-1.034211094399070330e+00
-3.091114041135996970e+00
1.200824936595559222e-01
1.496753085414455953e+00
2.216721041317738283e+00
-7.458540733214266139e-01
-9.417538331474051283e-01
-3.451213828012698048e-01
-2.318844610624901659e+00
-2.553352326779612547e+00
1.458082940458140353e+00
1.461101605518631219e+00
9.138837204495016131e-01
-3.366805301707695430e-01
2.573172650823479124e+00
9.597050566262721460e-02
-3.051509815295166739e+00
9.781173377367265998e-01
-2.876850927330277141e+00
2.567598690120979743e+00
-2.279382279614922346e+00
-5.591968926439107312e-02
-2.707217659349191230e+00
-2.997506892455752414e-01
-1.255689252218121332e+00
1.169278703155450128e+00
4.023902155319551976e-01
1.902538237862378079e+00
-6.346551494854195674e-01
-5.568270075323761281e-01
3.353677767948313626e+00
-2.233072702797717746e+00
7.997508258085934685e-01
-2.843936971040448736e+00
-3.859045070585943593e-01
-3.496925338796098570e-01
-2.077221568608057289e+00
-3.190959305137078816e-01
-7.586818420032550581e-01
-4.078423119864109103e-01
-7.490761013818995062e-01
4.201701334606067206e-01
2.005855136250710657e+00
8.812690549038118548e-02
-3.483255480319404462e+00
-3.421406456382402261e+00
-3.246812537250859165e+00
1.975270697710314716e+00
3.417587911453411065e-02
2.907989845150677155e+00
3.489481081461022205e-01
3.263028040567702348e+00
5.521636220681498397e-01
-4.348428275693454914e+00
3.094926971132398563e+00
-3.289746360960654314e+00
-3.416640396955519243e+00
-1.007119059029217417e-01
-4.633218698985489326e+00
-3.668512660373213219e-01
-4.386387615433450904e+00
-4.530235237746509824e+00
1.434842348842539472e+00
1.028594521022918595e+00
-1.408409706196532385e+00
6.247667545445143578e-01
1.192417892639032750e+00
-4.520079630554540984e-01
9.003621283074564330e-02
1.627955999440723556e+00
1.237388813133653231e+00
-1.422995830627005853e+00
2.327548028592596463e+00
-2.289213771709983636e+00
3.911519574055732917e+00
-2.561501928322476584e-01
-2.912885992568563953e+00
1.700855250736323043e+00
7.247402541993429592e-01
-2.163452860394055044e+00
-2.287219477685606073e+00
-3.296104279918874447e+00
-1.720759213526789955e+00
-1.013750448133478477e+00
1.789147587027930086e+00
-2.176868896531767295e-01
1.037830226537680200e+00
-3.622533589020766165e+00
1.057667816117124016e+00
-4.795411376243688295e+00
-1.613190093828913874e+00
-4.245174822150048044e+00
9.641364183601983662e-01
-3.247620142330483795e+00
1.305847660280810008e+00
3.759853162940947513e+00
1.952465403295791102e+00
-1.145862108656650946e+00
2.440934605527059098e+00
-2.327275345296651032e+00
-3.901318662461064513e+00
-3.811211997669500917e+00
1.917691967774444839e+00
2.169066163782317425e+00
1.968546938044442696e+00
-6.786168109605250631e-01
-2.264143217876756431e+00
2.807035514067771409e+00
1.148933762038101047e+00
1.261863018706660622e+00
-2.431746961610081303e+00
2.812521637823722109e+00
4.227446006002854695e+00
-1.549203846450126321e+00
-2.014424219644024738e+00
1.341471402712356431e-01
-2.739553907127669774e+00
6.178975642138696545e-01
-1.605550892574963306e+00
8.926797152394790047e-02
1.849991688464738715e+00
-7.739048729101237756e-01
-1.158439405054412896e+00
3.263338034593149306e+00
-1.393018774881170430e+00
3.912223845462718064e+00
-2.448284276030255058e-01
5.666735462249790078e-01
-5.003720572933929578e-01
-1.768822046959114269e+00
1.593733411309596892e+00
-2.386259113824709566e+00
-2.682397602162275074e+00
-3.429998070576695035e+00
-1.410655886362115918e+00
2.216069725455802053e-02
-2.304115127882757630e+00
1.293948074449993713e-01
1.325227324404423701e+00
1.881370729848477641e+00
-8.544793470805471525e-02
3.648337305065167957e-01
-1.307577562489553369e+00
-1.223162959921319792e-01
-1.460986348865613849e+00
-8.132644459257731828e-02
-5.875490252500695787e-01
2.024877304281637314e-02
