-6.281011588316471883e-01
-7.725921557781314508e-01
6.484807164239503319e-01
1.258960829297333106e-01
9.991667085499500445e-02
-7.600879278209755618e-01
-9.782076928161276275e-01
-4.407741965071676482e-02
-9.911165385769815650e-02
-4.974901558187752038e-01
9.689506834984640271e-02
5.791627720795080592e-01
4.184133297808263485e-01
5.663811888825271978e-01
6.650265157310997211e-02
5.620355299173303010e-01
8.040787796287294231e-01
9.473165154271965260e-01
-8.157883759489017450e-01
6.840190775473087292e-01
-8.802311872441994645e-01
8.144684665270576218e-01
4.356766878628977047e-01
-8.920232749494512170e-01
2.254109075394039596e-01
4.243701226195892851e-01
3.197905955243869336e-01
-9.063926218281115332e-02
3.370957963123075718e-01
-9.665136239581344491e-01
5.274878254947441558e-01
-2.595829198400221305e-01
-1.197896340086888056e-01
2.199561348580063580e-01
6.258487246468948939e-01
9.837517225896303952e-01
7.021907417601360724e-01
2.337679317901899534e-01
3.261211932227103816e-01
7.314240287807354246e-01
-9.603674239825816805e-01
1.568317722587215801e-01
9.221417772311246708e-02
3.206720413537531567e-01
2.832891548304365958e-01
1.653806846145828846e-01
-6.674758032958250098e-03
3.966338704831811057e-01
-1.934297271626832515e-01
5.594361595760855010e-02
1.094222418234187533e-01
5.865691166466333595e-01
-1.506778833580177945e-01
-2.859765740793520639e-01
8.577390562937814433e-01
2.762381600274399496e-02
9.590846980513028086e-01
-9.686774961596591460e-01
6.888184343117114139e-01
-7.117934373523713276e-01
-7.204306100211819164e-01
-1.939729446900233523e-01
-6.745770435942888277e-01
9.428732765999574550e-01
2.546813444618896138e-01
7.912886157609042570e-01
-5.409287542930047987e-01
8.176191747015160161e-01
-5.478856881062592610e-01
-6.036099415546036795e-02
-7.146459387588532941e-02
-5.313763994357447729e-01
5.457550741501286939e-01
3.889521253641896603e-01
4.709411172444428750e-01
-9.674953950975924144e-01
-2.183901897685847082e-02
-5.868769495679899695e-01
-6.514281518298701279e-01
-9.544706897550421232e-01
1.292560107507108036e-01
-6.093828381796810856e-01
3.691897452580792383e-01
1.720780336534348809e-01
-1.383652245478206311e-01
8.807904581476182493e-01
-9.140567875837923850e-01
-4.264207954319723104e-01
-3.282323012923451522e-01
1.888124335535366072e-01
7.950377496046172610e-01
4.984775512030896749e-01
8.817692415601399158e-01
5.573792245169202353e-01
-2.344201997016293060e-01
4.375132569891657663e-01
-9.635398150093053005e-01
-1.205846921401494409e-01
8.603964868820457301e-01
3.475724872460641546e-01
2.260288500451972382e-01
-7.919839575713250035e-02
-9.873389749205647714e-01
-3.451988244627197666e-01
-8.383438179686959479e-01
8.645134862154308930e-01
4.060696072659997213e-02
-6.105412693273237767e-01
-8.695251236807528539e-01
-2.028389549871294495e-01
1.527712974146069325e-01
-5.371298029677449293e-01
-4.573506371749120891e-01
5.990739618796336874e-01
-7.208378381626068254e-01
8.543009927234657130e-01
6.164703665932587118e-01
9.366282083397787783e-01
9.053994045187969686e-01
-5.121377207801200981e-01
7.556647191833871791e-01
-6.769342339085477889e-01
-2.810722535228582508e-01
-7.204724412343099793e-02
-2.819625277211201819e-02
5.688935928333895831e-01
-7.824716180188826531e-01
-6.806582880225529042e-01
6.946164459273229674e-02
-9.389488372830301355e-01
8.717903535245226099e-01
-4.060682493734637521e-01
-7.335269956620316112e-01
-6.154382538513363254e-01
-3.846651647379171202e-01
-1.480279019992047917e-01
4.447861685969094481e-01
-9.208048143528120288e-01
-4.004971643907013767e-01
-8.714015890400819142e-01
2.473915063264842118e-02
-7.018585567329997943e-01
5.540875209021582926e-01
-9.700566923118132401e-01
-5.390302772194359715e-01
-4.297750215518469918e-01
-1.231478333671980341e-01
6.490897177704606502e-01
-3.684407637941164992e-01
1.590876862444190465e-01
-7.587020965021795682e-02
-6.405883783698347322e-01
-5.078910972320165307e-01
-3.199067987521453382e-01
5.595660165820524057e-01
5.404400246262077712e-01
-2.046387816177706043e-01
-5.690391287486311622e-01
-8.459821821491704252e-01
-5.655510682476783124e-02
-6.996898361506822539e-01
-8.604189311785772620e-01
-5.290850919765084370e-01
4.583169820478847356e-01
5.748795684930547711e-01
-5.786608984753303098e-01
8.135650872752158147e-01
5.407168200468268626e-01
-7.818048413048721557e-01
-1.714943660752012988e-01
2.051822049797493719e-01
-1.249086035481989931e-01
-8.925100997864705565e-01
-6.592059315296212585e-01
1.734929421144493222e-01
9.565389587138397598e-01
8.757268094435080030e-01
-1.368924860188114323e-02
-9.623441946847952622e-01
-6.939286004550870857e-01
2.659977008249436725e-01
-7.581172633256816340e-01
-9.006731527973541596e-01
-2.097203489501129337e-01
7.194604907056179055e-01
-5.126984643637479966e-01
-6.190077314440214362e-01
8.043002466472830569e-01
-7.604051736469279454e-01
-3.710961024158754284e-01
-4.066800753487469500e-01
-8.830944494956001201e-01
5.488110438901081523e-01
8.363129759646901196e-01
7.246154481226989574e-01
6.396649392572792969e-01
2.466166926100625822e-01
-7.937966631498527548e-01
8.385516363738467760e-01
-1.086585274570377457e-01
-5.759390644263890913e-01
-9.234728793674258363e-01
7.106273351480405509e-01
-9.879927086109976386e-01
-3.001620239585200967e-01
-2.446396986706589338e-01
-9.312470582068850256e-01
-9.538493877099736284e-01
-9.146708023812506472e-01
1.886075337190493695e-01
-1.562972461987310879e-02
1.426762319290706404e-01
8.527381649667826746e-01
4.702010724334519942e-01
7.797589899853383244e-01
-1.501087901238173927e-02
5.465798413294098435e-01
-4.413744964745343058e-01
-6.260598551841987103e-01
-6.593163581695835607e-01
-7.696013249808817402e-01
5.426198547035432362e-01
-7.834309457534887056e-01
1.013905672134156610e-01
-9.073121598925106834e-01
-3.220105773590329346e-01
-7.459429020059467064e-01
-4.047476603779784909e-01
3.544577119754985794e-01
8.848484060573371668e-01
-3.168408277403498285e-01
4.913939394126456417e-01
-3.602730837405772046e-01
-6.983728631682770693e-01
-7.740087787780394191e-01
-3.064869056702195227e-01
7.411204033207505759e-01
-6.959278127922441382e-01
-4.380063346072242680e-01
-1.877150466284360775e-01
-8.410701533957989362e-01
5.854965872232411606e-01
5.735134794233414102e-01
9.576424345480738509e-01
-6.423258362130472854e-01
-1.191050633853008023e-01
-3.127539574019464474e-01
-8.693444682667015311e-01
9.732097831551613787e-01
7.941902463059766770e-01
9.070618239334062860e-01
-4.029339241208931277e-01
9.685328208865762178e-02
1.109944465440015904e-01
4.298249728589185192e-01
5.569533781873998723e-01
3.863971783673738614e-01
8.883781280812381720e-01
-3.148591984236714936e-01
4.400073124383281353e-01
-4.544519106529349983e-01
7.903075068071516718e-01
-7.045317097002106177e-01
-5.386034678501019357e-01
-6.295705532922628578e-01
