5.808739392004029778e-01
4.075593049186565509e-02
1.053744400445078000e-01
6.945485966640445596e-01
-4.311760679178504585e-01
2.414693369698970304e-01
-6.907417094258934132e-01
-4.217246064758466417e-01
7.770552454742452042e-02
-8.400453903100344455e-01
9.609776124109798978e-01
1.759649947681640736e-01
-9.595524014834104776e-01
2.896571220703518801e-01
4.173814687588666139e-01
7.453419766102895583e-01
-6.739268042833901351e-01
-3.829644204839151023e-01
9.447273879606838953e-01
2.331768548085966231e-01
8.263079519144784779e-01
-4.824595677469842858e-01
2.607178418398137243e-01
9.947496806515618850e-01
1.620621795474526117e-01
1.194580756270060551e-01
-5.909825247228333023e-01
-9.403692168435959786e-01
-2.441979877000521881e-01
9.784166431094372118e-01
-8.382845938026948218e-01
-8.979243620624268729e-01
-8.845864894615562690e-01
-2.167112544391247564e-01
3.571744678925352634e-01
4.025886005540120216e-01
-3.506640650933450232e-01
-8.515646759033210778e-01
-1.806039604927449638e-01
2.144371335212587049e-01
9.205430536382745998e-01
4.334327652432194977e-01
-5.476569273436626695e-01
-7.858651938025729144e-01
7.226079718039464250e-01
-9.540449387788694224e-01
-5.781168054986629556e-02
3.586124602615883283e-01
9.905367126345379081e-01
-7.410175662434568267e-01
-1.991671330421211916e-01
2.777845613693652460e-02
2.358549856928813249e-01
8.959185843988040077e-01
-1.896348524927289336e-01
3.093576401833952882e-01
9.562179568524900031e-01
-7.125440756229690642e-01
-7.778685277193349012e-01
-3.025366763591539332e-01
-8.599050766225855291e-01
6.002469477066010306e-01
7.359014316361001118e-01
-3.359042312127007435e-01
8.707647172616628239e-02
2.200956601433319282e-01
6.180184006490752058e-01
3.557084390801950047e-01
-9.718407161332864863e-01
5.796493301621661320e-01
-3.449041317103642701e-01
5.447217650742883777e-01
8.933540706111908758e-01
-5.267826212136290653e-01
9.187991957658423470e-01
3.535974954802607595e-01
9.806259848821687886e-01
-2.873204782613292263e-01
-5.613773136275073128e-01
9.143973539946159690e-02
-8.595324796598344808e-01
-1.052500170405137325e-01
8.583294373459442461e-01
1.171572308368757920e-01
-5.821843558709662858e-01
5.158407549297536754e-01
9.577681109779323521e-01
6.955832199207110378e-01
5.656641900585983596e-01
8.497441279048911777e-01
-1.327980860417643516e-01
3.150075049786886794e-01
2.503053732612141591e-01
-6.983569218938998624e-01
2.482850170785766419e-01
-2.948418962800225529e-01
1.961022703313264337e-01
-8.765538704032547201e-01
-9.227808426712453826e-01
-1.550260527435860514e-01
6.769901375742226612e-01
6.866369531247922264e-01
8.059087818773291723e-01
4.811406106066895561e-01
8.119846656065758950e-01
-8.953195274177636609e-01
9.133056774891028518e-01
5.536722998005194629e-01
-7.807987979401000977e-01
5.622528184591313316e-01
4.166474014370775691e-01
-3.809491410970999858e-01
-3.590706255211073561e-01
-7.270246616917641624e-02
8.647680817945802012e-02
-9.521350369747771936e-03
6.799523469907871043e-01
1.178324540653494790e-01
-8.288352856795608847e-01
-3.275617200546356855e-01
7.616154040037579342e-01
5.154581631395394048e-01
-8.094448054886034249e-01
-7.460373180745711874e-01
-5.940002463204618888e-01
-7.757649612031263242e-01
9.397010417306728147e-01
-9.957404607349999992e-01
-1.342264180928676165e-01
2.361594814217908844e-01
3.848347829622227323e-01
-7.805800434997611781e-02
-3.032561097109562898e-01
4.140993071617171672e-01
2.904312049238166882e-01
7.023406071970272890e-03
-3.313976791070885053e-01
-3.785384201690040751e-01
8.092959224087283854e-01
-1.366247848799935216e-01
5.323200829208785123e-03
-2.332526733218731607e-01
4.474195778356238051e-02
-6.638994270792897279e-01
-7.252049650633072275e-01
7.248493474847994555e-02
-1.936271340632620408e-01
-7.624630656248210236e-01
-5.638032040756775221e-01
-8.683682186344476861e-02
-2.685708436182263625e-01
1.198820744931072824e-02
-4.496032092281831982e-01
-1.317975209911150802e-01
-7.434539882200354999e-01
-9.423466422237183338e-01
-2.398277999074949207e-01
-1.429360006113526982e-01
9.783875158615800149e-01
-7.864216135442785305e-01
-7.221846595402592328e-01
4.963344750367220115e-01
9.052699516740490004e-01
6.997315940178212568e-01
-2.369404305075344386e-01
1.477127454450615218e-01
-2.729313422134305167e-01
-4.274234919562700519e-01
6.194009082127811538e-01
3.585927617812822987e-02
-4.799097464034924876e-01
-5.354642491673766713e-02
-2.286817579255109312e-01
7.804997528437229715e-01
5.532918168654810120e-01
-8.664167024593607547e-01
7.128988648847625065e-01
-4.128463110977480532e-01
6.467528421487525048e-01
-6.398920389268965003e-01
1.833801573775990512e-01
-5.121011426881827422e-01
-1.732497659322020933e-01
-1.069795823879711172e-01
-3.127773892325409477e-01
3.684074138579973567e-01
-5.182421084563129110e-01
8.164741639546946317e-04
-7.229439589659767407e-01
3.138896317437243066e-01
-8.003701000920471209e-01
-9.765234257188506461e-01
-4.934435535184966692e-01
7.085519925066563474e-01
-8.878212529711926315e-02
2.764821732611679739e-01
-2.085528053355001354e-01
2.850097166731186960e-01
-9.773345317869461812e-01
-2.563717978441604206e-01
6.865174593157903349e-01
7.585242823411628699e-01
4.351116602006688261e-01
7.273609976851138637e-01
-9.616700310680530439e-01
5.399844028315883282e-01
-8.878029809361631663e-01
-7.102953816592796343e-01
-2.313759829544221880e-01
9.309756149421866134e-01
-8.904615647473528295e-01
5.336094268722246792e-01
5.121671584747959916e-01
-8.535530862536704344e-01
4.055881539853065654e-01
-8.784936539984031789e-01
-1.449498062388128172e-01
-2.395316860763048172e-01
3.250224559789725021e-01
-9.641141023231516449e-01
9.334447655126745236e-01
-9.601500374066012089e-01
2.081983650878689307e-01
9.359482251064921154e-01
4.974719044629469789e-01
2.475804767748090995e-02
2.833606436822000418e-01
4.956158844410007980e-01
-7.500452003767565934e-01
-8.600188112833824228e-01
9.310869516748756514e-01
3.985093629090612488e-01
-5.586044169111188396e-01
2.242172539902542727e-01
4.774701277897239748e-01
6.800596047184630510e-01
-1.973647763510131270e-01
-1.916786265176668724e-01
-8.084423084410459204e-01
9.520984719014295994e-01
5.758094754025369078e-01
7.296886473004473572e-01
-1.283582295493401748e-01
9.092424071081808279e-01
8.269328642073565661e-01
-9.051075108551913662e-01
-5.287770310571058285e-01
2.834416895854030560e-01
-9.206665722155944476e-01
-3.187691015907034853e-02
9.619003540983155354e-01
-7.328690497926331204e-01
5.837454141910602967e-01
7.126553516736655602e-01
-8.921203926441620968e-01
5.557661241814189079e-01
-1.352395250727278508e-03
8.032640943103592779e-01
9.329348867199722672e-01
-4.254347150619457452e-01
-1.221306824238566069e-01
3.916550582939657410e-01
6.863324377882751293e-02
-9.808571533140932885e-01
-9.508137622544565737e-01
