-1.933375865316742104e-01
5.916374956192307355e-01
1.645972496690488729e-01
6.173721093334456622e-01
-4.170151149972021187e-01
-4.746231148573247793e-01
4.699441174468210747e-02
-4.822674480426418775e-01
5.671726226482254329e-01
7.840680822765473401e-01
4.385042586851501945e-01
-1.948139055718265400e-01
2.160482422622411747e-01
8.445574670599587108e-02
7.658743578712929878e-01
-5.828602825729172210e-01
4.711386214387545124e-01
5.755273755183589746e-01
7.873253517555778291e-01
4.925143098478568238e-01
-3.604393515591208796e-01
-6.511992309590692862e-01
1.962374599780332129e-01
-8.861492565852713277e-02
-8.869502725511759778e-01
8.966854057569466629e-01
5.489167467540412293e-01
7.129652041505321058e-01
-8.280226231292726613e-01
-9.477110109041768649e-01
4.037480414776499771e-01
9.865776258591938408e-01
8.246482146525404566e-01
-9.188333971409363699e-01
6.454207337198833994e-01
-5.627906883800715132e-01
9.584348290188435815e-01
9.191021176308000751e-01
5.003737271383479346e-02
1.861484594793494374e-02
-6.217107359309115289e-02
-7.983545495518349355e-01
-1.313573677715584864e-02
9.657759582904510420e-01
8.343070864483634885e-01
9.976433436529987819e-01
-3.105924542278859501e-01
-6.905810635010591891e-01
-7.123022040532955845e-01
9.715987149588329874e-01
-6.485774036428311184e-01
-3.195420395304635619e-01
-1.517899161235640726e-01
4.512775926675487437e-01
-1.021103446980744511e-01
8.986743534265295708e-02
-3.704586703688939053e-02
-4.019104847299554972e-01
-6.165236681247783235e-01
-5.657725318155393257e-01
-1.314276737466313350e-01
-1.343215822865275744e-01
-5.850552320614592627e-01
-7.756425303751879330e-01
-1.998988548149835953e-01
2.725629018993169783e-01
-1.769039954198197151e-01
-2.044029711389714343e-01
-3.778975275257145938e-01
6.336703204662057498e-01
1.579190497784348501e-01
-9.118471177082860812e-01
4.070997925856336686e-01
3.832593887972206570e-01
8.506673651922767032e-01
-8.450889264290295522e-01
-4.415494178979806339e-01
-4.942300417883276342e-01
-9.880581061533688647e-01
-9.092462228182291994e-01
1.024913528051101252e-01
8.105560718188629110e-01
3.145146581017608245e-01
1.634799218648375074e-01
7.039128889567918268e-01
-6.982612602330846574e-01
-2.850370124866901111e-01
2.160861757935783611e-01
6.134758326272438111e-01
7.934306809312774433e-02
2.493326099805264207e-01
6.475627324325763379e-01
-6.598761486905468931e-01
-5.569536300909589954e-01
-7.730548526783713736e-01
1.498822111403663726e-01
-4.138550313450535256e-01
-9.073755622749628547e-01
1.126233568966390486e-01
-7.400681205805652585e-01
-5.788373938792374940e-01
-4.274772543681157888e-01
-6.306308086857839168e-01
4.883391173979656497e-01
-5.786415908719322321e-01
-5.909190887588662289e-01
-1.488014916406164012e-01
-1.708753588959166514e-01
-6.133706964985408128e-01
-1.477523450984623565e-01
9.606355665418775391e-01
-4.500636151713846012e-01
4.696072717872792346e-01
-8.526630778795232235e-01
8.834473347303375412e-01
9.527971973304918407e-01
-8.273417863394911809e-01
-3.196367110607436501e-01
-3.678421115881120862e-01
-9.762487115004137017e-02
-6.844805768709758542e-01
-4.373967144565438225e-01
-5.747005585772546610e-01
-8.864473724823731526e-01
-8.455715218918136156e-01
3.533165919769429841e-01
-7.759701479877272323e-01
-6.012784528023933373e-01
9.067143320497055292e-01
3.105648949658297298e-01
3.901978854175665035e-01
-1.655474377265142572e-01
4.056941451018245548e-01
9.392517062417908846e-01
3.294893977023776177e-01
-5.047438536842232537e-01
9.994131768324265863e-02
9.631353076638560218e-02
-6.410191670482312531e-01
-2.620799323053302210e-02
9.233481626569619571e-01
-4.734902740920601261e-01
6.156328249665254937e-01
8.342564247565076307e-01
6.190196875885152217e-01
-9.687990701122857207e-01
-1.680042638516754394e-01
1.966005706572160339e-01
5.126975653677763312e-01
4.804798249815742661e-01
3.923261990991357973e-01
5.423509113632707379e-01
4.741522736586216702e-01
4.532383571231521913e-01
-8.522856313279745244e-01
7.258148066615706107e-01
-8.262795115737286977e-01
-8.010956636269093156e-01
-8.159581974288698802e-01
1.621034236571181619e-01
1.039481818634131471e-01
-7.410544619962335933e-01
-9.179150774622941711e-01
-3.438271233851339925e-01
-2.065377274218000991e-01
2.653842560335362144e-02
-3.806524956895274148e-01
-3.915017104237601409e-01
-9.027693481548235699e-01
6.528153134013805481e-01
1.792237627457682336e-01
9.723732467942804991e-01
-4.513865371280252337e-01
-2.512752660450361386e-01
-8.366017832263337173e-01
8.292920654874857966e-01
-2.587632069682548330e-01
1.782469814555276422e-02
-7.287902574470763728e-01
-7.162070870693233449e-01
-3.319139575487617400e-02
5.036345698917783498e-01
4.684630107151399603e-01
9.080105783985414902e-02
-5.875809609537350209e-01
-7.422780301669900105e-01
-2.660775616945001421e-01
1.252117483392869435e-01
1.550711273978433447e-01
5.295264068337632857e-01
1.858570453590071558e-01
7.149404093364946089e-01
-5.550896995607703666e-01
7.514060844682179940e-01
-1.074195891502229827e-01
9.703824515817718321e-01
-1.105944057218837262e-01
2.763856751245186150e-01
3.792485608573996636e-01
3.520704478311116326e-01
-3.909926739974480814e-01
3.317037001479483660e-01
4.551245497670866058e-01
9.679950855448837821e-02
-4.836679858897603435e-01
-7.336297102964268735e-01
3.282549616512790980e-01
-5.741561634170171402e-01
-1.446665093316654715e-01
4.602065743821226462e-02
9.810553036406988170e-02
3.145520833017350082e-01
-9.552152691275752616e-01
-8.028018777447676335e-02
4.079366743293506570e-01
-2.995945571362927939e-01
-6.965443548914440619e-01
-5.872000289929737438e-01
1.612062870315273955e-01
-7.337194263181152643e-01
8.928979007511606003e-01
6.768893188774545155e-01
-7.237479218235876033e-02
-3.309041362039712997e-01
-8.935837745734516169e-01
7.769839187077856035e-01
-5.447112147794779258e-01
-7.285247671903034572e-01
4.155815342051725203e-01
8.032766410819940361e-01
-7.891286620081334746e-01
4.179224498563860468e-01
4.977794675689468651e-01
6.149086468620665880e-01
-4.760391253815112744e-01
8.115073079828114544e-01
-5.061309811194398822e-01
8.472507974672298658e-01
-1.619915096038311297e-01
-8.148446973176128871e-01
-8.384525194515672908e-01
-2.320083800709435984e-01
-5.495297541805665986e-03
1.268882898748309174e-01
1.052876033565526281e-01
-1.885323051343432699e-01
-4.253788258416750789e-01
2.987836455690013882e-01
5.209741516509798220e-01
-8.607335197332577348e-01
4.444149164158956999e-01
4.748960265152091242e-01
1.578603344592259816e-01
-8.113491699353727604e-01
6.656262321805532789e-01
-7.490123534394630411e-01
9.409862874129013566e-01
-5.750412904358768174e-01
-6.759492864985023886e-01
7.508779469477180335e-01
-5.580245588953474112e-01
4.940291869840534034e-01
-4.275516200039608528e-02
7.762990300165251156e-01
7.051866772287413987e-01
