-2.285864460021569400e-01
-8.106046205938071125e-01
-4.694343357838142161e-01
4.130944061304402393e-01
5.335179526341851108e-01
7.043751607626047573e-02
2.179989553228303123e-01
-9.369863427605233941e-01
-6.632370152131703556e-01
-7.921234781874215702e-01
3.668543114931088756e-01
-6.469847282671117306e-01
6.644131909437334116e-01
3.191947871561386929e-01
1.859111188611426435e-01
-6.775060313316509930e-01
-5.681154743624050596e-01
-9.867876876701704436e-01
-5.721162959442833706e-01
4.116471887369299587e-02
6.414111346925512880e-01
-1.445068433910594585e-01
-3.370234516536645408e-01
1.168453583961099884e-01
6.146811095500555044e-01
4.628123095113514385e-01
4.799222649292851361e-01
-2.248221230821867422e-02
-9.314525179644368436e-01
3.343316543243557426e-01
-1.728708179750593210e-02
-8.311768696956454150e-01
2.908739724410502880e-01
7.385702648667413772e-01
-3.047075438821940097e-01
-4.028114460909948402e-01
-7.431216205480895010e-01
-8.757632047348675730e-01
6.815993159092887943e-01
-3.078080904313325039e-01
4.118120275860395196e-01
-3.637863622791137619e-01
-5.394627409474745949e-01
7.156676726527915200e-01
-5.338657775821062934e-01
9.117372410179682696e-01
-1.842901065151782980e-01
7.596556280184230125e-01
3.704863721494737749e-01
1.438076755673722840e-01
8.162999430318591543e-01
2.958915552529526316e-01
-2.108977092841524126e-03
-5.210921104875214649e-01
-8.136075191086844516e-01
2.353961799336223848e-03
1.404597081932863478e-01
-6.291727574239387444e-01
4.924051161117819486e-01
7.884560064072811958e-01
-8.003733347612569382e-01
-9.788284257301347324e-01
-6.990530632475686623e-01
-3.598093604340004692e-01
6.539707340514504530e-01
4.882942762459123731e-01
6.870209056886491528e-01
1.557722242295487280e-01
-2.028723675759545042e-01
1.837690299914200853e-01
-9.096693014049401782e-01
4.264272656207919177e-01
5.351626629017818271e-01
-1.130311217590047601e-01
-3.291140820321780680e-01
-5.108947744748737474e-01
-6.651536492895979702e-01
3.524648190397547953e-01
6.247257539143147298e-01
-5.436770941937822954e-01
6.686343317215919235e-01
-9.777546648758337344e-01
-8.711284860785484252e-01
5.430643857141488340e-01
2.889543006468389130e-01
-1.855741135768367300e-01
-5.615731970260284811e-01
7.648913625444537789e-01
-2.632360307499435059e-01
3.965888553564418384e-01
6.017597592268437712e-01
-5.902138548966475717e-01
7.721090161376611416e-01
-3.240880321923764740e-01
-9.980408402123999156e-01
-3.589033358077104996e-01
-8.055625957940204529e-01
6.877463987218963570e-01
-7.976678775129064647e-01
-1.922252958403283252e-01
6.305846205648446556e-03
-3.142958801484581066e-01
5.278979250132600498e-01
3.026408260598254518e-01
3.605087860877389527e-01
-8.051924269796248979e-01
2.355141894954504433e-01
-1.584216033190017914e-01
-3.679834294373083292e-01
5.638366076058536347e-01
8.351760030973576221e-01
1.369861549196160766e-02
2.021794929312992206e-01
3.623326008986185176e-01
1.199601587772949340e-01
1.230218413790096221e-02
9.276325002498033712e-01
3.370794472679978782e-01
4.047282146131938596e-01
1.110620250539040565e-01
-5.335721301052589460e-01
2.613669461960161922e-01
5.193984872269106212e-01
-2.336812447600125076e-01
5.808169383582928447e-01
-1.976652900285154058e-01
6.078595635936623331e-02
-8.674557145931742763e-01
6.183968871559704095e-01
5.450838690253643204e-01
8.863831528604539933e-01
3.981995027986435787e-01
9.771630129156405609e-01
9.489403758821586266e-01
5.368701996320750514e-01
-2.671017653711300621e-01
-4.865803249789542040e-01
-9.624339812253148718e-01
2.046705687810626006e-01
1.787752492949716832e-01
2.984608675752771223e-01
8.372774957252471228e-01
-5.025660126121327398e-01
4.832753985192614898e-01
-5.047883541102338167e-01
3.930049719833854649e-01
-8.776709726030971215e-01
-9.955528446467671877e-01
8.584281379165876746e-01
-3.274619029286955918e-01
-4.789055930332590805e-01
-5.851533087220881502e-01
8.416384212954322042e-01
9.407849927268308043e-02
9.085524351882432459e-01
-8.681933279876186127e-02
-9.800484115311443034e-01
1.820904858392589087e-01
5.223259241965290123e-01
8.743297958439706363e-01
-6.856877237226393085e-01
-9.610517231751589673e-01
6.503781305026758996e-01
4.231564406183734306e-01
1.641296771678635302e-02
-9.098415143605356192e-01
-1.335997735420817456e-01
-8.499904351620204412e-01
9.189563927630242102e-01
-6.254374780048641558e-01
7.457262451066806186e-01
-7.035717741089166921e-01
2.415230975286442039e-01
8.383906525414932531e-01
-1.488326412252900521e-01
-6.421700272462651515e-01
-8.117311460137606183e-01
8.701260055966375528e-01
2.321193733483997157e-01
2.744294704310887845e-01
5.625432318094489847e-01
-5.382240917923823975e-01
-9.849618723057054215e-01
4.224426490846200366e-02
7.665733468623721070e-01
-1.580083815417878679e-01
-8.768792707764476724e-01
6.113395918901016746e-01
-8.242743077635141802e-01
-9.966571372588086675e-01
-8.721370654774533993e-01
-1.136848433911579193e-01
-7.129990858183616886e-01
2.453383917681846160e-01
-6.510744349646808704e-01
-9.434141406458980139e-01
-5.133162466181437900e-01
8.961113090884369470e-01
-8.562979375470702870e-01
9.101336844581324748e-01
2.214702915239894487e-01
-9.827586899964557698e-01
3.004822708305516787e-01
1.981132858843746014e-01
5.369429680609671962e-01
-2.192162095322554016e-01
-5.284205370493242349e-01
1.644222766927299073e-01
4.725536747758445344e-01
3.693395070482810016e-01
4.386818694460592472e-01
-4.793591577962359462e-01
1.577516595277905775e-01
4.973598724704335616e-01
9.916362832950349482e-01
2.024624561095778041e-01
9.294260809234533571e-01
6.812855059632272337e-01
6.478623651127963790e-01
6.214147385815131930e-01
-2.919697268876908502e-01
-3.949552371974227594e-01
1.444776145113957355e-01
-6.914122497122596744e-01
1.501601237422289792e-02
-6.462725179725459235e-02
-1.234825674987047872e-01
-7.854819203458385246e-01
4.054822906686439410e-01
-2.233563560889864075e-01
-6.144720908755023636e-01
1.982968435828942333e-01
4.305255987437950349e-01
-6.661904271586875925e-01
8.089004684144589508e-01
-2.227585788408947831e-01
-1.075026354281007901e-01
2.503164961282164924e-01
-2.277397446003246451e-01
1.626303708343965759e-01
-3.770820498865496972e-01
-4.100594112284787762e-01
-3.044404742834316835e-01
-3.743698797462418071e-01
9.175890146114975554e-01
-6.077043459138615766e-01
-3.837683007122765222e-01
2.528305904789518443e-02
-6.336660497190356178e-01
6.188061017033308353e-01
6.074237905923098868e-01
5.058624040984585069e-01
-1.931199708117208313e-01
3.247128641699030815e-01
4.677626293384378187e-01
-4.701998935267903690e-02
4.216682694909670293e-01
1.266797178106360278e-02
5.367559134340815774e-01
-2.428631354116244090e-01
-6.932624717951343385e-01
-8.764693697982857135e-01
9.241943914699477514e-01
1.064444156469439573e-01
-5.083822865881053588e-01
