4.533130575538046880e-01
-6.040605941162153769e-01
-6.160272038456564569e-01
-9.395300342864778553e-01
1.820047033898180011e-01
9.742950116978439379e-01
7.451680910657048074e-01
4.673708600093107179e-01
5.858123862306630070e-01
-3.025609964161548593e-01
-8.499257660108756607e-01
-6.972826537834602156e-01
9.024414947975700763e-02
4.292963426580835851e-01
-1.083697484803320954e-01
7.971555779467407454e-01
-8.254779669378289331e-01
-9.391854399283576793e-01
6.585317858435306704e-01
-3.459392254064612704e-01
-2.018057260803463038e-02
-9.109338176106596130e-01
-7.911673394462674924e-01
5.244249256951136751e-01
1.199750581088188106e-01
-7.321126092619978376e-01
-9.831020271525916510e-01
-6.255477594984379941e-01
-9.774120445096912135e-02
3.713612555705525509e-02
-8.168971706606475980e-01
-5.995409180804607274e-01
-6.547860050822285061e-02
-5.000505298117177144e-01
7.440589994605306678e-01
9.894226717438119323e-01
4.514749995760567458e-01
-5.319686386999926686e-01
8.573624165626996252e-01
-7.819707876102688360e-01
-6.712638332305238542e-01
-4.391931340215189383e-01
9.823732641294162793e-01
1.276965028745364883e-01
2.522593646918793731e-01
-9.574218267129075421e-01
-5.361495407883059006e-01
-9.543589845615503275e-01
4.630586603506052779e-01
-6.849249134874746403e-02
8.120613813562707062e-01
-8.476928838267405730e-02
-4.292492462145844900e-01
6.388859694995367988e-01
-1.012744791954718337e-01
3.580875923108339798e-02
8.034527090893330836e-01
-3.647450890198800089e-02
2.352851350205786840e-01
-7.389109850173580796e-01
7.406590973473567985e-01
-4.651224831404412452e-01
2.351930900778491651e-01
-5.582250747281010117e-01
-3.414275015445533690e-01
-8.580497808544507166e-01
3.401033001857847182e-01
9.754180860064964875e-03
-8.519870324196157085e-01
-2.473267556632405828e-01
8.052449465015500962e-01
5.090389684309333251e-01
-6.308672131656947180e-01
-9.622599108642677646e-01
-3.454298421634443006e-01
-4.240279251349581280e-01
5.367599810398353544e-01
-6.362849663789245103e-01
-2.215174907896688694e-01
-2.117211213282308435e-01
-3.335924832403309725e-01
-6.561060655843491407e-01
4.044488829862260548e-01
2.859145456036384925e-01
9.004070274843616328e-01
-6.157772600788986583e-01
-6.249616141621037180e-01
9.281763101523572423e-01
-9.176723329272327145e-01
4.664745116865698371e-02
3.403441244332521265e-01
9.750521714087321268e-01
-5.626893006094793037e-01
6.599504027034122089e-01
2.839644812601702650e-01
1.109615871706663981e-01
6.797151326112067515e-01
3.275329318244097898e-01
-4.967051655243823749e-01
9.386807029002202096e-01
5.579489017865866263e-01
-2.985812139346812888e-01
-5.950291218583063646e-01
6.900352373300866482e-02
-1.585994345291474872e-02
-6.061049025529039458e-01
3.267223094074476197e-01
5.895749733713464558e-01
4.238444429795642510e-01
6.980701063105376747e-01
-8.542560750691889915e-01
-3.136358725349090992e-01
1.258271860794089037e-01
-9.064559227202289016e-01
7.249043472757719098e-01
-5.778403052519081040e-01
-3.597703454620770902e-01
8.550107103257647001e-01
-6.707978308152235947e-01
3.726259227753223602e-01
-3.044424233897402576e-01
6.006418522532686044e-01
-4.081984887099654458e-02
9.945088907638637288e-01
5.867648978285504580e-01
-7.786334160941870142e-01
-6.992055569934918502e-02
-8.000451321909656244e-01
7.897167353797747147e-01
7.950887065408624998e-01
5.096373209188274078e-01
3.820593951267372557e-01
2.827636175818164510e-01
2.449317759405875705e-01
2.523790894476130031e-01
-7.896699730793568239e-01
-6.037038002532322256e-01
9.431805742141774473e-01
6.110220165640758427e-01
-6.171655387228249801e-01
-7.678788618079452899e-01
3.525709322708312499e-01
-5.803484262247180503e-01
-7.357998429245227179e-02
-6.457295337780937228e-01
2.808578936692562866e-01
-1.911424448144183330e-01
5.024535726707666239e-01
9.382813822471944842e-01
-8.255113767674517877e-01
-4.082155441951009767e-01
3.870732522957474053e-01
9.626037619975069681e-02
-2.665098546982185290e-01
7.344553603045960166e-01
2.563830683379368924e-01
-2.074833135418472363e-01
-6.240824608678783303e-01
-7.071261807404971567e-01
-5.619288639795438911e-03
-9.124018240920395151e-02
-9.380082633480129051e-01
-8.707548762031884770e-01
-1.871756534387025717e-02
2.728248902069629889e-01
-1.236789279863335089e-01
-3.684207979126588040e-01
-8.956780760220051096e-01
-8.176731504743290913e-01
8.506741384082112667e-01
-8.062685641019022853e-01
-8.034128666291548981e-01
2.618580948190447621e-01
7.324704154226482355e-01
-1.330374180200435408e-01
9.749215901634100678e-01
6.848555494899686291e-01
6.698417357628798641e-01
5.096889258549504031e-01
6.612466210920922016e-01
-9.660334993503141288e-01
1.175064300696573305e-01
3.545592248496094445e-01
-6.262094443717169945e-01
-5.783429036034211101e-01
-5.317058151722542370e-02
9.341869724169928890e-01
-1.477879504548225142e-01
1.181098973674206132e-01
-9.666012922301852051e-01
-3.045702051928420584e-01
2.450148947131582933e-01
7.940687620535353819e-01
-9.591900125430103952e-01
8.488774172421318376e-01
-5.030950972854024705e-01
-5.464953248031667599e-02
1.143410002273492765e-01
-2.121099400495833898e-01
-9.834750104084994948e-01
-4.699090572098132412e-01
5.671500756254987952e-01
6.227130816495971555e-01
1.637392514026645429e-01
-1.659606827383903749e-01
-4.012778001033412423e-01
-8.112101791291084218e-01
8.269437155273595685e-02
6.393823239943978720e-01
2.776491107802603331e-01
-2.754166076860338208e-01
1.250835594864732059e-01
7.318716197477936891e-01
7.197599676246229095e-01
-5.232268813621827608e-01
5.992765808609223921e-01
7.746508826206572884e-01
-2.731403457254262257e-01
-4.458717563644725157e-01
1.649090232783201326e-01
-7.277683486830230919e-01
-4.541185859484491161e-01
5.463521987415820291e-01
-5.856354019098883867e-01
-4.434891751076270872e-01
-7.859644309065285661e-01
-7.411849972584012569e-01
7.170374093717637454e-01
3.175505558174593901e-01
-5.844300551801362431e-01
6.070910895964301002e-01
-9.454104733139108152e-01
-9.278568963492310750e-01
-3.754537636653403343e-01
-4.685178678568193700e-01
3.104198823825288223e-02
1.566313568584878357e-01
-2.123610176283876605e-01
3.072960954707668613e-01
-3.882648941532163001e-01
-7.689716322044044539e-01
9.050537760995815972e-01
5.635580061714167144e-01
-2.772769964753973859e-01
-6.634646075320371761e-01
8.779703778901639666e-01
-4.517675248106289843e-02
-7.715594288686400404e-03
4.195362308326273659e-01
2.522765834144362618e-01
-5.559889028308124814e-01
-4.242474431209812824e-01
3.694489082453853435e-01
6.329067245120172380e-01
8.630527724387750954e-01
-1.407785254984583734e-01
-6.138274037653994597e-01
1.068213093103276279e-02
6.843582173387297019e-02
8.954844707930105230e-01
-2.747111846426739667e-01
-8.469729777382142277e-01
-1.326646325060387710e-01
3.963252615158747716e-01
-4.940990530618638576e-01
