4.789977693292300387e+00
-1.236384351249190949e+01
3.776861983712518800e+00
3.939575067235386197e+00
-3.020150403812600803e+00
9.100329873166621564e-01
2.867623044557390699e+00
-5.097506472760993113e+00
8.655737107022705601e+00
-3.344951504061046688e+00
3.233294189328520751e+00
-3.644979295376206796e+00
-6.712401337640603316e-01
1.113697347359097556e+01
-6.691782913103169861e+00
-1.138969335652449733e+00
5.221345239509912695e+00
9.068158452707248074e+00
-1.069437982797049003e+01
-5.384123151741275315e+00
-9.221507890455171719e+00
1.989392277877540494e+01
-7.405731872836438079e+00
-4.375494973039662838e+00
-1.146431019682290042e+01
-9.140274906460495785e+00
-2.611825911751675555e+00
5.734080459423633869e+00
-6.013476285660439125e+00
4.269036703464029081e+00
1.460917456658192393e+00
7.380652683935482017e+00
6.293251604370297514e+00
-4.313087191650144092e+00
-1.526912869862805611e+00
-8.294059278079426889e+00
1.438316252374052873e+01
-8.661170845153902675e-01
8.197565079552330047e+00
-3.828743825269480094e+00
5.367185239720340562e+00
2.140042923253423712e+00
-5.261883905803937722e+00
1.461907232285460934e+00
7.425187795480839625e+00
-4.618623015884498528e+00
3.408688760828118891e+00
-6.533828297622586767e+00
-1.126093206730613794e+01
5.952677867282379687e+00
-5.356583763603720350e+00
1.218660776980631910e+00
2.440547265146929767e+00
-3.223993238152454310e+00
3.498798771020126264e+00
-6.458950616585102722e+00
4.288145275187699168e-01
1.334182765692262462e+00
-5.386630849045721092e+00
7.143337405585128863e+00
7.781543951520134783e+00
-6.409766455885269387e+00
4.389314045681346421e+00
-2.878499008827621441e+00
-1.014128450214428101e+00
-1.735237583181786336e+00
-4.130565894455931364e+00
-1.400286711450795174e+01
-2.868098399689014588e+00
-1.733705812326391316e+00
1.440507032487040640e+01
-4.933227161430284724e+00
3.272667972926258440e+00
8.726656992937531498e+00
7.592894092744103318e+00
1.035097450479940484e+01
5.754679274417280332e-01
-6.407284929156854547e-01
-1.024663079578171399e+01
1.525832590350002294e+00
-5.019413768603751436e+00
4.884863335539639806e+00
2.709265829838114925e+00
1.843530387674946258e+00
6.242160818221115015e+00
-1.005579958740308477e+01
3.665387921283413508e+00
-1.573865697260075081e+00
-4.930306900349120447e+00
-6.846744619075314731e+00
2.499256703299080229e+00
2.510428916918153952e+00
-1.076053305391292803e+01
1.536803168136378628e-01
3.936638770705404244e+00
-4.571283633229201726e-01
-1.108532724074279940e+00
-9.091548929691512626e+00
-9.242568022526487681e+00
-6.099440460885560356e+00
-5.882343496412941519e+00
1.449095982751976930e+00
-3.823401973316461699e+00
-1.125371563177064260e+01
-1.767442412378643635e+00
-2.010999706630246742e+00
-4.131155385081751175e-01
-8.243333893562324377e+00
-1.112124563104308406e+00
4.559081593801850296e+00
5.852481747008875246e+00
-1.040521586596786818e+01
-1.647562079956054193e+00
-5.831589866412419276e+00
1.471148655307135789e+00
-6.269295516755889253e+00
-4.420743376600448471e+00
5.330764113824730366e+00
-1.857606653989644974e+00
-8.982093276247489211e-01
1.302900178670243880e+00
1.120229663620997407e+00
-1.018734834508886422e+01
3.761815419683199879e-01
-6.138893504159076642e+00
-2.708490202119688384e+00
-3.972088750391049139e+00
-1.852039233838239429e+00
-1.128124922032462951e+00
-4.777883411769892064e+00
1.166145090353647218e+00
7.746945601613826060e-01
-7.384595267853932832e-01
-7.151634801984884326e+00
-6.819465869584808715e+00
6.614005932943022081e+00
5.237307663057941376e+00
4.200079143817728067e+00
-6.251768284313985458e-01
-2.220485265173823919e+01
3.949525916654674340e+00
-7.946071967865745656e+00
2.732342721714476674e+00
-1.798520868754522661e+00
-2.681318728473548685e+00
-1.257980923637587400e+00
-1.876078142858171205e+00
4.121823673177065217e+00
-8.319238993932977166e+00
7.535668299224790090e+00
-6.065072494299380557e-01
1.666005892996558657e+00
9.679712119890562239e-01
5.870499766183562285e-01
-8.570993666233643893e+00
9.741005524327883691e-01
7.415924213258786146e+00
-3.620598965116184065e+00
-5.317060672321174408e-01
-3.418193336623095213e+00
-3.086774896585172012e+00
7.795169922551790087e-01
5.187216472221650498e+00
-2.898602598896681037e+00
-4.490837650705044481e+00
5.264653884817308338e+00
2.678925663668954904e+00
-1.470660763200817955e+00
-3.519845109819527362e+00
-2.109449512200392451e+00
1.378109167734632878e+00
-3.411198163607021883e+00
1.511850738728244492e+00
-1.197544725290599743e+01
7.021790827330933737e+00
-4.313447950199992831e-01
-2.278362758681776068e+00
4.352099783917913634e+00
-2.054738003671568336e+00
-8.364402072724708148e+00
1.294865217075295671e+00
7.917584767024248293e-01
-1.957465750487599410e+00
6.614109191621306394e+00
8.543724470723494946e-01
-6.735493096036805127e+00
5.524364092629625578e-01
-1.898256676355450701e+00
7.850529669895471407e+00
1.168462803861912747e+01
-3.405418185082083937e+00
1.717791143110726537e+01
-4.223173226295754645e+00
4.232102275715420525e+00
-1.607424763196436679e+00
2.382571862063930901e+00
1.480899363170734162e+01
8.198019813731635352e+00
1.116283063300996581e+01
-3.586629779534611373e+00
1.817484429475823227e+00
-3.787248145920367737e+00
3.021391290901928262e+00
2.432223459049032588e+00
-2.607235633643245620e-01
-6.341831634512022475e+00
2.320214580762996803e+00
9.031171272184629117e+00
2.228479862920231813e+00
4.094693646430346945e+00
2.204999459250488236e+00
-1.134795277247062550e+01
3.197557169559570589e+00
-4.058666586903735940e+00
4.919262661934558523e+00
-2.029661546625206725e+01
5.673321883365660234e+00
-4.269354164025334519e+00
3.962070793023627857e+00
-5.987680746980006852e+00
-1.172734962356028143e+00
-7.970016730088973489e-01
-1.843936559460427116e+00
4.321486248812005826e+00
5.330623083619556724e+00
-7.714044456466915278e+00
-1.034303564525360919e+01
5.534500353511491610e+00
4.700420777966751729e-02
1.002643687792505212e+01
2.706914070089592173e+00
-8.485203085687714974e+00
-3.439386781100927659e-01
9.364960987423639693e+00
1.820812021340887821e+00
-9.977898201123979405e+00
1.187579791632963122e+01
-9.679334557651989357e+00
4.547734583556951371e+00
-2.877095436092055536e+00
9.228986166446535577e-01
1.403152455069921256e+00
-1.469252060063257481e-01
-2.319658915098912200e+00
-9.023338025368898840e-01
-6.952798551870708721e+00
4.971122896611070985e+00
1.876057347810509057e+01
4.206827055191214804e+00
-2.009862711832357096e+00
-3.717804147026237516e+00
6.432768770788170443e+00
-3.895938032339408164e+00
-2.247220355656577073e+00
-3.076611942411219935e+00
3.397341982184752252e-01
8.121791212569597462e+00
-2.503545224783574330e-01
1.299933707144693029e+00
5.185987533563030105e-02
2.765467473446062474e+00
2.631381920105475558e+00
5.982416602942453032e+00
8.902694866829308218e-01
-5.000472759876018358e+00
