5.932318881427933732e-02
-1.281881521577004079e-01
3.197789908405919146e-01
2.202926376185565527e-01
-3.539705473507397393e-01
1.036207707587077920e-01
-2.206304547787185655e-02
-2.440362755294298580e-01
-2.769386949270817855e-01
5.016548030470002750e-02
-8.181024171390267608e-01
-9.291776113489431665e-01
2.017534619591081491e-01
4.453993132011115907e-01
4.212581323757282892e-01
1.813926859725885077e-01
9.286480091186288810e-02
6.135168719846493257e-01
9.660963481775504125e-01
5.686493499833205068e-01
8.090542903830413302e-01
-6.011174142072019944e-01
3.627930314897922504e-01
1.422111684514799634e-01
-8.830723323343354636e-01
-1.272536681130111980e-01
5.753281023409391182e-01
-3.353041213211300775e-01
-8.063064323291873059e-01
-1.826378709565721348e-01
2.128428945554687868e-01
-4.779132081008168331e-01
4.470340459378838727e-01
1.305951823458968430e-01
7.599272924828044395e-01
3.086600875977003611e-01
6.531905056592732794e-01
-1.981495858311721481e-01
8.303528818171959092e-01
9.028826498583781834e-01
-9.627592827229367600e-01
9.530640217665655722e-01
7.021424487356831001e-01
-6.574321543322181327e-02
1.153236887152075951e-02
-7.717881035608198381e-01
7.909531563243110686e-01
-7.335988093549716815e-02
5.396656494425888795e-02
-3.154283932657300227e-01
-1.299731921780302724e-01
2.480821947274145511e-01
6.281785753040030063e-01
-8.762864884420116240e-01
-8.504371234167087401e-01
-5.904051664789249365e-01
-5.855788495726095277e-01
6.492139947889334906e-01
-7.375760676818303718e-01
5.592349998646657383e-01
-6.016792738807912322e-01
8.431642613709569023e-01
-9.587966801146481366e-01
-6.258480725918866838e-01
-2.007002877790668993e-01
-5.467720031316019025e-01
-4.438262575669771337e-02
5.975107804889892016e-01
9.823160799184329495e-01
-3.532484767972436934e-01
-2.156647377268861021e-01
9.984409702481789051e-01
8.581750702939576758e-01
-1.823607570753900120e-01
7.661684060040194755e-01
-2.518840054673778805e-01
-6.663095369650757771e-01
-4.578038994872479783e-01
-3.228823850139883600e-01
2.391501768818682372e-01
8.378439244675139896e-01
-1.125699412080503059e-01
4.378967007894352115e-02
9.095280293630318980e-01
-3.290594810037950069e-02
5.956790808575418428e-01
1.415347224013727701e-01
-5.399935345511310825e-01
7.954710347715785446e-01
-7.855628346703467102e-01
1.544274086377401822e-01
1.654879516592033806e-01
-8.060608287812927042e-01
-8.408515918573700176e-02
-7.112214411577988393e-02
-4.953110428539488908e-01
9.140004005423802980e-01
4.860061929774714962e-01
6.269111537077085572e-01
8.657750881227621598e-01
-4.128095379913521157e-02
-2.801218991584135676e-01
-3.275746090877027505e-01
-3.875506648139981358e-02
-6.740394299802037192e-01
-4.113175669664539402e-01
7.661293735051859510e-01
1.345552318185732066e-01
4.363941657668941598e-01
-1.634428891251564764e-01
-7.123955484502650926e-01
2.275406982755110441e-01
2.167594443964431239e-01
-9.339806279804041544e-02
8.476772989720293694e-01
-9.295351831486511340e-01
3.168199958552271323e-01
5.010841503332434943e-01
-4.350827273642319248e-01
-1.693183895687155882e-01
6.188827036624577893e-01
7.422015657776257491e-01
-2.160908083781820643e-02
3.001931023426651635e-02
-9.647477825919947847e-02
-1.154115481417128386e-01
-4.939685083269886867e-01
-2.772155091098025270e-01
6.632644649770691458e-01
2.088221274063861710e-01
4.588528495031196641e-01
-2.449350056327828096e-01
-2.946052244197172598e-01
9.292581718643095900e-01
6.879929683553600572e-01
6.024753565336475880e-01
2.339337541809747290e-01
5.916998444788177380e-01
-5.000028755766352528e-01
-4.340792126132608786e-01
3.662848832313307934e-01
8.516653060686920629e-01
3.763230682213312139e-01
1.383812345144139755e-01
9.563889377375327516e-01
9.333765173066470577e-01
-4.391284013041119039e-04
1.466850630614526807e-01
2.936061689056279622e-01
5.332359458119737550e-01
4.348529929938269589e-01
5.942934201207068501e-01
-1.532269959570955464e-01
-6.210431050950093734e-01
2.723376647120590022e-01
-9.417847751287866664e-02
-1.641600133938911910e-01
-3.644123959847322958e-01
-8.692375772704197257e-01
8.730011067647294176e-01
8.660519652901765841e-01
9.017790352122376785e-01
9.041508443133596806e-01
-4.382864888833908346e-01
-5.901897200560450862e-01
6.255038017511216353e-02
1.917215316822629134e-01
9.051990932292715009e-01
-3.477276083818214847e-01
-5.557391991752869131e-01
2.085453025070895805e-01
3.076886373476610537e-01
-6.933445333357564078e-01
9.218723895536540258e-01
-6.105621706754778000e-01
-6.602903264063513245e-01
3.693795386429443717e-02
8.448714813165552062e-01
6.929723692354092801e-01
5.780515092187705761e-01
9.896379502054841737e-01
3.163319865885179105e-01
8.655696055314374693e-01
9.709530682641402954e-01
2.199394736436020015e-01
6.883924326153438855e-01
-4.010256473493156726e-02
8.648014942290278562e-01
-2.781492985058535705e-01
-4.637320328101359745e-01
4.115192653768384723e-01
-5.014208202146672733e-01
4.340269936771572468e-01
-3.124590595608442989e-01
7.015326021725394323e-01
5.715155772366067310e-01
-7.116496725958354475e-02
2.933643838494115474e-01
-2.278660948508495210e-01
-1.867932920783401674e-01
-3.769516811454163285e-01
-5.565150103832401385e-01
7.363321684296857406e-01
-6.928083881840096936e-01
7.381879089266314420e-01
-9.960093688430327052e-01
-2.853976991329894020e-01
4.911408604353164620e-01
-9.151213554114447923e-01
2.589910705177800310e-02
4.885069462762632320e-01
5.960273753629117266e-01
-2.008050211619474279e-01
-8.884184069165057540e-01
-6.685877061117420084e-01
-4.267688773131370628e-01
-7.308464495552668971e-01
-8.840812261207675604e-02
1.799253394257500638e-01
4.618010961087006816e-01
-9.600306759929500000e-01
-9.944880870376917592e-01
3.014992704612218244e-01
2.979800434638524287e-02
-2.151275676897832501e-01
-8.558616668791509952e-01
6.735794956770655428e-01
7.524159963264009932e-02
-5.226540350225612475e-01
-4.522892022602051920e-01
-5.347575830072526237e-02
4.492207421069636109e-01
-3.153535908840043867e-02
-4.981158852224520928e-02
2.265713972590501779e-01
9.539035553952275315e-01
4.096062885367772743e-01
6.194137888236108669e-01
9.588820421863224475e-01
2.841855834912194734e-01
-8.279004136772503131e-01
9.651875422368891844e-01
-2.431084905831770726e-02
-5.238377024258906722e-01
-1.850747888576504963e-01
-6.448394766072951256e-02
-4.620280845342206177e-01
-1.328467414579821426e-01
-7.182767126665345891e-02
8.357384864944112923e-01
-4.328412761169653233e-01
-4.161748480175866405e-01
7.578849226036401543e-01
9.493313994725489646e-01
9.447472948426161032e-02
1.132042715947556566e-01
3.562485432544981734e-02
-3.389134702631406704e-01
-7.308274135483492362e-01
3.993831708232895572e-01
9.019675647011213826e-01
2.515892182829235768e-01
5.606155567828725594e-01
-5.464981410830271891e-02
-8.024281767559597878e-01
