-8.422883251835970864e-01
6.573267048820710112e-01
8.407365179339187922e-01
8.101567145494710243e-01
8.197734618097036741e-01
-1.066953059239734714e-01
7.842196893360660059e-01
8.424402896942368990e-01
3.492357031662178812e-01
7.187608474037274764e-01
8.653509815502902214e-02
8.626297380338776577e-01
4.068099709209243020e-01
3.044039874378685617e-01
-1.202550787465961335e-01
8.824705046387801843e-01
6.903254264737903600e-01
2.400914159911973211e-01
-6.562281212172793587e-02
1.206291914558776934e-01
-5.602214108615415356e-01
5.647642808505302092e-01
5.946507046632285576e-01
8.075625029045609971e-01
-2.160377980186201086e-01
8.353702035979866380e-01
-5.254703886771685539e-01
-2.700509006858762273e-01
7.981375013798379658e-01
7.233336399822347662e-01
-9.172638345193535603e-01
1.545921564304029161e-01
6.855377001290026140e-01
-6.074730527429574867e-01
4.267947118219870273e-01
-4.890992562740679173e-01
-2.514968339791219254e-01
-5.292239867834496181e-01
7.275545722243632607e-01
-2.094951935631808038e-01
6.739884799617397171e-01
-5.872575559473214302e-01
1.862009999575378050e-01
3.812888658269781850e-01
-9.882572270532268277e-01
1.846070609965109188e-01
-4.839692825374763974e-01
-8.370982903171200196e-01
-2.082741891259736189e-01
5.403522600352095306e-01
2.955285890576224705e-01
6.002159232239034914e-01
-8.694583013975312191e-01
-4.019162233825759323e-01
7.662010497661897457e-01
-3.794308475832199878e-01
-4.509967720890115661e-01
8.350145198911829159e-01
-7.944166611845502324e-01
-6.274292754238195435e-01
-9.246443307259635258e-01
-5.764617044301267867e-02
8.709373029141160849e-01
4.559404386973977541e-01
6.277331236493717270e-01
1.011238682961046464e-03
6.708410923944674309e-02
-2.875493467616769827e-01
8.690487180649648646e-01
-2.061885254595010597e-01
-7.713622841098717320e-01
-9.300451256075785711e-01
4.514354210439586179e-01
-1.117893483788294784e-01
-4.233158253957325368e-01
-5.599102140719489640e-01
9.885997651137221620e-01
-6.631752585494607999e-01
-2.828838947428737871e-01
3.067530111911631607e-03
-8.079256005472874591e-01
-3.557257949385050910e-01
-5.039498092291399001e-01
-2.044776152691343274e-01
8.252157440259837440e-01
1.552660769525904261e-01
-4.682547300543280500e-01
-9.639528391174321253e-01
-7.408121630351278686e-01
-6.545973330113741273e-01
-2.894391687826924908e-02
8.669720216949716729e-02
-8.354537198270277631e-01
-1.235859585204670541e-01
5.281314264142977777e-02
8.779477639431740865e-01
8.441738816074546570e-01
9.779370572381855808e-01
-1.226364151536489810e-01
7.286166786626802061e-01
2.948265634762228249e-01
-1.815614069616728887e-01
-7.090671533845522845e-01
9.504285915966437237e-02
5.903921106303597899e-01
-1.504611976500562776e-01
7.813313934203309774e-01
-2.359155697248003225e-01
-4.888376355217682878e-02
-3.047392712789114277e-01
2.970285969359354183e-01
4.128472038020911672e-01
-4.872563555098219368e-01
4.040028075891199943e-01
-7.712124246277416439e-01
-5.801500841255660124e-01
7.129313558696286357e-01
9.430282285866429248e-01
-7.415656021875152160e-01
5.960130192970396479e-01
-6.259086073869055689e-01
-1.969914964918357825e-01
1.671156167246905522e-01
-5.654334203745214893e-02
7.977950423846331685e-01
7.691004554856855080e-01
2.570073553901819352e-01
3.289422121316065706e-01
-9.391578357591308102e-01
7.177530308270625437e-01
-9.368580122638747731e-02
-4.439510517050151428e-01
-1.623547800933082819e-01
-1.056716684401470818e-01
4.984479650945794482e-01
-4.339772395693120011e-02
-7.706403588429562301e-01
-5.176593942258194136e-01
-1.813723868277827833e-01
1.613236557033650431e-01
-9.714079089845393256e-01
5.045850966904206203e-01
9.245240782422468051e-01
6.333772004418842805e-01
9.483653319136333693e-01
6.209259941479658984e-01
-6.725904975653542728e-01
-1.850391219876916793e-01
-1.987161826371990347e-01
-2.989798447974436613e-01
-1.611899377638374986e-01
2.121847903736331364e-01
8.070293099951544313e-01
-3.549610768976823039e-01
-7.496936933107543055e-01
1.870757765378618931e-01
4.618665139613209458e-01
4.208419243381982255e-01
-2.354539278803777780e-01
3.642425166630420819e-01
-5.587963580035373301e-01
1.486674717541063284e-01
-7.606938575255761670e-02
2.274872163007366499e-01
9.747859989442784201e-01
-5.594170064448531487e-01
-8.394460198025166520e-02
5.672061875513949580e-01
-3.635735794539409760e-01
-6.702049238923688534e-01
6.343552565511509922e-01
1.376498222859829923e-01
-8.977981333257711860e-02
-5.671353290744638453e-01
6.036922893590861428e-01
-8.192449152295928627e-01
3.009479074972079005e-01
-7.667198066594016481e-02
-5.665554941344952411e-01
9.996350542741829770e-01
-4.560525581746770474e-01
-5.951790615099765702e-01
6.001278504685580995e-01
-8.569744433207115986e-01
-7.872559983707461129e-01
6.602832590268181701e-01
8.656208561504505905e-01
-8.642959592545216285e-01
-4.090597727573312969e-01
8.748560805075349389e-01
-3.807071131955974685e-01
2.913942065248049662e-01
8.954825506115704492e-01
3.547061204990638039e-01
3.908548685248414145e-02
-1.344781369751602007e-01
1.133068880232632747e-01
-5.648011689713230421e-01
-9.578499254674106567e-01
-8.568105773148377846e-01
9.690200831633268841e-01
-5.487530380784033657e-01
2.497901510164088901e-01
-8.462262613043745052e-01
1.020728814435110099e-01
-3.525860907801565691e-01
2.827648982865305083e-01
-4.165045156831124196e-01
-8.958429482381675690e-01
1.168633450122034123e-01
4.709495400031982193e-02
7.957107322770213820e-01
9.043341907295809889e-01
-9.826253983163797390e-01
-6.504515769892491583e-01
9.884198414245084496e-01
-8.737288849389990286e-01
-8.137624690185349952e-01
7.865599674283583198e-01
9.848185729021154966e-01
-2.117237694304499040e-01
-8.712184935119102747e-01
8.150937399054967170e-01
-3.845575795731306368e-01
4.431664380660491620e-01
1.312413574951953876e-02
-9.133966576972913920e-01
-5.823661511116555722e-01
6.228908779130670759e-01
-6.729342989072053527e-01
7.335155419383936337e-01
-1.356951149270866352e-01
-8.773868383975254037e-01
5.061289073138639516e-01
-7.745816380836028081e-01
-4.151254600769640479e-01
6.450986571286889681e-01
8.256383929923183373e-01
-3.681873794173065040e-01
9.943256604528196707e-01
-2.220800936751987642e-02
-4.568389132786505602e-01
5.161746520155938711e-01
4.445127602393781352e-01
9.584355957427856954e-01
-2.705865364539337126e-01
-5.339133122764179173e-01
8.724371513139936862e-01
8.735464412072528884e-01
1.977346951887988258e-01
-1.912329767807885439e-02
1.523873270664544144e-01
-2.245950197552553096e-01
4.479208074716509724e-01
-8.525243771644204216e-01
2.850607529950333063e-01
5.284392442238365906e-01
7.462429496675240248e-01
-9.526474374993272320e-01
-2.664255686248147015e-01
1.620585233260740665e-02
8.446590097190176394e-03
4.801245824761521952e-01
-4.548781914813098126e-01
-3.968947951583179368e-02
