4.631299794484615706e-01
-1.535544569114355440e-02
7.364441603532045910e-01
2.369403718328690900e-01
-1.151956364754076478e-01
-6.506074598164064415e-01
8.229629655507582076e-01
3.825333669290897909e-02
-8.587192224674424779e-01
-7.335490630192333938e-01
-3.285297951761834145e-01
-9.292869708231210613e-01
7.579181774873204880e-01
3.015345451740354399e-01
-3.436590859566244216e-01
6.641440604832071770e-02
4.934458561349903682e-01
1.776348885860290494e-02
-2.643728058843404227e-01
7.827229469004333140e-01
-2.021496560355573457e-02
-6.279498626167276942e-01
-1.457078639878701676e-01
-1.968618962200483491e-01
3.421893341057138382e-01
-5.412691824771620475e-02
-8.830188523076414331e-01
6.911362217970884458e-01
-7.522006663297380324e-01
-3.423872480710301591e-01
-6.348520064101714766e-02
3.929423804607936610e-01
7.575359933976100191e-01
-9.279520736066964037e-01
-4.094325629649731013e-03
-8.697227491173769032e-01
7.696234740460030643e-01
8.052547522556376958e-01
8.902230813463505310e-01
-9.348140565717488748e-02
-8.917781519168754834e-02
9.938724979685560346e-01
-5.159216848606889005e-01
-4.774574677269687317e-01
2.533686615658758967e-01
8.556961115877159685e-02
8.083837930025756791e-01
5.293419056950778856e-01
-3.331225813680938064e-01
-5.157128221168452153e-01
2.067066329078377507e-01
7.694474808381206454e-01
8.633131626296206562e-01
-9.281692464881576843e-01
-2.636864082735814740e-01
-8.075134667881413986e-01
5.949312740986933967e-01
2.285899028300806268e-01
-5.614936804380423752e-01
5.233534394525476419e-01
-4.573067794163347966e-01
-6.408789342190506222e-01
-9.533888127804202028e-02
9.282210739079483908e-01
-3.574421655858239788e-01
3.485426384792507104e-01
-9.906923329827181934e-01
6.903172455077191128e-01
-2.674880108750363750e-01
1.673361969236857316e-01
8.899139286784296665e-02
5.275376441803747429e-01
-3.483302891012831637e-01
4.484671679318619208e-01
7.697110123294483852e-01
5.708909790433405185e-01
-3.319878830612081888e-01
1.505746783405741418e-01
-8.149255880034067534e-01
6.604354608671636484e-02
1.958034260313838981e-01
-8.241131271400699010e-01
4.892263147951283475e-01
-4.429031935295939526e-01
6.089937553364146439e-01
-7.197524361176343977e-01
3.690345783259880719e-01
-2.032503031045895803e-01
5.568698841500343555e-01
-9.598096085770444486e-01
-1.765531422743982226e-02
3.199255507217686478e-01
-8.297847693123321378e-01
5.637637811721936121e-01
-1.008664276325530462e-01
3.411202149801035866e-01
-8.195890389164328660e-02
2.074897322889561746e-01
-6.702347809833117953e-01
7.943886971176405964e-02
4.970091401053449154e-01
4.276949124755557996e-02
-7.932911098804618089e-01
-8.702249389030212168e-01
7.205842859220963348e-01
-8.502346316550335459e-03
-3.505851632029262088e-01
9.242345332887837994e-01
8.469369697115758377e-01
4.048645583440364515e-01
7.050422371022855295e-01
-6.854365877734029944e-01
-9.278261595196104494e-01
4.281674965785751130e-01
-3.875917870115930253e-01
-6.578696001597734710e-01
-7.429064023969322861e-01
-4.022518360309224050e-01
-7.670492022702954937e-01
-9.870785708890768007e-01
8.325687517877895516e-01
1.429812365348015479e-01
8.014545116742315400e-01
-9.956891242275425213e-01
-3.840338264705773774e-01
8.545936294078075868e-01
-3.525251346747582115e-01
-8.487532734712328608e-01
-4.953188277595577116e-01
-5.696481666716475267e-01
-5.860387106943876212e-02
7.458417621404180853e-01
-1.381639726680461422e-01
4.132981984750743187e-01
-3.190441829043644262e-01
-8.116923634323480741e-01
-3.945074475493417498e-01
5.092988398617441792e-01
-9.217899577971082614e-01
-4.148768049342772546e-01
-9.279474832278795660e-01
-5.675920619116310295e-01
6.227070322359884447e-01
-3.558499003671362626e-01
8.014393945987383638e-01
-1.141593037274524214e-01
6.184344216913384429e-03
-3.688115589386198323e-03
-5.698977631201178617e-01
8.871757086801455028e-01
3.022454697994003681e-04
5.224614003749470381e-01
2.490118856049465812e-01
-8.386029740056555326e-01
3.423632083432905926e-01
4.322422419888967138e-01
5.082070086168013479e-01
1.566169046915888430e-01
-3.241940588278919844e-01
1.731853596047909782e-01
4.995210283249904570e-01
3.683805232738834867e-01
-1.200976973631018296e-01
-9.727434220989259472e-01
2.253938792156304771e-01
-4.752200391955863079e-01
5.654041861879246511e-01
8.639412099487375762e-01
3.222128400118682290e-01
4.482484631133591968e-01
4.131802001474842445e-01
5.567030369626859709e-01
9.580408387225110012e-01
-9.478117278998698936e-02
6.948986009489812599e-01
-7.720731217590086626e-01
2.527817454969847333e-01
8.300880380128532465e-01
2.252196026083532754e-01
-1.981195589582500638e-01
1.676541872467816052e-01
-4.002139941774705001e-01
-8.277630971400837812e-01
-9.444279224064584533e-01
1.070344792122324140e-01
-6.451853816582056034e-01
-5.670074210116895497e-01
4.278250683476181315e-01
2.092962958631172654e-01
-5.557429348908466960e-01
-2.555819520241906506e-01
3.717771671145906343e-01
3.134821827423457385e-01
-6.720031424588130964e-01
-1.920798740998110876e-01
-4.217927772498046846e-01
-8.159352799633297071e-01
3.132381309311631501e-01
1.207408610428104545e-01
-3.842909411435080358e-01
3.589850855923315542e-02
-6.427996266902036293e-01
-4.400436438328541033e-01
-5.802927857928663613e-02
1.850109915730768773e-01
-6.421838788995295477e-01
3.778038611060352547e-01
-1.049020986323594418e-01
2.909005274576572653e-01
-7.602509572824547313e-01
-1.255639293452535110e-01
8.369974899351584341e-02
-7.770103176762828134e-01
-4.445228866960428959e-01
-6.059425412990138149e-02
-7.407617900163505631e-01
1.588155270485835935e-01
6.636665357491522421e-01
-5.175556279130373305e-01
-9.228458993423678258e-01
-3.098596143553500326e-01
-1.496874783668822317e-01
1.680878937190302125e-01
5.362885000119128609e-01
-1.346750827213778479e-01
-1.362100906480190332e-01
9.347069833448120590e-01
-1.388448171237983697e-01
3.182951748790143753e-01
-4.051730408833082997e-01
-2.890175398404841722e-01
-2.853829945770944843e-01
-8.511879486843583198e-01
-2.951931353854531093e-01
7.530921731567679078e-01
-8.618119045136365397e-01
-5.967840231113628047e-01
-1.554411142841776172e-01
8.963886245960106525e-01
-1.446119749758858486e-01
-2.314794590071831415e-01
-5.880973250744152558e-01
2.446014330173276186e-01
-2.179895789946058038e-01
-8.036757744068727671e-01
-6.966370322255552860e-01
-7.041472412307228090e-01
-4.626609802215948530e-01
-9.747997915245054656e-03
-6.300045083168432924e-01
7.660165512856782488e-01
9.945753447500027544e-01
-2.207432965108828693e-01
2.863801653641853129e-01
6.560269996237242385e-01
8.802925316438259262e-01
-7.408575937660817345e-01
1.738906595689397871e-01
-5.971440760030777284e-01
2.197848906082326970e-01
5.716631488936461114e-01
-7.988898273014872764e-01
5.953687633219639785e-02
-8.680003358190384599e-01
-6.111599761122126218e-01
