2.225021488212430842e-01
-9.383871828329055642e-01
-8.309071981844606825e-04
8.887404476560849531e-01
5.239262762652072691e-01
6.963911633550052827e-01
9.677004585471369325e-01
-3.518671182240498130e-01
-1.954881792484302050e-01
7.517170265647876715e-01
1.199220431890153371e-01
7.857718214094104869e-01
-8.722132823641433053e-01
5.967881417551430534e-01
-1.102506900526660782e-01
3.541119067224358652e-01
-2.510095644923473479e-01
-7.562661039576059618e-01
-5.613829475522258416e-01
9.124596132306541652e-01
-1.173429375746275483e-01
2.995787748738798495e-01
5.501081882464704531e-01
-7.053808369814842383e-01
9.576023346481705723e-01
-1.085783197661815969e-01
-3.408052261684022533e-01
9.889389038966700518e-01
1.370967916454615132e-01
5.371412866178075785e-01
7.176536954856849171e-01
9.374939699857713915e-01
-9.220102398109466524e-01
-4.979724335647719435e-01
2.547108039922065803e-01
-1.398189553377475747e-01
2.933586584831664457e-01
7.910124961239857200e-01
2.609921999891855471e-01
-5.207608786323842942e-01
9.442956339528030263e-02
-1.521795427332985895e-01
-5.030687971687977100e-01
2.652217577384721192e-01
-5.677502321774396954e-01
-5.074584669515771473e-01
-2.712527900280350401e-01
7.843701190642820009e-01
8.695586581312282348e-01
-3.483226130435228551e-01
2.281434686567695991e-02
1.970752060779967785e-01
-7.552334325739051835e-01
-9.548538161847996975e-01
7.097939852129993010e-01
-1.048738927697629997e-01
-9.599881511266794565e-01
5.036128337974841163e-01
1.292136058272186361e-02
-9.316539712820790520e-01
-7.992650820926907596e-01
-7.223519323292515448e-01
-7.487115447205414664e-01
1.052761955611540845e-01
1.519818101125434140e-01
9.447682450348688921e-01
-6.391396389958983182e-01
1.293733700227090999e-01
4.105964626381140015e-01
-1.560474867402064092e-01
5.398533437245647271e-01
6.276465151398755715e-01
3.225020853815709909e-01
7.882896644833727873e-01
-2.876587339123122256e-01
6.956771272002828521e-01
7.163358293697925649e-01
2.804952757602785507e-01
3.481907692412822275e-01
-9.692024291360552546e-01
1.478954459849668446e-02
4.026591170894073812e-01
6.904292980272206393e-01
-3.379195284614882056e-01
-9.634328379944028242e-01
5.657941094239773427e-01
-1.823261343764279729e-01
2.895249490913680557e-01
-9.475390900539615302e-03
8.159578122650859022e-01
-4.487815864609214778e-01
4.983814494554139607e-01
-4.721211518101133819e-01
-1.045267383298846831e-01
4.303721414438195225e-01
5.726323951126646161e-01
8.227722951030205234e-01
-4.478141977531200357e-01
3.711105233431968298e-01
1.972258844921830345e-01
4.053936009708911659e-01
4.109496904224374525e-02
8.927264083626609281e-01
3.278405167236591033e-01
7.864326908116014980e-01
8.489729969306036850e-02
-1.825028623049775867e-01
7.829068754247519024e-01
2.629025470606092263e-01
-5.168346848995939435e-01
6.668336297854482453e-02
3.395343295830690611e-01
-1.534717180043745355e-01
2.738326304152431945e-01
-4.579243723124408749e-01
7.624971596369836124e-01
-9.491145842297219470e-01
5.248406007014061458e-02
3.183258168408682476e-01
-5.375045556347717302e-01
6.143330118577894350e-01
-4.295518376297278174e-01
4.769513912426708302e-01
3.484985706605305822e-01
5.246692617037984618e-01
-1.798456478584409268e-02
-8.423976658484129132e-01
-4.691048061978047024e-01
9.630186454185230005e-03
6.448002009524269607e-01
9.756922042012174945e-01
-6.494193171376649865e-01
-9.583146601980061519e-01
-5.466904838268451527e-01
1.139077654470197487e-01
8.839731993015160771e-01
-7.676974626021118020e-01
-5.793534235507198371e-01
4.880280132858343389e-01
-9.097385823487023071e-01
1.496899609244428664e-01
-4.937234378766226506e-01
2.801475977553382624e-01
-6.932217948405008379e-01
-7.269086428746569517e-01
-8.214380886344616606e-01
3.654242369970410742e-01
8.603521051936824371e-02
-7.405469102053707786e-01
-7.479486036548910199e-02
-7.019286289390889166e-01
-7.855335883971577005e-01
5.077611601388667406e-01
5.215840817565648990e-01
1.646690208063898986e-01
5.550972981483952573e-01
9.654585279007070753e-01
-9.569333198721581280e-01
6.621745830040020042e-01
-8.518250095296031610e-01
-8.795508626426675747e-01
-7.627732126828115078e-01
5.170075324304908015e-01
-4.694203389193758458e-01
3.191608754625652189e-01
-5.783799314225692711e-01
1.079464055380483511e-01
-1.327873486715420714e-01
-9.509539849229802222e-01
5.066400326192253001e-01
5.569294591658955351e-01
-3.229193241584553675e-01
-6.695489622871302338e-01
-1.180359211194506042e-01
-6.819820425133908959e-01
-1.580892712588743976e-02
-5.667555011082039407e-01
2.520790062007005616e-01
8.040357635327159969e-01
2.148607495788019683e-01
2.862437611793477998e-02
-3.997214041860626121e-01
-5.016015001240941018e-01
2.948500800869071625e-01
9.037979411954844000e-01
5.814128974413459439e-01
2.110451159326696136e-01
-6.703738447760787533e-01
-9.211577914330479899e-01
-2.363986643657491893e-01
7.933481623087537127e-01
9.045986234980027962e-01
-4.047422314706463631e-01
2.386982117871090381e-01
8.450433513115951367e-01
-1.477520559234573039e-01
-8.946858539264574972e-01
-5.904875666954414459e-01
-9.146633476282119979e-01
5.873908646750982676e-01
5.976000996554440281e-01
1.299371484955902378e-01
-2.668784709205833661e-01
3.904536445856325866e-01
2.886966424065682268e-01
-8.323191946498522675e-01
3.700804621854811849e-01
4.209009283285491954e-01
8.009575095299372727e-01
-6.310423406509393374e-01
9.693852226625967461e-01
1.355383190975896213e-01
-7.564348139044920760e-01
8.317805412588952230e-02
-1.338870578461341942e-01
-9.212894818813190945e-01
-3.676946329741566100e-01
-9.872329797345429370e-01
2.307537777612223007e-01
-8.715294034918592558e-01
3.954189307088462613e-03
5.644220487378175388e-01
8.007779101015239931e-01
-3.952653966123735874e-01
-3.215928071448463932e-01
-8.934617725694553592e-01
-2.607661589032668203e-01
-4.742499226462442152e-01
-9.727758257559824262e-01
3.325543260924601618e-02
3.798769601504732307e-01
4.578920391590115546e-01
4.444866124549249342e-01
2.726943616919252911e-01
3.505936371548239450e-01
3.915034298678758962e-01
-4.870176355010307212e-01
1.537624115629392385e-01
3.977619773501643863e-01
-9.943001955039629802e-01
-3.204802513680156117e-01
9.783117453839424993e-01
-2.502055990230118709e-01
2.738802378949767302e-01
-4.446345891893148661e-01
7.705878143684929960e-02
-1.066911628655620170e-01
8.880694027578321936e-01
-5.471048925942230134e-01
-3.711197770318110933e-01
1.927484230219842498e-01
1.209205009705376366e-01
2.583579490132459355e-01
7.387739073640511300e-01
7.385873039259449602e-01
-5.869708195425342723e-01
3.384414571063620869e-01
2.164477279049692449e-02
3.393565340384157025e-01
-8.251260591756954810e-01
2.288651056714801069e-01
9.532725819620813112e-01
2.566633199025369905e-02
-1.592690581520159743e-01
6.230823503508085004e-01
