-1.158724093483303630e+00
1.350512446861033222e+00
-4.634601510033835581e-01
-8.015020532680162679e-01
7.427154689871779958e-01
-7.604323505569863251e-01
-7.490539006065294325e-01
6.813994885627956410e-01
1.897840620479561702e-01
4.581914489034218940e-01
2.639858505911341080e-01
-1.719570634930885911e+00
-1.797041856173291707e+00
-8.794558496137581116e-01
5.146549909407978074e-01
8.245822045782803533e-01
-4.858759820771401117e-01
4.066729274802670102e-01
-4.035996369070837808e-01
-7.867889895042980974e-01
-2.287438268018575638e-01
1.123546521422869704e+00
1.622435933463807656e+00
-1.816775980987272332e+00
-6.001326127570154600e-01
1.108345975577275766e+00
1.506738017283181463e+00
-1.261291794061089711e+00
-9.330588649882338714e-01
8.833260359134295081e-01
-2.011446955596987163e-01
1.759442549422227664e+00
2.757131282784351933e-01
-8.755494344806191709e-01
-1.073334214466866943e+00
-7.234385054654525193e-01
8.871638884319519303e-01
8.619712591182335792e-01
1.081596278503691444e-01
-3.639245561847500032e-01
-1.052330967835447328e+00
1.437257998075331944e-01
-2.232723684492107230e-01
1.327092809660651351e+00
-3.718367415439257084e-01
1.412462211973351423e+00
-8.780226316505683748e-01
8.285066209615690180e-01
2.276066858276662996e-01
-1.693540401439284082e-01
-1.755850763631072509e+00
-4.355723820141619296e-01
1.240498319490045187e+00
1.663556139995330252e-01
6.409243537130870916e-02
6.025241466441999538e-02
-1.212201297913301001e+00
-1.190869276614401784e+00
6.407109612312490710e-02
-2.184111656749765373e-02
3.012316136697893443e-01
9.328989638588180977e-02
-1.381647559819581428e+00
-1.959683210703785372e-01
-1.172715963603222278e+00
1.352335640757217350e+00
1.205276173795515327e+00
7.067944629248041899e-01
-6.144557786569821989e-01
1.409002166900217290e+00
4.730627836985928925e-01
-1.018682344742077195e+00
-1.647145437354345487e+00
8.072002603420744826e-01
-5.493335123882155946e-01
1.151915847227413803e+00
1.122097094208218238e+00
-2.815675142033376988e-01
-7.425712180717454203e-01
9.321027108415984586e-01
-1.640064661005590008e+00
-4.707749247294175099e-01
3.194142708656497187e-02
-2.273294798745922884e-01
3.604854739175450962e-01
-7.851458922474754409e-01
-1.707750495035318394e+00
-4.834263595478742737e-01
-8.909364619555888432e-01
1.023898988585330017e+00
1.370518551226948212e+00
8.344805209428113324e-01
-1.803986982514176329e+00
-6.516954802175594086e-01
-2.282810262547281255e-01
-1.356961890359399625e+00
6.589916874273096248e-01
4.742304019562887940e-01
1.662173371035555736e+00
9.662809245866088581e-01
-1.445105582416997603e+00
8.061439639095591136e-02
-1.403702471713786482e+00
8.925934968606636932e-01
1.535618816863711933e+00
-1.778413412703836460e-01
8.608634381248569944e-01
4.775104638242657629e-01
1.617248827006103840e+00
1.245390678208623259e-01
4.927023218061719056e-01
1.109343909612211299e+00
-7.126960051257076323e-01
5.310534656820875554e-02
1.594646320308137355e+00
-8.949933116041290937e-01
-1.552668904174847597e+00
3.758161696388920281e-01
-4.238774756497217244e-01
1.373824798549581061e+00
-1.053382496440761429e+00
1.728944212334515118e+00
-1.899269697397071077e+00
7.159069940629194662e-01
-9.097616966474959543e-01
6.029182951770459820e-01
1.725278951220295509e+00
-8.696407894475184364e-01
7.168276588061847088e-01
-1.118627675953965728e+00
-5.590193599544139857e-01
-8.843578534095553056e-01
7.451040810532566505e-01
6.936356846207338833e-01
-7.324157009470013691e-01
-1.250635272846835289e+00
1.841850470537358619e+00
6.346134964192560179e-01
7.124946884019052185e-01
-1.385775260489986449e+00
9.781266723981707489e-01
1.026525591856346065e+00
-7.442232262670346599e-02
9.010143921926265786e-01
-9.923734856440606933e-01
-3.226401480831098123e-01
-6.766751479136245973e-02
-1.070467212936867307e+00
-7.828512312643509663e-01
1.463162728162818782e+00
-9.864836755471498853e-01
-1.870584680884010753e+00
-1.236855196286014369e+00
-1.584641674400807387e-01
1.482904445294062068e+00
1.546059629897690302e+00
-7.353054778520072832e-01
-4.007812542708806269e-01
1.706321683221899033e+00
4.590874165986874589e-01
7.181116031561853852e-01
-4.019823363640924185e-01
-1.271686779441339787e+00
9.326319736661337068e-01
-1.462307078052619280e+00
-9.701088037642735529e-01
8.383496113034740738e-01
-8.495121875744121587e-01
-5.887757775696496054e-01
-4.249006887053086157e-02
-3.063737320324899649e-01
-1.106038518728626130e+00
-8.046120979773550008e-01
-6.285775260430523925e-01
-7.531964291842615511e-01
7.968217004542642590e-01
6.925697355533808608e-01
1.375573611819680409e-01
-4.837569039887609779e-02
-1.826384378214437776e+00
7.497333259526769433e-01
1.268247408655009956e-02
-1.316468802938974836e-01
1.883821230369293831e+00
-4.172805137142499565e-01
7.528458926598931011e-01
1.793389229170125443e+00
-1.958034437163259422e+00
1.486451070600669500e-02
8.533944368671531056e-01
7.360859319158796765e-01
4.538232317599115717e-01
1.062064974097149950e+00
-5.811066850143564722e-01
5.197186240009388225e-01
-1.759316283217114973e-01
4.577710786926305619e-01
1.592545688305057050e-01
2.882758850433921882e-01
-1.288965049522187822e+00
1.041895923514994493e+00
1.354102830572144534e+00
1.107238937027734682e+00
5.308141322345969471e-01
1.224162401055779670e+00
4.708473637562646807e-01
-6.182911932512979991e-01
-1.005353410447106910e+00
-1.341127743728979471e+00
3.378706305380704822e-01
5.930935396907168755e-01
1.493322558646833720e+00
-9.314269040432783253e-01
-4.431118262951036502e-01
-8.654478395840252691e-01
3.559785129600127607e-01
2.182877273973855559e-01
-5.266740952251154351e-01
1.100867847105057695e+00
5.071420806073561049e-01
1.214109146421146868e+00
9.495030091969901553e-01
1.047050255134744035e+00
-3.310578512900460013e-01
1.104388848303200721e+00
4.611407512637201722e-01
-1.514784553008248436e+00
1.461086756674622622e+00
4.848015160604282059e-01
-3.468106717325653565e-01
2.216891292036171635e-01
-2.856867541773224772e-01
1.034743107609036733e-02
1.074997509382963345e+00
9.730853976141287109e-01
7.694505553984423152e-01
-3.579215185481954276e-02
-5.985717869926572288e-01
-1.211544653245264502e+00
-2.668180808762132816e-02
-1.096205526336258895e+00
-4.928635789406905499e-01
-2.738718381212580377e-01
1.632211009660517576e+00
-4.724611658495589950e-01
-1.117434707948383732e+00
3.234750049977178632e-01
4.917150209550437689e-01
1.305706337485423862e+00
1.286970663609299237e+00
-5.225912865982196287e-02
-9.282044195653880170e-01
-1.144268031308409705e-01
-4.881650420986427541e-02
1.624255425799337793e+00
8.027226340122999293e-01
5.910037983188415334e-01
-1.417127065191463142e+00
-7.470844116126773571e-01
4.648444666082263144e-02
-1.612865579410931005e+00
-4.557406605391888799e-01
6.977880414319301838e-01
-1.156743963045009149e+00
9.097277577006823712e-01
