9.093095026476565312e-01
3.297824601712509018e-01
-6.905399592558330024e-01
6.139470150866519482e-01
-3.114533481386840830e-01
-4.080863266959799951e-02
-2.059644322179163822e-01
2.439037923237958871e-01
-7.525547481061243271e-01
8.319155024357145489e-01
-2.124879003523885146e-01
-8.877672904799727149e-02
1.250117759669682194e-01
7.067599881808279694e-01
-8.306978720226603219e-01
5.689977116124165235e-01
9.226584199181651069e-01
-8.567363030869852292e-01
5.776485880765089842e-01
-5.914464916848005682e-01
-1.699803358842311152e-01
-9.651285678341319230e-01
6.900657510244867510e-02
-1.835330567657365020e-01
4.225338402871940957e-01
6.563870812180072623e-01
-7.378306063155586347e-01
-1.958611171960629171e-01
-8.019139417108382961e-01
-4.353638886083179838e-01
2.876640932674130458e-01
-3.776518461079647615e-01
-9.599093197220009976e-01
-9.553847562887680667e-01
-6.680485976014782779e-02
-9.479808501539086496e-01
-5.781540309891639584e-01
-8.889933803376068866e-01
-7.865056249411270795e-01
-5.133396958798575049e-02
-4.809852684514108745e-01
-4.741527058235670555e-01
5.100686654858854752e-02
-8.784831580800367412e-02
-1.953041828718002915e-01
-2.550800405303825791e-01
4.343466393841046713e-01
8.640194136186287732e-01
5.988208392302705185e-01
2.691010570388334688e-01
2.043099136003778682e-01
-8.141326831485040660e-01
-2.516325565704236045e-01
-1.818911245976062574e-02
2.327772787957789191e-01
7.774341065270202744e-01
5.835296500456577107e-01
-7.279167273056277310e-01
2.069890644394489776e-01
-4.042904682257388860e-01
-9.873419785724897313e-01
8.884663789959477143e-01
1.612966528108825681e-01
-8.305271030418281963e-01
9.872067690804358087e-01
-9.466546235353787697e-01
2.502033621440491462e-01
4.092600188247408344e-01
-4.705126618518771231e-01
-4.323344958339636612e-01
4.858736857486156691e-01
3.063958199000065274e-01
-7.585943259990926002e-01
9.438149372096023004e-01
5.237170479161217251e-01
-6.363291286206778086e-01
8.313484359862524098e-01
8.125954814831872763e-01
9.109116143757898243e-01
3.697369338381215620e-01
3.239079552613952639e-01
2.724216169812967436e-01
-2.010926597534132831e-01
3.241511639127689914e-01
8.269277078491861221e-01
-9.728949880930595207e-01
5.350322802411184853e-01
-7.589483846132452083e-01
6.546040829159496255e-01
-9.323422031103285601e-01
8.298965690253681249e-01
-3.597375756889844567e-01
-5.534326592414862134e-01
-4.188280044411136771e-01
-9.113258016923129201e-01
7.537099653808745359e-01
8.364576992164107772e-02
5.211210162234283239e-01
5.745950849364600543e-02
8.640757971369861234e-01
-9.656131450933003180e-02
8.565737582325068100e-01
4.672710986579031722e-01
-1.266433305093483952e-01
6.904979015122598707e-01
5.042292537580050915e-01
-9.763993524862482065e-01
7.794341537358631111e-01
-7.087641320109243637e-01
4.994791479682465507e-01
-4.873177514197819526e-01
-5.840913387075445939e-01
-6.642775742301669784e-01
8.474834648151852168e-01
5.484177692088094691e-01
-1.079583257688048192e-01
-7.998575182831668684e-02
-2.749205393403388875e-01
-2.581844640814678904e-01
1.798790497598894422e-01
-2.033156284625414756e-02
8.005476145471308591e-01
-4.247039410063351283e-01
-2.876640610153999855e-01
3.344410369404249295e-02
2.320811966293925277e-01
-1.295629954029613451e-01
-8.248049553749352558e-01
-8.226288841026803134e-01
-1.757515894480194962e-01
5.915241638573076610e-01
-8.762619629687982137e-01
2.472885038112686562e-01
3.182752154404355771e-02
6.327175550307166940e-01
5.487108887278169256e-01
9.195001167310747903e-01
-5.867587747479536819e-01
-2.967316146680896161e-01
1.808328033044759309e-01
4.101676589701486186e-02
9.057928762780314003e-01
-7.342404786113196913e-01
-6.947117182465667451e-01
-7.173071770096850486e-01
4.787394473282990948e-01
-5.887054420362216600e-01
3.767995725237371918e-01
1.413789248222807604e-01
-6.856594580879344925e-01
3.128632554966077617e-01
1.621060986541429383e-01
4.081598831676793715e-01
5.318679525955782861e-01
4.596878311544776441e-01
6.331382249320240962e-01
3.685612888145484156e-01
2.860273936598300981e-01
-4.985467625084287757e-01
-7.171377704839274614e-01
7.380194642033459651e-01
-2.714818060152957013e-01
-4.839309985728916796e-01
-5.777589183151854435e-01
-8.686025445681220258e-01
3.083300514766422751e-01
5.044991122392494809e-01
-1.041436951336149885e-01
4.145697535314945004e-01
1.309047469360720140e-01
9.941242081594385827e-01
-8.962059068028047637e-01
7.964675370551492772e-01
-4.093675901638038628e-01
-1.206161705867470069e-01
-5.423822068419610343e-01
-5.988220798336081341e-01
7.591977712260580269e-01
-2.039204695278031831e-01
-1.522102134341614121e-01
5.600476551621924592e-02
-7.091441279134989006e-01
-5.951697613917699137e-01
9.182200686504373710e-01
-5.486347184089614970e-01
-8.062743328391444031e-01
-8.870049355631210997e-01
-1.133130428082318453e-01
6.342338667703506516e-02
-3.185320076494515540e-01
-6.733468707317320501e-01
-1.787115943148931407e-01
4.526625328240585500e-01
-8.014749728180943222e-01
5.638306936788095580e-01
-3.358518875854876740e-02
-1.973564270975725066e-02
6.693194063788341364e-01
2.904960216623801994e-01
-5.303179544036717985e-01
9.614856838741758782e-01
-5.733058781149868999e-01
2.028770426871266963e-01
-4.472656536685823969e-01
-7.397477825323448553e-01
9.089570561412303462e-01
6.936284563790995339e-01
7.303828412371182743e-01
-8.585948548998494356e-01
-1.075319567152055455e-02
-2.353209158042757210e-02
5.230622235967701261e-01
-5.270729098426925052e-01
6.655766302040961868e-01
-1.550684380097073767e-01
-4.916580843405822243e-01
4.009325055852097641e-01
1.394758150489439075e-02
5.288112392523995897e-01
-9.859272582893670034e-01
1.391224432324162930e-01
-6.065874414576550855e-01
8.007540456912396465e-01
5.417450456234100820e-01
-6.830158733256359582e-01
-4.057653081010628160e-01
6.057764845039035340e-01
2.962803251354868550e-01
4.627781130606416493e-01
-2.736428369119796589e-01
7.052577134676067949e-01
-8.491903472858457480e-01
-3.316310401708537636e-01
3.078271254525934975e-01
-9.127752662118733262e-01
-2.923971334371842090e-01
5.505827308623352234e-01
-9.205852508584628779e-01
-4.521217768294645278e-01
-6.213272602311077364e-01
3.263259978396675365e-01
5.388457196527691728e-01
4.744783138826209612e-01
-3.110662436649591633e-01
-7.968544574215665754e-01
-1.295870946643238319e-01
-5.876550960701201198e-01
-3.903868891949056064e-01
-2.261427199098444696e-01
-3.108362832745692472e-01
-2.297615199573639355e-01
7.813100872552092291e-02
-3.211731144135308025e-01
4.472899562279932795e-01
-4.149210874005433425e-01
-1.645657711284636004e-01
4.870712144648536857e-01
-9.749404630490638990e-01
3.798216928449282825e-01
-3.803805071651609193e-01
1.377002573933114871e-01
-7.341636532384054892e-01
4.731164259983178244e-01
2.199643897136847048e-01
-9.339576989642834892e-01
