-7.117698331795290212e-01
7.856598906996703491e-01
9.640324886993232312e-01
-7.284421130154061785e-01
3.808302441380562176e-01
7.426984940943379687e-01
4.362453706526052688e-01
-7.110233967115391351e-01
-6.814911873543740839e-01
-3.394773217298767687e-01
3.271654901939542448e-01
-7.352809602626138030e-01
-1.022375092843490485e-01
-1.025686986312048798e-01
9.424239142554908799e-01
2.541372006430255848e-01
-2.505883658269514314e-02
6.775058590317128981e-01
3.665265010289551206e-01
-9.872627025018214653e-01
9.575960926367308446e-01
-1.939867274423965338e-01
8.367424454832965708e-01
-8.638870785331000945e-01
-5.564255883030493344e-01
9.015528603921687534e-01
-1.228685541952116989e-01
4.357515474113082821e-01
-5.774599521700121141e-01
-3.634770262868667334e-01
-8.940877581818389430e-01
-1.680216728904668777e-01
-8.264244143431942469e-02
9.805901085965753605e-01
-2.812572542943383436e-01
8.126010136506167658e-01
-3.883575136345012169e-01
-8.917027690057166556e-01
5.037894561918783154e-01
-1.448935217929485653e-01
-4.043493818883958646e-02
-5.785582822748502885e-02
7.155664006501667451e-01
9.772704112454253522e-01
-3.462833054745655392e-01
3.369304489959730198e-01
-2.643706909287855122e-01
-9.360480438677072357e-01
-9.248808673076411857e-01
4.152126853517092986e-01
2.469101167197216284e-01
-7.796855124070278809e-01
-8.730477740337911907e-01
-5.124213106829931252e-01
-6.100750533927532526e-01
9.829966096841777912e-01
7.758705748624519227e-01
-7.561650140752731453e-01
5.976662971632977772e-01
-8.114220820388382549e-01
-1.976537654813093070e-01
-1.112973987885756966e-01
-7.272241014187899033e-01
8.331914830322206811e-02
2.498834518819870176e-01
-3.543293895543506711e-01
-2.245834161890380987e-01
-9.038699341649869545e-02
-9.139320871613338948e-01
-3.476339623135820123e-01
-1.410054760624941395e-01
1.692157089874706255e-01
-2.825612616882553496e-01
3.741224503294857673e-01
-2.498078755259092176e-01
5.699707433246170574e-02
-4.776541135729628351e-02
-4.005304430503893176e-01
3.015071324092224447e-01
-5.416054900957556484e-01
-8.135722909384399681e-01
-4.350050469763524497e-01
9.482680684704922758e-01
5.292605612514285074e-01
7.313226148597482545e-01
-8.001606675187682427e-01
-6.646871317812912405e-01
-3.213393625748595106e-02
9.364284131879170303e-01
9.200624459325688065e-01
5.096659224967596824e-01
8.643419228849527070e-01
2.057794578578138189e-01
9.175395012598712707e-01
-9.829231764969119656e-01
-2.476950979826186838e-02
-7.814643408654473600e-01
-8.393030754213122169e-01
6.550261864442883386e-01
5.049723313554927984e-01
1.769603764380622835e-01
8.875209982811165244e-01
-4.039981596177835144e-01
8.053629680273821645e-01
-9.639943817305014484e-01
-3.469891716104298585e-01
-4.100313711290533014e-01
-1.852062682907973379e-01
-7.573832033076803860e-01
-7.435535917412352536e-01
5.030252612838734816e-01
-4.911307883834772348e-01
-6.095950622613328651e-01
8.712418479173500430e-02
3.999271291037660436e-01
4.215033111836479218e-01
6.056872026243409479e-01
9.348433039005610290e-01
-3.897161427282525015e-01
8.818048543645236048e-01
8.780445867081998479e-01
-2.183420396840807243e-01
-8.850418745710637580e-01
9.829518652538946633e-01
4.838916209307209115e-02
-5.714235693330818044e-01
-2.631276831391908821e-01
4.543911244524252435e-01
-8.877521107257593247e-01
-1.337172449763794901e-01
-4.081113284370225802e-01
4.694076710766028615e-01
6.469490287379697779e-01
-1.499808995861124927e-01
-9.114238107337830908e-01
-9.367970233829825411e-01
2.736072883316569282e-01
9.826627967271981401e-01
2.563416036355015137e-03
6.247070180566705044e-01
-6.479941727228146764e-01
-9.173804046532541001e-02
8.445204246667785686e-01
-8.564864691860862855e-02
-4.565974054293906459e-01
5.595710607815644888e-01
-5.448189739772781870e-01
-3.922232403267451595e-01
-9.947371187869740172e-01
3.685117497483547666e-02
5.771160104377128786e-01
3.984785699565505102e-01
-6.286208047557901857e-01
-2.642289655407887849e-01
-6.983996884470238253e-01
9.137433111151118670e-01
2.152500122240503799e-01
-8.708538200924278438e-01
-8.128449431300213135e-01
7.123430829097405770e-01
2.271425706419525348e-01
-9.100903392596673136e-01
-8.500502791002759739e-01
4.647846615179644925e-01
3.430642868729263384e-01
3.153391008868098311e-01
5.144542919159538208e-01
-1.262844587952909325e-01
9.014457903010226758e-01
6.610279292488261405e-01
6.331776126427848261e-01
6.108305084858676182e-01
1.516265756947201560e-01
-9.134664362058859677e-01
3.134816961301025717e-01
-9.812945832496497989e-01
5.444091658770904285e-01
-3.045954448459138320e-01
3.747631403703517439e-01
-2.569031473098011276e-01
-4.359715655830114223e-01
-3.393379169279917562e-01
2.113742940697216355e-01
6.275264376472091676e-01
9.545323046912257414e-01
1.702371978366157279e-02
-7.572524581051487402e-01
1.698960881565592107e-01
4.843598229684398238e-01
6.360642179813025265e-02
-8.659866057575924536e-01
4.289854520766778201e-02
9.867931589342395782e-01
8.058426078803262449e-01
-5.511193632250968033e-01
-9.192293582127095686e-01
5.958145006208199757e-01
-1.708108334402844708e-01
1.861879413830536123e-03
9.246710360409213791e-01
-4.492919530668684214e-01
4.441060995888590490e-02
-3.909981406149154459e-01
7.160920900818530388e-01
-6.426020579019613432e-01
-1.455807685483925251e-01
-4.123957289300308471e-01
2.251948839757988985e-02
-8.712190937519437295e-01
3.323426712602390865e-01
-9.454342024691460011e-01
9.004468816268740294e-01
9.853454622364261617e-01
4.295662254094401167e-01
-1.228056061651641162e-01
-2.841335311464745494e-01
8.663937123174372257e-01
-6.079546598965182014e-01
3.923577311392372202e-01
-7.089684000184037771e-02
9.082312231484557241e-01
-5.850451114071890668e-01
-4.282975570529217180e-01
3.796996698707277851e-02
-4.467859972798864376e-01
-8.801551472399642417e-01
7.586180829172808338e-01
7.981001226019821537e-01
-1.991086058656668101e-01
4.613470368733751936e-01
-8.201482185049480123e-01
1.027380682629530639e-01
-5.715003134047924593e-01
-7.629074240739874835e-01
-1.247884901956328729e-01
-4.662292891789614480e-01
6.458726914630663618e-01
-4.329090252092901991e-01
9.212800018954780956e-01
9.701537033143685651e-01
5.613986679802902557e-01
4.301483174336633297e-01
-6.346749806117750747e-01
2.744978709944663198e-01
-2.182344288554840528e-01
5.125887378277955708e-01
7.183513474630900397e-01
-6.842445201511111463e-01
-9.389682235912375496e-01
-3.475136713562254620e-01
-6.827305357853812318e-01
-6.261753506244793765e-01
-5.998797424915485177e-01
-7.506408850390620113e-01
8.338916033135570505e-01
6.770526389299780234e-01
7.826512142297685770e-01
-1.366219407682844889e-02
9.501138993574447245e-01
3.440508193002598247e-01
8.844573969982316708e-01
-1.009290113920842114e-01
-9.802490353378487953e-01
6.150830240335429799e-01
3.722480273879473778e-01
