4.857476631783579357e-01
6.766995710152623467e-01
-7.827664829346672182e-01
8.524705341297633687e-01
-7.130928230537607604e-01
-7.353535931233536882e-01
-8.001387434566220591e-02
8.653654820824991933e-01
-1.740796923571794608e-01
8.151375591275886734e-01
-5.939976492629090998e-01
2.270921727437802407e-01
8.395246603864168211e-01
5.587115483792775006e-01
6.295338521817077648e-01
8.493535514012706678e-02
6.529162933542786984e-01
-9.430410174640220244e-01
-8.314793498450698817e-01
-2.935949656840257660e-01
1.210487920099811987e-02
2.583991275101520380e-01
-3.298101791008545280e-01
-3.655648875635320039e-02
3.897337239159794908e-01
-7.313470826783681211e-01
9.830343219898765028e-01
-6.634841780280005263e-01
-4.494809131076638042e-01
-5.179110269086757423e-01
4.406597704455814668e-01
8.771290198683527883e-01
1.508053085285370187e-01
1.991451495970333330e-01
-8.736746331493441264e-01
6.719687382665391340e-01
9.087008320338678669e-01
-5.163776396464994090e-01
-9.675249671361820791e-01
-2.709257619103988546e-02
-6.888276881610502222e-01
6.116112182393806940e-02
-7.470447297757871752e-01
-3.446032468917972214e-01
-5.094091906015267845e-01
5.550572380591778376e-02
-7.200717460400187786e-01
5.206370974952354569e-01
-4.515702506830674423e-01
-9.588845845599525131e-01
-3.063215598349904312e-01
9.831736464656093410e-01
-6.764782483768805310e-01
-4.435780112000793363e-01
-8.805968506700674325e-01
-8.505339143304884164e-01
-9.927217202095854898e-01
-7.053405872280709143e-01
-6.122268185666810414e-01
2.233387188733799711e-01
8.989982161148768469e-02
5.015136048156936255e-01
7.777090285235475076e-01
1.346106322117426313e-01
-5.967371646264929552e-04
4.140809140436212399e-01
-2.205179256085614270e-01
2.462158001454117784e-01
-6.848424197267901636e-01
8.857309347250854614e-01
-8.975186236403596141e-01
-3.889227258203864501e-01
5.469965867834438722e-01
2.396505578437790884e-01
4.268502303924432972e-01
4.672236911390186265e-01
-7.919891630755084844e-01
-6.140333517717935230e-01
5.690623890587600542e-01
-6.281291842924530133e-01
8.199780623555723569e-01
5.805820143351390072e-01
-2.794511615953843009e-01
-8.068364273768355854e-01
-3.017156700510013057e-01
-7.068002309334540101e-01
-6.429168962333839943e-01
8.446703524080332315e-01
-9.206101602007121798e-02
-7.167279441283573860e-01
-8.897913851542422758e-01
7.072144006079184031e-01
-1.735534678886692106e-01
-6.950030810643845758e-01
6.928951611747535821e-01
6.267099640384952153e-01
-5.551921385471700887e-01
6.715949226637714098e-01
6.788623835950129415e-01
-7.495723255981887601e-01
5.960811884538042005e-01
-3.585328091283381813e-01
7.883252693692908153e-01
-2.539323302736509191e-01
3.525609489360503890e-01
-9.299625536248541380e-01
-4.386196359081950824e-02
8.638720600576681452e-01
8.303195707992596653e-01
-6.531941235883578223e-01
-4.985347920618228290e-01
-1.929928236364042426e-02
-7.273921513079260048e-01
3.751050988000506070e-01
-4.901093372485787469e-03
-4.340747901578434487e-02
-5.600146944242556657e-02
-1.904608456178613629e-01
5.706594437508443196e-01
8.487574699457951510e-01
1.170418390977281398e-01
7.567184331224188210e-01
2.922848566217450816e-02
8.498415320588534883e-01
3.391623918526878168e-01
1.593659953230908144e-01
-7.066577050816860162e-01
4.443395522921067542e-01
-9.978470927260898460e-01
-1.320095702471060228e-01
-4.838144798670165336e-01
9.282808592699707262e-01
-8.133012563554558039e-01
-8.715511686415404746e-01
-1.635602032241130210e-01
4.823431103593416314e-01
8.944731690013307812e-03
-5.514428826714934395e-01
-2.383443962007592010e-01
-3.469599196905412963e-01
-4.390186150513484264e-01
4.121167056480681268e-01
-2.894073668706536040e-01
3.244050093940971102e-01
7.025733479994551445e-01
8.435003222942660805e-02
6.784113012637549289e-02
-5.654591718255939092e-01
-1.805414975628663043e-01
-5.058446356063868166e-01
-3.603817767004335870e-01
6.404611533016417724e-01
-9.196478201874369596e-02
4.275479211734853902e-01
-9.844469996622231545e-01
9.392149235691347187e-01
1.219020588750658884e-01
1.097372638380273990e-01
-8.303924433225786661e-01
1.165925287551099476e-01
-6.012315175287330504e-03
6.749207644430315067e-01
1.215948784703602126e-01
-8.391314165711758477e-01
3.442208456875608391e-01
1.822747453134556661e-01
-4.209147844821599094e-01
6.323241687292480151e-03
7.164206816841243164e-01
6.054492932859285581e-01
1.638814223985276541e-01
4.292797734303821500e-02
-4.687220063548092064e-02
-3.306895512787908498e-01
-6.199894254343352173e-02
6.257896777669333943e-01
-6.475484088484231293e-01
6.244330386900427410e-01
9.805916632089290985e-01
-6.992612945088656495e-01
6.487517064688650414e-01
4.958506621563429917e-02
9.899674823526347645e-01
9.708034988126907905e-01
4.990817710042596556e-01
3.649261009365858399e-01
5.254082931595762673e-01
7.810896886024543129e-01
6.731057468897136964e-01
-9.872901877997564135e-01
3.656141468030522645e-01
-8.761743234135694891e-01
-6.188909542579523748e-01
-2.170538000077884000e-01
8.090132088273951361e-01
3.059282261998921282e-01
-2.805864982432972887e-01
7.699808818579010339e-01
-3.207884711834538827e-01
-1.831411913632225996e-01
-7.765075641814702667e-01
7.549447015894288349e-01
4.038409338252992864e-01
8.919846037810152950e-01
-4.409481568292195064e-02
9.795588126085392755e-01
4.851816195953646549e-01
9.484182650598658171e-01
-4.561485197778165634e-01
1.442140685084660756e-01
5.735607599209127105e-01
6.993787141736553803e-01
6.401216237021927213e-01
6.288826414770085638e-01
6.897302686367041691e-01
-8.604199234547937891e-02
3.093401853668669155e-01
1.166789306179023544e-01
8.433829042803258069e-01
-7.889642121290330046e-02
-1.212081918766405586e-02
4.363100693724590862e-01
-4.694303790261882270e-01
-8.247978195550786928e-02
-1.105231259171894909e-01
4.634128173683762508e-01
6.717217872781193755e-01
8.774500689554685096e-01
6.552122958797028662e-01
-3.867905424520690083e-02
3.260409618619726224e-01
-4.774617132255840612e-01
-8.077672507993793882e-01
3.771769209215942720e-01
2.992980853173632383e-01
-9.701277081903938448e-01
8.612619541709025661e-01
-8.779170202400725653e-01
1.445237707900668411e-01
7.751349068811197451e-01
-6.072661800008436472e-01
-4.954379563530095787e-01
-1.130847131124046445e-01
3.932824415643498828e-01
5.911143109294907383e-01
3.489981338373573383e-01
7.808734205516054683e-01
-5.343702919351991376e-01
6.897015213047625881e-01
-5.711171204871337004e-01
-6.445006669966519830e-01
-7.451187397019194414e-01
-4.502497447323503543e-01
-3.175071905728188426e-01
7.859451196491524794e-01
5.146597020086589591e-01
9.705895056847475555e-01
-5.163211306044521720e-01
5.504094819226639235e-01
-3.762436456890676517e-01
5.915479169555526440e-01
-6.424074914091919553e-01
7.760404195824694984e-01
2.011761188505778453e-01
-4.283496999153408868e-01
