-2.980033425006458714e+01
2.714689774830853608e+01
1.939419911403309715e+00
-2.624784914512829204e+01
2.824261733114146011e+01
-2.446132132238604484e+01
6.674077060397548777e+00
-2.646034769137476772e+01
-2.926283977705085526e+00
-1.013865361981485513e+01
2.610680330455484466e+01
-2.059110955416020872e+01
3.474857271354472488e+01
2.989880123246143384e+01
2.354389728815459293e+01
7.682085546625096129e+00
1.050383928730594718e+01
-1.400384703491700300e+01
-2.129703280428822509e+01
1.611990037182383162e+01
4.751539024736322148e+01
1.889675563318746399e+01
5.092194334355821894e+01
-1.774353619979748586e+01
-1.852145999529800946e+01
-1.769575538937496617e+01
2.630455515321470727e+01
1.103564360650760001e+01
2.796084820981598895e+01
2.976739267770603270e+00
2.498144804273776387e+01
1.091011801118596480e+01
-9.520398265878750266e+00
2.115624850986862171e+01
-3.173236512570189305e+01
-2.470407321132959966e-01
-3.789797000967222829e+00
-2.807504602261152371e+01
-1.574817261498032472e+00
-2.062941660518124110e+01
1.537908804308957222e+01
5.387012889202698496e+00
-1.204268926096411541e+01
1.910260252689205984e+01
7.054717338986973729e+00
3.113986708480286936e+01
-1.297489119562800219e+01
-2.808130842957235629e+01
3.472020372964991708e+01
5.825528123151593185e-01
1.826114693263556532e+01
4.970100118056905814e+01
-2.128352551714539587e+01
-3.824536019148367672e+01
3.365878635671434438e+01
8.786055715478988670e-01
-7.408440864657885427e+00
-2.889912275163677435e+01
6.309467863968231427e+01
5.147999025760889857e+00
-2.047494126775310619e+01
1.615825211614804857e+01
-4.895531809007040991e-01
-1.241312019155938984e+01
1.593303479812298029e+01
-2.105079325967072368e+00
9.201834441823915967e+00
1.961536317776933558e+01
8.712835669238001568e-01
4.009609031159058645e+01
7.470935639415519525e+00
2.135599123374277042e+01
1.110658299328556708e+01
-9.905258857534663619e+00
-1.184390228897169450e+01
-1.804321309716722510e+01
1.098337544200678195e+01
-1.003087087237803843e+01
6.365752582377427693e+00
2.644852815291646664e+01
4.045718495509552426e+00
1.504824730526209109e+01
1.722459609143665205e+01
3.162276149796252511e+01
-2.617228461783273019e+01
-2.021239382425055098e+01
2.365056367677194160e+01
-8.258435662306842673e+00
3.042224224298854551e+01
1.801525501249962602e+01
-4.039386441832425234e+00
-1.148864296915094130e+01
3.134964967626692456e+01
7.790257346366109559e+00
-3.092570121334231459e+01
3.316158226121383557e+00
-7.018316221890285256e+00
2.256975658248799022e+01
9.150957814285375136e+00
-1.396747809119247208e+01
1.311476631083134059e+01
6.893790306735663620e+00
-1.953603372739890531e+01
1.086985142839014884e+01
-1.390432727639825750e+01
-3.594143406503937399e+01
-8.788588989292659193e+00
-1.890397453992493126e+01
7.940925859850830548e+00
-9.976043690177595735e+00
-6.863650089719829595e+00
2.172614975285396000e+01
-4.757485905914995072e+01
-1.136870916516154040e+01
1.600405329234237328e+01
-6.797457039620936392e+00
-5.745465176416751696e+00
-1.443717959371489101e+01
-1.503011606061695282e+01
-2.861822622484018197e+01
-9.866089734623976426e+00
-5.223071736182186342e+00
-3.525181685849285174e+01
-2.821375155496703613e+01
-2.241003027367600708e-01
3.225390216076708327e+01
-1.154683819244756160e+00
9.022561372795202317e+00
8.629147249823107657e+00
2.975352611906859224e+01
-1.946338456778511627e+01
-8.658554067202084426e-01
2.014327454044873988e+01
-2.200615427764253340e+01
-3.485492999877669007e+01
-2.088493328216688028e+01
-1.949088961901111361e+01
-1.133833441829705180e+01
-1.942344476497288142e+01
9.485323726854263171e+00
4.015086244465631893e+00
2.811655167624056517e+01
-2.287918058058196280e+01
-9.513056704850452405e+00
-1.006331200192444797e+01
8.265209493715810041e+00
-3.902574286725995023e+01
2.210692962833342179e+01
1.307282620686079433e+01
-1.113431603967173977e+01
1.101522517535551593e+01
5.023303723606792204e+01
3.774614964248898641e+00
-2.250498643352845818e+01
5.813155360922278803e+00
1.165913647767051198e-01
3.340859665894110719e+01
-4.189036074440350177e+01
2.397250932941791390e+01
1.240393038963645544e+01
6.818930698943767021e-01
-2.885347764616980371e+01
-3.807523367304430906e+01
4.386432694326826010e+01
7.716285838439545408e+00
-6.826652299344097230e+00
4.408810920870691596e+00
1.385453721084874701e+01
4.819269999175146779e+01
2.721271356091430249e+01
2.474988322451688916e+01
5.992536627579979402e+00
-3.704739382911502332e+01
7.240136148390067916e+00
-3.260153463391645090e+01
3.907587081325863210e+01
-4.302600013667681367e+01
-1.374877031268402483e+01
-4.186067332978283417e+01
-1.560633470465026562e+01
2.254171244644694383e+01
-5.710337196062818421e+00
1.638100599577180105e+01
-2.257626948111621701e+01
-2.350868539849768624e-01
-4.324536853816569959e+01
6.542807514390686086e-01
-1.127356908211883635e+01
-2.054199528204161140e+01
-1.737831369319322050e+01
-2.596233864983497241e+01
-1.037869588193193415e+01
4.287782293445060589e+01
3.835802650696079397e+00
-1.419794696695387159e+01
-3.972961772119990798e+01
-5.693550831363083375e+00
1.430614589478703236e+00
-8.501306613811646429e+00
2.295298445454690395e+01
-9.864820998199387958e+00
-1.004931039099999701e+01
4.830942811869289955e+01
-7.128741116379708309e+00
-3.029158800992760447e+01
1.398345909718529967e+01
4.480951524180434831e+01
2.546843046926360543e+01
-3.671175641242836463e+00
-5.063386368679939409e+00
-5.567668692720056711e+00
1.841871948746476084e+00
-7.359178671603078037e+00
1.055230965403903021e+01
6.363695320822971624e+00
2.106740329705368708e+01
1.796765861822422039e+01
5.408031503524054706e+00
-5.845704662781603389e-02
2.555876282279019307e+01
-1.316929828707388772e+01
5.740860539241290361e+00
-1.988349888232385965e+01
1.261821045648433426e+01
-1.462327752292439165e+01
5.474522659243490352e+00
5.100365734961143538e+00
2.112647805581011617e+00
1.019280992547671261e+01
1.034584148695663686e+01
7.818311768748742452e+00
-1.474353954996709426e+01
2.395070387682725865e+01
-3.857802809069002592e+01
1.242270527013566195e+01
2.919632337401391808e+01
-2.050077675633007246e+00
-2.223459641023815880e+00
1.725409800878746225e+01
-8.256584676929973554e+00
9.000635860861315507e+00
-4.639752219333782790e+01
1.668411586544510605e+00
-5.882152944916938253e+01
1.232682334402156776e+01
2.624442131296039449e+01
3.560476286368341903e+01
-2.605336692350310557e+01
-1.833779566396213312e+01
-7.107681272579784881e+00
-7.975393631157754015e+00
3.614176818098158606e+01
-1.719965338790930787e+01
-2.150897546949822381e+00
-4.044889291010597532e+01
-3.342805416832500498e+01
1.692853517460754276e+01
3.702850919673794294e+01
-1.923945964300822808e+01
2.546166273818852233e+01
-2.664157556572335217e-01
1.468347247621083262e+01
1.654731663529353725e+01
1.565362834875494080e+01
2.739046374029223685e+01
