-5.681139136452386662e-01
-7.451031227243651855e-01
-9.595228177665822145e-01
2.977695719022230847e-01
7.682793019756406494e-01
-5.862481547674172067e-01
5.768059356152426265e-01
-3.896661921069930479e-01
-4.254570140173010717e-01
-4.829482823348001386e-01
8.011591690907957641e-01
-1.196632784608633315e-01
-2.405448194190553668e-01
7.388791199042252789e-01
7.867077516785374591e-01
-2.150754632738065553e-01
-7.925554535843393200e-01
-7.819528095873382600e-01
3.977929089081588820e-02
-6.968160988244478382e-01
8.010068049267182744e-02
-8.630624797324164543e-01
-7.396275082588441574e-01
-2.730967412605656008e-01
-1.160708267258545590e-01
6.689460788752366049e-01
3.220405153928058706e-01
7.179270962513439880e-01
4.887282653723030723e-01
-5.648630548279400809e-01
-8.599182895764276857e-01
-2.002497772729110448e-01
4.285372377067542260e-01
9.790317632880738419e-01
8.270044849589177627e-01
-7.696296965340136964e-01
-2.325999356774179905e-01
-5.288533642250605737e-01
6.640146293794955135e-01
-7.466810005681423501e-01
7.171508381408449040e-01
-6.413241749212217346e-01
-6.553351338237589641e-01
-3.777878199741224741e-01
-3.620855092437391676e-02
1.533946648740336371e-02
-6.933245072044418311e-01
8.053802419432078974e-01
-7.779366840642758518e-01
5.546411489061953137e-01
6.258415228389648810e-01
-2.574103374489653540e-01
2.624172450974744386e-01
-2.468679917239211541e-01
-3.315767955992865446e-02
-7.736126270207519529e-01
8.951594466377861270e-01
2.357011303881364483e-01
-2.280604260069349909e-01
-3.360823745908056992e-01
2.849176389521221875e-01
2.285164658419296391e-01
-2.222044114233847623e-01
-9.151041342467278739e-01
9.975798483908333569e-01
2.935061970510552953e-01
2.014574002886242443e-01
-3.680405202896150918e-01
-6.060716148879603526e-01
-5.741962307802384036e-01
1.788007003573106601e-01
-4.157535524116897641e-01
3.034172045954861563e-01
6.907013947314391000e-01
8.109773437735234847e-01
7.920134216368814872e-01
-9.652852750527554093e-01
3.250973093121816149e-01
-1.211194397644055343e-03
8.184245399916099117e-01
-6.165077108031626896e-01
-5.467136974445849784e-01
-9.620228524989495877e-01
4.259285910681940290e-01
-6.824693794043126260e-01
-6.067188403692400644e-01
-7.571454061804756552e-01
4.308562763047159017e-01
1.285576344740053667e-01
-1.234562038648217008e-01
5.726110274448152904e-01
6.756248852547734884e-01
-8.054856987718874706e-01
-6.254621163820468510e-01
-8.947816142664124506e-01
-3.292407076073413652e-01
-9.607269217497445002e-01
4.987554378072964756e-01
7.515392415849988517e-01
7.388561281363965616e-01
-3.151216715335773966e-01
4.693660714261418399e-01
3.070987364861113011e-01
-9.234634939634900341e-01
-4.015462841287888995e-01
-8.916300707033339989e-01
9.294595603887401136e-01
5.326556312182626485e-01
6.079035676730915050e-01
-6.064786277394607072e-01
1.294936473158061485e-01
-1.154515870766648078e-02
8.570812061469927912e-01
7.647224152532414720e-01
9.167049568595710962e-01
-3.150878216567365442e-01
-4.164379033343859060e-01
3.998409195186733989e-01
-9.002121951001940126e-02
3.742724291873389397e-02
8.399885079772480001e-01
-3.387414380402373748e-01
1.352231896541953304e-01
5.663997050831774960e-01
8.898023537938146710e-01
-1.694254317519363617e-01
3.396018467519335005e-02
-3.748455268980355193e-02
-6.194000434507136443e-01
-5.714473426388757549e-01
-9.068176838402075557e-01
6.927914597338329372e-01
4.844702547170953721e-04
5.615152099187858958e-02
-5.438618767933676157e-01
8.565402300921483025e-01
3.868955673389411487e-01
-9.974210247852899336e-01
-8.087705922901018418e-01
4.408970391891009477e-01
3.393499589748105727e-01
-2.023937673930700232e-01
-7.208416295935409224e-01
-6.437407631387768170e-01
5.201280901150668878e-01
-9.482416229783101613e-01
5.140496274608621352e-01
8.375514255140776854e-01
-6.267463825128625210e-01
7.744378532027584860e-02
4.837794402737412014e-01
5.497639449517404131e-01
-2.734247683265604856e-01
4.817164917455019069e-01
4.384538251001290909e-02
1.685107032840107433e-01
9.489940765668847256e-02
5.760359178460465746e-01
-7.743453582309678396e-02
-8.695757270226840419e-01
-8.813001306220082931e-01
-7.533875171917039371e-01
5.466264123581949796e-01
6.687469668117405064e-01
-7.596995743409906687e-02
7.621133548068164121e-01
-7.835321184114316662e-01
1.933038250558587468e-01
-6.763395213155454222e-01
5.611130184460435544e-01
-4.725869312644137565e-01
-2.278972946341428774e-01
4.619708121714054538e-01
5.975546896370869110e-01
4.768660632094900986e-01
-8.565636640388119005e-01
3.209861154048259113e-01
3.897879954755212317e-01
-4.381019508715016109e-01
-7.701535076657863854e-01
6.583373817417810248e-01
-1.189698537551879820e-01
-3.210672639059997113e-01
-1.183259411424091301e-01
-2.992728801001853789e-01
7.362225094746024379e-01
1.731684763230862956e-01
-8.542436788887211030e-01
-9.820804049966946891e-02
-6.020962685597226471e-01
1.671150450626430750e-01
5.073858556822068433e-01
-6.039460015374649160e-01
5.935099919351121134e-01
3.458017199654506157e-02
5.863115983083102556e-01
-7.782132764857758733e-01
2.457953820741229922e-01
-8.582533673465435609e-01
2.322390256662147934e-01
3.951391377585851128e-01
9.691756294746842748e-01
9.653259328924987948e-01
-3.134659288443419900e-01
3.066596843114892668e-01
-6.139905307946800228e-01
-2.620660977849393891e-01
3.407778810531876257e-01
-1.003133358380878803e-01
-4.759931127267584827e-01
-6.075225321638137999e-01
5.949785545817258825e-01
-4.842980620244488055e-01
-1.198535365885839976e-01
2.445559373683352522e-01
-4.309199924683368987e-01
-6.030472565668631990e-01
4.476001930684765373e-01
8.063322032271049711e-01
-1.959200544074721773e-01
6.186608136815729964e-02
-3.415751517478791133e-01
-9.283066482104800343e-01
-8.670166391677063267e-01
9.570378400467072222e-01
6.663199094088110286e-01
5.492647800365826338e-01
1.176929234609760400e-01
-3.842992738710691025e-01
-2.286784513952972997e-01
1.464706068754138002e-01
7.533312221590815483e-01
5.272868569587920717e-01
1.480807660649536839e-01
6.318715819044014026e-01
-3.592196259815725323e-01
-6.494884549507138338e-01
1.929372843534262749e-01
6.920131132228781734e-01
-1.020653298014781996e-01
-8.534460600544362396e-01
3.581836129191720008e-01
1.681708214575350357e-01
8.969005039468049834e-01
9.894073278261523718e-01
3.327471878252044046e-01
8.593831964689679914e-02
2.086927115744834360e-01
6.308018025616071167e-01
-9.962203796333539696e-01
-5.781655158641927361e-01
-6.909442816483619687e-01
5.601239268253510595e-02
-5.846225835562952611e-01
-7.194329199171556333e-01
-9.876638779797468626e-01
1.018355109396600344e-01
5.654597752873966598e-01
2.974979960871058093e-01
4.933004119328545656e-01
-4.750266171905193069e-02
-8.642427601471307508e-01
6.433392045538242066e-01
9.773563686138775353e-02
7.856999144838312521e-01
