-1.504046872605293572e-01
2.180816778239924592e-01
1.330802108834599817e+00
-1.208078654717521516e+00
-3.084327731741973722e-01
8.109311995064294454e-01
-3.294635595264313599e-01
1.255172611900954305e+00
-1.577421714767397454e+00
1.218532485293088552e+00
-1.027154768608137037e+00
1.175802677974486343e+00
4.116936254687167951e-01
-9.738934561048341321e-01
1.392459848223916108e+00
5.111183186157008951e-01
1.154617287995868047e+00
1.352681366005203278e+00
1.003129027273268914e+00
4.523132193042134208e-02
-9.503357107165113504e-01
9.078372992818339871e-01
-8.965448626757099859e-01
1.630574906025915816e+00
1.121873436241508593e+00
-6.022165203780112108e-01
1.357785517671284303e+00
8.014887984787324449e-01
9.687093679642437838e-01
-6.560509764860775750e-01
-1.005056318718322128e+00
5.473124533443218809e-02
-5.426839105132175156e-02
-1.436729846646293218e+00
1.026770864265246885e+00
6.209260447018067897e-01
8.132044899054829967e-02
3.184574715268247425e-01
-1.002232359363304237e+00
-1.977749441683938070e-01
8.859097459634440730e-01
4.584545795058494466e-01
1.229211521234744531e+00
-6.670651076375089250e-02
-3.627938400095972460e-01
4.488634979422653215e-01
1.205346980540655366e+00
3.023722139311100232e-01
1.572100981742919679e+00
-3.979914497761247727e-01
-1.837906091922043128e+00
8.630235098597252019e-01
-9.026171851401765256e-02
-2.489678345739209930e-01
1.314224902041855270e+00
2.100063142334207544e-01
-3.869523219903104883e-01
6.045198561263971371e-01
1.404098536787587337e+00
1.205183000672037652e-01
1.558024482748093575e+00
-5.012789325972391019e-01
-1.338029158850071898e+00
6.821108341205398551e-01
-4.231822914194992569e-01
-8.452145587218118372e-01
3.103030318247815278e-01
4.940478051188643693e-01
-5.363175566341429334e-01
-1.153268724570617909e+00
-1.226114551093603566e+00
1.204450987728335587e+00
-1.318096473606665597e+00
6.359458044639145768e-01
7.353244331921864330e-01
-1.821270991240112602e-01
-1.394682877032713542e+00
-7.466274916376297588e-01
-7.028528850730766386e-01
-1.221696548301966612e+00
-9.118714583781619698e-01
9.946223135873952792e-01
4.737367884955254738e-01
1.159475751736780413e+00
1.010391683954136699e+00
-7.388326882293425601e-01
1.019860085607805722e+00
-1.656647947012328981e+00
-1.954861364898452969e+00
1.166300235758335191e+00
5.389833558765166899e-01
7.648967067384419005e-01
9.359508312110231820e-01
-6.566089030930675197e-01
-9.545313434201354585e-01
8.651911737798654300e-01
-7.994345747438572625e-01
2.018105753582307704e-01
6.860467905691143287e-01
5.544723407903366930e-01
-2.915868581610929766e-01
-4.010662556441426663e-01
-4.198829826221197603e-01
-7.516171288643080928e-01
5.810402608801126245e-01
1.227608171952375038e+00
-1.598577492023741442e+00
1.161395753229020222e+00
-9.565774256039674128e-01
1.190425249481558811e+00
-4.415264888131040788e-01
-6.149141807533577975e-01
3.139905064745340812e-01
9.582674742251828803e-02
4.667602894027345073e-01
1.852186586865265383e+00
6.549150108023071848e-01
5.963270966820075625e-01
-3.116894826053122625e-01
-1.342909317982963202e-01
1.399463610743056030e+00
4.760371897852754275e-01
-9.157006996628107576e-01
-1.087129013848872061e+00
-1.203661546631060286e+00
-1.355333809987574467e-01
-2.655532964663380735e-01
7.053676391499076326e-01
-5.225055151945829923e-01
1.902332598623970306e-01
-4.126232964056943120e-02
-5.691555305977848978e-01
-6.283562578040802205e-01
5.804011486515059381e-02
1.416980007578787060e+00
3.841110755815138056e-01
8.669914962579072792e-01
1.594116099602030712e+00
-9.828047637362464783e-01
-1.137153066996555495e+00
9.951628516104890076e-01
-1.217480036470393934e+00
-2.961646216784991070e-01
-4.538676947725140964e-01
-1.602459817985911750e+00
3.889275465937624965e-02
9.808774962881283699e-01
1.559141328668647297e+00
8.291121003842384374e-01
1.301668475428197524e+00
7.205395027530432372e-01
7.390565310482040129e-01
-5.458672380595961382e-01
6.960269968452643674e-01
-4.537687492351129004e-01
1.561965169227933270e+00
1.872608853054584799e-01
-9.918593598983818094e-01
-5.705867471066832231e-01
1.614020689405280873e+00
6.775565598579875726e-01
-7.409324363769833610e-01
1.183584384124688249e+00
3.216161310720334066e-01
-1.457593598182922001e+00
4.499185872914784889e-01
-5.727841342251405177e-01
-1.004700942342351411e-02
6.231703430410273636e-01
-9.446627780225748117e-01
-8.434290797001957607e-01
-1.048944901363051851e+00
-1.119366408871469876e+00
1.299904268256956374e+00
5.915974048687357989e-01
-8.090314437154226823e-01
-9.580711111420558979e-01
2.225932686022530360e-01
-1.730315902108197079e+00
2.551707981182902429e-01
-9.670363338455805202e-01
-1.076188614634596252e+00
9.699280869255857418e-01
-4.659364634908733649e-01
-1.082656039418833371e-01
2.080683765576276378e-01
6.794665034281466287e-01
5.403399012621501463e-02
-9.880578463834623903e-01
-6.961293440978385538e-01
1.772478390206950749e+00
2.819987475148778566e-01
5.238276122961345038e-01
-7.849594875531462623e-01
-1.211306509703329315e-01
9.843514884947666133e-01
6.160846435158544576e-01
-9.974533270361500836e-01
-8.236917497683240441e-01
-6.935475409882636555e-01
9.187919220225646555e-01
8.018155900885997056e-01
7.834700972391354101e-01
-3.755787642531007720e-01
1.124918047933805232e+00
1.205102329194386535e+00
-9.278599246150320834e-02
5.268937222534327836e-01
-1.203307194351442178e+00
1.714750497483299441e-01
-4.742242681930912696e-01
1.474694090570734417e+00
-3.256529517258131001e-01
1.728861390541793552e+00
-2.992444333247347155e-01
-2.108640486076218679e-02
5.375294308197442472e-01
5.038965636068448717e-01
1.013703542622903075e+00
1.979945994989061875e-01
5.307416233416650808e-01
-1.483293422687773866e+00
-9.621567233232557470e-01
3.774012411273158230e-01
-4.991632278467992290e-01
-8.192272334540202650e-01
1.084880236361522865e+00
4.147569286649767095e-01
1.489121868058725928e-01
1.822604496199488056e-01
5.217327913693856623e-01
-7.548513463217118025e-01
-1.516245045246952916e+00
1.482307459393690907e+00
3.380325715941530085e-01
6.464560754801493836e-01
6.503453282793836276e-01
-6.709995870430749410e-01
-7.713069329974722166e-01
5.961950305276597639e-01
-1.019465581242502861e+00
-1.318339831129526463e+00
2.654952130616070605e-01
-1.583610361908249775e+00
7.946668942808421399e-02
-1.260993249713722175e+00
1.284527240199775378e-01
4.761645207058579632e-01
1.320045278387909082e+00
-7.466464134189161328e-01
7.690165773443959907e-01
-4.706846986585623838e-01
9.201728021660273704e-01
-4.843618922204203647e-01
-2.061881680534274341e-01
9.784991003816136956e-01
-7.785975855320094174e-01
4.722124132736095214e-01
1.590008522493425502e+00
-4.729466277417934683e-02
-1.632800093519589879e+00
-1.048294683804089633e+00
-3.609576301151398159e-01
-1.239326608023077814e+00
1.121412551812986713e+00
