4.082792704320662658e+00
-7.304341722534105408e+00
4.345771087825616164e+00
4.383334434645540512e+00
6.448914251326776537e+00
-7.524263240296129140e+00
8.675595284259880913e+00
-3.026087113612125346e-01
-4.284338507770185656e-01
9.459513285301760499e-01
-4.699929088771185981e+00
6.415519622912202458e+00
1.115128701649062215e+01
7.139345492495557721e+00
-6.429498626746619649e+00
1.003719572799211335e+01
6.279960280381658322e+00
9.717939799810142443e-01
1.680478242389603416e+00
3.295136573261711277e+00
-1.474846012097561498e+00
6.564435446612963077e+00
7.577177107829513147e+00
6.378666127780785011e+00
-1.716140202737361786e+00
1.020645171583569422e+01
4.265591686622681067e+00
-1.130831513881859252e+01
-4.613458314112261149e+00
-1.252982808096923506e+01
-1.206201981299536463e+01
-6.007440494803503839e+00
-5.551076810207574042e+00
-1.188356382282970003e+01
-9.943981097970124861e-01
9.825556899521661336e+00
-1.199087418397118832e+01
1.879625920470988643e+00
8.917599809166038005e-01
-4.446803864326713374e+00
5.023419612287501224e+00
1.174667361175163738e-01
7.168448854043717233e+00
-5.046871879176105580e+00
-1.419505012811441702e+01
2.488739778114479329e-01
-2.666821759879188569e+00
-3.326668087027474296e+00
-7.492363112922301838e+00
5.557057080034531360e+00
-3.423782752184445943e+00
5.639676592079094775e+00
-2.078648693056627916e+00
7.725594203546615191e+00
6.959067985445637206e+00
-1.430683998956617131e+01
-3.731332151629209726e+00
-1.182221831518887534e+01
-9.049136357395150654e+00
3.616006681562218716e+00
-6.018842247267009782e+00
5.872279626959062249e+00
3.842090787243776617e+00
4.404436778305077738e+00
-4.293666809433178244e+00
1.064931319891321948e+01
1.145512409951354371e+01
5.722482101535556254e+00
9.993910153367085769e+00
4.004689758193056726e+00
-4.376316569523892031e-01
1.078978043502057815e+01
-4.350826925860988403e+00
-1.120354360323381115e+01
-3.838033103482369146e+00
-5.136780645035526893e-01
8.143872009067735007e+00
9.612293364451506505e+00
7.379350320825647458e+00
7.612005494306584019e-01
2.399529825110896297e+00
-7.768990079858016706e+00
5.493266061089408403e+00
4.213821388910102606e+00
-6.467758763264076727e+00
1.062754561873745374e+01
4.230848417232319747e+00
-3.004048608111765106e-01
-5.250286655056097374e+00
-4.225770713974299930e+00
-5.917370045128811373e-02
-4.849359264731846864e+00
3.964427985941107124e+00
-2.388860009947434693e-01
3.101733854031573756e+00
-6.641992888358704050e+00
-5.530482379328345743e+00
1.974631565935295596e-01
7.181932360601355203e-01
-5.907681820944394424e+00
4.308749837887850376e+00
2.271267076770319360e+00
1.010511858035089805e+00
1.199212506997715444e+01
1.006258708809241398e+01
-1.292922343472732383e+00
-6.043771953824638388e+00
-3.448751040020709091e+00
5.998609611206906500e-01
6.864393227282328702e+00
-1.081858650576106085e+00
3.198775725289761063e+00
-1.072278548182261559e+01
-2.671081469217759352e+00
-8.371051715585693387e+00
-2.951816155049946655e+00
1.274519747565241445e+01
-9.741063543943370817e+00
-2.651117932470063110e+00
-8.634171939758279457e-01
8.329818015877378912e+00
-1.251721199901579817e+00
8.202416958506660194e+00
1.342497473075022985e+00
-5.632892180606538624e+00
9.987846940781619054e+00
4.298289022277169025e+00
7.268947514856150427e+00
5.034112744692274433e+00
7.451909397560373627e+00
-4.307653279553665726e+00
1.209684167279315492e+00
-1.193778950736947664e+01
3.561575874934002961e+00
-8.932116530672699284e+00
-3.090892407268100328e+00
3.465275320902124090e+00
-2.661021526830083417e+00
-9.128781079795899700e+00
-1.092454492040628722e+01
2.469531200211709354e+00
2.991816970699666678e-01
1.056729808346354282e+01
-2.856356595586384106e+00
6.870713336261661475e+00
3.488300438926620561e+00
1.451060907921708720e+00
-3.976641932615763153e-01
-7.114476642388412486e+00
-1.308956697416341353e-01
-7.996847106687360984e+00
7.505774698478612450e+00
-4.062324478126454474e-01
8.779925127923810635e+00
-3.588890810344759430e+00
-7.229599205779446258e+00
5.287543441760288232e+00
-8.354375630093564098e+00
5.210575803899473168e-01
9.786649211669933734e+00
-9.434203620736454354e+00
6.937288105871499688e+00
5.607308238346412566e+00
-1.015901915087520146e+00
8.353985959035011177e+00
7.250373234815342904e+00
1.350836276292000537e+00
8.901450004657118775e-02
2.021742661345509617e+00
6.804291870445679180e+00
2.577891971856919984e+00
1.498472841178359882e+00
8.536728753461208186e+00
1.125128559026172326e+01
-7.638751687668261792e-02
1.065616348986405448e+00
2.276058082552333772e+00
1.037106550273065508e+01
-6.528111380704646471e-01
8.687373827326024811e-01
3.811655048746660945e+00
-9.287246499107800091e+00
3.558429737572978979e-01
-5.787554687855497981e+00
1.107466645969250507e+01
4.994324020251033502e+00
-1.031587303797623711e+01
-2.774789370516215214e+00
-5.063843014708004020e+00
6.720216400061112871e+00
-5.950274307090063886e+00
8.722940240196560779e+00
-2.382888414472969174e+00
-4.323061324571103370e+00
8.122462110829808069e+00
-6.072986079670804616e-01
-5.696718163794036727e+00
-5.032266274993711264e+00
5.728955523193278054e+00
-7.073851846903147056e+00
-9.627359954535782194e+00
-9.653088273958248422e+00
3.407737594277582716e+00
-4.583676160133888233e-01
-2.391120223202083395e+00
-3.173422372653491141e+00
-4.285695951599747033e+00
4.831165188734734883e+00
-9.908405020750187475e+00
-6.226117830109142437e-01
9.209968008616438162e-01
3.471198318097577395e+00
-3.978616224348474617e+00
7.878754380354435760e-01
4.755966798081951552e+00
-1.583992778252063305e+00
8.667721740305669442e-01
8.694799804000226118e-01
8.570673896859361207e+00
1.336456262509406523e+00
2.764565115885497804e+00
-5.647902116252677018e+00
1.329852482529382840e+01
7.005298833472172859e+00
-7.261889374643558881e+00
-4.690165359948903046e+00
-5.834559314275922226e-01
3.945526059183707801e+00
-1.262185972036130810e+00
-1.432710760449374066e+00
2.959071262295179139e+00
-4.540896792239420776e+00
1.214575624644760943e+01
3.020111148066298767e+00
-3.795258707469282289e+00
-6.136725592517937145e+00
-6.274212117576149161e+00
-2.031632399114787990e+00
1.019423502612919563e+01
-1.117600835851296281e+01
1.376361666759769697e+01
2.187771856664186831e+00
-1.297663852284522612e+01
2.845968131548304303e+00
2.226408693760704605e+00
-1.242092130379953296e+01
-4.990547224218273570e+00
-3.542723674987481974e+00
-9.908835364105248900e+00
4.657877451329301977e+00
-1.064141911256371742e+01
-4.930764346695453604e+00
4.439693280678840281e+00
3.956181635543880581e+00
-4.113786324755588808e+00
5.758935167962942359e+00
8.486731452213504667e+00
-6.239014526757266310e+00
4.800739748111380045e+00
-7.609891698121066028e+00
-5.281528218827139298e+00
1.080654124287142182e+01
8.198034130369665773e-01
-9.732342269690638759e+00
2.451404338324489451e+00
