-4.092166117083927412e-01
1.317149057248408361e+00
2.562219150571760640e-01
6.168944897364394553e-01
-2.161388608827130575e+00
5.611168901845076107e-01
-3.458792454842207764e-01
1.130973015499941337e+00
-1.583644956546839122e-01
-3.207628063719694111e-01
-1.618364386060406890e-01
-2.272628841253257204e-01
7.591971018773195912e-01
8.991380723135555808e-01
1.953370934737648668e+00
1.618664968274003080e+00
4.597188976217732037e-01
-2.407642723853560263e-01
1.200038781350266648e-01
2.980667282532968310e-01
-2.135416794137761087e+00
2.162676888536937625e+00
1.297361799077366706e+00
-8.246483857684856478e-01
-5.154673445152562206e-01
1.831633857453869529e+00
5.417313702785024887e-01
2.092681998004664035e-02
7.847494845131749441e-01
-1.038156428140935228e+00
1.043963992670861263e+00
-1.177318766276722606e-01
1.147755954484723340e+00
1.324390292512621636e+00
-3.698948563205147755e-01
-2.464900327762313825e-01
2.559501386584372540e+00
-1.713843529687302691e+00
7.966420494223527271e-01
-3.730895746538474000e-01
-2.950830602840823769e-01
5.991619779946694146e-03
-4.350738702143654990e-01
1.032566937424400200e+00
-7.727253181091737755e-01
-4.382913389085629774e-01
2.346165497312666659e-01
3.476083547114304784e-01
-6.315278508268163948e-01
2.648791632503169957e+00
1.440240128554785670e+00
4.429559825997533284e-01
-1.917098632222908883e+00
-2.062991614181641786e-01
6.201278787183674979e-01
-1.353581458339118582e+00
-2.025435664093114152e+00
5.411329152928088249e-01
-1.174343015736205587e-01
-2.735444512411419060e-01
1.438832468023222955e+00
-1.440195908336602937e+00
9.594784769224918852e-01
9.546907104075150752e-01
-1.491158477784466418e+00
1.790233573734064665e+00
-1.485747714886314075e-01
5.906042848434384096e-01
1.056749324455556804e+00
1.945623323363951052e+00
-1.945043816648839297e-01
5.235696518220618323e-01
-1.376283704346314307e+00
-1.620247318759038713e+00
1.074743120804507512e+00
6.657205849483067706e-01
2.699831927593665526e-01
1.052474359346309729e+00
-6.761214433786778555e-01
-1.454443934438525154e-01
-4.349569829444152602e-01
2.490500799775626772e-01
6.835393393774906734e-01
-2.482310357139974055e+00
-1.630521089532936507e+00
6.975393094216228995e-01
-4.486788863456412368e-01
9.225625148831599898e-01
1.194728226009098560e-01
1.757301305620885268e-01
1.945848456425175454e-01
-8.949983936265275553e-01
1.749462955772718153e-02
-9.666313797071315328e-01
-4.227554997438487394e-03
5.970456663950727272e-01
-1.205484346812377039e+00
8.538289881211585941e-02
-6.333687668918186464e-01
-3.007426121918173045e-01
-3.714607656738944108e-01
3.774181080531169297e-01
5.882500164518219554e-01
-3.442324950936582750e-01
-2.827377703386045327e-01
-1.050848239329833067e+00
7.895886445701931766e-01
-3.492391027927853053e-01
-1.517172020240584729e-01
-1.750329075262199163e+00
-4.906048804088677384e-01
-6.841652120232701861e-01
1.884599401714963374e-01
1.270164203197819086e+00
1.013274449410916045e+00
-1.208671371843102360e+00
-7.012309662626081685e-01
7.079286790174407207e-01
1.329586676123555300e-01
2.158725943688062365e+00
-2.816070889457809034e-01
4.266081599966042859e-02
6.781984915428554972e-01
-2.462854172903570227e-01
1.054603545320578428e+00
1.885648940231444026e+00
-1.054242810027754551e-01
2.669658098161201698e-01
8.542407593846161884e-01
-1.533232386254577806e+00
5.306121452429271024e-01
4.938244725091323062e-02
7.980056627345508691e-01
4.732834386904819501e-01
-1.396251902390952981e+00
-6.142285524501334137e-01
4.392396472128807794e-01
5.323373284091166280e-01
1.875932120704583150e-01
-1.521047519769548328e-01
7.913866807279534843e-02
1.188745458206990069e+00
2.261689787156249132e-01
-1.787307000716196748e-01
-3.918309439516276527e-02
-1.313552773121651862e+00
-2.350746151588667399e-02
1.032743647668375786e+00
-4.185245927884344574e-01
9.715917893837100472e-01
-5.541812203477021193e-01
-4.478583451991897668e-01
-2.751644982420621277e-01
4.310851275654725701e-01
3.293529212231094405e-02
3.489370226089995031e-01
1.926357196925777338e+00
3.480511355009439090e-01
-4.059305695658022017e-02
5.320620663591781874e-01
-1.302841736553050467e+00
-4.935303652594497104e-01
1.602181439339617652e+00
7.684462454562652756e-01
6.267085323963577093e-01
3.355407594708610386e-01
-1.556013769324681384e+00
-3.759372162156275898e-01
-2.948282534414791711e-01
2.928866812215421556e-01
-1.439224232929359193e-01
7.275218388760351651e-01
1.065481004513026519e+00
-1.414551768665908149e+00
3.793648185046220589e-01
1.433657578788040121e+00
1.106760963900688122e-01
-4.599628424499699886e-01
-1.488358637690724073e+00
-9.404136616483312894e-01
-1.773047101707076578e+00
-7.630122082024681784e-01
-1.416153842119218798e+00
7.464941677082173044e-01
1.486955417178108529e-01
3.389131137687269035e-01
-1.529762439241684202e-01
-9.414760100158778844e-01
-1.311261389838980218e-02
1.415892527567157444e+00
1.134168203964849297e-01
1.525885878648527427e+00
-7.686747507818023628e-01
-2.229058932739253596e+00
9.683467714748830169e-01
3.777950978998569909e-01
-5.201477656884957446e-01
5.962455855801638283e-01
1.058778663039659174e+00
-9.171083968822020260e-01
6.210495281832850711e-01
4.397924131731960617e-01
-1.917297077051121623e-01
-7.822277028398885168e-01
1.767505248780310012e-02
-2.170084713661917242e+00
-5.660215479786057102e-01
8.396123283361496270e-01
-1.720256549366548704e+00
-1.831916693853197775e-01
-6.753447075652905252e-01
7.818358803014419101e-02
9.719542385306146892e-01
2.195282662095244586e+00
-1.817002409391345941e+00
-1.825034534797291830e-01
-3.456189528156131674e-01
-1.212532418438365678e-01
6.031882380703388336e-01
8.203437932876658234e-01
-3.884282998686796606e-01
9.352643948728300849e-02
-1.218239393804119830e+00
2.198978304560080255e-01
-1.019746134140765204e+00
2.934349938338201569e-03
-1.363223293976391970e+00
4.836926816257368644e-01
-8.949007967461591884e-01
8.164361131949451345e-01
-4.571433039533312481e-02
1.661886636685188101e-01
-1.666065165469792220e-01
1.002393603052822657e+00
-1.868653262658188652e-01
9.332919863814733707e-01
-6.031865518288959116e-01
6.568533639360796261e-01
-4.154174419139452512e-01
-1.086983932164434341e+00
-8.297215343361066808e-02
2.182646502078282591e+00
5.539891740253930497e-01
9.124862387502995498e-01
6.900098696494669781e-01
4.679683795600069196e-01
-2.710626750644480332e-01
1.362079447028294865e-01
1.531622130795075698e+00
-1.295712528126824470e-01
7.678542439305764411e-01
1.660290193126848113e+00
1.639269056739269814e+00
-6.431598892073006057e-01
-1.955127362456508866e+00
1.251163756712671438e+00
4.509340888580762874e-01
-7.278300909686328257e-01
8.999193490297063835e-01
-2.525254987366498671e-01
-4.538123893418227750e-01
-4.978525093314744576e-01
1.816581747948762704e+00
-8.584063858993997709e-01
1.079590314640626936e+00
