-5.949393526096532492e-01
6.879050032920090985e-01
-2.805103525193071157e-01
-1.655151507344774009e+00
2.814411788488282440e-01
-1.201061278470681559e+00
9.151214830922943522e-01
-3.216066896403321218e-01
1.207259619493401992e+00
-3.763214266996400825e-01
-1.679968169890261542e+00
1.069276527261955545e+00
1.354091722890591321e+00
1.058049729211278711e+00
4.979719428910196477e-01
3.136909820311021280e-01
-5.213408210750041238e-01
1.143390250484598525e+00
-1.468089078987535601e-01
-1.791271895987413210e+00
-5.752880965623756726e-01
1.366761127593585812e+00
-1.261277924572933529e+00
7.804332924301199403e-01
1.194701975413512418e-01
3.529822151493133831e-02
-2.459194708193808143e-01
-3.782700212701608500e-01
1.895484677555040687e+00
1.007479393117516331e+00
1.071091553674604402e+00
5.297139430034636387e-01
-1.053512918853557245e+00
-1.596273078701201609e+00
-1.230145592672587274e+00
-8.245002025379645216e-01
-1.284882655763099457e+00
2.828529402987098873e-01
-5.476212731060751127e-01
3.950369033947243036e-02
1.345658656205349413e+00
-1.058886852079529151e-01
-1.452567701385481191e+00
-3.964285497339521402e-01
-9.312650071076647995e-01
6.970663330317645734e-01
-1.039358071021710073e+00
-9.571912080518401034e-01
7.759365854761727244e-01
1.348930280235697499e+00
-7.907671414606599614e-01
-6.077678484755554278e-01
-1.220371902538075037e+00
-4.487430655352864228e-01
-1.634849326501260247e+00
-9.482305144313227796e-01
1.006233841631478665e+00
-1.148658598399248554e+00
9.323875574615891892e-03
4.200273897117462463e-01
-6.931484263707503590e-01
-1.740662406589096545e+00
-1.837569013040849963e+00
8.381031808720837972e-01
5.578747387154681103e-02
9.260198589535958424e-01
1.064655956185762253e+00
1.333164269900491306e+00
-8.244100734627941574e-01
-7.820311261167157690e-01
1.327116590887993830e+00
-6.431545716810415092e-01
-8.595880591171125573e-01
-1.537062068095961465e+00
-2.368367515058350525e-01
1.038841434747783676e+00
1.523520402492109405e+00
-1.420579827829406838e+00
-9.452088697192613242e-01
-1.149851162300113305e+00
4.962845657995244020e-01
2.855656605145393545e-01
-8.240673992016436800e-02
1.101516949972959125e+00
9.386666796471074825e-01
2.643357529835678177e-01
-3.437577289207898179e-01
-3.287273073539189738e-01
1.604576022944041558e+00
-1.521318252510146962e+00
-5.546120564981338319e-01
-1.774917010917899551e+00
7.503456568988760012e-01
9.442721870800572237e-01
-9.143421993244511548e-01
1.949167242467297223e+00
-9.226526473059634137e-01
8.138176986329126450e-03
-7.507774773784992028e-01
1.210846264162787289e+00
-1.300411143505646017e+00
-8.637193874917078462e-01
-1.100129071170091732e+00
8.179530284017333397e-01
1.842759060573321506e+00
7.922304588160444805e-01
1.548720493582557811e+00
-9.197226639168339934e-01
7.593481109811160978e-01
5.556656675542980262e-01
-1.024788929656739400e+00
-1.510127414934558043e+00
4.944153105070480114e-01
9.527154790290960351e-01
-8.073226722608473072e-02
-1.229123389127741994e+00
1.546020290584357859e+00
-1.375547166789563125e+00
7.380900625772851553e-01
3.381741243375037120e-01
-1.984321338677346169e-01
1.679347402524562494e-01
-4.540568241926202786e-01
-2.274398144399525368e-01
1.988309402738426268e-01
1.607161069782227614e+00
2.982807166738759008e-01
-1.154642497705504312e+00
-8.092052163441277868e-01
-1.510490042689013324e-01
-1.490270434196421023e+00
-1.260096425005213350e+00
-5.624232424108379647e-01
-9.482877819777073558e-01
-6.010815802002253960e-01
-8.148900720787515262e-01
-1.039769974796200813e+00
8.836932207080194779e-02
-9.232757570750282916e-02
-1.483538649831934286e+00
1.102609627925767555e+00
6.180787400735331394e-01
8.533310746514491951e-01
-6.271159727399170380e-01
-1.419876848854882967e+00
-2.853204953566860214e-01
-9.956122619743088542e-01
-1.750049186847896232e-01
-5.162269867737889761e-02
4.199650669213902399e-01
1.165375116287235224e+00
2.577402176203456019e-01
-5.920925792043013614e-01
-1.189559237478258424e+00
1.688165611713375869e+00
1.105922048775089372e+00
1.142693373595410344e-01
-6.155870996016890029e-01
-8.001080025576295940e-01
6.612451627181227254e-01
-3.108167295997887880e-02
-1.756369164718933007e+00
-8.751100112999373737e-01
-8.320756523861663201e-01
-7.743802077062655886e-01
7.270949029881633718e-01
-3.741357976756063408e-01
6.093516666153433459e-01
-1.000242985355137337e+00
1.592920759289934374e+00
-7.726766434872825995e-01
4.781573278443228547e-01
-2.456691324325638304e-01
5.885872108664080837e-01
-1.414383674460171658e+00
6.210377087665081008e-01
-1.671098827503262552e+00
1.148017400371407204e+00
4.644271270538358198e-02
5.296846339335504750e-01
6.652757016373109789e-01
-4.400994343193198599e-02
1.107081263507429414e+00
-1.548406100170478750e+00
-1.676804204857286429e+00
6.059968853073089967e-01
1.046237850555030047e+00
-8.856463423899381127e-01
1.444445251877898961e+00
4.943967785490986921e-01
-1.148393443783495504e+00
-1.034741763505263812e+00
7.252484027361030261e-01
-2.051196383517117638e-02
1.115884498075393250e+00
-3.122740919722120090e-01
2.151264253325888554e-01
-7.591968462183530386e-01
-6.863133171130733068e-01
-9.215286994335359916e-01
4.914731657228541550e-01
8.086916996875815888e-01
-1.633574623011427418e+00
-5.809904434823287556e-01
1.383355193498192914e+00
6.014705163340586802e-01
-4.261360102941557093e-01
3.399766081550574803e-01
-1.234913153393250917e+00
8.555261791587498443e-01
-6.529607669419449367e-01
-1.087077840762596503e+00
-7.331567028779555351e-01
-1.287738812926705334e-01
1.356883476423140333e+00
-4.065628240938339300e-01
-3.066510496601360103e-02
-4.741097598158426907e-01
9.710876664378129686e-01
-1.698468714453412964e+00
-1.207518831522607083e+00
-1.028990260035721693e+00
7.402985536905012376e-01
-1.451273822722718654e+00
2.982391322402601075e-01
1.089305072895007998e+00
-1.446716555251283065e+00
-1.019250945976272416e+00
-9.547237663085752502e-01
-4.680816033667939413e-01
4.761599778102744152e-01
1.799182518110294726e+00
1.144044067230590711e+00
3.797850480307335408e-01
7.034439738562527911e-01
1.262169694621276150e+00
9.988755435016105633e-01
-1.525813724755080258e+00
9.984159527360092490e-02
3.450406113073590242e-01
7.448554938742524278e-03
2.766448291131820003e-01
-1.404136278175725172e+00
1.693134294004714047e+00
6.374682219104448044e-02
-9.988410603928622455e-01
1.540944012905378635e-01
1.400583390079335189e-01
-2.273498671149133399e-01
8.213509965899047360e-01
1.102504969080738917e+00
-1.818700635529802767e+00
-1.316053560816189405e-01
-6.055090143284913573e-02
9.327076636515034824e-01
-7.950577418614770409e-01
1.442820219861861153e+00
1.191545892142928276e+00
1.387875831227791679e-03
9.104172981742519877e-02
1.520824391867569236e+00
1.260798564235673158e+00
1.896781029260315110e+00
-1.912872211366183350e-01
-1.156783635684094591e+00
