-5.254702198338243591e-01
-6.627726319644771102e-01
-5.769986371473228015e-01
4.064151563023736813e-01
8.003970187327911212e-01
-4.597031982136152717e-01
9.520110284522917965e-01
-2.239653216470705033e-02
-7.984904440148090643e-01
-4.517171477281434200e-02
9.127407338800390679e-01
-5.856672996116998320e-01
-8.016659713791005615e-01
9.154237386642791741e-01
-1.062335819579482976e-01
8.012615226844275185e-01
8.302313711628224180e-01
-8.954166792872522151e-01
-8.407136491646527432e-01
6.519959784200224373e-01
7.464444975488289113e-01
-5.428749560833701082e-01
3.787862193961260004e-01
-5.622906242261598297e-01
-3.454848326465553843e-01
-6.787691282773753443e-01
-1.082399929541058015e-01
6.703736692170279010e-01
2.285091675985078119e-01
2.089959072467386658e-01
-6.779074147635133496e-01
-7.349529898892439572e-01
-6.478902090205602704e-01
-5.260286395271216442e-01
6.576818464132214714e-01
4.265546057444822292e-01
7.902453922687182608e-01
-8.479219608626764604e-02
7.014704667986932929e-01
3.486603231986906692e-03
6.241908130467852533e-01
-3.436000795446390033e-01
7.442043104213669213e-01
-5.077720195074511000e-01
1.500188114618301594e-01
-9.045484195404647210e-01
8.992981888079487618e-02
-2.456602429554344269e-02
-1.386902150240747478e-01
-5.696531616377555896e-01
6.009989158817556909e-01
3.414111737298410887e-01
-3.269725422105425050e-01
1.326924331704741888e-01
2.339826724619145093e-01
-2.048968856136581529e-01
2.519210643231470925e-01
-9.745895651559923767e-01
-3.920966556052418728e-01
7.699609644749065840e-01
-1.132786526308238173e-01
-7.926811105675077851e-01
1.015105969102698680e-01
-5.883747671025001402e-01
9.245867366679616506e-01
3.975665096839475776e-01
-3.009077022659389922e-01
7.791206991680048599e-01
6.300102115159154081e-01
2.299653404709729454e-01
-9.570529338005060449e-01
-6.751037337417282735e-01
-4.827164656608446958e-01
6.727091009433960878e-01
7.637869350766548493e-01
-4.520737796755085469e-01
9.240781220284124409e-01
-8.049874719770917508e-01
-3.301961903025374401e-01
6.517314433214931313e-01
1.530737742084253838e-01
-7.169349982363293350e-04
3.167376787393803017e-01
4.687875577040987451e-01
6.826656525970826728e-01
-2.837960942280626231e-01
9.977407743295254594e-01
-4.896104446401221555e-01
-7.726635031074775561e-01
1.858857793544337333e-01
-8.808672447851773057e-02
-1.485200811235534157e-01
5.324986362519381622e-01
-7.939956346451353397e-01
4.071410367899934712e-01
-9.611647610174129941e-01
-4.808994441094616157e-02
9.065523898697835925e-01
2.987884959687756581e-01
1.635938219355335121e-01
-4.585592501600466164e-01
-4.564047000961490852e-02
9.286403136780865264e-01
1.807914449292447046e-02
6.036599415887262676e-01
8.681750763353379696e-01
1.716548416526690879e-01
7.429526466583213917e-01
1.620718309487660935e-01
-6.105807241162011234e-01
9.970247101357245789e-01
-8.939170776022673515e-01
8.353196060868122164e-01
-2.081624990045136681e-01
7.227734438233270886e-01
-8.624326949256209129e-01
-1.282833364244899688e-01
4.419262536230992300e-01
-3.337076645980434630e-01
-7.474563661696220773e-01
1.913569489585977834e-01
-6.245903371915444424e-01
7.218484149185468990e-01
7.110381615876077976e-01
-8.202312720686200098e-01
6.253173751132361513e-01
-1.652618749138961007e-01
-8.357516108600553384e-01
-8.381696364793211895e-01
3.691772823718464380e-01
-5.755854241989764031e-01
7.088351751865018535e-01
-4.916904694098060968e-01
1.153347489297622541e-01
-8.535696778056731659e-01
9.759322372386269873e-01
-1.390839750023311616e-01
8.468849380139387151e-02
-4.618057052338138124e-01
-7.742947780927571522e-01
5.967948535800347010e-01
5.117535389091065756e-01
-8.632557176500332830e-02
9.386694989064727768e-01
3.013230816051231109e-01
-6.673248148604158381e-01
-8.654778551690227584e-01
5.437768189606861924e-01
-6.919225428983275528e-01
-2.265424020070736510e-01
1.124121217397198169e-01
-5.791390007632908343e-01
1.018926213151281068e-01
6.935742801459163775e-01
6.144311303732217233e-01
3.824511823355976059e-01
-6.547962983130191095e-01
-1.441799656940263574e-01
7.662379562941032951e-01
-7.654643788587776054e-01
-9.220780184865586815e-01
2.132577486338720352e-01
6.434195171935268576e-01
-6.631432794659968266e-01
-3.372529689535246344e-01
-8.587686900061950457e-01
3.361591543904656199e-01
8.842168506175813736e-01
8.211725503040450125e-01
-5.909719365870689245e-01
8.757864842751383883e-01
-6.953766554343747686e-01
-8.044885686603164832e-01
8.007911908631173414e-01
-8.174188399173343278e-01
4.458689357004934628e-01
8.218733252311190007e-01
-2.868997296271458275e-02
2.627764080000958291e-01
-8.213827597224492294e-01
-7.341765865620548670e-01
6.040977623117544937e-01
-6.618715318180254936e-01
9.491096287420588418e-01
-3.107648311149127096e-01
1.822664576762309530e-01
2.337642790254983449e-01
-8.265424153018028353e-01
7.986520688565608150e-01
-7.488531519420140725e-01
6.530054974301302551e-01
4.804501058861061491e-01
-2.554857269701706901e-01
9.035465419870118975e-01
9.746582261612999343e-01
9.573408760788293392e-01
5.720821020228263887e-01
3.955913704648472695e-01
2.276119667591394169e-01
6.203317202304898803e-01
8.528277399701655881e-02
6.044359368946032873e-01
4.802657393006699582e-01
3.371886546232158999e-01
-5.568730124357761380e-01
-1.711133612074666743e-02
6.302872411432878241e-01
9.011124706905866422e-01
4.033086549113866770e-01
-5.439814393859985220e-01
4.386531348112683304e-01
5.357863575423098546e-01
-9.258105146622175319e-02
5.268181949148460497e-01
3.240433185681308448e-01
-4.042127000892599131e-01
6.171995168388832997e-01
-5.739956068621181462e-01
-7.642847233317624500e-01
7.530651896822804225e-02
-8.657046805569970083e-01
-2.559779930757979383e-01
-7.042789154604354174e-01
5.301267382469507794e-01
-2.364735131258899337e-02
-9.252502754045273115e-01
-7.556141815503516490e-01
-4.986367519154955019e-01
2.735722299200586960e-01
6.681696890803046074e-02
-7.314318464455455970e-01
5.255724450341558995e-01
3.168843174802435936e-01
4.896152954890644615e-01
-4.198507287387356346e-01
-7.734464388935569090e-01
-9.508756923472077016e-01
-7.142941629736698772e-01
9.950675618971167591e-01
1.316833651899811386e-01
-8.457899985894492545e-01
-2.222911426871492235e-01
5.601194825498700958e-02
3.077648187520254375e-01
4.714849214492418117e-01
3.835674278268339510e-01
5.207590133141004607e-01
6.000450493035123234e-01
4.914692958357003150e-03
9.423829304466382339e-01
-8.988964195624782327e-01
1.974183148788399844e-01
5.895634058536991517e-04
3.901300919120178623e-01
-3.278210791954780934e-01
-7.953592899177703845e-01
-6.527580667769596889e-01
2.116373859432350013e-01
-3.062645346683827707e-01
1.037501704478647202e-01
-8.315829127922502728e-01
-8.117493400998321285e-01
4.578639771351711296e-02
7.310962936144052016e-01
1.866609927394229373e-01
