-2.963100273091396897e-01
-8.604859950247552014e-01
6.544197389482322436e-01
9.505451160531157573e-01
-3.736034138549431116e-01
-4.195490865349560394e-01
-9.007858664175414365e-01
-7.303526518061700390e-01
-8.435957001155085511e-01
-8.323516795210732511e-01
1.630788270648790839e-01
-1.304430211703102582e-01
9.740270594760644940e-01
1.700779785876127548e-03
-9.813094590901643155e-01
-7.283016110554516587e-01
-7.792976828477187201e-01
5.146893725675698583e-01
-6.842435556374673045e-01
8.525592835837565442e-01
8.867126502120232789e-01
-7.415740017555103591e-01
3.888001515774952566e-04
5.347978808667526174e-01
5.236438863163943580e-01
-4.663369845608136277e-01
-9.820158110016536934e-01
6.760744984002158287e-01
-2.505556402851076836e-01
-5.364624118358538585e-01
7.974509212602367558e-01
-6.750457049406879406e-01
-3.614826231627641384e-01
4.474786527389307267e-03
-3.187614382246926059e-01
7.778680636522663505e-01
6.727007615156923581e-01
-2.507776546771700588e-02
-3.700855319869591487e-01
6.582916110007865917e-01
2.377173082281616168e-01
8.575108161341526980e-02
6.114076953997205077e-01
4.786601701542481102e-01
-4.094300015155449834e-02
2.008059575201293079e-02
6.875541730789982431e-01
1.910165529832490439e-01
-8.150511646404079436e-01
-4.764308507829930761e-01
-5.759264534307566574e-01
8.725525769516075947e-01
6.030569979370472566e-01
-7.254018153551866632e-02
6.806615632845292030e-01
7.089423631723847929e-01
-8.756835184235098879e-01
5.748888121734698764e-01
4.190804910455121490e-01
-1.542675921693525964e-02
7.302589426627061897e-01
-9.135349557918390762e-01
-1.658886756912043570e-01
9.676457330534860013e-02
5.174742154541116523e-01
-3.688577844202116651e-01
2.422156537347788241e-01
-5.195041622196001629e-01
1.923965279504136205e-01
7.549450698056952014e-01
5.075344962784311686e-01
-7.526744644294833808e-01
-3.958376895709327936e-01
-1.198122835901094252e-01
1.607587557855927329e-01
9.971536697253335912e-01
-9.920606265015989855e-01
2.693679133163255912e-01
-4.626449691444947110e-01
-1.020526711068381331e-02
-1.588407451348101684e-01
-9.071274713023624869e-02
-9.722558377602987800e-01
-4.491403204821182715e-01
-4.992339796441394029e-01
-6.184846885533514804e-01
2.042433367049147908e-01
-7.581837201289500783e-01
-8.801151703537706261e-01
2.991262369542497801e-01
-4.968714956854363152e-01
-8.848339088554149079e-01
-6.656161877209705313e-01
-4.287267098537355103e-01
-2.376233621207728408e-01
-9.079022481338132611e-01
-7.600874791131446706e-01
1.728919722109858448e-01
-6.770370189318184462e-01
6.697626881452143355e-01
4.273108032433687864e-01
5.664520706742783851e-01
-7.524577758914612335e-01
-1.341369667600924576e-01
-5.113173197398406256e-01
-2.331720729658586233e-01
-5.694787434446562102e-01
2.739021102992265089e-01
8.699636881871652960e-01
1.893551127436643444e-01
-9.350970702879335406e-01
-1.013267497330827549e-01
4.419057499799079469e-01
-1.602576482424120652e-01
-9.219303684354278605e-01
3.553363498410111454e-01
-6.385998431439299239e-01
-1.294863898780029832e-01
2.321039238440723018e-01
-4.834755003701587395e-01
-2.415332010436272991e-01
5.118283860162351484e-01
-2.639582694525715034e-01
4.051552432087237587e-01
-6.362118566816719056e-01
-6.819341519978172617e-01
-5.027662159768366834e-01
-7.801535592391162233e-01
8.873418536258403932e-01
-6.404067665175339208e-02
7.363183515185163230e-01
-4.197908497730618027e-01
3.780531305093630667e-01
5.878261068132661915e-01
-2.598512673829473929e-01
-9.738151074658214501e-01
-7.655960449883401076e-01
6.457754358351195378e-01
-5.148168025946662230e-01
5.683365479307322943e-02
-8.217398272124893932e-01
-2.677724369448821751e-01
-9.816381326705336807e-01
-6.385784054768750551e-02
-7.656216321602440367e-01
-3.832689361004752993e-01
-8.632089860085034871e-02
6.188896835799344576e-01
1.560878577691753311e-01
5.401836191790754249e-01
2.244736304033465579e-01
3.963240713449709407e-01
6.938918097251778327e-02
7.586148478617287250e-01
-2.956167729997185578e-01
-9.003646335246480170e-01
-5.222323866431621830e-01
-5.366945781318708253e-01
-4.010839253500473323e-01
8.687897868296574622e-01
-8.316696448992193513e-01
-3.768513266446780197e-01
1.238107854585508427e-01
-1.942455791803687770e-01
8.728170877827816643e-01
-5.518263064749402425e-01
-8.960197765008777182e-01
-5.617561119429093086e-01
8.753511106576390421e-01
4.049201419519345979e-01
6.509319748207085254e-01
7.751672731918255455e-01
-8.755931202874507324e-01
1.666363156690620073e-02
-3.278951385798845042e-01
5.078797841673110547e-01
8.098638188473263888e-01
4.001662108651466987e-01
-4.536938754330601675e-01
1.958327199265534890e-01
-6.005774498696090369e-01
8.861444602205523768e-01
-3.394385065591887241e-02
8.559071243835898457e-01
5.427176903052761681e-01
-5.257525894607151251e-01
-9.941635475301722202e-01
-7.097074542656420792e-01
-7.468829962229837083e-01
-2.072970300477201544e-01
-9.012680823164513910e-01
-1.641930790983114896e-02
-6.081340492929299124e-02
6.645786498240542350e-01
6.228521929406942714e-01
5.139255071879154091e-01
9.475522703737453423e-01
7.850476566112913890e-01
4.502144351625840812e-01
-4.408521252666035561e-01
-9.518491348442061906e-01
4.791029592078364097e-01
2.326869560286679572e-01
-2.086497737908776795e-01
-9.884117016993734239e-01
2.127451357900087547e-01
6.972522229753408407e-01
2.321333392460316336e-01
-2.983805113350124216e-02
-6.362343400453738251e-01
-3.169560187770408266e-01
7.189103949669970461e-01
-5.742735000448115912e-01
1.525446633712745914e-01
-3.746575230613453655e-01
7.423158977738641973e-01
-1.849131344178012171e-02
-9.038934454901741411e-01
-9.439117298588521887e-01
5.967255025318656259e-01
3.458851728052700913e-01
6.305690541288369033e-01
-5.605392901891486090e-01
6.434820643521053096e-01
5.106279801607842561e-01
-4.355389878650308688e-01
-2.806219207454274667e-02
-1.384365843015691322e-01
-7.851409150921908608e-01
3.562265532531960766e-01
-5.164241275896173100e-01
-7.824211361285104971e-01
8.528143604420517221e-01
5.627147038333459861e-01
3.586289641964597319e-01
7.889201076925416167e-01
-5.957885604398054369e-01
-1.764633999949127841e-02
-6.333199211953721708e-01
-6.532054345078406321e-01
1.313981891183146899e-02
-2.780116282350895140e-01
3.283086470648723942e-01
2.491773156999057548e-01
4.847413625876542120e-01
9.037219172206725215e-01
-9.027433615358764207e-01
3.292332284924988084e-01
5.629606068719501533e-01
5.046505698981529342e-01
4.934342857120439518e-01
-5.110278723317152050e-01
1.814162044490887915e-01
9.852487459425967042e-01
-4.646937820907719452e-01
-8.032822433135180518e-01
6.882690181595154666e-01
3.454112243923967984e-01
7.210438704219839234e-01
-3.433803209107519905e-01
-5.395862068336008122e-01
1.504063823119112797e-01
7.288386807433548942e-01
-8.852286915371023746e-01
-2.105228584946718939e-01
