3.470686188337521738e-01
2.762708619187259629e-02
5.424699850818095470e-01
4.256307690282454814e-01
4.796274521447139172e-01
-3.094950458358582956e-01
3.640634665891957500e-01
3.139468615622160730e-01
-5.253391275638694680e-01
7.003714047132976184e-01
-6.524097252596718910e-01
-6.010602071886115283e-01
8.111911042685691076e-01
-3.314899999836029565e-03
1.203304786277465954e-01
3.086244372261681690e-02
-9.325267076875081163e-01
-2.077726164863931135e-01
1.689999243174089560e-01
5.288519411239733792e-01
8.616692516888353470e-01
-6.284372774623965263e-01
3.726998417093771998e-01
5.375205207980888744e-01
-5.266412320622531062e-01
8.543162037873586190e-01
6.181619636622075475e-01
-1.077719424920995372e-01
-4.217594894461962340e-01
2.278824465653395137e-02
-4.444764438363582038e-01
2.082301917336011332e-01
9.276819653507102359e-01
8.656801269227507589e-01
2.825103861247757475e-01
-5.123676758747131021e-01
-2.164069861148467666e-01
-2.571886354177468359e-01
-1.031970796609051888e-01
-8.418687299058842388e-01
-5.991383339887401682e-02
4.670813699945441932e-02
-7.530804284521486203e-02
1.923240892471724806e-01
8.789264569906583002e-01
-5.151492816821621190e-01
6.700698595257401635e-01
2.932141054184955742e-01
1.282482769482415907e-01
-3.667949653947677469e-02
-4.126520221089136076e-01
-9.004568826895653633e-01
9.501545160806119661e-01
-7.573255782314980422e-02
-8.958293322775738865e-01
1.205547754626883350e-01
-8.669750671983569301e-01
-4.781700283548584451e-01
7.516125358304426296e-01
-4.425593201080908479e-01
-6.472892409994046581e-01
8.823262975838039868e-01
-2.636111432700229962e-01
-1.722648304197873514e-01
-5.540554041919756312e-01
-1.004118303262586664e-01
-9.623238435531755730e-01
-4.780908410970401423e-01
-3.728719331199452647e-01
5.819145523809665654e-02
9.470147094833760715e-01
6.804875689401490568e-02
-3.831238992472696392e-01
-8.080275921005442008e-01
4.434460340954367030e-01
5.314267382958592911e-02
3.141310121700764402e-01
9.129627281101999614e-01
3.032388740029090535e-01
9.961999027224888170e-01
7.268724390853511519e-01
-1.386664339257905887e-01
-9.371731233400844019e-01
-4.063856423044451827e-01
4.000618446132544470e-01
5.405562862455155493e-01
-8.130781702464457972e-01
-6.653212515037663088e-01
-2.385118860186790091e-01
-8.241917907586253644e-01
9.734726057335676419e-01
-6.689266871060803865e-01
6.217460390672311377e-01
-6.820876332464134162e-01
-3.764278183812035383e-01
-3.140972103135728499e-01
3.558379034661238727e-01
-9.931050006691353182e-01
-4.324004647410804036e-01
9.127387985717221319e-01
6.516732276086973918e-01
-6.805208008361154359e-01
-8.759952376794304385e-01
-3.526896319174701588e-01
-5.862976158111357083e-01
-3.083360953032510121e-01
-7.455017997353543535e-01
3.070094346658962525e-01
-1.107187230657309396e-01
-7.440940630507273390e-01
9.637633584906857287e-02
-4.042504229746703981e-01
8.751295026498300267e-01
-2.318489219992569961e-01
9.381823141693810264e-01
-5.364328387435812751e-01
-4.238290433800773194e-02
-3.797001102315562537e-01
7.027132614782671816e-02
9.969776636175595730e-01
8.731848866567037959e-01
8.428095508229338506e-01
2.732739109129997956e-01
7.121188137795853024e-01
-1.831211453270615852e-01
1.006354325175782272e-01
8.643266848034800720e-01
-1.955663899084694179e-01
3.380787218404621708e-01
-9.720397346489140222e-01
-1.488407320439204540e-01
-8.214038096293461155e-01
-1.168602388928356994e-01
-7.574006735077360997e-01
5.866925739661230654e-01
8.100888021772021386e-01
-5.672471631909292711e-02
-7.800209795514168043e-02
1.075891679222646946e-01
4.997487619357792177e-01
7.895685880454250682e-01
-8.075284959493653769e-01
1.119381431416945905e-01
-6.288816032690260904e-01
-5.084826486889371111e-01
-9.666535499534085751e-01
5.160960705592354536e-02
5.150650034101558195e-01
-8.347864108077711620e-01
-2.758934029586488368e-01
5.443798385772846693e-01
7.768932442000391347e-01
4.765646836739565462e-01
6.955686408942860499e-01
-6.984192289390820374e-01
-1.248513879267145743e-01
4.127029549810417031e-01
-7.654684219001679502e-01
-6.179738931306859584e-01
5.195494581816797464e-01
4.360380447591165609e-01
4.690026607973578621e-01
-8.681542218339830530e-01
-8.880656012417120770e-02
3.904443255846619110e-01
8.470090069629478968e-01
-8.996335018260970262e-01
-8.513266579987881499e-01
-2.598281719742687734e-01
-2.610292717544535623e-01
5.814480530567858185e-01
6.094964442020394113e-01
1.149397889725307653e-01
-9.995469076664138530e-01
-2.679387705703268896e-01
8.718566717794471455e-01
3.758310785044971514e-01
-1.123919220199083302e-01
-6.134119604578307516e-01
-6.465038077809301953e-01
4.870184638521779519e-02
-7.531324167450521578e-01
-8.608730741998986691e-01
-4.260572966073339352e-02
-4.691194662584972086e-01
-8.491365557615297988e-01
2.448516798050650589e-01
-9.204884634710848168e-01
3.702754293787142714e-01
3.501769993381804724e-01
-5.138860324447045436e-01
4.728455543229981295e-02
-5.258501833163138350e-01
-8.764167761681789237e-01
-7.794602559347425519e-01
8.552742956486221182e-01
-1.923348201776668986e-01
-6.508754264564109437e-01
1.869366568074894985e-01
6.240660106463395973e-01
-7.035542584643796893e-01
4.350129829716256058e-01
3.909654485267144430e-02
7.212773447294693607e-01
6.417193534038778679e-02
8.585218668316996204e-01
3.361820342785151183e-01
-7.003742657199256705e-01
-1.346225691707472194e-01
5.874729973834831309e-01
-4.103784415015645504e-01
-2.241171049467038934e-02
3.577940343511465393e-02
2.906429433611739110e-01
-2.920954791972629749e-03
-9.120370057947353448e-01
-9.669107458979870895e-01
-5.408672158202783020e-01
4.348194091521966342e-01
8.417948620429784867e-01
-1.959216612844878469e-01
-6.482907037322667154e-01
8.245959119368926338e-01
-5.293987573047911344e-01
-1.439418858513057398e-01
7.313299911148367638e-01
-4.330291481045793756e-01
-5.471696518495203776e-01
-7.258494235679879836e-01
-5.653462428660469552e-01
2.414293806194067749e-02
2.527844411666322344e-01
9.423022710717421369e-02
7.104741530318370302e-01
7.222262322733377093e-01
-5.362180579666595559e-01
2.805314130688632002e-01
2.640898598288021759e-02
-1.697599705636738676e-01
9.911440289679984694e-01
3.422631383473357936e-01
5.497893248384562170e-01
3.488010208867893258e-01
9.696052559037608987e-01
8.726858356383919713e-01
-4.857448354192956952e-01
9.739116583408218286e-01
-3.555641944705409951e-01
3.864217344731912807e-01
-1.481919325605249860e-01
4.599432184217733255e-01
-9.160864811631337368e-01
-1.478257610642623732e-01
7.979585194857645725e-01
-1.010098831048555912e-01
2.723969644981363292e-01
8.361832393054766666e-01
3.243630205685721357e-02
2.601820498686020500e-01
-2.264531086560424011e-01
6.326035276610531000e-02
-9.938819068165873905e-01
4.152497408772890530e-01
-7.658688963864592747e-01
7.622998393481392743e-01
