-8.892099255708263428e-02
-8.391099899712783916e-02
-1.644917515405310837e-01
8.655109626758286101e-01
-3.944675395800283368e-01
7.607186535036651875e-01
-9.783510076922481424e-01
7.004240723045558337e-01
6.223611944417519748e-01
1.229824591420050073e-01
-7.991342301048200980e-01
9.632442514449659487e-01
3.117344718522923053e-01
-8.533085965077391588e-01
-5.070104829967618798e-01
-7.552244875133151680e-01
-5.348726284426565947e-01
-4.204923471474686369e-01
3.676583999519249524e-01
-8.055120035746823337e-01
-4.288396297111027877e-01
9.892128253195975329e-01
6.715023717921198010e-01
3.938362205445558040e-01
-9.289547307700987133e-01
-4.599280313509663820e-01
3.487201528975443221e-01
-3.740758634973131436e-01
3.255688621991983389e-01
3.673861268400002711e-01
-1.818267069632240052e-02
9.374328871662016560e-01
-5.359621163267671573e-01
-9.879392732879632710e-01
-2.120996882937802308e-01
9.165175637167306544e-01
7.055620488791871647e-01
-9.121542050552113867e-01
-8.925372433293130570e-01
-4.814641526308995889e-01
6.669706981124094991e-01
2.548496802004962536e-01
3.898974880839878310e-01
-3.175549122292196103e-01
-7.495563714819879486e-01
-5.927272179140881114e-01
4.102087957922320172e-01
-4.681000450560546255e-01
-6.693810362770886702e-01
-7.958340227990063909e-01
1.406765426637091032e-02
-6.380288483138696343e-01
-5.706679565079353367e-02
-3.093305726313859694e-01
5.926793715438427590e-02
-9.835749483099822665e-01
-6.030819818799859622e-01
-8.837541286375854011e-01
-7.827474009478778694e-01
9.197249276687260444e-01
-6.998747761616948004e-01
-3.901833199425337462e-01
-5.505140024878762972e-02
7.538298419931550587e-01
-5.040255780028801702e-01
-7.250327726935852368e-01
7.878103306255632710e-01
-3.311718461156565319e-02
3.325772905187609485e-01
6.714902391494130818e-01
-1.831317553227724826e-01
3.870035083425598099e-01
9.900837854153534678e-01
9.639095483174362489e-01
5.033146820760048268e-01
-4.360109547564241517e-01
5.515613326642403447e-01
-2.835307966606803731e-01
-1.757597333654823402e-01
9.831228872042014899e-01
-4.487027302364139381e-01
-1.002082663766830084e-01
1.744881870655470291e-01
-3.107488564976075285e-01
-5.458465259559197591e-02
5.177890758476300093e-02
-7.330270863380596857e-01
9.730034878819115995e-02
-7.354142037905762042e-01
-3.291707629459021955e-01
2.993188949216540884e-02
3.859520633259090339e-01
-6.096595300656455496e-01
2.386344062446141834e-01
6.945095912300134344e-01
7.125503775924753036e-01
4.184752260906887678e-02
-4.788833299119883424e-01
-3.960543499967228431e-01
5.492061733697775061e-01
6.885024051781662990e-01
-1.688667704226842758e-02
-7.409334102409885769e-01
-1.018875762429221066e-01
-3.593877552514403995e-01
6.950444778000723911e-01
-2.547549549097765098e-01
9.225814462009873651e-03
-9.113780172412155878e-02
8.240937819557403454e-01
8.180359562191079625e-01
-7.387905535071337404e-01
7.383025370814502164e-01
4.667505089907546534e-01
5.378222960622713877e-01
-6.520549331354952294e-02
8.800924222016863752e-01
-1.032074959287021532e-01
1.863744444724075855e-01
6.118996076703919762e-02
-2.091411254908588369e-01
1.141467622545500049e-01
-7.110367081388671018e-01
-4.904439943490479514e-02
-9.565140981443007728e-01
7.612901457505367731e-01
-5.201669585851795841e-01
3.680711179959139656e-02
3.690453076496573726e-01
-3.831221754292848392e-01
-5.152225356239614751e-01
-7.286878406042087697e-01
-2.786275107496620773e-01
-6.453906242893627798e-01
-2.968422431389219351e-01
2.808395117625119841e-01
-9.394532724915471977e-01
4.279047377112701334e-01
-8.033553513031086446e-01
-9.024601619898373617e-01
1.152708747002109124e-01
6.505469744818237476e-01
9.603005670564097596e-01
9.921340961694797844e-01
6.882789913031321927e-01
2.230016388242550551e-01
-3.520515723396120400e-01
-1.728343883388170354e-01
6.900637786194663281e-01
-4.976423396077029881e-01
-1.907117397338533582e-01
-1.486034757741234724e-01
-9.805321316527846331e-01
-6.549159471691865519e-01
-8.998043440638459067e-01
-4.517750776947262459e-01
2.185015671479355603e-01
-7.951758241770843227e-01
5.014229614655718592e-02
-7.870232833572707865e-01
-4.765715851473626419e-01
-2.564347219814966383e-01
7.852900262780704299e-01
-1.260387841538879172e-02
-4.324618951534913158e-01
-4.528394271149247530e-01
5.812871167211441925e-01
-1.970811602819537711e-01
-9.578985356390152806e-01
4.137788436283236226e-01
8.751880283329087629e-01
5.298220699664075717e-01
2.998578462627394803e-01
1.002138322427559292e-01
-4.564739974621829788e-01
-4.083100777962613837e-01
-6.994571177544783858e-01
6.179509496557158421e-01
9.887785484728501828e-01
-8.939137156569352261e-01
-5.349922650857206197e-01
-4.618550698066401505e-01
-5.802505223957785674e-01
-7.805331263070509618e-01
-5.067235948306529902e-01
-4.392546294484640512e-01
1.713163357391860320e-01
1.518321862046270176e-01
-1.397687347386498136e-01
-4.316596300066883884e-01
-7.993377076398244796e-01
-4.664899492622578414e-01
-8.510501845004070365e-01
1.274906374540532017e-01
-7.315832586838981744e-01
-6.464375390596257542e-01
-3.923214983053004978e-01
2.129225928319722350e-01
-6.585407056024523698e-01
-2.012176491816801693e-01
-6.647348556783772011e-01
3.995791212447212803e-01
2.822327911713216064e-01
-7.105203465030491827e-01
3.534390816675374580e-01
6.254631009006712539e-01
-5.014272771797467776e-01
3.476315704680934537e-01
3.226897767870651190e-01
7.765088953678391803e-01
-5.891691366648303951e-01
-7.003800379303153356e-01
3.479690379114079857e-01
3.026508550548392407e-01
5.962989867976182801e-01
9.886853329525828737e-01
-4.634813058067810410e-01
-2.050092954516897770e-01
2.755973524317949508e-01
-2.003505578659798836e-01
-6.996207791425337330e-01
9.685709954886574380e-01
-4.048897199641496858e-01
6.974846594812540435e-01
8.445642661315959643e-01
2.160038160039092769e-01
3.437680182828124487e-01
5.786202665355004715e-01
-2.966961022935870051e-01
4.871497105484712264e-01
9.170562804316522154e-01
-2.190743592724915256e-01
-1.499456663015235058e-01
-4.916404422084685866e-01
2.739893784940155008e-01
7.040706661450046866e-02
7.134206485454308577e-01
6.770077833749972296e-01
-7.531806478819869088e-01
1.826740343932171662e-01
-4.966035071724610450e-01
-3.844294789405939827e-01
-5.507525794184244816e-01
8.873126462538261094e-02
5.911115818542540534e-01
8.174010064652434959e-01
-5.230780394100298381e-02
7.815288188724811569e-02
-1.156745578661606544e-01
-6.380618565898941164e-01
3.172884193169711597e-01
-3.638196909831523662e-01
-6.669255982511188563e-01
-8.632268996355876300e-01
8.868998610914966552e-01
-9.292864054046934275e-01
5.963358016058282196e-01
-2.563089633097419551e-01
6.966264590756596764e-01
-5.855447622094154259e-01
2.786632320099946547e-01
9.522549516997054209e-01
5.501279036640711606e-01
-5.494544575650051055e-01
-2.563826892903096066e-01
