1.698679581374880172e+02
2.653190892782761523e+01
-3.118781762972770366e+02
-9.503539916695120837e+01
2.862941993943716739e+02
-2.509771802181369083e+02
-7.741781945207796412e+01
-1.808400565061543475e+01
1.398402031176979108e+02
-2.462594841899539517e+02
1.347458260867999513e+02
-1.501791460785165100e+02
-1.370799598676481601e+01
1.285520446250609723e+02
1.136535254662697128e+02
-1.813249856328040721e+02
3.104090544968101426e+02
4.040504460958549089e+02
3.908891471347461675e+02
-1.286653199033088129e+02
1.103697878194765991e+01
-3.126228859035301966e+01
-4.199809075470113129e+01
-3.140161332725605234e+02
-1.521359146744802331e+02
-1.686717875863382972e+02
8.541888858886554203e+01
-1.207323271995559821e+02
-9.856716041278066598e+01
-4.769504665013486999e+01
-1.827301685486035865e+01
9.941977426769106785e+01
3.140814758793146311e+01
2.315539298891690976e+02
-2.573450588772411152e+02
2.294563414716500915e+02
-1.556771492001530817e+02
1.566262552446856944e+02
-6.907029069406223698e+01
1.209664011608863063e+02
6.924208580017521797e+01
6.232223824161876280e+01
-3.094542005027045093e+02
5.216215794319833776e+02
3.235738744138537868e+02
5.668279925249392193e+01
1.344481213362584526e+02
2.407516552135195127e+02
2.171999727539248681e+01
-6.802833812118210233e+01
-2.168017383942209051e+02
2.176649343139897042e+02
2.648226288940786048e+02
3.750976967515663318e+02
-2.088238531042470356e+02
4.494296794069181260e+02
-1.052870210627266658e+02
1.442485598192214979e+02
-2.638509757483648741e+02
1.061290781037556172e+02
-1.611146336735959324e+02
2.416150155992423265e+02
3.014290381899927525e+02
3.079787090495107691e+02
1.117518385057508681e+02
-1.566272037233329399e+02
1.508808139607521355e+02
-1.449739910083326038e+02
1.586121618167101701e+02
-1.883704910990654469e+02
2.058911211709820321e+01
1.641199860419120284e+02
-9.592211504099287822e+01
6.512225939294229704e+01
1.822660319546479286e+02
1.066650917777305665e+02
2.207102703684306277e+02
7.102120630804894574e+01
-1.944943270720006296e+02
-7.498752948515553385e+01
1.404890694158601150e+02
-1.321931549802712027e+02
-1.882951918454006659e+02
-4.285400923843938585e+02
-1.235171238141132051e+02
-1.337467119014952033e+01
-1.338075915209933271e+02
-2.124869771917950345e+01
-2.558145505954200303e+02
-3.961686220165045711e+02
1.395222758561796752e+02
2.697687869703180468e+02
1.655989714371604578e+02
3.699237039808023155e+02
4.585535213953989597e+01
-1.008133357598336062e+02
3.476519377849861030e+02
2.983633536595130753e+00
7.008019865263113957e+01
-8.439953389037252407e+01
-1.358833852637504833e+02
1.176392315994849156e+02
7.328476233597803002e+01
8.016210884800383951e+01
-2.520516889184402487e+02
-8.148203873545953968e+01
7.602406220462164299e+01
-2.356552368957165982e+02
2.631382078139846499e+02
5.111206514902807498e+02
3.518652690362879554e+01
-2.312264284471059739e+02
-1.095845985417293775e+02
-5.108154630266891871e+01
1.865121179011025276e+02
2.112915888399961517e+01
3.398779840678325854e+02
1.111444294698202953e+02
-1.195299340202633545e+02
2.166801015141481059e+02
-1.572509163737850884e+02
-1.196833682512391874e+02
-3.046269752863427982e+01
-1.210154679526261532e+02
-5.013961225416625211e+01
4.929767229475593382e+01
-8.687971506384565501e+00
2.746599961852192564e+02
4.025319927906372186e+02
-7.461668352125730053e+01
-1.018788383107673639e+02
-5.978499934329536813e+01
4.026150014612483830e+01
-2.285378249027374693e+02
2.352400862615635191e+01
-5.137159980899504035e+02
-1.179878806254633758e+02
-1.153489792270260352e+02
1.166959390936763441e+02
-7.158887081049788037e+01
-6.546373396057650496e+01
1.013393585553936020e+02
1.115237762441205263e+02
7.741073707292511585e+01
-1.556346687009421146e+02
1.917256891767049467e+02
-3.196921921189567684e+02
1.425573778859689185e+02
3.768421553382832911e+00
1.599099187623891396e+02
-1.534040638819872413e+02
-1.324222081508469273e+02
-2.645142386580676543e+02
-5.075000158661014638e+01
2.161904967033700302e+02
1.424204334099854350e+02
1.662396534559342172e+02
-3.458154575520408684e+02
2.210258880565920094e+02
-6.118644650219881242e+00
-4.088361398425041671e+01
1.643067168884170712e+02
1.649257925413158432e+01
8.445332324065752516e+01
-2.627203491282752452e+02
-1.178831526510719527e+02
-7.875989810984219730e+01
2.783898493798916007e+01
-1.275724346902411241e+02
-6.967181050132471398e+01
-1.649225343676025943e+02
-5.515717864649575830e+01
-1.822289031621851905e+02
-2.074953348470037042e+02
-1.290683395654784817e+02
-7.148079650220087444e+01
3.728902861054930629e+00
9.540955860508751130e+01
5.340311945268251748e+01
-4.867792903130974480e+01
-9.219280907990477658e+01
-1.436070194261073141e+02
-3.786998941946882837e+02
-2.938193790326980093e+02
8.409007012880401533e+00
-1.587500963019827509e+02
2.042012243009405204e+00
2.156599190782229698e+02
2.187735622681562973e+02
-1.851485792324117199e+02
-5.865886370830653007e+00
1.017778958160192104e+02
3.416981158511200078e+02
-2.572146822144904377e+02
4.878812096596000458e+00
3.466386754532007330e+02
5.005305096320454794e+01
5.039695768544472543e+01
5.042903024587783989e+01
3.253648584525900844e+01
1.212667645279570792e+02
2.005954489914164185e+01
-8.395745827536512707e+01
-1.093833796330172987e+02
-4.033462873031227218e+02
2.937249814143859794e+02
1.315681905163106933e+02
1.371845654858358330e+02
2.508783680197603303e+02
-1.232628478323405972e+02
-3.378153584391858999e+02
-1.656491132523297551e+02
1.786153102985216208e+02
-3.342957964269127160e+02
6.173714383682773388e+01
-3.999395416340080942e+02
7.031359923250381172e+00
1.463904915141275467e+02
-4.547486062578389010e+02
1.837722836065303227e+02
-4.062824811843360351e+01
1.330334384337913605e+02
-2.178131216227123090e+01
2.756077188234116306e+02
3.058537969806516230e+02
-3.705710027305330101e+01
-1.860230160210585666e+02
2.000649543504601979e+02
2.416678709523491619e+01
-2.331851603248013305e+02
2.244689228028007335e+02
-8.793513292532898262e+00
-8.442752352355670098e+01
7.510303685100714333e+00
-2.146481449345797898e+02
3.463728657867762308e+02
-6.037314321640718617e+01
-2.155804005625933684e+01
-5.482989317660527462e+01
1.967951704826232628e+02
-1.696980838247577310e+02
5.579871773054343720e+01
-2.936407228996109176e+00
1.375004452943368705e+01
1.435125830002442342e+02
1.621751075033257905e+01
2.011966448099213665e+02
-2.133560270477397225e+01
2.735072035138816773e+02
-6.432781534616971442e+01
1.684581651158591740e+02
2.213935473368606779e+02
2.556693035902561633e+02
-2.337782965241857482e+02
-1.136092129641883730e+01
-2.695223342696845634e+02
-6.778983666647070550e+02
-5.099089642585580862e+01
3.784720488087854307e+01
-2.550628973096783341e+02
6.577825485931787064e+00
-1.136871804925760188e+02
2.275257804657675820e+02
6.257519203707717637e+00
-7.903847837127263176e+01
