9.248110088067129642e-01
7.774165303935735016e-01
5.250294022110367775e-01
2.976988868589094395e-01
2.448583667430204447e-01
2.633609583197356052e-01
-1.811940556916347422e-01
8.420835757319069526e-01
-8.393063265708872178e-02
-1.891410599734333786e+00
-5.173948162305213039e-01
-7.554255162302490056e-01
-1.653216662589302777e+00
-1.042622039039961646e+00
-1.587431701782409332e+00
1.106285232983451161e+00
9.101517417424580536e-01
-6.011818329405055339e-01
-2.511593143019480445e-02
1.380631419591841214e-01
2.768891371441711269e-01
-8.654174893852775163e-01
7.426832322795237085e-01
9.768699478715686668e-02
1.985697257648058045e-01
-1.218899875628655316e+00
3.244196638475224104e-01
2.597654025005082801e-01
1.514994361642530984e-01
1.713636819919247323e+00
1.563467751408883499e-01
-1.997343995564712760e+00
9.835056702605484702e-01
-7.656445310477477673e-01
-4.084669289267429670e-01
7.682154197703572329e-01
-3.550170910440750838e-01
1.228100896802671649e+00
-1.083199884999167306e+00
-1.224099767783335402e+00
1.326808894596458455e+00
1.517523442999267669e+00
-8.853467990392676068e-01
-2.541486085504840453e-01
9.300370869138113727e-01
2.801766232882730856e-01
-1.007889711714878622e+00
-7.785447403063233685e-02
5.359866695947212989e-01
1.506452082259307934e+00
1.446875717680757845e+00
-7.536688198854593068e-01
-9.976838183062497478e-01
-2.046913995209398429e+00
-9.034485131780906064e-01
-4.397529311004716446e-02
-8.118472130308931334e-01
-4.253053510725135489e-01
-8.029920516772822703e-01
1.027839310727663769e+00
-8.799216309611586073e-01
1.663420910083558191e+00
1.917014712391785558e+00
1.039088625176875169e+00
-1.050623055842001774e+00
-1.905719244392396483e-01
1.072913249202124941e+00
-1.987794545003477076e+00
-1.462033590851657738e+00
-1.246739921622667335e+00
-1.589002359040989409e+00
1.120543014370867924e-01
-5.912133592348487454e-01
-9.122817862788712429e-01
-3.895909524454445050e-01
2.030107519648056247e+00
-8.496586975978775991e-01
-1.240866950266179103e+00
9.029356203648657431e-01
-3.804457661067438545e-01
7.789241679386604833e-01
-1.645323444380172528e+00
-6.061827491536387891e-01
1.130606916277244967e+00
9.118704661706351633e-01
3.972611750279745335e-01
-3.781137165685030110e-01
7.474744105210539002e-01
-6.161878193177032781e-01
2.809972136098100592e-01
8.470116178718543054e-01
-1.381377585824451470e+00
9.379434330294911248e-01
-2.561035850762313437e+00
-8.095480711824621922e-01
-1.232939863478333065e+00
-2.046867935920581694e+00
-1.265166677510162430e+00
-9.681799889465536602e-01
1.796723419073498196e-02
-1.241811527375172641e+00
-9.614931656807007565e-01
-1.613121166978046084e+00
-9.780745719312741171e-01
-8.435038309049583960e-01
1.117478685532181215e+00
1.592848869970430181e-01
4.138286471334271521e-01
8.953246856067705872e-01
2.776993294061488315e-01
-2.434125222942782885e-01
9.759967644753431149e-01
1.536038831616972633e+00
-4.135938156403368149e-01
-6.338989412233424492e-01
-1.133246551430978410e+00
-1.013049520193487485e-02
-3.753135969538946570e-01
-6.665875769501734549e-01
-3.910480203899379115e-01
-7.049128256175488660e-01
-1.575959302744813995e+00
2.187064984404469392e+00
-7.484761012882870101e-01
4.650407177712165274e-01
-1.890816590238583839e+00
-9.356933499757598138e-01
6.776477911147582578e-02
-2.709523540840531597e-01
-9.703422182320275979e-01
1.049242723290123358e+00
-1.337947154309170883e-01
-1.304666997371833004e+00
2.435610080343697526e-01
1.216839566071616252e+00
-7.230048018972967672e-01
-5.623551493990834871e-01
-8.382920746017933356e-01
-8.123635643719970822e-01
3.083746925907820402e-01
-1.002675245582227981e-01
2.129042259784561519e+00
-1.491927494851981839e+00
2.937200204876421750e-01
3.588029597152221362e-01
1.275194536266096135e+00
-6.990193364882462124e-01
3.258658123571747667e-01
-2.781188458226779847e-02
-7.333309153221565513e-01
-1.095771771648885728e+00
6.453501742521110529e-01
-7.333059760014736250e-01
6.416412940838137624e-01
-1.143444863747477669e+00
1.508736995734289765e+00
1.446863920170364803e-01
1.841999635977751293e+00
7.276280174432926406e-01
1.725922660253535135e+00
2.509156837261032891e-01
3.752382671645624335e-01
-5.123354995321234284e-01
-5.377777419342000265e-01
1.523567029512484128e+00
5.474375297977713828e-01
-8.578483535989838149e-01
-1.582778041464375729e+00
-1.424729525433633182e+00
-1.134380848702972067e+00
1.051896976083845026e+00
1.460726673012376242e+00
1.205862189036955634e+00
1.492213554634072459e+00
7.442780163163356111e-01
5.612670525631751062e-01
-6.329089050647311865e-01
5.428329028537899337e-01
8.475802398240992463e-01
-4.936403101472033317e-01
-1.062508869557910351e+00
6.146890614053440727e-01
-3.803522966910651837e-01
1.140174878549616189e+00
1.341010810534163822e+00
1.917273910769015655e-01
4.234450566980345609e-01
1.208286053097576307e+00
1.007027440586378386e+00
9.379733538110868185e-01
-5.593587219220459428e-01
-1.245551816210058726e+00
4.739919584758611748e-03
3.674230425598132843e-01
7.347697335369711702e-01
-2.468123602860069710e+00
-1.277773790804734855e+00
-3.900932788891599001e-01
5.134724520457116803e-01
-2.365967849030627956e-01
-1.829385056094989803e-02
-1.936987400963579464e+00
2.464092521349018572e+00
7.321226706253805006e-01
-5.280887815064059243e-01
-1.372760995281814944e+00
-6.282254356542527063e-01
3.262686185795652394e-01
-4.764445623403510965e-01
-5.574983035793413810e-01
-8.844966140027685775e-01
-7.681281239561204011e-01
5.675786122786491417e-01
1.735983741482498122e+00
3.014148615722458957e-01
-3.112438636745303300e-01
1.558121465926243898e+00
2.979097602549473089e-01
6.249624210534876489e-01
1.075380558121535657e+00
1.303089240810872074e+00
-1.368562926545457525e+00
4.796525957333949708e-01
1.265399992832349607e+00
1.293169021772186511e+00
-5.944526902446516381e-01
3.619504459679938335e-02
1.100268900179519616e+00
-1.172826454504552141e+00
4.566578171032346090e-01
6.889448956677776681e-02
4.098959160407392166e-01
5.396705301432380697e-01
3.276973972534330537e-01
-7.533850342821548640e-01
4.155679174453060232e-01
9.494927254638675373e-01
1.066410987539664790e+00
-1.026091007074026784e+00
-6.847113841749323804e-01
4.152614513137727892e-01
-1.164745431883622118e+00
1.628672974011434293e+00
9.632544066150214856e-01
-1.112633997968008881e+00
1.449685288668266292e+00
1.075122937813709267e+00
1.456959776974131815e+00
-2.226706918043175776e+00
1.590398186536456926e+00
-2.065132340148126411e-02
3.727526121740543097e-01
1.341941497155497487e+00
1.656712806839301999e+00
-3.782468202794824208e-01
-8.312833081869857033e-01
1.714109890117382351e-01
-1.844600242647084498e-01
7.128317447454712852e-01
1.100845668694869772e-01
8.870560667189999471e-01
7.130692005260325095e-01
-8.778641368010928758e-01
1.193809870206417934e+00
9.391837585631258589e-01
