-3.695118676352877607e-01
-3.428607759487514173e-01
2.328413893942558044e-01
5.110673819195554746e-01
-6.698507581649615350e-01
9.165268411591402931e-01
6.381988835843781516e-01
-7.722123107075502535e-01
-3.807976746541592572e-01
-8.009529504191830185e-01
-8.511150186358595882e-02
6.139967730239466182e-01
3.074710204055299823e-01
-5.446918509739429037e-01
-6.614616156140111780e-01
5.711297540868265354e-01
7.644106743037761831e-01
-3.566145041524191317e-01
5.559126859929008901e-02
-6.869648764611520075e-01
4.572297701076148968e-01
-5.228211605658901195e-01
1.335420641644788908e-01
-9.632528155580160067e-01
4.335112147862969501e-01
-9.366765395439613506e-02
-2.341910022615534270e-01
7.649472331755733379e-01
-9.512511455631367241e-02
-1.636407269994879510e-01
-7.196483194392095939e-01
-1.186285131116942004e-01
-5.882765258300832745e-01
-8.838471964788960911e-01
7.404598776009625460e-01
-3.566514535949227849e-02
8.560989007698649456e-01
9.892931965749092171e-01
7.696015207065138863e-01
-9.552713679976514438e-01
2.413243561682123506e-01
-1.560861612327526515e-01
-3.714886095069189764e-01
-7.531881103137449962e-02
8.333267108638142684e-01
8.679295266592665925e-01
-5.225663284167232359e-01
-5.118892993959522908e-01
3.414417863844412260e-01
8.435246982522692782e-02
-3.938046575152225337e-01
-8.205601789721161943e-01
-5.506098003083592651e-02
-9.245973341037561077e-01
-2.768808971462566326e-01
-5.029720092929101938e-02
6.946556357113715663e-01
9.733028612256029444e-01
-3.231014468619195501e-01
7.795165873818030722e-01
4.822374023345976646e-01
-5.368982840072256124e-01
3.224109578819918109e-01
2.405347348984843148e-01
7.522373769581369718e-01
5.764353061640477005e-01
6.369628530687077017e-01
-7.489538086145630658e-01
9.332852351810916325e-02
-5.148409413753274322e-01
7.031256675256831734e-01
-7.627012484456050512e-01
-3.850135146224074045e-01
-2.454546761353948447e-01
-3.745475422196780091e-01
-8.125512759530271190e-01
-5.978321628794112108e-01
-2.429414392339466211e-01
7.654914519907194403e-01
-4.529456701026597365e-01
6.789502965752076680e-01
2.432992687474273552e-01
-5.246308867795219655e-01
3.837881405753211794e-01
2.870301439650047026e-01
7.982656993188652628e-02
-2.320531080465488838e-01
8.692933321909821487e-01
-7.140029648851837774e-01
-5.924556436879069299e-01
9.068576688027758514e-01
1.154685114719748995e-01
5.066091765480429387e-01
-7.834753186771250544e-01
-5.021755485027181720e-01
-6.612246866943396473e-01
9.013839637107428082e-01
5.389761043001859431e-01
9.408584176076337791e-01
9.940985165856033312e-01
-7.800898445601578413e-01
6.980485853924700557e-02
6.676910412225476321e-01
7.972533383746704949e-02
2.525160297932773634e-01
6.667264868987119453e-01
-2.256026445823922089e-02
9.090268179475731181e-01
6.294694414949779659e-01
-5.031479587630853789e-01
9.177914831565285869e-01
-8.889505185006598698e-01
-6.864131421276002953e-01
-5.603195171196628799e-01
-2.487956589801558760e-01
-9.710683385405856072e-01
-1.736456930550402955e-01
-5.131206278728586145e-01
4.790571932041087777e-01
-3.113023256062337207e-01
-2.915986354917707857e-01
-3.089258292995031852e-01
-7.764108842668011601e-01
6.662409391683654647e-01
5.072482363172372555e-01
4.186378857427586198e-02
4.088523025639827502e-01
-4.230680729001825569e-01
-6.956157791410511049e-01
8.154739077541550696e-01
3.844299364562888677e-01
-4.585140860696854670e-01
-6.295919126680009636e-01
9.837903551982929429e-02
1.264332554395997121e-01
7.021413848086313081e-01
1.789164706090031753e-01
7.747718877397202775e-01
-3.791948884121802976e-01
-5.440252250751667074e-01
7.111457877197948640e-01
-2.733715437456343267e-01
-6.397336444747199202e-01
5.297075841464735646e-01
-4.030809003071125218e-01
8.932866440222198001e-01
-3.852710189526096229e-01
-8.042167887484552580e-02
6.122611370288344457e-01
7.032933034606738687e-01
5.576117790295935794e-01
-3.490067816191821937e-01
9.871447127341936856e-02
-8.356388499218891930e-02
-6.269835717042044898e-01
8.239723302051471521e-03
-9.324138008514708531e-01
-5.196210868447941333e-01
-4.940093182579490261e-01
-4.093418098008636541e-01
9.528439247890263530e-02
-8.762060946244196735e-01
-4.274451145892059767e-01
-9.608674372660928054e-01
2.432345248199716536e-01
-1.038240778524908148e-01
-1.678022702596089211e-01
-2.725075951339228642e-01
-1.990837983766808872e-01
4.562178255385622716e-01
-9.322679665681339323e-01
5.342531527951757120e-01
8.108324577292913560e-01
-5.752235986592997286e-01
-7.989498638418834897e-01
-6.889889075454069811e-02
8.425159843723561970e-02
1.947928566073529044e-01
5.362168825084581147e-01
-4.141496033762042117e-01
5.093066204681917508e-01
-9.680689881585031742e-01
-8.552166605813784628e-01
-7.416045194629683479e-02
9.325116740166754514e-01
-3.235630752853495551e-01
-8.023762294698453257e-01
-7.785367069124380368e-01
-3.160071197098601736e-02
2.416628249187955380e-01
-6.644289793001938449e-01
6.036395581126530185e-01
-2.020245160853570976e-01
-2.689927400470633057e-01
7.957921225610997684e-01
-7.773700051767713504e-01
-9.037321205181301220e-01
1.792856324840710336e-01
7.165682663052042045e-01
3.192881284014232879e-01
2.317605742280164360e-01
-6.717358638344748112e-01
-4.293448204353997877e-01
-3.387352444373452620e-01
5.411677455015131422e-01
-4.317622502209961244e-01
9.236105663624378792e-01
-6.178081182405195104e-01
-1.447182577820886884e-01
-1.055627505748104600e-01
-3.893481528586857365e-01
2.790640326234119506e-01
5.995849799093304622e-01
-2.827360694978136024e-01
-7.672069579707514464e-01
-5.153275661766021365e-01
-8.251222839649703378e-01
-6.736083878718857054e-01
-3.640400099244625043e-01
6.302556919873210095e-01
-6.615585803592327618e-01
-4.407293019937434941e-01
-5.242567230434433956e-01
6.554466546854560427e-01
9.060793586626840757e-01
3.900100875120426913e-01
-6.283720385501245786e-01
-5.754618571641596514e-01
-1.148957456483929995e-01
-1.959399317776604477e-01
-7.368305296540726967e-01
-2.099645825697828982e-01
1.669364868350424747e-01
-1.698296128306358010e-01
-4.300334022662557487e-01
2.980097520943654210e-01
3.087615098147689086e-01
-9.997271456188945304e-01
5.871608571836290924e-01
1.817747949270815955e-01
-9.979118766860606282e-01
1.564797851361139358e-01
-7.570051968669517795e-01
5.521111870030299684e-01
-7.944593530776498103e-01
-5.923469061931025959e-01
7.303034292038130815e-01
-7.374329321229213807e-01
-9.032724604450383943e-01
-7.909310280983219421e-01
-6.133327240065513664e-01
-7.232886156216755680e-01
-4.360232957684664346e-01
8.435141967530850327e-01
-4.213603811739561333e-01
2.174067320131565229e-01
9.366230678583642444e-01
9.031381384863168549e-01
6.046845867383476847e-01
-5.585532524659153619e-01
-2.550268156413018072e-01
-7.406970374351324882e-01
-3.532869031053982312e-01
5.098108527093125897e-01
8.942192163660704907e-01
