1.439924931469585223e+00
1.523458127016709129e+00
6.679783307073017262e-01
-1.351744644374591076e+00
-2.442616583914094974e+00
-1.344564207660724930e+00
1.751740598591064346e+00
2.811295193590684915e-01
-7.914531808820673975e-01
1.453756640674826350e+00
-9.183188146213389080e-02
3.795563239852528525e-02
-2.748641354235510370e-01
-1.618238355287031860e+00
-1.121431844215999618e+00
-1.031415262552106915e+00
-4.783860830875764636e-01
3.108376401690204904e-01
3.295258465024681005e+00
1.777571931168596131e-01
-5.593600142480390502e-01
-1.317553754904244201e+00
8.896856318980119749e-01
1.926943498202768335e-01
5.029179307083144757e-01
1.352154561949717504e+00
-1.059047068848344875e+00
2.727418802456567981e+00
1.366365669281325079e+00
5.818804734924994948e-01
1.908435118367875383e+00
-2.411126149619079673e+00
9.281168748344836850e-02
-2.137948150849342088e+00
-3.079737889490117730e+00
-1.793109658092713943e+00
-2.126390475388605594e+00
7.423060435053836503e-01
-1.751771577151904014e+00
5.598414376127436309e-02
6.717796280299648259e-01
-1.176497961281970150e+00
2.063485010484642945e+00
1.589101086182560518e+00
2.057487017770311066e+00
-1.101906710527720490e+00
4.663519350945495301e-01
-3.577819112335609564e-01
-2.088934403348197577e+00
1.660539077580587275e+00
-2.333004392445826802e+00
-1.667116886683337906e+00
1.833892493433474602e+00
-1.120523738998290275e+00
-3.298780467917392656e+00
-1.227885393512930801e+00
1.221966919336765045e+00
-1.329059937481648745e+00
1.306439517107820691e+00
-2.072724635010284366e+00
-3.161764595315605941e-01
1.017403421764127902e+00
6.651484603588656563e-01
7.272377825656373140e-03
2.009933485822256394e+00
-1.389881785902154832e+00
5.093915219918416781e-01
9.206705839118127788e-01
1.069989622133106666e+00
8.809388738557979437e-01
4.940123268994942585e-01
3.394776377253583277e-01
8.503497844966756425e-01
9.483504929181281184e-01
2.508697897001529675e+00
-8.234810334797333375e-01
1.249489961826902196e+00
1.462942465670589165e+00
8.194679403485647384e-01
-9.035113437089323796e-01
1.375192095337863574e+00
1.101265906792662008e+00
1.443115663957520667e+00
-1.916368273925253440e+00
8.181560328496810808e-01
3.943424941359712221e-01
1.607985058604292083e+00
-5.398636355010836274e-01
5.089976551972397179e-02
1.275992679575834288e+00
-1.658982322051158587e+00
-2.867087913627871520e-01
-2.330590878628214568e+00
-1.523130119028630158e+00
1.695633552096685870e+00
-6.063202677431134280e-01
-4.755081450466669413e-01
1.736184675945410039e+00
-1.547268072335298505e+00
-6.744717160254187771e-02
2.292748811888362104e-02
1.499816184650195838e+00
1.052837166218791864e+00
1.652799473434453104e+00
1.002928621520472685e+00
-1.128378530040044403e+00
4.551535445862828766e-01
-1.481776187368128550e+00
5.330692357602594411e-01
1.817405859404918944e+00
-1.782043910311669643e+00
-1.165306847774774779e+00
-1.682032313272962654e+00
2.790784431758551176e-01
5.935483112387504034e-01
-1.988217184580742369e+00
-2.260644686317163643e-01
1.995138496702780539e+00
-1.028957264589613341e-01
3.717873178519608413e-01
-1.527153529703368706e+00
-7.581042655236482908e-01
-3.610977867265786623e-01
8.760464328984133298e-01
-2.121021812844676724e+00
2.188767302587460772e+00
1.994279857962626412e+00
-2.358226978725622480e+00
-1.091423835072142801e+00
6.097129320980465561e-02
-1.585910261348122408e+00
-1.701147564689314162e+00
1.035138725273829552e+00
-2.484850732933944872e+00
-2.135240062849884879e+00
2.241741352237418550e-01
-1.916923243693595014e+00
6.931855910804888277e-01
-1.581736373532267814e+00
-2.050595264494154968e+00
1.689287586777290073e+00
1.661376381969904781e+00
-3.061531126440335537e+00
-2.291057676011231670e-01
1.363509057133932334e+00
-9.079983494796679544e-01
1.531473291796275227e+00
3.721732528057147271e-01
3.251409073000861572e+00
8.227330294754716666e-01
2.187930153079741480e+00
-3.197628057148182545e+00
5.839038905818911829e-01
4.196456514428546503e-01
1.623083760205373816e-02
-3.370089114465038005e-01
8.543129015740040799e-01
-3.856801221319410278e-01
-2.639912741051685607e+00
1.599648045815645236e+00
-1.026680945260373790e+00
-1.334879750302144341e+00
1.532466417451793239e+00
-2.705722046440748318e-01
-2.273914690677276695e+00
5.069835513967070328e-01
-2.407353767570119096e+00
1.963936524531824546e+00
6.881914929357022537e-01
2.017810556115951781e-01
-2.820513768943563315e-01
-1.660893458737853656e+00
2.891911295669267190e-01
-1.235137356731918601e+00
-2.788998447739228670e+00
2.903372260273066607e-01
-6.241106638140619944e-01
-1.566892623667076379e+00
-2.006586178377951057e+00
-1.293264597235607161e-01
-2.075989018736255076e+00
-2.072769083818718272e+00
5.162110142323290685e-01
-1.341260299915442822e+00
-1.919490658054729959e+00
-1.168322339274676436e+00
4.779820054317094336e-01
-5.152960267475440448e-01
2.192537254552105352e+00
1.958619005077447905e+00
1.901439276297702374e+00
7.510237391602924140e-01
-2.238333308723483128e+00
9.194238402779508768e-01
1.934085134455172827e+00
-1.524940112499219902e+00
-1.131038610748346551e+00
-2.315549481500139173e+00
1.278008007919836597e+00
1.777359576783675843e-01
2.316103295357356817e-01
-1.970481265754785660e+00
1.868121255750591958e+00
1.533380100215677500e+00
2.799585460510470858e-01
-2.208050931521231774e+00
5.585298657715217496e-01
8.133526028096877969e-01
1.069049106733296339e+00
1.731841849782811193e+00
1.331941513682426859e+00
3.306717876678784140e+00
-1.262329842771372057e+00
-5.248478821232662739e-01
8.801434367187067620e-01
-2.802004591580677939e+00
-6.280724833804347540e-01
5.230539829185725242e-01
1.899246163776900698e+00
1.884960709518922028e+00
1.862596285026460574e+00
-2.661246423925558879e+00
5.319813467021921038e-01
-1.136981055041302868e-01
-3.155220773909497733e+00
-2.339904560934822797e+00
-2.581589792302804831e+00
-4.906429474019803894e-01
-4.026594674729092604e-01
4.448869569073568564e-01
-9.780237723114898474e-01
1.282697777163265718e+00
4.201122719882113277e-01
-5.330546800732517410e-01
-2.535002085572027664e+00
2.589512793656931322e+00
-1.466158473175772192e+00
-6.855436252678137610e-01
2.158595081519924630e+00
1.203476651341452541e+00
-2.455884337424085739e+00
-1.269069939422009075e+00
2.061491589819352210e+00
2.130652150310328619e+00
-2.404505105799756293e-01
6.499791365669767007e-01
2.992893533091164349e-01
3.163276063498115853e+00
4.902228169758128806e-01
-1.238847513585605187e+00
-1.157788601331346090e+00
5.754954882763912982e-01
-1.510707159883752038e+00
-3.804594513443352310e-01
-9.969436340742588998e-01
4.534515486662638040e-01
1.776186743501546594e+00
-2.289269351478794512e+00
-1.717612602057654314e+00
9.233421862578417016e-01
7.405899189521081283e-01
-1.489263417860256622e+00
1.222903994857325927e+00
1.808217560996878470e+00
3.691389519709845635e-01
