2.654883676191599484e-01
9.472849008662180825e-01
8.779326089562455859e-01
-8.201629488474959651e-01
-8.036523752184667746e-01
8.462056449076635900e-01
2.428232225323136984e-01
5.990645034770736288e-02
-5.191719450038272399e-01
1.348693716381172969e-01
7.284676068069992905e-01
-9.827261674533405156e-02
-4.743328801266186723e-01
-9.578212493707727315e-01
6.113392991644539531e-01
9.819251397530355252e-01
-6.950341736200691400e-01
-3.386954075739256886e-02
-7.678167806784017557e-01
-4.760279952979851181e-01
9.668129327772945203e-03
-5.849056467336122278e-01
2.853872572822377940e-01
-6.346672586143009553e-01
1.151581217660331280e-01
-5.001863578664305088e-01
6.726239324448899382e-01
-1.176339242340547209e-01
-2.061354471668375155e-02
7.811533253122309173e-01
3.765657507023161266e-01
-3.243541526050275348e-01
-7.405982711304153199e-01
-2.381180083078300314e-01
1.482425415120216527e-01
-7.846799775188959547e-01
-3.811977356240445758e-01
-8.154941763337664185e-01
6.267397171732891348e-01
-3.073414718722966565e-01
-6.072461325328117887e-01
2.510170906055773088e-01
8.862247741005657709e-02
-7.005289931379778956e-01
1.867407665911668957e-02
8.182948643600496119e-02
4.724767682233093069e-01
5.258539131302542025e-02
-9.307173358728060286e-01
-2.270632925419218129e-01
6.572545754531107232e-01
9.390952961506631169e-01
-2.147820507740063611e-01
-2.875482414689423116e-01
-1.470560621547372104e-01
5.500370356541404160e-01
6.506906466078683504e-01
4.429911628358551567e-01
-2.923945380840389241e-01
4.671855681497658619e-01
5.961309203825162495e-01
8.314838163252782355e-01
-6.440954104882934406e-01
-9.061827491706528903e-01
-6.420322700326914767e-01
1.090186618201827162e-01
-6.545747005214161973e-01
-5.590881068246504881e-01
-5.027844839419635115e-01
-3.130458350684306446e-02
-2.047953901265020527e-02
6.630659914179055647e-01
8.605165142355544194e-01
2.546562905538414245e-01
-4.524431327987432638e-02
7.016849468197703388e-01
-5.809475665721339777e-01
-2.221189596816435241e-01
2.192534971997412985e-01
8.130797938892264654e-02
6.055988398664613470e-03
-4.054971913597895661e-01
-6.009598222468424122e-01
-4.589930041382013215e-01
9.993652094526941365e-01
6.256223852268982810e-03
9.972631160631528768e-01
-9.750343839154846926e-01
-8.719334964539759980e-01
-1.501219516613716554e-01
1.502726268488712158e-01
-1.770245008415054500e-01
4.037575779730901981e-01
-2.248059976756970890e-01
-4.303427569374642658e-01
8.227316055236049142e-01
-4.290733827264723299e-01
2.995649744237516288e-02
-2.158312796234282960e-01
-2.673973561658988807e-01
5.046462432468765691e-01
-3.840742380952864021e-01
8.361085234941059152e-01
-4.386707509310654451e-01
-6.484419568328358974e-01
-6.018688892414614244e-02
-3.536759182379443089e-01
-9.161004326279091892e-01
-9.425786791702090994e-01
2.313061230297135396e-01
4.534707839279399355e-01
-8.882110012758006601e-01
-6.785139868785323713e-01
6.971166532365011825e-01
-6.329488849887126012e-01
7.633436026417841358e-01
7.620133930965673486e-01
-9.833127942399835231e-01
-2.632071812940628419e-02
6.777322780320598206e-01
7.594493803347022176e-01
-9.280271596177882554e-01
6.009334125644090197e-01
9.438639367616441511e-01
-2.551581680280805564e-01
6.961056814808692650e-01
9.057577633046354215e-01
5.124547323126056320e-01
9.259927521075068668e-01
-4.395730585897359433e-01
4.653464640542863684e-01
3.602583979580309403e-02
4.295018662733622872e-01
-1.386484365480422642e-01
-6.497643055449573435e-01
3.868332185154967906e-01
-5.982036010330400444e-01
7.097026419292855604e-01
8.502022701370475222e-01
6.153502090768023791e-01
-7.400699155730616763e-01
-8.738189285623751967e-01
-2.154924370588067184e-01
2.765900588973242424e-01
3.747661380665487929e-01
6.289899913129239906e-01
1.526614830666364053e-01
3.214253145135028689e-01
-6.105765072752888933e-02
9.336773349086031626e-01
-4.028066674797003976e-01
-6.678729217728029965e-02
2.131279857477934581e-01
-9.059796250389815508e-01
8.542333011384366515e-01
3.790957958095801938e-01
3.275290759222684311e-01
5.638557478275745272e-01
-7.519900517398065976e-01
-3.071704744576069235e-01
1.102881370595463206e-01
1.431772930579979786e-01
1.167556011689452333e-01
9.594189151125889214e-01
-6.632975205991928913e-01
-1.199529657192210941e-02
-1.360572539566942130e-01
-9.016178406437718174e-01
1.294828189975767430e-01
-3.325407682427257150e-01
9.914669507763287370e-01
-7.379482420274130483e-01
-7.527862914884808632e-02
-2.711689835199675436e-01
1.904377377655284143e-01
-6.901176513841018600e-01
2.278679579604165895e-01
-4.720790838989223914e-01
1.334869658241832902e-01
-3.422192604827822837e-01
-7.254826190575369704e-01
4.664445837843089748e-04
7.970204157198663708e-01
7.960723751667500014e-01
-6.729721208778356445e-01
5.781396499271258538e-01
-1.657484457345048678e-01
-6.466024326600363636e-01
6.529157373434699707e-01
8.418532152220592479e-01
-3.969221392362776157e-03
4.835022284249879121e-02
9.270693506248457449e-01
9.080492867544267543e-01
-6.478200267185947325e-01
6.797996715396059653e-01
4.903197529556577727e-01
7.419317765800346187e-01
8.640232254772111098e-01
-3.593101815833092960e-01
-9.756742330301468868e-01
-4.047525884409277630e-01
3.140997573834136691e-01
6.697685143221547843e-01
-4.001149840019235793e-01
-7.840209007536524943e-01
4.781703266490064941e-01
-5.885361503398556238e-01
-6.409676245710769216e-01
-8.460652969780142474e-01
-1.010170735059121583e-01
-1.786235889990936965e-01
-8.396351361609901698e-01
-7.449723437688873240e-01
-6.739027463355600212e-01
-9.518839090885009568e-01
9.171299378257848911e-01
9.576807342987090355e-01
-8.485938892475628492e-01
5.787647737196606190e-01
-8.239648796222138749e-01
-9.577639465868914570e-01
6.827324701871400059e-01
-7.614543573981364943e-01
9.985702590590395111e-01
-3.271503815325575992e-01
6.417056591534959775e-01
-8.069977744557523813e-01
7.340543012626388197e-02
3.438384359733976936e-01
1.061515510012662755e-01
-6.602051397848740510e-01
9.597941712172095574e-01
5.229585093593029921e-01
-8.911565721589089772e-01
4.826357787945956268e-02
-2.209610765724006054e-01
4.387929334471254439e-01
5.426798445257019488e-01
-5.676153228195923717e-01
7.444586464206111032e-01
-7.998779539128841876e-01
8.914100520969874264e-01
9.696242791688418627e-01
1.535877454633756134e-01
-5.014804275359801000e-01
-7.007422437448873609e-01
-4.862608417309166597e-01
3.365157763861605922e-01
-9.752150562848893589e-01
-9.881986200561299061e-01
-5.382197176496086310e-01
4.035413148194360033e-01
2.966819240373208544e-02
-4.804916867558735039e-01
-4.542887420138068677e-01
2.491026688706907688e-01
-4.990493584774093883e-01
1.211992928887573040e-01
-5.477961306781122808e-01
-7.172141214040976820e-01
8.547410586244721387e-01
-2.950455809362650950e-01
7.435767438506701854e-01
3.744021322617203662e-01
