-8.160510836103708243e+01
-6.823821757408958888e+01
-6.978760369252114515e+01
-8.672429874084931711e+00
4.428354186274087567e+01
-1.716199428743470889e+01
-1.472819686522446858e+01
-5.285997495986831751e+01
1.768528919291553692e+01
2.930112757597053630e+01
5.282481824709170937e-01
8.337685429843665474e+01
5.582292699745818876e-01
4.248531012718269295e+01
-1.853241795664819946e+01
-1.331775074642592216e+01
3.980980644804750312e+01
1.291039149672441599e+00
1.189288775376825491e+01
1.555509812104434175e+01
5.455885634019175257e+01
3.842759764937623057e+00
-2.692020704562694533e+01
-3.157075680134477480e+01
9.979330829689013527e+00
5.994251507158026016e+01
-2.989739174778012654e+01
-8.462053791436667893e+01
-3.488901790150524107e+01
3.999257157693455689e+00
2.627048532207408194e+00
-2.858525370311367908e+01
-8.857672587935419983e+01
4.636357190827860819e+01
-9.019836651607132438e+00
4.165219327176838249e+01
-4.398755699819854925e+00
4.832756790980416994e+00
-1.507086811880908428e+01
-1.673422241166874258e+01
2.224940190327961886e+01
-3.029580190447083510e+01
3.590935417377756522e+01
4.023457100369903827e+01
3.681562218230731531e+01
2.394358996616327673e+00
-3.519668960581721251e+01
-1.885367788021726554e+01
-3.855616387693625313e+01
-5.995585444088639804e+01
1.755657400938569523e+01
-6.173710433962748567e+01
3.283902299098858180e+01
-1.558208582410856557e+01
5.509491501180880846e+01
4.155656856233026275e+01
1.793444810690762736e+01
1.603265549358302522e+01
6.878808778554532921e+01
-3.984166817633649771e+01
1.651360269647206058e+00
5.273594898741006176e+01
-2.323301733208597142e+01
-1.909802201512496111e+01
4.994447557257473846e+01
-9.137639392027537832e-01
6.429715820927633274e+01
5.842012101183856743e+01
-8.773101866040637020e+00
8.734621838699453633e+01
-1.390722344107873809e+01
5.001275178371596297e+01
-6.345078460243763629e+01
-1.296529684817807926e+01
-6.451924231636731122e+00
-8.869086150984170303e+00
-4.859478806042228172e+01
-5.081860808949298303e+01
1.680982592273765874e+01
-4.242979196696986577e+01
4.910259589264420299e+00
-1.500518558137249592e+01
-6.674351456749262468e+01
-5.118427205496979049e+00
-1.885243146853087381e+01
-1.170879016608532197e+01
-4.459255737926634566e+01
2.571326507405962047e+01
2.382821854255043093e+01
6.161324584749158362e+01
1.753231756308289846e+01
-2.683081883498017106e+01
-3.825243120525232854e+01
-1.284366099772203285e+01
-3.929336898295179026e+01
4.843976574809651936e+01
-2.655657399350789305e+01
-2.078634665835198092e+01
2.842149609225953810e+01
1.905483262599614980e+00
9.583424572168675581e+01
-4.602791928427588886e+00
2.914997310305588485e+01
-6.061410333782313842e+01
-2.015193638070718407e+01
1.303520765191029618e+01
-6.823453563711933612e+01
-1.054809247861411023e+02
-1.529962322797862129e+01
3.266003492711138279e+01
5.213483599946903979e+01
-3.544180987002151539e+01
-8.709965713726880665e+00
1.519260530896337080e+01
-1.510597751919407727e+01
-2.290464365914121103e+01
-3.015133995468189454e+01
2.730336389399831631e+01
4.920255013286881507e+01
5.235277334035653496e+01
-3.639669032046029429e+01
2.282784839878187810e+01
-4.258184366314775815e+00
-1.643916845709981800e+01
-3.752383974784855525e+01
6.692355681029630432e+01
4.256929630303813639e+01
-5.250012744598281955e+01
3.834991021420272261e+00
1.479707201708087538e+01
-6.487961428619742321e+01
-9.945968865987786955e+00
-2.452345096786847023e+01
-3.010323407401944351e+01
-4.651154625997764214e+01
-7.942791555314727248e+00
-5.661529976878366455e+00
-6.938476428410996100e+00
-7.328048669145400140e+01
-1.603334092113217935e+01
-4.406710314150100771e+01
2.264568988100941027e+01
-3.158100097369700876e+01
-9.498624637431282736e+01
-5.231690950034447063e+00
3.384594642327564884e+01
2.018031695476319243e+01
2.262289645011385275e+01
3.532165061961350006e+01
1.493298418880424805e+01
4.924794816932853792e+01
-1.223243553997502033e+02
2.404812613880186234e+01
-1.840701493293857283e+01
-5.337301460177589973e+01
-7.890574509997455266e+01
-6.374080813538256507e+01
-8.539525619218169084e+01
-2.098378815028456401e+01
-5.574636520375637616e+00
7.191447010691786090e+01
-4.751453649975817228e+01
4.779644257362553716e+00
6.200291085190445983e+01
5.759806668514186878e-01
2.769541384750019120e+01
3.706577341780981527e+01
1.152682554312243823e+01
1.508037676105025504e+01
4.651631288893162974e+01
2.508228301316117381e+01
7.738537753117479667e+01
2.987843125922150733e+01
-1.056646983856668331e+00
4.278235866556616696e-01
-6.030408785657314752e+01
-3.796784043058168123e+01
4.814500812824744713e+01
1.035721059047784109e+01
-6.172302368361337699e+01
4.530102174154513506e+01
1.787755151080458305e+01
-2.201170356538636952e+01
3.527126741190874526e+01
-6.313810022314567760e+01
-4.746591737855440840e+01
-3.642382100589132676e+01
-3.112962560725913619e+01
6.126546159742377995e+01
6.423324410058262401e+01
4.949985071964039030e+00
-1.294803716049994691e+01
1.016806223862903238e+02
-1.406981861852381854e+01
-2.243072606799115576e+00
-5.273730809585462964e+01
5.327627772056942490e+01
1.612509615027753895e+01
-6.205620548168132444e+01
4.207429851854809044e+01
-8.497560543970257640e+01
-2.600599583358713218e+01
-3.321964788750091913e+01
-2.469671554888224208e+01
9.997201644914124885e-02
2.490527998977523438e+01
-2.364733254765015502e+01
-1.843385181421206909e+01
-7.359076861220556509e+01
1.271022679478074124e+01
-3.459388262308175399e+01
-1.057780000401218103e+02
-2.579560555710810998e+00
-4.347970857577791115e+00
4.460102737111053273e+01
-6.836699062746038180e+01
9.421894647476177553e+00
-3.624698647948534358e+01
-1.893429251252073620e+00
4.122356080171946502e+01
-1.030282136922079239e+01
1.592870269640209635e+01
1.691195524201406641e+01
-3.330855767961879543e+00
1.110467833761178582e+02
-3.261153096145768870e+01
2.601603551875862053e+01
-6.880241772478696838e+00
2.069484241773776656e+00
2.117649169175533075e+01
-1.412024190877061969e+01
-4.130996839619860594e+01
5.139814524734943291e+01
-3.309729824550568367e+01
-1.732012292125138941e+01
-4.473534345213374053e+01
1.524915005985804157e+02
1.806276705650803649e+01
-1.385202297306652852e+01
8.250442473362893736e+01
2.575011265701153462e+01
-1.615504389697527188e+01
6.024336308821580133e+01
3.077819006318296147e+01
1.429630007580545126e+01
2.174459267283917541e+01
-2.258548438439547823e+01
2.762248548396432568e+01
-2.667308765482319544e+01
-3.978296497074621385e+01
1.628982637256167010e+01
2.403458854389867838e+01
7.564594566104281270e+00
1.266312518645232359e+02
6.636918332305431534e+01
1.434639274658959174e+01
-4.565989308875282404e+01
-1.487919101157237467e+00
-1.059549103526046565e+01
-5.583782772701004404e+01
-5.186350602834976797e+01
1.196925195923611440e+01
9.467732202469939295e+01
-1.039463751138837111e+01
-5.177608627799738628e+01
