1.663966150216376860e+01
2.291977183322534728e+01
-2.271893254748175828e+00
1.066837833928959611e+01
4.276423984106450860e+00
-8.512004704947417011e+00
-1.754042017943132858e+00
7.612830659385543264e+00
1.160460298070964491e+01
-7.295799548060082351e+00
-1.597226466866869421e+00
2.463947879870612923e+00
5.190388837926673382e+00
1.450876246665612790e+01
2.376302503651127385e+00
-4.084539034995800399e+00
3.680896391068801421e+01
1.014740176118867154e+01
-2.252682661835773370e+00
-9.600715705279738721e-01
1.805017470587564077e+01
-2.197316731634726850e+00
-9.586387922755484681e+00
6.773362073247771953e+00
-1.854152948516303923e+01
-1.190231681185913160e-01
-7.954323054148113137e+00
-9.937038721918698414e+00
7.628974307635497887e+00
5.295947199414817064e+00
5.982379840338327703e+00
-7.417381046098515007e+00
-1.144521030385654292e+01
-1.059855423236265892e+01
8.223049035380147753e-01
9.144001356510667478e+00
1.822367564133870488e+01
3.518909632701596735e-01
6.282852961859292096e-01
5.005066899568037186e+00
-1.154191707284946133e+00
1.211698558897365352e+01
-9.714112876142495523e+00
-1.177873934042734838e+01
-8.365338633626349107e+00
-1.965997275765889540e+01
8.353386278285444888e+00
4.888249748917816717e+00
3.208573072000993509e+00
1.696721931792313010e+00
-2.525441255392817386e+00
2.479365125353698129e+00
7.271711937578650975e-02
-1.058831165740741476e+01
1.476430592075550496e+00
-3.942386314956631388e+00
8.153567695957466555e+00
-6.696404075065147232e+00
-5.061726140538651109e+00
-5.040155362582658505e+00
-4.966361723129786299e+00
3.769408170545694325e+00
-2.302872335525955272e+00
-1.254535469562006256e+01
-1.162094737738843442e+01
7.523144969470944687e+00
2.819084569384754602e+00
-8.678817676022905658e+00
-7.713339608879918430e+00
7.577437283494739440e+00
-2.523548731971341397e+01
4.211953658984429749e-01
-1.963331347737617705e+01
-8.067049670387355320e+00
-2.425239618762626836e+00
7.380882322002370266e+00
7.349436902605858357e+00
-3.012579904316516455e+00
-4.110066749604438741e+00
1.052434632127596359e+01
1.907069731288991932e+01
1.454222035919494793e+01
6.637615072193886689e+00
-4.263786960443551877e+00
1.063184521201937471e+01
-5.244696265335610619e+00
-1.234177914134007459e+01
-5.731787871048338090e+00
-2.201774072288327666e+00
-1.681334040928823548e+00
-1.448666704650885606e+01
-5.986420628728872373e+00
-2.146580188253853105e+00
-1.860193203153928110e+00
1.412452961517554506e+01
-1.038933664428984116e+01
1.303284100636884268e+00
-2.326471704397090612e+00
-5.350153833559560645e+00
-8.224444980311444997e-01
1.624802446991166605e+01
-5.160231812388244244e+00
-3.855723056382749370e+00
1.115880340191419151e+01
-1.257930800085042655e+01
1.621772082933444770e+00
-4.662244252947282064e+00
-3.823469275049221627e-01
4.228645300591553635e+00
8.047879024202025278e+00
-1.608724633858160447e+00
-8.158844141604898681e+00
6.958138283935812574e+00
4.521379035227271359e+00
1.407769520131971541e+00
4.658688837020680928e+00
1.051790805893009662e+00
-2.206182762787181062e+01
1.659825204463619386e+01
-2.324069664217440323e+00
5.746848953403024929e+00
-9.493900525742515750e-01
2.531538462204627749e+00
-1.098420351944550966e+01
1.117001157432933667e+01
6.453297550008629813e+00
1.318155420276359280e+01
2.615958864496809033e-01
-1.353898411024344917e+01
1.706824604487802599e+00
4.590898969626570292e+00
-5.999438065263102082e+00
1.694044399686328006e+01
-2.096187315944569818e+01
8.256986882445577436e+00
-4.191089383608352037e+00
2.230115913025454333e+01
2.398348121292995572e+00
1.250083690698467187e+01
1.195722061371816469e+00
1.845721334471229014e+01
-1.049825348120385193e+01
-7.923085901528151176e+00
-2.790960462744073389e+00
-4.609347742873778131e+00
-1.821323583809183333e+01
1.606275201452503865e+01
-7.966526031866543178e+00
1.074665037518505883e+01
6.330447903112538022e+00
3.319949153311817724e+00
1.528345136731209308e+01
-1.512600222218979695e+01
2.180182828180232235e+00
4.557567727498152976e+00
8.249550891434131117e+00
2.719286474620879801e+01
-4.771548855322497396e+00
3.114818926758702311e+00
-3.769939027006418808e+00
1.036237109711446003e+01
7.535901301527689888e+00
1.829192846707774933e+00
4.896202841201106715e+00
-3.071502276632882555e+01
-8.968397890144177431e-01
-1.051551340575726812e+01
7.867903439674937438e+00
2.773165926385494640e+00
1.308571530780592163e+01
1.972235595791068663e-01
2.231779634538611390e+00
1.189280976674159884e+00
-8.482220925534685207e+00
-2.337573492909725825e-01
6.307111686090292935e+00
-8.297408414575311753e+00
-1.331677709446252678e+01
1.100648513019157271e+01
4.911218510012984595e+00
7.516245116021567974e+00
-1.892288769355739975e+00
5.852485184658906547e+00
-1.027976458625770384e+01
1.189462028623264267e+01
-6.104930232600188411e+00
-2.930914428614530554e+00
6.134311553712895382e+00
-1.977522225193257555e+01
3.047181796110760565e+00
3.530111734254381073e+00
7.526409278982214346e+00
1.026785808449102388e+00
-1.273424205374788976e+01
1.343752614785735133e+01
1.052421806293716067e+01
-5.192337684557433164e+00
1.093472270722634221e+01
-6.449502402328273654e+00
-3.287712544657135361e+00
-7.880713055093449881e+00
-1.863975650467837397e+01
-7.729414202230080910e+00
6.856349717777517228e+00
8.974681155152005374e+00
7.016041253842737468e+00
-2.657185785434261760e-01
1.815934635304202160e+01
1.266534698986167129e+01
2.210819148267167122e+01
-1.646926972683982981e+01
2.129024383157676503e+00
6.429123162782532042e+00
-2.880127152987287165e+00
2.960925177551779974e+00
-1.816016038365632923e+01
6.327719968064449141e+00
2.117862348729679045e+00
-3.137953560845629042e+00
1.181435317289455256e+01
-1.422192665441033022e+01
7.832653098302557737e+00
9.219030006812178879e-02
-9.763253588114842785e+00
1.697429179712587555e+01
-1.660459636689888940e+00
1.761506272761180725e+01
-6.058031377908271509e+00
4.723273426456237267e+00
-1.359292071164889038e+00
1.079329068047608642e-01
-1.622159883992151919e+01
1.324308842600002478e+01
-5.605413385007291804e-01
-7.833526410166784970e+00
1.669297236879556579e+01
-1.589550405709352532e+01
-2.652821421186907003e+00
5.907412560975324745e+00
-1.310952010065123119e+01
-2.139603799506378934e+01
-2.018511285187136650e+01
-8.364705440995429342e+00
-4.730053291605778476e+00
-1.348756991781730541e+01
2.512808863409810911e+01
1.237883584304384144e+01
-2.538445879949093964e+01
6.432800077364980496e+00
-3.777037671991482881e+00
1.271488188486583581e+01
-9.033259063918626097e+00
2.568345110874412196e+00
3.050503622883077970e+00
1.173816982855509039e+01
-1.160045076793460916e+00
2.764840936518471182e-01
1.701444695953181263e+00
2.058708566265175932e+01
8.270314574019590026e+00
4.794599026683695975e+00
-9.663057465603085205e+00
1.316930282896496607e+00
-5.881915562920722707e+00
-1.247327597997284343e+01
