-2.031387846503001082e-01
-2.526403025443261230e-01
4.930346938855478811e-02
-8.121318773856980866e-02
5.675747451579712388e-01
-4.411326606941983197e-01
5.741919869381255648e-01
3.212973254511531929e-01
-2.025571899687493849e-01
-2.859728327716202223e-01
-8.049380078314518627e-01
1.006972755664379049e+00
9.465767148632810990e-01
-4.627451144402984218e-01
6.478877678043799548e-01
3.659128841534465826e-01
-3.192288935205914169e-01
-6.357018391891262610e-01
-8.987219150582136384e-01
-3.717041567661125701e-01
1.037455997413332387e+00
2.313774259402409661e-01
-5.352655310111661957e-02
-1.871419686502524549e-01
-1.065996149173698282e-01
-3.181827338140483796e-01
6.167358854443278915e-01
-7.555658899676036544e-01
2.179995533259557194e-01
6.853133307869407886e-01
5.162895932963389514e-03
5.294544110848560248e-01
4.258993863791031842e-01
3.013379865098742005e-01
-7.748017283859401916e-01
7.208590513186341475e-01
-5.328779154608357382e-01
7.481915930009385152e-01
-5.951484273026672600e-01
8.277196438565344039e-01
-7.465473510243758604e-01
2.174797980009322007e-01
6.676978914372835305e-01
4.311290440663331225e-01
2.909498114576549721e-01
-2.846499520054419641e-01
4.018644452206316942e-01
-2.813540395487001966e-01
-5.288970775003865032e-01
8.889048875803750027e-01
-9.179314091948812537e-01
4.529891795085350115e-01
5.872823248643552763e-01
7.964316986123125552e-01
4.930775075941353780e-01
8.319424860199783889e-02
-2.599455524139734908e-01
5.893377402979964597e-01
-1.134860025793069660e-01
8.611867616276080994e-03
-2.201298254968784285e-01
-2.549491274126162166e-01
-7.480032031364913792e-01
4.370203969701997315e-01
-5.153318418663254130e-01
9.199125471020668243e-01
1.094277335786570049e+00
-5.114919640475166229e-01
-2.585089014080752534e-01
-2.292949104702102225e-01
3.137220736885273364e-01
-7.254231041345916564e-01
3.559949483792782532e-01
-1.156323588179082873e-01
-2.623163441384839256e-01
-7.678436031330413414e-01
7.628976815004648859e-01
-6.863282142190176849e-01
-7.642396980911131399e-01
-9.979951092309912175e-01
6.240517042291450212e-01
3.032634174433321839e-01
-3.287586651381766423e-01
2.346024375778166249e-01
6.804072384496316905e-01
4.392262015061695335e-01
3.090960672999552017e-01
-3.477436154040414173e-01
-7.332528754408728089e-01
-6.122824809171513172e-01
-8.305362527439124065e-01
-8.287406101248637746e-01
2.851803953968135019e-01
-9.107431210108388742e-01
-8.158736822949878009e-01
2.821908341283218408e-02
6.973028399204247441e-01
-7.398060345653618697e-01
4.250972962353294360e-01
-9.829222254318628060e-01
2.839510097917246068e-01
1.684271430290484317e-01
-9.527986859670886099e-01
1.903506973136569469e-01
4.183997418632694476e-01
-6.427555707986560840e-01
3.194250918520573634e-01
-2.902566365786793390e-02
-1.994109441954521056e-02
-5.244804829526739098e-01
3.601777550414113627e-01
9.859234764649071892e-02
-3.173287097552178193e-01
-2.522819037852578328e-01
4.214359884299878622e-01
5.689976594859139647e-01
-4.200331578903047092e-01
-1.088368560543174990e+00
-1.376363565120442001e-01
8.542617779677007528e-01
3.367594932303160649e-01
7.162947908454131429e-02
1.719946958788836910e-01
4.226643008750718272e-02
-7.338039302420971133e-01
1.871347061448157545e-01
-8.275262998811631077e-01
-1.087906723848689694e+00
-6.383988276263916628e-01
8.753607302938072321e-01
5.366290178687057599e-01
7.222527285857647250e-01
1.892186237934961324e-01
7.577047730151895699e-01
-7.226133974201104371e-01
-3.514629412273944098e-01
-8.569867271287497923e-01
-4.215567608366126429e-01
6.611467031592214161e-01
1.312745098996577209e-01
9.897121271753327454e-01
-8.670777723225882028e-01
-6.112220468866389478e-01
7.506487004481978698e-01
3.779303463666603413e-01
-7.260004732648349668e-01
-7.943732593558316957e-01
-4.061193837548968677e-01
3.820464985214591103e-01
5.645573339439043936e-01
-3.511004962605241975e-01
-5.947970451356725530e-01
1.305381360280917780e-01
5.226543462502061255e-01
4.209903707615447743e-01
1.044416473289409231e+00
5.911731578627128503e-01
9.369410537618915180e-01
6.563786610284232381e-01
-9.109768568128684407e-01
-2.731676953270116281e-01
3.576084304423464699e-01
-3.630398938613397242e-01
-9.491219181775081282e-01
2.402044056700189945e-01
-8.369698217030134835e-01
-8.740626501040060781e-01
-5.735828440053510890e-01
-6.302018110221585534e-02
-8.427390619600133581e-01
-1.103765327203407587e+00
1.656305320663387648e-01
5.523072430346213091e-01
-4.595994182701840791e-01
-5.210550821485234740e-01
-9.304181577884885757e-01
-8.942738543435696519e-01
9.479186479609822413e-01
1.028411177169171076e+00
-7.612520189271948512e-01
-2.604697821593964235e-01
-1.392529072407433510e-02
6.933672180163392984e-02
1.204711521361183646e-01
3.516969114006823771e-01
2.911169835217529700e-01
-7.694230093398441994e-01
-9.392976959746527355e-01
7.038916406022888150e-01
1.028069339278898653e-01
-7.059323421868763937e-01
-2.898668929964649532e-01
4.648784250381232663e-01
6.378360478340365791e-01
-2.355381844203445763e-01
-3.688836566100444636e-01
5.661137846951886932e-01
-9.219568972719075495e-01
6.563747392692609317e-01
-3.585019885850447841e-01
-2.028208463824156538e-01
8.435087892898196493e-01
-7.421253797418942977e-01
9.182436543226848435e-01
1.607676894384304500e-01
-1.235437561022081771e-01
1.125600655637969127e-02
2.388391291963917751e-02
-3.172618553016185450e-01
7.811953234159818571e-02
-2.740775002331695687e-01
7.321401140134886631e-02
9.573091366506123467e-01
1.025963197370619362e+00
-5.365504418296694888e-01
1.460819796133849269e-01
-7.419299897669695554e-01
6.919187331698827270e-01
-8.703899182928299672e-01
-8.257547647545782077e-01
-3.581259425475554758e-01
-5.662178437294602684e-01
-5.891145067130332258e-01
1.640247266784564673e-01
-3.939153885918811882e-01
-5.405396544967696615e-01
4.611781632848130918e-01
-2.845426868881413829e-01
-2.556277895085241059e-01
8.851016495943793139e-01
1.369724593598597162e-01
-6.453676600334259383e-01
-4.073526145236560092e-01
1.307341507726014207e-01
-6.950782336603201772e-01
-8.488880767240614134e-02
-2.266015054207181634e-01
-5.450465323938600282e-01
2.640627191601054302e-01
-7.036621649696739311e-01
5.853018790734828558e-01
-2.299022384248012862e-01
-9.659529430241609038e-01
-3.298230307609353318e-01
-3.079105273024358436e-01
5.525375780235208811e-01
6.335143130566915914e-01
-1.535636252948286984e-01
-6.740896009865792182e-01
-1.585515339878116325e-01
6.804574784765482498e-02
1.582394662727726331e-01
5.001452722574470933e-01
6.942998783271588925e-01
2.691699149187754547e-01
4.134728426987588912e-01
9.646771072735591535e-01
2.452110889856502496e-01
9.960790151875775766e-01
-1.187248480838899722e-01
-7.614133900697124258e-01
-6.579670427153526679e-01
3.761834316360732622e-01
-3.496540327355746047e-03
6.685355747590083775e-01
