1.175423345295500299e+00
-2.182221351782261287e+00
-1.910249501884710988e+00
-4.631219283108717333e-01
7.890950315820496885e-02
-9.885370211096689008e-01
-9.953682878681986423e-01
-6.945959004870385645e-01
1.909538315368398020e+00
4.740664673939408713e-01
-2.839177667700278462e+00
-2.632952289564046922e+00
-1.231346079552618988e+00
3.089618097468682212e+00
1.324526128057343488e+00
-2.121922552924812244e+00
2.366491266454227471e+00
2.387175003340605617e+00
6.450349807890373710e-02
-1.379399681817804257e+00
5.717747412781154503e-01
7.868902877291681364e-01
-5.656058935446151015e-01
-6.941627712276445816e-01
-2.087080287950146662e+00
1.611474365813078347e+00
1.233797020689264112e+00
-3.648829867556849127e+00
-9.861530548340118330e-01
-3.139757806800245188e-01
7.691244792857516721e-01
2.491338637740306616e+00
1.360683542123451772e+00
-8.809374389291737550e-01
3.078727209598245196e+00
-9.719904911671092274e-01
-3.001013421550312810e+00
1.287928533685333665e+00
2.419458843656633995e+00
1.642192587860951791e+00
2.586260721554924036e+00
2.978863983173527963e+00
-2.383290194376231241e+00
-1.241776427633628721e+00
2.078041801966440172e+00
-1.286783600185409826e+00
2.353516844341985603e+00
2.466310004771772757e+00
6.071106996484932905e-01
-7.754723944631567445e-01
-1.459211988112797842e+00
-2.170332880260213315e+00
-4.029436435662626104e-01
2.951672952537211236e-02
2.048392912778092434e+00
-2.390468050936082278e+00
1.988836020786847625e+00
3.037383001107316183e+00
-2.564771184840516582e+00
-3.000141702785752873e+00
-2.159621751335253137e+00
1.413660337771968312e+00
-7.062907214336657802e-01
-2.127455563651676762e+00
1.537702759194935709e+00
-2.954250884766955743e+00
3.257394043266534922e+00
-8.774755087193776282e-01
1.307765475373403596e-01
9.118623293918974859e-01
1.776437529501959212e+00
-2.364354596848305956e+00
1.633450870689514112e+00
4.957796900994637657e-01
-1.560032487945723911e+00
-1.334496768239586295e+00
-1.362621703252620442e+00
3.463539322270431597e+00
-2.004748182795148548e-01
2.898083732612353192e-01
-1.608324611533650472e+00
2.037131465448954071e+00
2.181486012644308747e+00
2.144786375469804440e+00
2.496434102456106974e+00
1.720048538626939294e+00
1.329473023526870357e+00
2.011930901217756862e+00
-2.096263204536098712e+00
5.215262289013329333e-01
5.905269972929712008e-01
-1.524862196232619649e+00
-2.447775395914324470e+00
-8.350672828357175170e-01
-1.962889053684788165e-03
-7.428052939498916429e-02
-1.669735518888184833e+00
2.669425398561428686e+00
-1.526804513383421380e+00
-1.429768791781806048e+00
1.842365914614352285e+00
-9.085814270285766936e-01
2.264562927772828083e+00
1.985696813894355373e+00
-5.374318844196372957e-01
8.321776281278236986e-02
-2.471018121175968252e-01
2.364691406577452248e+00
-2.518667594415808786e+00
-6.645155129052987553e-02
1.611073572011732180e+00
-1.147979302645310895e+00
-3.503871797261727927e+00
-2.011569540590399718e+00
4.196489581172054839e-01
-3.250246314108441670e+00
1.303377772910053078e+00
1.250595145552441667e-01
-6.746017623994566836e-01
-8.926339148710407123e-01
2.442412855080486445e+00
2.414077088997454545e+00
-3.214065368933109568e+00
1.594087245862001900e+00
3.210894073412713823e+00
-2.330437576701781310e+00
-5.568357207685155075e-01
1.752526146567081611e-01
-1.318211706372187653e+00
-1.517224513087615412e+00
1.041868197582999311e+00
-5.688035532870987510e-01
-1.312359640534928706e+00
5.266789240103132430e-01
2.353059258538066967e+00
-8.080656802086966239e-02
1.688223834879079899e+00
-2.195211920927069293e+00
3.033944851734720061e-01
-1.468336225372067982e+00
-2.212034946065421614e+00
-3.699708233011683056e+00
-2.234148455651592258e-01
2.189613731856239198e+00
-1.582792952367224615e+00
2.169095908227010039e+00
1.957707813153210408e+00
-1.990617705229655587e-01
-1.043592640263905302e+00
-1.658558528619224148e+00
2.693053778108572605e+00
-1.914770841036773197e+00
-1.522232449034397472e+00
4.599000026534501018e-01
1.651139276791609545e+00
-1.051828622991033635e+00
-2.034953772625561097e+00
4.864381054286960882e-01
-1.348178012053198760e+00
4.127984722873989654e-01
-2.023978722265185048e+00
3.607268412940839220e+00
-2.742233331821261721e+00
1.088874547572908025e+00
-1.381160591483426181e+00
-3.926717018817585281e+00
-8.223092697820866270e-01
-1.918222810985129589e+00
-6.380066714948255946e-01
1.317037865310487277e+00
-3.160279448009026382e+00
-2.255987326381407865e+00
1.938049932188919744e+00
-8.382909289090225702e-01
-4.673731959928291713e-01
-1.892741081553175997e+00
-1.116622000133971504e+00
7.222478766514996984e-01
-5.790597071882881419e-01
2.292211790870900767e+00
1.548523778767194603e+00
-3.053708297307080155e+00
1.438236435810946068e+00
-4.822420379520540035e-01
1.159968769628122010e+00
-1.496850079715952742e+00
-8.969210247717165352e-01
9.663571922769125244e-01
-4.924148164058097521e-01
-6.422904665711425265e-01
-2.492907371129553518e+00
3.327727608066424203e+00
-1.127224778522205151e+00
7.945697171308711004e-01
-2.373293825495637499e+00
-9.931113106981359628e-01
4.476683795696083656e-01
-2.340023622101131018e+00
1.586502755841949774e+00
2.913119713269358257e+00
-5.415273716834585471e-01
-5.332849784595310449e-01
1.760421104716236584e+00
-2.624789091145467435e+00
1.384398861853919360e-01
1.900993990045021009e+00
1.657094219911907418e+00
1.196271280931245240e+00
2.662128259003484043e+00
5.494250023779962966e-01
-5.116197052853925786e-01
1.781816486837244584e+00
2.837310058743969243e+00
8.148946874351856717e-01
2.677807699425825971e-01
1.236741665665292533e+00
-5.785899250454606263e-02
-3.656835739377584660e-01
1.837675902860160360e+00
-6.539022494107107897e-02
-2.220935196810969181e+00
2.492795361539066779e+00
-1.291001454326607290e+00
-1.641132473949530990e+00
-3.201555019901165089e+00
2.442164864672621505e+00
-2.043722576293875548e+00
-1.840081917053416172e+00
2.141623676888194439e+00
6.911939179295374380e-01
2.115428912226911873e+00
1.678439705005795757e+00
1.857133817542137022e+00
2.007528639136594073e+00
-1.303970960757546704e+00
3.313055859737424891e-01
5.604276147837933264e-01
3.318683180011898215e-01
2.030053361358821640e+00
-1.869681981825461192e-01
3.421265936308643507e+00
1.802288925011365839e+00
-3.198788515793156151e+00
9.530866006464155937e-01
-8.934711346066288584e-01
-7.713972093684137166e-01
-9.585666185059937838e-01
-1.262267413589508447e+00
9.582474685005361037e-01
-2.549863414274149420e-01
-1.123094783995570278e+00
-2.930728678607695592e+00
-3.797649268024699265e-01
1.674576305974723844e+00
4.592371043186661561e-01
-8.801664357885462531e-01
3.100765540126483977e+00
-2.110959195841221714e+00
1.633764072088091046e+00
1.650148577967673447e+00
-1.718537787628166003e+00
-8.960864546059563729e-01
2.107099044962223111e+00
-1.386300458660160384e+00
6.722887423891661662e-02
