1.165239142615545234e+02
5.705016989396294491e+01
-8.787090118178834786e+00
5.608831795117829699e+01
-3.037949387261125977e+01
-4.694668136732263974e+01
1.906754643153131212e+02
1.486494456643958131e+02
1.188404958807671505e+02
-5.776647565660716310e+01
-3.228770030226674947e+01
3.892407517200679123e+00
2.247389595664948558e+01
2.826809617503560901e+01
5.583583209307406747e+01
2.656909278138527952e+01
1.493563875492190789e+02
-6.136930898260104783e+01
1.464502257076511569e+02
-3.066532973614903312e+01
-1.429658901949318306e+02
-9.975449871363048260e+01
-7.211353168436737349e+01
-1.577541705247368320e+01
7.967095460028617993e+01
-1.858926495546708679e+02
1.559751927293947347e+02
-7.236067740722315023e+01
3.494652717511016249e+01
-1.338717954308228286e+02
1.358845515389807304e+02
-2.621630736506261883e-01
1.032713640011676404e+02
1.240310024440922376e+02
5.657820424154009231e+01
8.075060604474920467e+01
1.318515609922336864e+02
-1.155529035369097386e+02
-1.600925178044415986e+02
3.457962420712673435e+01
-1.096369584976083189e+01
6.729741256685021256e+01
2.470661154294667483e+01
-2.748106131050836964e+01
-1.542558708687982971e+01
-1.383166036422486798e+02
-4.678746469006855868e+00
-2.666746769161912667e+01
5.612551854663523443e+01
-1.537067008135618380e+02
3.016687483870081721e+01
-8.612439354893560051e+01
-4.897866797718668153e+01
3.638962810725671915e+01
-1.311429648372021859e+02
-4.106973495926551720e+01
-1.097746355448485360e+02
1.634360608799303236e+02
1.606593059136857562e+02
-2.295396404916711575e+01
3.989482129461740811e+01
5.238063432394999097e+01
-2.173621707969282113e+01
-1.438324125443938613e+02
1.708212923072769485e+01
1.197569182949912516e+02
-1.284042289164296058e+01
1.926110513418253589e+01
-9.397133520978339050e+01
2.801841056624832760e+01
-1.100745470362032137e+02
1.683939504392078490e+01
7.741281211049064837e+01
-1.927492616318093877e+00
-4.919258536446863062e+00
3.558233959971605742e+01
1.274067462053528885e+02
1.449005788652962394e+02
4.649969429664079890e+00
1.371161711166711257e+02
-5.637579817026337992e+01
8.671150789978748108e+00
-8.670548986743210662e+01
-5.182530181660926871e+01
3.540530828578962286e+01
-4.987680708778093930e+01
9.266922967077717033e+01
-1.081773024518900144e+02
8.374950729807216021e+01
-1.421438044775462970e+02
1.068981675080186733e+02
4.899126952357595854e+01
-5.382735224869370683e+01
1.998121981933496727e+02
1.102874582990948760e+01
1.922717560720334262e+01
-2.188214258070037772e+02
-1.003954352837494071e+02
1.726366562607507547e+02
3.771709449556458082e+01
-2.141346494903139686e+01
3.690817665442612139e+01
-6.641068300502385569e+01
5.708717351690053121e+00
-1.889562520449027971e+01
5.434462788016596591e+01
3.369756227828758455e+01
-3.552623198059136200e+01
-4.450932863948963103e+01
6.124687751392380619e+01
6.659600053073206993e+01
5.493470545650527725e+01
-2.191680546697204761e+02
7.558915286215532880e-01
4.468975602685783599e+01
1.352091490620201064e+01
5.444392588111475817e+01
-4.841945205634024774e+01
1.125332047772345021e+02
-7.628151155599955757e+01
4.951184298424138319e-02
7.102245059404390304e+01
2.004060202311820831e+02
-5.787126415930690371e+01
1.255567122988190647e+02
-3.824145618169334284e+02
-1.452827194406221736e+02
-3.882444007139144304e+01
-9.062523028199143482e+01
-3.747860017546953770e+01
7.358484002900790699e+01
1.540144262434578764e+02
1.348106031377380809e+01
1.976496558460451354e+02
2.264606196187182974e+01
-7.380772731778210982e+01
-9.968148103324435283e+01
-8.150136949931528818e+01
-9.737253537709581508e+01
-2.598676529511037003e+01
2.406644235852376426e+02
4.096662467362912707e+01
-6.071689908265868496e+01
-1.199868688882201582e+02
3.060263253540059125e+01
1.763722271531445926e+02
1.402155822077010896e+02
-1.810120534354428798e+02
1.184527249812284850e+02
1.258112874359810007e+02
1.111489145855649809e+02
-1.467127355523807068e+02
-1.062855933620540725e+02
-7.477499218836177874e+01
5.800728057762800205e+01
1.955818590327431821e+02
2.544643891419174508e+01
2.348277259089088886e+01
5.598503242119223700e+01
-2.332982629511745998e+01
2.266245435687885390e+00
-8.487934519265533595e+01
5.131393070455207095e+01
2.281480664722077734e+02
-9.264496126248168650e+01
2.772216939835823837e+02
7.502408708000756654e+00
1.421629271386819582e+01
-9.379363808433123495e+01
-1.271121086132630751e+02
5.863899583287862072e+01
7.131510136114603426e+01
-1.746730606290511219e+02
7.799547571612829699e+01
-1.748920574790129123e+01
-1.211879595100679552e+02
-1.080469714678192190e+02
5.946886515400056084e+01
-7.889069963571751032e+01
-3.234793521379420866e+01
5.832862725910918300e+01
-1.976766596303191932e+02
-7.982127834369255481e+01
1.317112455313064174e+02
-5.342559014125781403e+01
4.504550259100986054e+00
-8.367964702478505501e+01
5.047389076598513924e+01
-4.329792752809830603e+01
-6.938095807575074048e+01
7.131172781357062718e+01
1.535793434044125263e+02
1.947556688102182321e+01
1.469600002730777248e+02
5.086804211272229281e+01
-1.132150236077853975e+02
8.763077433767254121e+00
2.286027733002474349e+02
1.232985914957797036e+02
-8.020131963747148518e+01
-4.478630886927578558e+01
-1.670842145516735968e+02
6.559603522663699948e+01
-5.408095595688480728e+01
7.848614547139196418e+01
3.700321312747953328e+01
4.160764326861126960e+01
1.919280389836897882e+01
4.493925979354548872e+01
3.581964390298375989e+00
2.509950979245884994e+01
-9.191691149477794198e-01
4.563304099538191849e+01
3.131446427736171927e+02
-1.012784072444996752e+02
2.734467310697401565e-01
-2.092805056699390320e+02
1.927540859467704024e+02
-5.938369132825516594e+00
1.916031658303530776e+02
-1.219711952964477462e+02
-5.073117881437238452e+01
5.915764225205785820e+00
1.011197625226532466e+02
9.550195458624301637e+01
-9.814477882531865305e+01
-9.888747575531357370e+01
1.171513318592057402e+02
-3.538886603523688450e+02
-1.690674415585821180e+02
1.988551506097436175e+02
3.699913885785726109e+01
1.519480242110985273e+02
1.549050321583693801e+02
6.864307398013866646e+01
-1.114196310438812958e+02
3.846869485004961575e+01
1.143816875585536366e+02
4.406409050519416581e+01
-5.375651277497159697e+01
-2.849071754242119425e+01
-1.606108157145691848e+02
-7.191403539656897692e+01
-3.162084195451765467e+01
-1.553896808778707737e+02
-1.011002959100631813e+02
3.519342972683493542e+01
-1.381423509550303095e+02
-9.306501696679406166e+01
4.755855974536287789e+01
-5.598072064229634037e+01
-9.205138582126306801e+01
-2.058150983700756171e+02
1.036434308918127130e+02
-1.210364629998400545e+02
-6.642414358944880348e+01
-1.509968519456977454e+01
-7.615605432333059355e+01
-1.848968422642482068e+00
-7.024919353412720113e+01
1.223973610598255561e+02
-6.283128574749927253e+01
-1.344724497134868670e+02
-1.527007190840140254e+02
2.384435495647528214e+00
