1.080324977083757521e-01
8.927412355863240112e-01
-1.302850302332900778e-01
-8.641277403802383184e-02
-6.400605068268918618e-01
7.119769349274198689e-01
-5.844964534894785402e-01
7.873059581233077253e-02
-5.600148004684275538e-01
2.949443417189734351e-01
-3.789985321643110083e-01
-1.789226046604996956e-01
6.660419576361364946e-02
3.857474632304733753e-01
-6.575384813359073100e-01
-6.466223613864556796e-01
6.553941605708684115e-01
-4.408860808832735234e-01
-8.203514790174291083e-01
-7.988319308096432092e-01
-1.357893892375303668e-01
5.332068630148478761e-01
3.536202003095612056e-02
4.469003061991418946e-01
1.501795911288894558e-02
-9.360982036941312145e-01
-4.050075254805911573e-01
-8.771461962954940628e-01
-7.085559345066672066e-02
-1.994739913708227785e-01
-5.257844711844785746e-01
7.298006239659393657e-01
3.813878663763834442e-01
2.075435595261145849e-01
-3.080843956627892233e-01
3.931332730168857204e-02
9.385815566639625906e-01
2.162309897121652558e-01
8.629468163032851802e-01
9.090565948529947260e-01
4.013060993754238304e-01
-2.328206979257343434e-01
8.840886182791583003e-01
-5.479044575505191972e-01
7.901736951475892834e-01
7.754812522842557954e-02
-1.359529086363036043e-01
7.737933536210737095e-01
-4.977341546949918261e-01
-2.812435957493910621e-01
-5.261104334092021606e-01
-4.040591742759871430e-01
7.117653128818148822e-01
2.738206859636764801e-01
-4.058414897276139133e-01
6.502283577013052707e-01
1.074433315764409258e-01
-9.075197840381277192e-01
3.882281326753633799e-02
-7.726738357291618176e-01
2.898387473803640813e-01
-1.743346599343666981e-01
9.278007512502361998e-01
-5.548821543037143478e-01
3.857576346934146194e-01
1.437175530293004488e-01
-1.575726513763275882e-02
1.811436309090506125e-01
9.082023481500380857e-01
6.765427377098263140e-01
6.319209480800069834e-02
-5.154945895096443298e-01
-1.289712721307041399e-01
-2.935401561886696875e-01
-6.471556942674860924e-01
-7.763231159552430594e-01
-1.256449341789322993e-01
2.330336710671054856e-01
8.695973711295144071e-01
-9.630869303283930982e-01
6.395967072499664230e-01
-3.330851856741738892e-01
1.203912237410160735e-01
2.827624403923594265e-01
9.161432232968018674e-01
-5.382412813911598981e-01
-3.511169219753162984e-01
4.574065422606130582e-01
-6.297790845052264608e-02
-8.700695479222697593e-02
-7.256427033164556395e-01
4.393584185759762395e-01
6.272841435248450725e-01
1.824266584267912883e-01
-9.061040660361279198e-01
-1.586805822486045958e-01
5.044715960494707829e-01
3.287972970046038057e-01
7.505614453564128929e-01
-5.836308069423556955e-01
-9.199832034643786738e-01
-2.169360979193832861e-01
-8.263178268342035171e-01
-6.457089743589339292e-01
-3.852301711919179361e-01
-2.469644432713820059e-01
-6.953327602681864672e-01
-4.428946041122219235e-01
-7.807308261869556620e-01
1.841754542192810540e-01
-9.190951038164822950e-01
-4.358648023921494197e-01
4.915384020219757399e-01
-5.127388959949463754e-03
-8.641181486221634067e-01
-4.867225484810040470e-01
-6.896952003532574871e-01
8.774635467968190383e-01
-8.365538111162107437e-01
-4.360926800561262251e-01
-9.534725856503147856e-01
-2.419191499361001974e-01
2.057826853653361709e-01
8.447792224515568993e-01
7.521909944365972045e-01
9.782396726813278320e-01
-1.394334801719665506e-02
-7.439400824410937751e-01
3.687067094934406430e-01
6.817626977818087575e-01
8.368034168494578040e-01
-5.900072126674127393e-01
-2.609315233363831421e-01
-2.311747739791505385e-01
2.630689223373292585e-01
5.764674517410568466e-01
-2.118403752095958659e-01
-2.080411796187258133e-01
1.740462224527377089e-01
4.466683072757957618e-01
6.414444183459944160e-01
3.410693542155036617e-01
-5.662809912289255010e-01
-5.255913564707936914e-01
-8.634055729642649002e-01
-2.918354607475994733e-01
-7.278637482253516033e-01
-9.298050782728251029e-01
6.596894339207670654e-02
6.403456031430465600e-02
3.532495832257875890e-01
-1.337822940015951367e-01
8.301511215659371778e-01
-8.772317805634808341e-01
-6.434167586399592853e-01
-8.024702862469301756e-01
6.726229421770162364e-01
-2.779939959356334533e-01
-9.923470343035822872e-01
4.513409631161700020e-01
-5.891447567762801985e-01
6.847509629195209779e-01
8.123063096732670019e-01
9.157808030085672346e-01
-3.788513351692923692e-02
-6.471531648799480063e-01
-9.603738158890147147e-01
9.501589226119291354e-01
-5.047800439537573070e-01
-6.130446715343078612e-01
-8.496027327849293709e-01
1.608287535519292710e-01
1.163165093505291736e-01
1.794043388644366299e-01
4.995953196974813881e-01
-3.219784757196759717e-01
-8.794735851290020889e-01
-4.871518133970442754e-01
7.508057250309341235e-01
6.616178363180476030e-01
-8.202705822915450362e-01
-5.160073357178949216e-01
-6.799226277638961147e-01
-9.539851734734439148e-01
5.771442942618900673e-01
3.553929278320568930e-01
-9.675590211613678271e-01
8.658278465377589050e-01
-8.588348888324810471e-01
8.017454837780373378e-01
8.639680410217289719e-01
-1.580157684406424679e-02
-5.059263632731327842e-01
-3.098339132825691511e-01
-7.919503956513107568e-01
-4.420681138255639908e-01
4.683510039841021211e-03
7.959551115669258881e-01
4.101358332432918363e-01
-9.892544865972914270e-01
-8.702840008438583741e-01
-5.198553532741185812e-01
-8.857830347242863223e-01
-1.180742395779528220e-01
7.496988540570805881e-01
8.400906580377209831e-01
9.433514939617839712e-01
1.603863779935910117e-02
1.322154230827965460e-01
1.145482500992804908e-01
-8.484609819545103626e-01
-5.260155698997674989e-01
9.917867107962401452e-01
6.429027080486917622e-01
4.152347634938946541e-01
9.902850872949229277e-01
3.123177346973338153e-01
-3.930044558191347903e-01
7.763514088404432911e-01
2.337111734652834727e-01
4.707942584749729154e-01
-7.811562146213042457e-01
-3.156997180279339510e-01
-1.572348624288542052e-01
4.270804467743745114e-01
-8.548212800585797133e-01
9.567815434179038903e-01
3.034779540138567988e-01
1.722784998424353731e-02
-8.854079041753029067e-01
-9.640247059619264647e-01
-8.148870494947981769e-01
1.337485274219751830e-02
-5.611682263428725559e-01
6.604576848853516147e-02
-1.122456386835026798e-01
-4.348417071857904048e-01
-4.879790470605749331e-01
-7.378616922275120782e-01
8.076823338629468552e-01
-8.356681617872301349e-01
5.800596797776549352e-01
5.092973287816640049e-01
8.079903990008929782e-01
2.130652707213480657e-01
7.105100679601883407e-01
8.606396535630873590e-01
-5.892922087269680809e-01
-5.646529609846082653e-01
-7.937887733566859616e-01
4.884385142957941017e-01
-6.918148134235242441e-01
-1.067464911859443699e-01
6.076144232005196155e-01
-6.987349491747703034e-01
6.266801133008346181e-01
-7.888694236262350223e-01
8.803328505219700784e-01
-2.103452367936025080e-01
-4.190457956555777574e-01
-6.020657141331040574e-01
8.950301461388863178e-01
-1.772149226108064024e-01
-4.129613332084194344e-01
-4.035516382756572096e-01
