-2.367138352665933532e+00
7.027260213794659371e-01
2.775010297852540830e+00
-4.038786283648992947e-02
4.509344037537756922e-01
-1.161032264629927369e+00
1.229417855483641575e-01
-1.438844522564917572e+00
-3.569272294812287694e+00
-3.091643857699072129e+00
1.122897849305170226e+00
-2.449649079124978091e+00
-3.693710265102435386e+00
1.907693897135228411e+00
2.109185114693758134e+00
-9.397266454253386803e-01
-3.902894004837176301e+00
4.081842599059605448e+00
-1.015599013835299935e+00
1.904800927338200278e+00
1.557587442172351899e+00
9.404834672492796699e-01
1.199222147212733347e+00
-1.446109870063378100e+00
-8.420175208462549188e-01
-2.107313050404672428e+00
-5.327262267615017616e-02
2.382685033574202027e+00
-2.723658407833338124e-01
-5.565707983165432693e-02
-2.359036165153439724e-01
-4.089903911869776088e-01
3.232152132496508568e+00
-1.237167660632209065e-01
-3.332626747328228944e+00
1.844212923424439099e+00
8.115876412630466108e-01
2.662841388617750660e+00
-3.482455855629423169e+00
6.230740830163539190e-01
-2.069316178114983806e+00
2.438305860477040454e+00
-2.714103719267150883e+00
3.431164647985606386e+00
1.289257102150101808e+00
7.435321027945616112e-01
-1.439338342622559219e+00
-3.715570966885080040e+00
-1.891915368255068675e+00
8.394244182124268594e-01
1.648226753416066392e+00
-3.597340666060308223e+00
2.166958197892120630e+00
1.022084927774271179e+00
-8.823900812544251959e-01
3.087430483440849027e+00
-2.508595889910309129e+00
6.071548680825727962e-01
2.769723307336909857e-01
-1.136727184729334539e+00
-7.276875832742368821e-01
1.170776012578746306e+00
1.037563901490822005e+00
7.237167129200945404e-01
-1.680596267707445746e+00
-1.392850408815032637e+00
-3.372702994325998738e+00
7.822246040125643285e-01
6.291943784886466773e-01
-1.277268293742680250e+00
-1.395279016688835583e+00
3.140639230847600771e+00
-1.908522811390740426e+00
-3.898304437252949617e-01
3.752663883415914725e+00
2.989376145897139736e+00
-5.680980045679925872e-02
2.116318890350703974e+00
-4.304934535371676141e+00
-9.642744630743693701e-01
2.682874483013278355e-01
-1.768200995232203754e+00
2.283333122093825995e+00
9.287632170477624349e-01
2.750273033505078679e+00
2.785915565410517658e+00
-3.502952645019846045e+00
1.918377588225870456e+00
2.748288606532507838e+00
-1.181581280800258149e+00
-4.035003941388849213e+00
3.885781656020040664e+00
-1.629019684284062741e+00
-1.371732326836525573e+00
7.202669770754062117e-01
-7.152394322545272409e-01
1.681894864565455783e-01
-3.745547017767517861e+00
-1.622962919850804431e+00
-8.968733586427912741e-03
1.215832181366780507e+00
2.643426252119605024e-01
-6.319891538000284026e-01
1.912677742956730986e-02
-1.860609771163482584e+00
-7.579705714317186427e-01
1.423192888205553341e+00
-1.442600357594759464e+00
2.323981851665304355e+00
-4.142528500132367508e-01
-1.634786615368965856e+00
-9.731672908036761438e-01
1.011155243258472503e+00
2.257330389112022218e+00
-5.726359740136000021e-01
-2.794848558172863928e+00
-2.597667032605941007e+00
-2.187357680808096116e+00
-2.699678023981365804e+00
1.625505248082579346e-01
-1.813845472767716904e+00
-2.498153801005007946e+00
2.527570119943050919e+00
3.602317811632459232e+00
-3.201534543640669916e+00
2.957348396160074167e+00
-7.693974928792735035e-01
1.475273220743738900e+00
-1.263717859364672513e+00
-7.445311786153052669e-01
4.944042809328825783e-01
-1.099260662708667180e+00
7.366171788534674469e-01
3.367444881297810610e+00
-1.532368755226407142e+00
1.592258202519496901e+00
-1.336976343541439238e+00
-4.467162887209863875e+00
1.294108269641085718e+00
-1.084684905711500225e+00
8.934781965226593625e-01
-4.040026812678188861e+00
-4.041015921210050266e+00
-1.122332499518262638e+00
-2.264270627052776597e+00
2.107945452284696763e+00
1.802713787403581458e+00
6.667805152872219310e-01
-9.779770619201025861e-01
1.346571318074595514e+00
1.992349502990316268e-01
-5.508558724783236826e-01
-4.030206614137039622e+00
-1.183782134502000816e-01
4.406422194355591460e-01
2.792438114287012496e+00
1.645085053859110524e-01
4.353603198203246372e-01
1.024890664979496879e+00
-4.117265700948177787e-01
2.190248535491500892e+00
1.776036146593882092e+00
-2.122606463955165612e+00
-1.657546917716304469e+00
-3.622911912335569085e-01
-9.753722226691114994e-01
-2.120962672023307238e+00
2.369355281646406297e+00
-1.307794814193127930e+00
-1.692937149485517656e+00
2.058153486706290336e-01
4.189310236065874049e-01
1.564959781601013900e+00
-8.418435181829970748e-01
-2.036410583906693272e+00
-3.039042000933652510e+00
4.537819441873341408e-01
-2.787218606054011616e+00
3.375374069790722409e+00
1.363937159814317734e+00
1.581807023630258380e-01
-1.656572850494256066e+00
3.146344731436705899e+00
3.432696760495663746e+00
2.017346202840460734e+00
-4.406160044580037294e+00
1.732966116046725791e+00
-3.500654652535839073e+00
-1.099661388798087280e+00
1.735962225324311214e+00
-1.877125287434124878e+00
-7.791491973642822311e-01
6.432234218029362349e-01
-2.604627799900172125e-01
-3.024478781373598046e+00
-3.889403764968848431e-01
1.162195157314287186e-01
3.047646553268650305e+00
-9.535783385635538956e-01
-1.438674965470298828e+00
-8.642146451069876445e-01
-9.113814077218954646e-01
4.000383644604274203e+00
3.304413418241936462e+00
1.224489883275898361e+00
3.088818636604006240e+00
3.517050230587542181e+00
-3.861967672273097563e+00
6.091109659070873539e-01
-1.330673254034781650e+00
4.983714049530508561e+00
-5.104627939733384911e-01
3.993018140210053524e+00
6.452807545757908159e-01
2.372495069804514412e+00
-2.583663994387111473e-01
1.175640206850833813e+00
-1.547618314830888409e+00
2.089638068638408619e+00
1.469453821193939858e+00
4.347229407795030198e-01
2.067417472685630475e+00
-9.503879719481280741e-01
1.589023153554433021e+00
6.328610526694791183e-01
-4.041401714881982521e+00
-1.292984586851532169e+00
7.469079309727892912e-01
-1.330817452568234582e+00
-2.841457986766567689e+00
-1.598428981839841390e+00
7.353833886654763674e-01
3.173517807764850929e+00
3.019665206201289642e+00
1.856867212209817763e+00
-2.270624571923560264e+00
-1.898626651073777927e+00
2.025135297283743974e+00
2.661711175450058309e-01
-9.279514670011401734e-01
-4.054633595722857003e-02
1.820033405726731335e+00
7.625609210576070884e-01
1.282273354234446661e+00
1.216480591741184725e+00
-1.555730998569589740e+00
3.480154301334788869e+00
1.437279747978986499e+00
1.910229312686106962e+00
-2.772891727946791285e+00
2.145839149492927866e+00
2.428408190760430463e-01
2.332223472340549719e+00
7.681000294930244721e-01
2.874433501231857591e+00
2.420539425346109219e+00
-2.011148030655925290e+00
2.681654334156520214e+00
1.898544132116989136e+00
7.940723311568491649e-01
-1.623135424097974511e+00
2.773361001310956642e+00
-1.207108348664707176e-01
3.432452141196001172e+00
-1.531648292872631600e+00
