1.741058362630674816e+00
-4.670890140339891139e-01
2.079193917301756844e+00
-8.503250079383827043e+00
-7.154673055113489610e+00
-5.606419248579229908e+00
-1.273588845620712506e+00
7.699452395147853068e+00
2.624815696481309413e+00
-3.665591056048282503e+00
3.389853740485034628e+00
-6.346288098524976107e+00
-4.102589045245411681e-01
1.442403556683392374e+00
-5.148544597122404198e+00
5.495198869130083708e+00
1.052408745564700210e+00
-6.560890744240934325e+00
2.847747684416200187e+00
1.002183846879871887e-01
3.992910574907689192e+00
2.889240216164841613e+00
-5.822815006373357249e+00
-4.207631031669182065e+00
1.793502888731155487e+00
-2.967532084198656328e+00
5.747698848999243104e+00
-7.905980642938543745e-01
-7.451052102045953029e-01
3.092468971054604943e+00
-4.346340798212324330e+00
-1.704029977211610758e-01
6.924722635776256574e+00
-3.762928602098986275e+00
-6.126997286904952489e+00
1.372155324336348681e+00
-2.391110270609450694e+00
-1.118347403039756660e+00
5.936763855758242059e+00
1.497527541947570207e+00
1.313928750022961500e+00
-5.984568037590568323e+00
3.579165675593375395e-01
7.040805827250498083e+00
-3.168848168196939152e+00
-4.987835038774202090e+00
-4.739276495236446785e+00
5.982306088319992554e+00
-5.588349076019553108e-01
6.223937835709769217e+00
-2.059827935101689711e+00
-1.195776041417299496e+01
5.976229503017323808e+00
-5.570380558134012006e+00
-4.085194286576644629e+00
2.458257478019234554e+00
5.543020617501347225e+00
-1.061586884071977765e+00
-4.440345465567722694e-01
-2.031792423577877482e+00
1.818538681586930439e+00
2.866797672048838397e+00
7.557585893595565318e-01
7.056768284193011276e+00
-6.163144527138769035e+00
-5.282422538174829540e+00
6.010965323006182137e-01
-1.541773219275158313e+00
8.958492497646055597e+00
5.884646231909592018e+00
-4.974564146672186382e+00
-3.591243788944901816e+00
-2.701158499435752258e+00
-3.552051879488820951e+00
6.840187377781738576e+00
1.089631454088459295e+00
-2.421401570861545505e-01
1.146977942562975361e+00
-2.006078445964539991e+00
2.680163173790375719e+00
8.216992505611320219e-01
-8.689274032307096718e+00
-9.173767656464011377e-01
3.004114884101991123e+00
3.462554402401913922e+00
5.981825947317000569e+00
-4.485135598077063968e+00
2.384592254653168819e+00
6.910266588118806119e+00
2.687809723766667158e+00
-1.287124314607274389e+00
2.485688372707640093e-01
-6.316145220523677217e+00
4.879037139873110718e+00
1.131566670563765697e+00
2.584594489284381957e-01
-2.055108225946778999e-01
-6.676092605463912477e-01
1.078384173868863094e+00
1.765966427600725641e+00
-7.184827693095696688e-02
-3.633015548235415171e+00
3.478368976087123698e+00
4.635176818778647068e+00
5.464760842467534907e+00
3.491147997026958993e+00
3.495988721841140290e+00
-6.532262211867252422e-01
6.067459186239151370e-01
5.322840596837731475e+00
1.275032583568703082e+00
1.215177988116765473e+00
2.093256259979078049e+00
-3.719476468566686178e-02
-7.207644796854983937e-02
-2.215138941310170750e+00
-2.207268303044317648e+00
3.553647976273889952e+00
-4.891311438063291384e+00
2.379186864166229487e+00
2.255313674199186380e+00
8.270452910542265279e-01
7.560337873891954663e-01
9.182554700844285378e+00
-2.782705004530268700e-01
-3.420962080531509741e+00
-3.470372855646260746e+00
7.659803838124924269e+00
-4.439529733636663700e+00
-1.206650004760039696e+00
7.771564002885088307e+00
3.951228709992003374e+00
-5.573388406699708142e+00
-6.471721410194847479e+00
6.785596120322459512e+00
2.682752425407040064e+00
1.046418526156689399e-01
-3.569747908671523917e-01
-3.852014759785689524e+00
1.755227028342852602e+00
4.454704473453536373e+00
2.075940746303862605e-01
-4.366866145930169196e+00
-2.057744310141984112e+00
-1.763420117603679671e+00
4.514253978073225149e+00
1.287024826181699666e-01
-8.574757166979773970e-01
8.594572535454254592e-01
-5.261909922604189660e+00
9.655921546642451947e-01
-6.420822864630044702e-01
-5.106085956765154421e+00
-6.905586512361407969e+00
5.279946964639044893e+00
7.079040787995789508e+00
-8.787619457002113776e+00
4.779065298663198291e+00
-3.032547353033423043e+00
8.071516500202292832e+00
-3.679052213465674015e+00
3.285263165542044561e+00
-1.195578828012393346e+00
4.037469898071996965e+00
-3.427357627836344900e+00
-1.115747942003424420e-01
-2.177460621307993449e+00
-3.386177669175498561e-01
-3.960364190070927659e+00
2.642954246193672141e+00
-7.411399733047812077e-01
1.084509365928408187e+00
4.145889841363321615e+00
-8.961360062249688063e-01
-3.477883062452524321e+00
1.113826227270977398e+01
4.094717572885334889e+00
5.920685928930082831e-01
-2.169583492014439674e+00
3.651296817159525254e+00
7.356418426441569958e-01
-1.815409323889792592e+00
3.582193467319686242e+00
-2.586923213795976562e+00
8.516283563547317748e-01
-1.233864696062604516e+00
-3.052802137701045471e+00
5.752856420653578162e+00
1.798183615919446421e+00
1.327839483544148713e+00
3.213376538284540285e+00
-6.171617958819849648e+00
-5.321431685431828040e-02
2.937780253444508993e+00
-6.863045001337896522e+00
3.237509117121497138e+00
6.473779149565255686e+00
-4.744767799556392163e+00
5.596128027732395482e-01
-7.206218213302753917e+00
1.871167854749734349e+00
3.049949782686238287e+00
2.715753331781189939e-01
-3.846741392044381147e+00
-1.427269461976941267e+00
-1.539434929993885870e-01
-3.655248434332634577e+00
2.986157557819115294e+00
8.230349427697634113e-01
8.430010903190870764e+00
1.913168616756893536e+00
-1.633997594417277988e-01
-5.815653635950340572e+00
-6.446321512884425342e-01
3.729515544524633075e+00
-1.065706339344115428e+01
3.867050479948103692e-01
3.656313801334335256e+00
-2.787148920660068363e+00
-7.469077178441559939e-01
-2.060391023132262855e+00
-6.778776826437677983e+00
-2.773356031357540719e+00
1.786225128712642496e+00
-3.950520841633453628e-02
-1.353351330389841012e+00
-2.827251064185738905e+00
-6.169641020999166336e+00
-5.976822579504234012e-01
-3.757396939077001452e+00
5.473897092896104155e+00
-1.315188567305213940e+00
4.710533561618321485e+00
-4.974762060915844941e+00
-2.421653432571817532e+00
-4.015278300680189538e-01
-8.290353357923649469e+00
-3.464532653495917103e+00
1.980264051710501905e+00
-1.271626667438869873e-01
3.557104276200125259e+00
2.712340514532579405e+00
3.030501774246625146e+00
7.103384458483374075e+00
-1.174667385000585096e-01
5.814116206070947257e+00
-4.167756414918626362e+00
-8.087299934828540149e-01
2.509118470763183062e+00
4.916901780086566198e+00
2.908247591565849555e-01
2.952297661197123890e+00
6.985479585025457183e+00
1.841520539026481718e+00
-1.243538091170424353e+00
-5.087428942177946167e-01
-5.273650409588545251e+00
4.376216787419155985e+00
3.884572459867168703e+00
3.782643583360640882e-01
-4.933217084805601171e-01
1.027235991815825367e+00
2.622089486028133631e+00
-9.443423702978174239e-01
6.104693553882632351e+00
