-5.876738486944119710e-01
9.145405934635391088e-01
-1.635072654605793208e+00
-2.836539860529088131e-01
-2.571585560381553504e-02
-5.931954162964638844e-01
-5.101158862186018217e-01
-1.161441005903296464e+00
-1.444133703029191196e+00
1.884117237320650062e+00
-1.762557518330615469e+00
-1.578227269359750995e+00
-2.393331783164028614e+00
2.061334795509138118e+00
-1.586321233655712426e+00
2.027282584837029056e+00
-9.035854038472244110e-01
-9.479201392528363579e-02
-1.794906791327114948e-01
-7.812671721432116190e-01
-9.503182464965977960e-01
-1.243957955657783554e+00
1.106927602107588893e+00
1.350116896001414490e+00
3.419359146479294953e-01
1.695241307915916540e+00
-1.666701640667075157e+00
-9.896635224972443190e-01
6.939371005429575967e-02
-1.061594566448686106e+00
6.571616257055372667e-01
-2.235052646696513712e+00
-6.227281794876791121e-01
-1.962300802712024339e+00
-5.753974206677032743e-01
1.178634112206923046e+00
1.473009191725436651e+00
4.462611567604080065e-03
1.389020380944963939e+00
-7.056667013773687547e-01
-4.759172724396265597e-02
-5.261366184809222052e-02
1.932552888349249542e+00
7.018180113649588048e-01
6.107117214395689775e-01
-1.706547223575865191e+00
-1.046268113600664851e+00
-9.627799587695481387e-01
-3.929314479122369974e-03
-3.866126301759700290e-01
-1.514662501344040901e+00
-2.722392007759485644e+00
4.073045122968625975e-01
1.024800878352414291e+00
1.354271965402381372e+00
-2.283332200006538137e+00
-1.276825384204725022e+00
1.833349482603475467e-01
2.134503315248981181e+00
3.929388370967995536e-02
-1.949839544411776371e-01
-6.662550069403887498e-01
6.231563651946279148e-01
-3.957050129006319805e-01
-1.194423724376553420e+00
-5.089143395577462314e-01
3.533514753494275684e-01
1.429238987690082396e-01
-1.820333782830725777e+00
2.120503981409959771e+00
2.783617738801177355e-01
1.057686834862018532e+00
-1.672877531042740173e-01
-2.624905650871407481e+00
-2.630166858237723559e+00
1.857843370501920388e+00
3.260287308154365959e-01
2.724786723864447424e-01
1.951569696341782123e+00
-1.172437395558922457e+00
-1.088290425663382521e+00
7.162035478462417393e-01
1.435293441855452157e+00
-7.321559224253073594e-01
-5.729404233776818067e-01
-1.581488751767414214e-01
-2.783692962849160235e+00
1.570764142903752658e+00
-7.642874968579691508e-01
6.773814449159403228e-01
-1.486712936974208032e+00
-7.439109764472625619e-01
2.132022825623815621e+00
1.204297552013011696e-03
-1.221893514270325110e+00
-9.267113179075998630e-01
1.400870665579295737e-02
7.300958620506621255e-01
-8.199112140001347804e-01
1.487167882899110394e+00
-2.509350279675820694e+00
-1.075048382825906756e+00
-1.153791935837893412e+00
-2.262084228425446319e+00
-3.845847893600866652e-01
-2.209223895118056780e-01
-8.611345177099283266e-01
-2.034793509155916169e+00
-1.558923250340340960e+00
-1.213250078663397513e+00
9.669805001599658667e-02
2.620295700902405045e+00
2.351859158442512587e+00
2.794957075041557992e+00
-3.568397701277109535e-01
3.487216712641361127e-01
-3.280586056869646550e-01
-8.113119808139497291e-01
-8.266605362252766875e-01
2.093884993225693769e+00
-8.971315682016633986e-02
-2.001119544593174204e+00
-1.954258974658209080e+00
1.674518808812873516e+00
2.439767993540070457e+00
1.282838807288629202e+00
-1.703485609169060000e+00
2.008440940304187627e+00
-8.841239849083541991e-01
-1.214847082363822217e+00
3.336196166812377406e-02
1.227750428816005712e+00
-5.889314335012487689e-01
-8.339553699271211595e-01
-1.363948782431450457e+00
-8.221584845136490349e-01
1.601210646599124932e+00
-7.113097729804782610e-01
-2.535140673234672626e-01
1.081835771680096148e+00
-1.367281334298361184e+00
7.666426861194939324e-01
1.152757181113927665e+00
-1.424158595960286267e+00
-1.909200695503625589e+00
5.852722413614308561e-01
1.058583283787041918e+00
-3.016324400292337282e-01
3.180431119238084081e-01
8.266035308221630906e-01
1.777030397239288018e+00
-1.898209893719511321e+00
-4.571863588647026022e-01
-1.627385800740946964e+00
5.969030058942910166e-01
6.809760836216376401e-01
-2.335814945940696497e+00
1.990143928620856872e+00
-1.759475944763555511e-01
-2.840094483529613800e-01
-6.226398773373456041e-01
1.668131670936292998e+00
9.225403095269258946e-01
-1.176868126258518554e+00
2.229435304256523587e+00
-6.697597404878996574e-01
8.534760879288457724e-01
1.348907745367938560e+00
8.355062857147788069e-01
-1.654849546352516798e+00
2.906101247180004066e-02
-2.768100039478265550e+00
-6.096825834006194267e-01
1.266984129601923303e+00
-1.996632968245183548e+00
1.258450240013019528e+00
-1.270931990124884337e+00
-1.662474322286750850e+00
1.741008976995286783e+00
-5.375967224167665925e-01
-5.703475031633731263e-01
8.042287514496028189e-01
2.340650581991766011e+00
-2.173424374540233739e-02
-6.358372117522328448e-01
-1.209943007740311050e+00
-4.729735495757595443e-01
-1.027187365160748822e+00
-7.613097134764694740e-01
1.156724823775180155e+00
3.825677492018290105e-01
6.626725213369183409e-02
2.137690632545706571e+00
-4.216337456563583608e-01
9.087130145396233871e-01
5.631313738917238521e-01
6.239804486745315071e-01
2.062596827924426113e-01
-1.563685746900793649e-01
-1.319387150662543196e+00
1.602527461167343237e+00
1.656592961165630484e-01
1.968932081293733871e+00
8.561024825180130193e-01
-1.759023624741502978e+00
-4.571080032771266399e-01
6.281343000395469556e-01
-9.052796030986538511e-01
4.581674411474530029e-01
9.676524568412745442e-01
-1.750425832806991933e+00
-1.453656461223764351e+00
4.809726943379583064e-02
-1.189296222857314067e+00
-7.021083894788491264e-01
6.165633009224731342e-01
-2.221385011085233785e+00
1.943282163265604989e+00
-1.914690973460585699e+00
-1.370911985637607300e+00
-5.748613220969862603e-01
1.635932222019242044e+00
-1.563976884467924044e+00
-2.890451828177483806e-01
-1.537158622811113373e+00
-1.485099947898316897e+00
-2.201363763243266547e+00
4.629688663467664833e-01
8.426506907175910221e-01
-1.235352830760882537e+00
2.272578561013145482e+00
-1.639705124593082486e+00
8.948322160511874568e-01
2.467606125266748940e+00
-2.682211046490302842e+00
1.316755042294694977e+00
6.916030283873891849e-02
2.353875636870243149e+00
-1.185630266149323653e+00
-5.994684550577618065e-01
1.756544727944167938e+00
-1.098346059942141739e+00
4.308578330041903381e-01
2.403721111989152170e+00
-7.591035398760391795e-01
6.274849643500052254e-02
-1.299936824465491636e+00
2.278280476999873017e+00
-1.609704128544712454e+00
2.018116930684293209e+00
1.017509677148671354e+00
1.475191015730515032e+00
-5.296605180952846936e-01
8.713111322841553541e-01
1.254397528869372058e-01
-6.689001089261198407e-01
-2.584021593998515165e+00
1.847642863995438089e+00
1.692677304384466730e+00
-3.848930867271127543e-02
1.421065312259146118e+00
-2.319736061241782998e+00
-1.260588315226516709e+00
4.159018750315910395e-01
4.615633517788404472e-01
