-2.825638417200238006e+00
-1.355349287837320738e+01
-3.683458730169805184e-01
3.364040501042623976e+00
2.875344667331786397e+01
-3.576829968068497845e+00
1.887913004521241778e+00
1.254374578259757511e+00
-7.042716660640494730e+00
-1.573829727350907071e+01
-5.006992775064909473e+00
1.945498296890233192e+01
-3.454183516130332254e+00
9.996957698058928088e+00
-7.177986607595022717e-01
3.865037747771069121e+00
-1.322535875116107595e-01
1.128403178252977312e+01
-3.212817224440835062e+00
-9.835927226664741951e+00
-6.996059218314340633e+00
8.835251019180505594e-01
6.678180257731077596e+00
-2.943689436100525025e+00
9.985599442309617046e+00
1.051720387536225765e+01
-1.913022133128052715e+01
5.802164103585019106e+00
9.465287189587671790e+00
1.680843041513004898e-01
-1.958889728658847806e+00
5.554059210984598316e+00
1.161302384326333126e+01
2.176827080083569754e+01
-1.185732618535858585e+01
-3.215710854279501429e+00
1.581467106866916872e+01
-6.350882351743200260e+00
-2.657203807399777684e+00
-9.402874995391480084e+00
2.030401219710925798e+00
-7.754377928030504741e-01
-6.226303809012519785e+00
-3.530231864360321659e+00
1.307376230640806014e+01
-4.909818849103089633e+00
-4.852151563733703155e-01
-4.031445851856079621e+00
-2.928918089715573547e+00
-8.105684460476807018e+00
6.772768349435904334e+00
-9.778659105854785594e+00
6.766109462508763883e+00
5.618049399433730606e+00
-3.373812769000424261e+00
2.318240245952772227e+00
-7.181105359922623776e+00
1.082458793901271044e+01
6.374286296206990166e+00
-3.422290204158162208e+00
6.807141746354399281e-01
5.259699804809764068e+00
8.371546344022871011e+00
1.609550704847901770e+01
-6.655705121601873664e+00
2.401125718229381079e+01
2.550787311555395842e-01
4.581601184118445858e+00
5.217789860552285219e+00
9.843623301263070502e+00
1.888650242140493063e+01
5.795323978704937318e+00
-6.729169284250310135e+00
5.710998261513737795e+00
-8.506352340086497321e+00
-5.829471845910104477e+00
1.659137597826415567e+00
1.310319452933488726e+00
-7.300283809261729928e+00
-8.867823128269936461e+00
5.253063269365349619e+00
8.643831412094934663e+00
7.614642284969601604e+00
-3.645718557197830556e+00
1.015460889703310521e+01
1.900668778543324944e+00
-1.041508939088500441e+01
-2.039315600399149986e+01
-1.276019473053066200e+01
2.360163173125519265e+00
9.034213290445590516e+00
4.811003009742554681e+00
-2.851921097067880329e+00
-1.367768520095797413e+01
3.452437940800100247e+00
-4.254894280677214979e+00
-1.768020186511090230e+01
6.199335124423712706e+00
6.168023903993212542e+00
1.275856607419324185e+01
7.447872778665041160e+00
-2.027904888647580250e+01
1.605828287042920977e+01
-8.715399715317666107e+00
1.447048273365600268e+00
2.557639307168209086e-01
2.372730120925738539e+00
1.035257931716773072e+01
1.550460386314104078e+01
7.580833110350026161e+00
9.142321079184130284e+00
6.255878195355177862e-01
-6.431961399468172580e+00
2.965699640511683555e+00
-6.290078098476444168e+00
-1.047045680667151757e+01
-1.171853547212110325e+00
-1.882519743172655424e+01
-1.248527543330853717e+01
-1.035334515530241362e+00
2.582157187150399835e+01
3.983586035094488054e+00
-1.193545936280068887e+01
3.025461962295461493e+00
-4.196387028281968412e+00
-9.035819937743941210e+00
-1.587135360350627344e+01
7.291995799654271693e+00
-4.646386338366948365e+00
-5.304620270412985228e+00
3.072991957599129353e-01
-3.889092087528242647e+00
-6.223304614944114910e+00
-1.576120717575449248e+00
-6.115446538583949376e+00
2.802119640845929460e+00
-1.233124116502792589e+01
3.341258317024360380e+00
2.781141609294250916e+00
2.990332273079340908e+00
-1.267429742640271506e+01
-1.529139306043626245e+00
7.989813378530818966e-02
6.091573855906171620e-01
-7.672153140195204557e+00
1.290186045079664368e+01
-1.544493616050668017e+01
-5.756949672251308048e-01
-1.697752501749645759e+01
-1.532260974820499300e+01
9.670474037353669061e+00
7.876297086646707690e+00
-4.902832026057307502e+00
6.590533229358541689e-03
5.401333337271041479e+00
4.411424431213996300e+00
-9.393883716159470154e+00
3.049095020477187834e+00
7.223835393637279445e+00
1.382221858094226441e+01
-1.817653220238419021e+00
1.057242605050505979e+01
-1.104042933358091361e+01
1.292546626719231107e+01
-4.698457019785455380e+00
1.221948265684304147e+01
1.139434134712018398e+01
-1.278631191833819969e+01
-5.668309470652499016e+00
-1.817805170416397775e+00
-1.011156568506455145e+01
2.811888877581236734e+00
-2.805563541576276521e+00
2.390377855118846639e+01
-7.598155821916864561e+00
3.011531343230514857e+00
5.972097373786133367e+00
-3.678489720160490695e+00
4.203590298167691586e+00
1.290829782960687311e+01
9.991814326680492186e+00
5.140001581171208755e+00
7.047098765249114827e+00
1.498264759508294119e+01
-3.575819709316125916e+00
3.480211513881779073e+00
-5.584011955286551920e-01
2.166104321329257676e+00
1.002965897835575149e+01
-4.091371973393627570e+00
4.643189012601887100e+00
-7.699444919246620778e+00
-4.313301425276954149e+00
1.601466225246766228e+01
-1.654560639405659117e+01
-3.446752691985494721e+01
9.113736212865022779e+00
1.898701669912533774e+01
9.064291040915623654e+00
1.862360920333165470e+00
-1.467310626068763391e+01
1.029093095771601796e+01
5.065901049773302134e+00
9.754904350098595245e+00
-1.984220986032252831e+00
-4.791780924304505085e+00
6.545327778966137267e+00
2.106616272240001031e+00
6.481083164902772253e+00
4.507502021243605661e+00
1.854679479018524813e+00
3.821120895533620665e+00
6.457935159288549443e+00
8.089715539410210710e+00
-1.207245141521694798e+01
-1.345041213340524955e+00
-4.239888925315997703e+00
3.002211496793093737e+00
-4.911960482461669386e+00
-1.069839493731586444e+01
-1.537765177582169684e+01
-7.631548598059312294e-01
-3.294915849749207482e+00
-1.011864448798919369e+01
1.515564912024058408e+00
2.638033961532434191e+00
-3.615394913995118920e+00
-3.669325469206969004e+00
-6.313910600889350633e+00
-5.204567415717336942e+00
1.322569695731998074e+01
2.505215005065200451e+00
-1.167678192573477247e+01
3.509444872040222707e-01
-1.954951777539988811e+01
1.014143603926846637e+01
2.208848043511495973e+01
1.025642640149276552e+01
1.770483342541983518e+01
1.387043515984230169e+01
5.022045070889045171e-01
-1.037079252500834947e+01
-1.196482463264457508e+00
-6.029427458351314328e+00
-1.413314676082284338e+00
-7.948789146632259772e+00
2.271910287360003444e+00
-4.791328690873841722e-03
-1.068323278261986609e+01
-1.730655089535894309e+00
-9.529526471885785277e-01
-4.391421513035294488e+00
2.656510793328685338e+00
-4.349531534416661849e-02
1.024504950135887782e+01
-4.698972414402187603e+00
6.380300434730933112e+00
2.604565084353537685e+01
9.558321472266271712e+00
5.409717819165540398e+00
-3.916590731936910430e+00
-5.188913560281500637e+00
3.498127196870173261e+00
1.221470877399662669e+01
4.387715156347308465e+00
