2.082457600172644141e-01
-2.490200618744289329e+00
-9.343789703608536001e-01
-1.729145956261668671e+00
6.707675027192081529e-01
-7.607983957702146860e-01
-5.147874197751457492e-01
-9.153609820404544628e-01
6.248763521420126477e-01
-5.315858390807374212e-01
-9.985215532225133472e-01
-1.014738263843991239e+00
-8.896942693033150773e-01
1.076135779102441958e+00
-9.366348695223942755e-01
-2.077481077511507124e+00
-1.278396595267133451e+00
-2.084101651511014452e+00
3.717092873748787385e-01
-6.620367571268226392e-01
-3.334893460311381119e-01
-6.214474188129769372e-01
-7.134094863656126329e-01
1.112016911216346049e+00
2.396391075892662093e-02
-8.136830801252206147e-01
-8.008159897412623351e-01
-6.801990171645738714e-01
2.030127381011260224e-01
1.167461926006286399e+00
4.334089123836283863e-01
1.876093534357300419e-01
2.796732593782373932e-01
-1.132763940968156469e+00
3.790499160444819049e-01
8.015986164630506394e-03
-1.273117846245462870e+00
-3.004543639470057537e-01
2.432987333719129341e-01
-8.706796384516464204e-01
-3.429367833054635106e-01
3.627113328268570802e-01
-5.502630999942976775e-01
1.281221460601755791e+00
4.780765166944404010e-01
-4.680264603627422026e-01
-1.833530824501607703e-01
-8.084202782996279257e-01
-5.465344067318551602e-01
-1.618887715133798366e+00
-7.411538289367003429e-02
-6.813387299697930555e-01
-1.230875829970834001e+00
-1.010867204009073594e+00
-1.681316745923093103e+00
-2.128328070063697730e+00
9.485068868409358700e-01
-9.492187201378077255e-01
-3.245931499861270386e-01
6.992232573447180188e-01
-1.492513839223847949e+00
-9.744830535930915083e-01
-2.427250300185693765e-01
1.400097251487438133e+00
-3.479059895349650988e-01
8.652427481197676462e-01
-1.684280397236919580e+00
-2.241324947232265496e-01
7.911163935860406893e-01
-3.075688676905011798e-01
-3.502531717840805525e-01
-1.126738651606935537e+00
5.692982123852952103e-01
-1.629570338648173022e-02
-2.570717336474032111e-01
1.166270121656593606e+00
-1.601584406183159892e+00
-1.731485001745784125e+00
7.041063849498194749e-01
4.723542974341191081e-01
-3.563361937041342742e-01
3.630011172106303308e-01
-1.473728569224029838e-01
-3.692076650249783154e-01
-1.177355623315873734e+00
1.657288090337107611e-01
5.155925632178506302e-01
1.066902362584807751e+00
5.636024554463484604e-01
-1.156197717496024291e+00
-6.602815338868639472e-01
-6.556268730015515356e-01
9.923893611555076877e-01
-2.078378273530005593e+00
9.735612745805195534e-01
8.631760705221296348e-01
-1.862825274609970494e-01
1.940988480389498338e-01
1.794231875070232407e-01
-8.188378886616232144e-01
-1.099453032757120030e-01
2.348068037546566789e-01
-3.236530806455687470e-01
1.324570343884994283e+00
2.968784831114222866e-01
6.630875911550428992e-01
1.264334475218690468e+00
3.791181225629013385e-01
3.812318604436858993e-01
-1.778964404915720721e+00
-1.294872578305924504e-01
2.702164623695003098e-01
2.306114713928811844e-01
-7.251961881914507080e-01
6.034790592724491587e-01
6.005471347232281820e-01
-1.347350398310412256e+00
5.767310125768404516e-01
-2.159355818220303203e-01
1.192709530121866424e+00
-2.834692894720457490e-01
9.029376772520855132e-01
7.216142486892820340e-01
2.519151142592251702e+00
-5.424360141472170938e-01
1.805444885246957121e+00
5.574640770686805080e-01
-1.226481978489282199e-01
4.017683713765534126e-01
9.657228813855778249e-01
-1.548413766544151082e+00
-3.050383000793759902e-01
-7.783199346357082549e-01
4.659924990517455567e-02
1.626235527848018947e+00
7.352744482408334337e-01
-1.306131424578606648e+00
1.702652152704661415e+00
-2.707749520958830924e-01
1.064630606223574638e+00
6.434938682466229132e-01
1.870556732736920358e+00
-5.636593941369509864e-01
-9.079682029979219138e-01
5.249394078677873665e-01
1.765985439305971294e+00
1.588653908758761668e+00
-1.008307041120731107e+00
-1.702941011670599858e+00
1.944714058123054312e-01
-1.658621040574580263e+00
4.609711323493352886e-01
-3.028707095068035038e-01
5.261291259308964463e-03
5.301874296790585195e-01
-4.761691422869717694e-01
-6.566705624935922914e-02
-1.345020366969604808e+00
-1.785305419535790250e+00
-1.374488508517572649e+00
1.125436328836094457e+00
-5.577713186995837402e-01
5.091415735148395738e-01
2.591518996750261095e-02
6.535546913986274298e-01
4.423842510336195577e-02
-2.987046756745267428e-01
-1.470457238402579581e+00
-1.580890639709495726e-01
-1.585076948322410306e+00
-1.294144120846619228e-01
8.827157282476472133e-01
1.136934039208436165e+00
-1.038095800677388159e+00
-1.076581460596242934e+00
6.859349702792918446e-01
3.187257922351625083e-01
-2.142928604779686275e+00
-1.329794316281567745e+00
1.477554718301046233e-01
1.033052233706116319e+00
4.232260423683847916e-02
-9.879176392802085926e-02
-1.884014545193005041e+00
-1.329002378146229457e+00
-1.470080780372713392e+00
-1.434050306319871293e+00
-1.503948797239839763e+00
-1.361104495372692735e+00
9.332147795609738727e-01
-3.201550659217468620e-01
9.761257690083062766e-01
-1.269822351754363865e+00
-1.452757623204999238e+00
3.966280266608369631e-01
-6.835037150067843070e-01
7.184047069433517896e-01
1.123038494841355872e+00
1.377462100149735580e+00
-1.120031301428277448e+00
-1.360867136101186203e-01
4.125715535014125024e-01
-7.280892475228366301e-02
3.816147553315708540e-01
5.705565227276629958e-01
6.218473008007509018e-01
-2.274075314725780006e-01
-2.720382145386479600e-01
-1.477774661106792120e+00
-4.505668380395244643e-01
2.691037987287453470e-03
-1.526107935707276209e+00
1.333014270914258947e+00
-3.337459347022428968e-01
-9.524719251248572327e-01
1.800421965998697249e-01
2.778409849188251401e-01
-4.098695859111368689e-01
-4.560014556686925458e-02
1.005373253952582591e+00
-1.722207378621267049e+00
-1.080689660910515215e+00
-1.169326325531736988e+00
-8.609449975639538177e-01
5.139253917026054275e-01
-2.057186425372083405e-01
6.489916937689148568e-01
1.354380745738821001e-01
7.358386490672228497e-01
1.463396696200031655e-01
1.631759937499860369e-02
6.309788797015516426e-01
2.952325923874618008e-01
-3.988498697184981734e-01
1.060727951496921895e+00
3.079384091781756094e-01
-2.863013240120040326e-01
1.361124190548730351e+00
-4.365379042271391175e-01
-4.698844372794124258e-01
-8.747515018448863700e-01
1.155281548121556590e+00
1.182381808156955483e+00
1.506123408502053174e+00
1.073240541515200430e+00
-4.134084782325865293e-01
-7.161072838379518579e-01
-1.647450066877505503e-01
-6.798376771376325456e-01
-4.659862264073023619e-01
1.394321956597446288e+00
9.509935435847203244e-01
-2.135524733931033481e-01
-4.423167494937590982e-02
-9.665431700641087254e-01
-1.307710831768008397e+00
-4.591407641086410196e-01
-5.025856136621942305e-01
-3.852482867159625624e-01
1.008191216157753534e+00
6.193132876418316890e-01
-8.872910734368341101e-01
-2.434567623819887672e+00
-3.658953110042576506e-01
1.868451404684392081e+00
