5.454828534311352284e-01
-4.506937429206714363e-03
9.167245732999048657e-01
1.593586295471061121e-02
3.264120771867410342e-01
2.861790383195751408e-01
-2.272741700284819366e-01
-2.054638391216430104e-01
1.312405595496959787e+00
7.709943681142310545e-01
-8.934671564168351621e-01
1.168453990865066405e+00
1.778114651977319438e+00
9.714230788187678822e-01
4.332413960730733260e-01
3.463662021319654505e-01
-7.322639246204850627e-01
-1.798427461181783871e+00
9.364561273875197100e-01
6.368697124888897942e-01
4.171408639453543232e-01
-1.312575348297986944e+00
1.525780449384983362e+00
4.221200020197040104e-01
8.380231458816833623e-03
-5.272974449082024062e-01
1.375800939206140550e+00
-9.709793643164604804e-01
2.071362865734082126e-01
1.048208198791647394e+00
-8.142544333454868610e-01
9.775315969518698633e-01
5.784479112249839572e-01
-2.268682458521933398e-01
-2.978585251403284007e-01
1.821421688755061608e+00
1.478169307903218321e+00
-1.765405620508182949e+00
4.903248627275728078e-01
-4.719660362455020408e-01
8.616972267431213250e-01
-5.573979974076951338e-01
-4.393625720054483708e-01
-1.515350732617948282e+00
-1.318456975089141725e+00
1.221296816854876122e+00
1.360967785297793053e-01
1.420436899817385967e+00
6.009874487642218321e-01
-1.281310228750964120e+00
-1.810495997748303942e+00
-1.254779249514084594e+00
-3.226328013270224337e-01
1.868447883569847034e-01
3.202507495811605098e-01
-6.569116469380112955e-01
3.201967700036043585e-01
-1.805706795715747992e-01
-9.514191882074607420e-02
-2.734836568565524040e-02
9.860055999007028005e-01
-1.096125033435422225e-01
-4.377631534926778034e-01
-8.535887417916608877e-01
8.130435562981915831e-01
9.889494099955111750e-01
1.336599468750039543e+00
9.319542473443956920e-01
5.765279103851718157e-01
-1.108761733451532727e+00
-6.629309729578133359e-01
9.110689091383993299e-01
5.424516345364711611e-01
1.147054089044429626e+00
1.180847491558014717e+00
-1.208700607708401265e+00
3.373144032866247644e-01
1.422824000916019793e+00
-1.407206245319014393e+00
1.070346813047543533e-01
-1.754470477353722302e-01
-8.054567741443116047e-01
-1.019993364789596235e+00
3.746443077779337827e-02
1.052831162499442419e+00
-5.331447560890789639e-02
-1.240617703619042445e+00
-7.404945007247293320e-01
-8.894277489686186478e-01
6.328810301536680338e-01
-4.255847456841783671e-01
4.220702045899742405e-01
1.512859612749236415e+00
1.788437675693258289e+00
1.339883583631409358e-01
-9.628445186705548720e-01
-5.873579031474351897e-01
4.073508116193653716e-01
-3.556574932648529641e-01
7.658127504676999209e-01
-1.434047224072232396e-01
1.019037774598214874e+00
-3.514939940576591315e-01
2.598351385198097718e-01
-9.571327964937170751e-02
1.849796571453667493e+00
1.163238537611259282e+00
-1.405033643734835636e+00
9.317958252458625745e-01
1.045437558760589525e+00
-1.098610960674403225e-01
8.878983235975588251e-01
-3.388859645705216694e-02
-4.359481374266599429e-01
-1.005638040222008422e+00
-1.596360043293819642e-01
1.228944826740141494e-01
3.498509434927766781e-01
5.498163910332779514e-01
-1.281433344676857322e+00
-1.084064550917058334e+00
-4.968053288948890422e-01
-7.768817552526036119e-01
-4.177860488716028664e-01
-1.549271929340550802e+00
-1.117448365355114825e-01
-7.273332688051625805e-02
5.950249858292872007e-01
-1.339683946911246482e+00
-3.073792543860841553e-01
-1.603442639603717135e-01
-4.288969568164791024e-02
-8.671663757301899533e-01
1.068547232401022118e+00
6.534932547888561150e-01
1.311928219479843172e+00
-1.746844355047751929e-01
-4.692981608479634970e-01
-9.230008941252632049e-01
6.841321631776279277e-01
1.102188453154357317e+00
-9.459172605775032494e-01
-1.429899644640531431e+00
1.109973717488752065e+00
1.174690438533638526e+00
9.626767293768412337e-01
5.402223557863936598e-01
-1.798843475583635776e-01
1.348092733340163774e-01
2.011141705292792681e-01
1.056350952717942437e+00
7.681377988228987874e-01
-1.962399907769579732e-01
-1.030680037516048753e+00
-1.367531249469417176e+00
6.165950443038600293e-01
1.497865848733981320e-01
-1.533241208551689105e+00
-1.079536246804218447e+00
9.257301649143888644e-01
6.447784106004226246e-01
-3.844168945111305913e-01
1.158513854087060979e-01
-1.475243343924542039e+00
9.979422974745797426e-01
1.848982661153722118e+00
-9.276409464438445385e-01
-1.041191025284087024e+00
1.372561353557217201e+00
-1.964871466867725847e-01
-4.186034622264711569e-01
-3.572673631087049939e-01
4.583806601678375170e-02
-9.468653939012029452e-01
2.352809422851946941e-01
-1.131690924979061874e+00
-6.804281067835926677e-02
-1.020720245328345044e+00
-6.056017309975186835e-01
9.368485412994232986e-01
1.187960040668710082e+00
-6.765921831775644213e-01
-1.422959150699609765e+00
9.098607374773663992e-01
7.933319963783421747e-01
1.693300636046017882e+00
8.580597459517228520e-01
1.494770708086878175e+00
9.271348692404711711e-01
-1.337154208693020596e+00
1.961111530015498428e+00
2.144087326585570885e-01
1.038383569161376085e+00
-6.410194055879234742e-01
-9.351953837677721149e-01
-3.170172463866967050e-01
-7.485040458617798764e-01
-3.076762453525677676e-01
-5.018506206790445123e-01
-1.841209665947919127e+00
1.620005908447135434e+00
-1.011828501592445306e+00
-1.104847691572657276e+00
-9.093571446983839124e-02
-1.127136608272472307e+00
-2.598350363936425822e-01
-5.076816770962544467e-01
7.481131387460223658e-01
-8.818617378673265783e-02
1.156610731655592916e-01
-6.304375416417862255e-02
7.499230646132446498e-01
-2.423944440371053055e-01
-3.300710699663916836e-01
-5.687795678181867265e-01
6.613143787237676374e-01
7.933974118951818699e-01
6.604755884473564320e-01
1.009429881502734494e+00
9.332015700440139394e-01
8.762072506436812125e-01
1.510451378753713048e+00
-4.500496706017053095e-01
-8.811509810986620783e-01
1.267100511717571987e+00
-8.192338281766931019e-02
-1.202321972710607145e+00
-2.481665854143242367e-01
-2.235899630646467351e-01
-6.434849598285309336e-01
1.001557803113081846e+00
2.634903477535596172e-01
1.403405906060886998e+00
-7.492348283451147894e-01
-1.280003389447199602e+00
-5.333024016824277069e-01
1.479760096069488551e+00
-1.566874195803258374e-02
-1.316941097160728713e-01
9.182486587169670367e-01
6.419290313463424935e-01
-4.695865487693597906e-01
1.100486328221523591e+00
1.473657510562365047e+00
1.722366775768716662e-01
1.557404032401751293e-01
-1.172445331124291501e+00
1.002765492041840734e+00
-1.601966141931050913e+00
-7.555022249211025276e-01
5.915877547448584739e-01
-3.244531490777819993e-01
1.113770849683152209e-01
1.176437684058535549e+00
-8.436258037099221285e-01
-3.310743628624261969e-01
-1.824517580305409670e+00
9.393368114362076193e-01
-8.535844168865973636e-01
-4.011738562117761475e-01
-1.204353286821852054e-01
-1.510981504659024699e-01
9.457176697964375656e-01
-2.402627143228183160e-01
1.292032636449568894e+00
