6.794402108607137114e-01
1.163816374929146913e-01
-6.926022338768129671e-01
-8.786252174583721875e-01
-8.484423090071593343e-01
-3.330152730615599799e-01
2.718112258838236706e-01
-7.772182717897929694e-02
-3.238572582728740379e-01
1.154844142790016903e+00
-1.323935889377356179e-01
-4.178052828405405261e-01
-3.512740457817494777e-01
-4.113972143063764353e-01
-7.440445054210540476e-01
3.607999663691203729e-01
-6.099038973022026244e-01
1.648849317842950302e-01
1.806261438461036484e-01
-6.697839323649095178e-01
1.184660008497164796e-01
-3.147379195394561791e-01
2.975857398408486842e-01
7.392675874620552312e-01
1.484728484917408053e-01
5.804836210699804155e-01
3.316700635201099701e-01
4.390578303315465503e-01
-4.619020010303829249e-01
-1.746189675712595812e-01
-2.796472096377162764e-01
2.937249890227200400e-01
-8.374040863555829439e-01
5.949987011361914657e-01
8.692451691332947483e-02
-8.087662028988207297e-02
1.370833869007173078e-01
1.286059915995147462e-01
-3.735387841186181834e-01
-1.304585415110515623e+00
-5.957704263546181878e-01
4.457011635026977281e-01
8.052901365856617311e-01
-1.231565930546303811e+00
6.672761935028793667e-01
5.341259327014704628e-01
6.625936919305719375e-01
1.968415860500657144e-01
4.155682147237661495e-01
-5.815894233299541138e-01
-2.503178143912874187e-01
5.837635953694597646e-01
1.570115310589693114e-01
-7.691319817850205132e-01
5.703677651463745502e-01
-7.836143400315076502e-01
-7.361698016716621273e-01
2.318429053053527034e-01
2.765512486212683418e-01
8.796074448007353830e-01
5.130923895637209409e-01
2.542590555992493284e-01
-3.954432127146199072e-01
-4.704249131963702535e-01
-9.890354117133897116e-01
-4.522407922948745718e-01
-9.889181416850076900e-01
-8.688790442333527153e-02
6.794202770412370862e-01
7.178207172865991303e-01
-3.069300968490857873e-01
-1.330792535494872419e-01
2.445959082507782600e-01
2.527533465993370143e-01
-1.707722743056583337e-01
-2.798574863428867632e-01
-2.034146231428180795e-01
4.438433466502855751e-02
3.485304011663525880e-01
5.353476500783391767e-01
-2.925754838545431280e-01
-9.046943092536231523e-01
-4.780524426668215643e-01
-5.442499004693508446e-01
2.250413458812343670e-01
-1.005392442638759931e+00
-3.476120199570442715e-01
-4.222640499366381306e-03
-1.082459700566563487e+00
7.949059950552972431e-02
8.573171129862442452e-01
-2.721364197571352062e-01
-3.004719800778350436e-01
-1.069251976926859360e-01
-6.000504383887659277e-01
4.785198603303724152e-01
6.141907924397200791e-01
-5.299235745234545103e-01
-2.432219900040125671e-01
-4.363928958779841327e-01
-3.922526827392092130e-01
-5.499401842728817158e-01
4.598257980587401317e-01
-4.544602509113904176e-01
4.801522509144018902e-01
-5.773200366398398842e-01
-1.447252557365406034e-01
-1.254974201874659023e-02
4.613425926657250820e-01
-8.229309950815949515e-02
2.946373762487721759e-01
-1.137628981755581137e+00
9.398679311851831919e-02
-4.451186832294624640e-01
-5.228051731625700249e-01
3.294374329352259823e-01
-3.628678424609466102e-01
2.381810625282037019e-01
-1.075592178396252430e-01
4.768130258405434141e-01
-2.551380508511309486e-01
6.289698915280645952e-01
3.407296547677118870e-01
4.264090707445520323e-01
-3.376663089030869092e-01
-9.920678085298346716e-01
2.692102041405486368e-02
8.607059589758652152e-01
9.345560000364980802e-01
-2.632665368465181288e-02
9.754423194999600755e-02
-3.516509469487569817e-01
3.141179574988106626e-03
9.939467812993523221e-01
1.374575367724734654e-01
2.440732220596033564e-01
8.249100438140868352e-01
2.539365439225764742e-01
5.060655607930815147e-01
-2.229677782901304806e-01
1.265245920370421384e-01
5.846782958770022631e-01
-2.669953422427742140e-01
-9.462765113858718768e-01
3.244619501418216645e-01
-1.442967072374623516e-01
1.285891334789768248e-01
-3.172278869479301378e-01
4.993921989407880124e-01
-7.084826416691344386e-01
3.734838078569760467e-01
-3.704265098110006704e-01
-9.792951192113091841e-01
-6.903856374243013683e-01
1.122338048532619814e-01
2.771762101258552491e-01
6.305482048519968075e-01
5.646709421017670483e-01
4.261417962417748950e-01
4.278228399404155891e-01
2.095234592575970778e-01
4.926117016521060488e-01
-5.238970896499044461e-01
6.317346748918926114e-01
2.780301619927909584e-01
-3.627653643172388254e-01
6.780684623160948554e-01
-8.108548017449962453e-01
-2.056355162860300512e-01
-8.681711435210681671e-03
-6.465850246284738922e-01
5.423211986561120579e-01
-8.179807658157185468e-01
-3.559262570534467152e-01
-6.247540463815726142e-01
4.264886522670210400e-01
5.945474489083779623e-02
-1.708627218719631635e-01
-5.507309934601134493e-03
4.072346351952804699e-01
2.404265974917074722e-02
4.349347867188175787e-01
-9.880138391305859358e-03
-2.417794453283335088e-01
5.038678053048717409e-02
-6.015592453344287271e-02
-3.574321015699479798e-01
5.909979296349339162e-01
3.131775538105338041e-01
3.140965458995219617e-01
-5.752394322293639117e-01
1.016026001707902804e+00
2.110038667649725141e-01
4.341682905661639058e-01
-7.387794318014395678e-01
5.141518771787390030e-02
9.481882140034386675e-01
-4.901097020720753261e-01
7.967854590612568622e-01
2.713003847869261964e-01
-4.062581251448744157e-01
-8.687356637370790002e-01
-6.985892257013246454e-01
7.863254618708723775e-01
1.189018974450526400e-01
-5.192946663149637931e-01
4.893774583661514299e-01
-2.631021848178068945e-01
2.121955499177362592e-01
-8.765640297293525451e-02
-4.759123668809654983e-01
1.017728447697494598e+00
8.801871342944593835e-01
4.255704438727558880e-01
9.087525818490636009e-01
3.040093357810980113e-01
-4.750141284026692112e-01
2.357733154904625428e-01
1.066668569432164926e+00
8.811327168745183291e-01
8.747954419555151739e-01
5.842153402427772146e-01
-2.413093522179400319e-01
8.190862194562227305e-01
-3.513246226194770561e-01
6.716800671607533468e-01
-5.368987914096690073e-01
-2.436215939327381896e-01
9.398250524735211053e-01
4.228775985433988471e-01
4.136316846916843204e-03
-1.474674411657921347e-01
2.940310831376025114e-02
3.549231637068430700e-01
2.601698855859281290e-01
4.130165600861964714e-01
-5.318557478678773709e-01
1.884915313377208967e-01
-2.715408596294066612e-02
-6.796660340936877542e-02
-7.343275814936042201e-01
-6.294703579970437057e-02
3.560627307759163251e-01
-6.254730693695060850e-01
3.302053424656174740e-02
-1.018262750857031662e+00
6.694041243133530550e-02
4.060398220709952599e-01
8.458677965465759563e-01
-6.701996865230160916e-01
2.530625272121000968e-01
6.426959705877699491e-02
-4.925902328464237812e-01
-5.100155539876596311e-01
1.121109559029643821e-01
-4.846553806047476654e-01
3.516369830930057283e-01
8.140380341961639399e-02
-7.670165539786255593e-01
-5.933041699802419355e-01
3.156534197400644448e-01
-3.747825801291306824e-01
4.944368747473038006e-01
5.538040845855214389e-01
2.163272366226419441e-01
