-8.135461360961335764e-01
-1.904725663385620216e-01
-4.351699318428663421e-01
-2.932481821885191131e-02
-1.482467496315407196e-01
8.079017297833941402e-01
1.883542227756780374e-01
9.729775872407087078e-03
4.819590625671636985e-01
7.758904684788330286e-01
7.237256324703016386e-01
-5.818692972747934178e-01
8.101043568073580392e-01
-8.066788808918794462e-01
-9.812446941545245327e-01
-9.431072778994600281e-01
-5.933967605083565466e-01
1.048586578653216694e-01
4.955028599874884421e-01
-4.554170646063973038e-01
2.532771360319729936e-02
-8.821288648998026893e-02
2.803922930153803783e-01
3.954110915895816536e-01
8.771729344150343000e-01
7.783972117455735251e-01
-2.719545640329612546e-01
7.196272082266246262e-01
5.984969014185415048e-01
-7.573150869164260168e-01
-9.082694697070456957e-01
-4.785212600919506176e-01
-7.170558820631089958e-02
-6.901064393353073534e-02
-7.131219466696836484e-01
6.075688678831829836e-01
-3.351944210805997137e-01
4.736786365766574303e-01
5.232496543256948129e-01
6.088185807369386193e-01
5.512603550577277467e-02
-8.867385582793680943e-01
-9.127493444982830439e-01
-8.938719430457564563e-01
-7.811349006238748061e-01
-7.643929365473851600e-01
-9.443704533814809565e-01
-8.194934782365139725e-01
3.583046439687760376e-01
4.567473858067323533e-01
-5.962464551512458577e-01
-3.460331351865642002e-01
-8.919442403905444294e-01
7.919228242592957212e-01
-7.997743948320010787e-01
5.793291341003659056e-01
6.600410026228087368e-01
-2.011764225832179953e-02
8.580262854898521585e-01
7.993854045288635302e-01
3.763505572936367560e-01
3.879243740375057925e-01
-9.936738377726070937e-01
-7.972737726503831279e-01
5.221995336325560011e-01
3.218262151764621493e-01
8.937724075153614667e-01
-6.804035250835640536e-01
-9.465517426136971224e-01
5.782164987407969470e-01
6.923952980905978549e-03
-8.450465883934374922e-01
-3.558341805704157146e-01
3.661224983831570245e-01
6.320045618111094221e-01
4.613354497435295798e-01
2.528643386705389240e-01
-2.022199699569848796e-02
-6.895453433345124505e-01
6.328419473359156999e-01
-8.762706770693600156e-01
1.478073941350737108e-01
5.185015527119625212e-01
-8.731462237022900030e-01
7.897733573000051965e-01
3.473637494519588031e-02
5.655284630733958817e-01
-1.272440059000170542e-01
-3.225413593216863717e-02
-8.095095147050068718e-01
9.073670110875808881e-01
-2.348362968199213530e-01
4.517185576322513274e-01
-9.771826507793186511e-01
-1.624047031820643472e-01
-6.453008245261875331e-01
-7.745698433206724687e-01
-5.301008617761147068e-01
-6.965496427719957140e-01
4.691856636817894888e-01
3.224469315414411064e-01
4.884937655626357955e-01
1.362791036212200879e-01
5.731039048195707419e-01
7.832016116241100612e-01
-4.178390445206194848e-01
-8.955633138033400886e-01
5.551617474996757284e-01
3.678818471192777384e-01
-3.953644267667444367e-01
6.273812294669656175e-02
-8.494495380790900718e-01
1.275834077508790632e-01
-9.232216910292094791e-01
-7.848347003148781198e-01
-8.272949737385899560e-01
-8.841921689193370515e-01
-3.965637864044120331e-01
5.948400985838107058e-01
-4.332427883761511556e-01
-1.123068398629474274e-01
-5.270304018717211214e-01
-7.512424835019293479e-01
5.473271972796638352e-01
8.316059955041446017e-01
7.368519990820503462e-01
4.116170723879586379e-01
9.901055228827209120e-01
1.878847021122884708e-01
-6.350751908299039350e-01
6.572529331043353018e-01
8.784224529272410820e-04
9.515375075121825788e-01
6.614186100941035207e-01
6.678427228797354509e-01
9.359201793103255618e-01
-2.430126093133277987e-01
-5.037365622466434267e-01
5.223853870001529121e-01
1.097302082578679450e-01
-8.720728958378434204e-01
5.988877768914229183e-01
-6.528972311604959167e-01
2.033329265875538638e-01
-5.557785193512463362e-01
-8.673765731539380130e-01
3.922620652108579353e-01
-3.105697685898471949e-01
5.922437640399278447e-01
1.000916731200192089e-01
5.283564404204086351e-01
-2.245453986244450029e-02
-1.210367936971832314e-01
-7.328977804876914970e-01
8.265437349546500556e-02
-8.279434603590207775e-01
-1.642180726817199510e-01
5.200816090292403882e-01
4.992287661589218661e-01
7.038199531603979153e-01
5.419113035371625475e-01
-9.010235380871083333e-01
9.675286998771630564e-01
-6.122669579793245109e-01
-7.956485578994134666e-01
-8.588321330599169023e-01
2.918489520933607029e-01
6.413122705691753911e-01
-1.015297436530835373e-01
2.505065888533992702e-01
8.962769679915654208e-01
-3.751389588540627873e-01
-7.964344332422901296e-01
5.141512006926161060e-01
6.396580428223059833e-01
-3.188110699124631076e-01
-8.403062622326391562e-01
1.122107515942922795e-01
5.248552689828680506e-01
-3.841624168491293290e-01
-7.397079022228258971e-02
-8.397114607469433611e-01
-4.604272625046246237e-01
9.451854819219507320e-03
4.612446833086276676e-01
-9.626508059113754179e-01
-1.540286094965483965e-01
4.344073414774076713e-01
7.817721113914359865e-01
-3.819381349846902030e-01
6.750767177504410910e-01
-7.297909291128168441e-02
4.120308244156876132e-01
-7.068451208917423401e-01
-1.578783629387898735e-01
6.884686015388694624e-01
-4.264981505607616796e-01
4.204398469678582995e-01
2.287208199805284004e-01
-8.436286615346615392e-01
4.948226000602111707e-01
-7.757326217375879462e-01
-9.145144896197265894e-01
3.347837863729661301e-01
-8.335326012315813493e-01
7.907710272649113303e-01
-2.458361477170907250e-01
2.041418010478737166e-01
7.633748851827719673e-01
7.545623970899189015e-01
-2.529583672119088966e-01
-6.829949623622377786e-02
-8.511620661257566223e-01
3.739135542159599535e-01
3.430572969973939568e-01
5.035051654512567865e-02
2.811626179205011233e-01
-9.799138069080219893e-01
-2.927967585061101996e-01
8.265634353156761094e-01
-6.777410794162548324e-01
4.704904003638181731e-01
7.225107436301938524e-01
2.933880047085524190e-02
3.698768519141215627e-02
-7.263021757031968839e-01
-5.622132867794980005e-01
-9.669108801815160525e-01
4.710570127819786457e-01
4.877917182178641564e-01
-6.335783127272232029e-01
4.266689532054777079e-01
9.208683054473290053e-01
8.641121290060471694e-02
2.822985840968899041e-01
-9.545516258691679745e-01
-9.316293892873106497e-01
-2.390685024293091043e-01
3.301159829115365429e-01
-7.724563763265979155e-01
5.811953193916121752e-01
6.489445252249150808e-01
4.411817692834008042e-02
6.066994717226483758e-01
1.080394269924596085e-01
-3.579955702884594082e-01
7.428464185005796416e-01
-6.838435213974731752e-01
5.031686515850086749e-02
1.095275512228968129e-01
9.564204795180819563e-01
7.725601209060515284e-01
-6.313770551576767254e-01
5.562255394203146075e-01
-1.164993580103461657e-01
-4.388215915279058965e-01
5.788697336660000303e-01
3.995271050568676152e-01
8.990215033110930953e-01
2.128838719345065300e-01
-8.792701814063370591e-01
-7.666287601237811167e-01
-2.844201745785814861e-01
-7.260422937249544351e-01
6.068828311589142821e-01
