-5.831043584547275227e-01
8.850349191003226146e-02
-3.717020893931022307e-02
-1.057310942298821388e-01
1.912180687182443162e-01
-6.842777909691288851e-01
-6.476635322859574107e-01
7.550996945235033397e-01
-5.723892636103993237e-01
5.055633642130963334e-01
-8.421641993131172566e-01
8.824705886995920512e-01
4.246436126725285920e-01
-5.037927139502607066e-01
6.573979713114606049e-01
-3.953823260388311667e-01
6.972697709361301843e-01
9.827994824351018455e-01
-3.733194615244335157e-01
-5.322911421147622502e-01
-1.253612978845548565e-01
2.530671616487443210e-01
3.167780821386001477e-02
-8.979558467335593264e-01
1.904208278239121199e-01
6.283137927181736693e-02
3.120041171480754105e-01
-9.273746688941548744e-01
4.607738444567055502e-01
6.410117196279523366e-01
-6.556434227454992492e-01
8.608887876558968255e-01
9.605615954904205278e-01
8.323793836481447883e-01
-1.943840784539903055e-01
-6.464833209522109492e-01
-7.042044319492986038e-01
1.176749137064692086e-01
-1.821295400091473837e-01
-9.722498125903422661e-03
-7.504270374233577012e-01
8.068954431268229310e-01
-4.154729144712068223e-01
8.615976575925614611e-01
-3.233013692580557485e-01
-4.548944460757842201e-02
4.864924897080065147e-01
-4.292051770032301317e-01
7.013849015284179256e-01
-7.599230687111764304e-01
-6.124845821725337647e-01
-8.055845868925957109e-01
6.361107651798700857e-01
7.135830723030465172e-01
1.110762131430456101e-01
-7.669486571215076154e-01
1.162236625734409667e-01
4.860570387878977439e-01
-8.295249619244897676e-01
-7.561060178307237312e-01
-3.136487870057595995e-01
6.778324265597834852e-02
-6.142071863341569404e-01
1.237543255296773559e-01
3.640615142464607157e-01
-5.230928336727111994e-01
-5.197255049153142181e-01
2.445724951077270504e-01
4.128754090669872756e-01
-9.795715088641521184e-02
7.550954143903578775e-01
9.004847868467307226e-01
-9.623049828232237424e-01
-3.826566952854904002e-01
7.324611023910962970e-01
8.525545824745814905e-01
-6.966467624641936585e-01
7.159530057682601534e-01
-6.370530535492711088e-01
-8.326749549653074123e-01
-5.035475169086069958e-01
-6.462809329180763118e-01
2.067028497374483464e-01
2.292875716780848894e-01
9.047234794214775722e-01
1.305916209024924335e-01
3.551824273717685276e-01
9.114456445415557440e-01
5.847347055298512952e-01
5.409609114389499762e-01
-1.087199147175033076e-03
-8.675487290100838411e-01
7.764163187780568354e-01
5.335343360267579271e-01
9.930237055235573429e-01
-9.163432736954775226e-01
6.309292112966848887e-01
6.529526809287087286e-01
-9.997222630597448756e-01
9.890677558260601021e-01
7.546423491278360096e-01
-9.514492735408299762e-01
-5.565347615122249181e-01
-6.963832414027106843e-01
6.126203796410460978e-01
6.181076201544406512e-01
-6.666774006631057681e-01
-9.967588018273609851e-01
5.458192000235166930e-01
2.377827461421060384e-01
-2.498119114662555873e-01
5.931806276744757689e-01
-8.087377063557359413e-01
8.871097635034776996e-01
1.810025491155371480e-01
-1.223634051055677574e-02
-8.353304702598531861e-01
4.426342531955684834e-02
-3.917856892397746371e-01
3.859812549558294670e-01
1.227938295528963053e-01
-6.998940583395325543e-01
8.098082884247579383e-01
6.055484315917021299e-01
-4.928832007527563785e-01
8.024454110870717916e-01
-6.538303853651068476e-01
5.107520686798299181e-01
-9.442537761372411520e-01
6.171616991588451118e-01
-4.045718988144497708e-01
9.171175119469263670e-01
-2.297470772708809506e-01
8.213169249421903295e-01
4.125135161886672730e-01
-9.056657034980575283e-02
-9.935873524208409524e-01
-7.935895727311501613e-01
-7.834007610259865473e-01
-6.268396972557244151e-01
9.230306552642946194e-01
6.413488481843143685e-01
6.761335451565610999e-01
5.076899586174938861e-01
7.196440420310721287e-01
3.294153702544639906e-01
8.555559895126219061e-02
-2.346490134291185914e-01
7.889378922066037081e-01
2.190515189670920737e-01
-8.748453427828131179e-01
-1.097366867221576392e-01
5.997589076868536928e-02
6.363941945557494151e-02
2.135551632876522277e-01
4.896864449143030207e-01
4.795266340452957188e-01
7.213174793455601197e-01
-9.256459880179499500e-01
7.845243982489760182e-01
5.747270529133625683e-01
5.808733430988066715e-02
7.064265495923369720e-01
6.387207950460338512e-01
-4.636445761296219548e-01
3.135273303808920886e-01
1.989920683822130609e-01
-6.988280220858951175e-01
-6.305191533890348587e-01
-6.716553017932429537e-01
-7.511809847861798950e-01
-5.305128897052893144e-01
1.408228582002744034e-01
-9.199715870810181162e-01
1.593192500194269279e-01
-8.435501757155345892e-01
4.844510222578237713e-01
7.070933300378046127e-02
-8.363170720055324026e-02
8.209733238087522089e-01
4.018760098271560999e-01
8.180662747815583558e-01
6.026795414410144325e-01
7.399997772705049215e-01
-1.944512655736121420e-01
-8.919646921942034901e-01
-7.762967750525457955e-01
-4.939926686429596536e-01
8.238962597171104463e-01
-6.872449078019704505e-01
5.633134931147243396e-01
4.416449964850541754e-01
1.614024049677456052e-01
-3.941565347149169618e-01
4.694426980778645397e-01
1.046515865216974817e-01
-2.329913225426851753e-01
8.534183050302277529e-01
-3.485046497329278292e-01
7.964676984123759684e-01
-3.885884915721036226e-01
-2.938891664434850615e-01
-6.466439259540339712e-01
4.950606189186841366e-01
-8.785809086777129906e-02
5.196017982718186268e-01
-4.168198606126569672e-01
2.403499031837026401e-01
-3.831293569369109697e-02
1.323113506301845099e-01
9.488689148084346048e-01
5.701714410625666751e-01
6.409199448653946085e-01
-3.762347175954738887e-01
2.074852128762438852e-01
-3.048396628566301114e-01
-5.403240460140863455e-01
-2.151229204784370630e-01
5.390923504349995898e-01
-8.645187896072055178e-01
2.030199342884526637e-01
-3.083112472984275154e-01
-1.139019985702116600e-02
9.956822269374991929e-01
-2.039610390234676274e-01
-5.572413704826741920e-01
4.644855917719841187e-01
9.783452716904461610e-02
-6.118038207187215249e-01
3.605208549810798857e-01
3.292611081102212456e-01
-2.829707145002335889e-01
-5.192395074397604393e-01
-5.259050785926142613e-01
-5.157754212764269486e-01
-8.336825165615329158e-01
-6.806836697461113861e-01
2.020547697725596503e-01
9.896953335552098885e-01
2.364175876688854316e-01
-9.627465726151087644e-01
6.953634066410829817e-01
8.084580991903274061e-01
3.126859836727597930e-01
1.089498730753231115e-01
3.028010425051874677e-02
7.407976912592739716e-02
-2.894322517552596619e-01
1.976020133640821186e-02
8.907085950751558734e-01
-2.311748869727838773e-01
-4.729957435048370851e-01
9.627680652288808094e-01
-9.473663943647350205e-01
5.294236657123132517e-01
-5.878613726302006626e-01
4.640224444267790904e-01
-5.074675385339393330e-01
-3.545055459033219503e-01
4.444632740271146076e-01
-9.327889967867091237e-01
1.640384158352674593e-01
-6.630451741506755425e-01
3.286778103479035540e-01
-5.302036030972965275e-01
