8.179506143723611622e-01
-8.816406242332102128e-01
-8.971869486547259243e-01
5.028409041361967535e-01
-4.857414982323733366e-01
5.552523834829825589e-02
2.764591153866522433e-01
-6.713393460573167104e-01
-7.715929824024441164e-01
6.559559426497021395e-01
-9.145900285183325984e-01
-9.756727366972004489e-01
6.917533498202792508e-01
-8.091796956498940041e-01
8.116602117335078859e-01
6.571393902898958750e-02
7.140977441949045712e-01
-5.431092023911099353e-01
4.661388164883109031e-01
-9.705710177212558687e-01
3.542985941059628718e-01
-2.288794991230489462e-01
3.788132114119289184e-01
-7.528151008214356565e-01
9.087160547541961453e-01
-8.450121386330911033e-01
-8.762725083504250279e-01
2.367800492847305094e-01
4.619896754577328402e-01
4.315175928049814758e-01
-4.157695054884924524e-01
3.705009984628571118e-01
5.756726192435077660e-01
-1.989209946231085269e-01
8.916225684262877316e-01
6.432237648502971972e-01
-5.479145980794977167e-01
2.595390248725339966e-01
4.064559218231742488e-01
8.456473479200417032e-01
-7.525244145082246039e-01
-5.705065525570245377e-01
3.013261281272774372e-01
-1.651610238514142903e-01
5.483267479654847509e-01
6.696812178069764254e-01
5.378503470561497579e-01
-8.951065230303887343e-01
9.717024165912799827e-01
-4.329782537771795781e-01
-8.805707860548894761e-01
2.617505894465039784e-01
-9.192299583206267055e-01
9.165419335072177986e-01
4.682899782335070427e-02
5.902785296157484485e-01
-7.519633297251986370e-01
-6.219472094049818267e-01
4.105663228858524860e-03
3.903640488549968701e-01
1.554489419573843456e-01
-2.670021040671064494e-01
6.790061367719826269e-01
-2.054256766028403902e-01
4.120597126298064516e-02
6.750635705611367499e-01
-3.399376976907000358e-01
-7.320721592845691461e-02
6.191417692219558511e-01
1.115947411759761199e-01
-1.311245469497483995e-01
-1.894557258307894010e-01
-7.316618781326376109e-01
4.642523571203127641e-01
7.514938014494967344e-01
-4.123184658192606822e-01
-8.567335262257524953e-02
-8.595753583891083682e-01
-3.193162403312044262e-01
1.373116432070646820e-01
-4.055353076808831947e-01
-3.026431626284074028e-01
3.963002546265341763e-01
6.522583961567962607e-01
-1.996589789533527171e-01
-1.284192425428403173e-01
-7.602083485512920458e-01
2.127778852056410042e-01
4.738988550936711341e-01
-7.247859375283407513e-01
4.652062625387214378e-01
-5.125557813706214105e-01
-2.829320245679387558e-01
8.671909828184403146e-01
-9.658461981436778920e-01
5.762870621969626850e-01
9.018523867505816582e-01
1.747371917801237018e-01
-3.762574608037454471e-01
-4.268788524773927673e-01
-4.946071251718511252e-01
5.659687419020209553e-02
4.704140947519444005e-01
-8.407840194092226493e-01
-4.797355126486824162e-01
-3.115119588004531259e-01
3.156266348522849263e-01
8.188009260229753838e-01
-9.185415030288588412e-01
6.085273875953534084e-01
7.815716647915913473e-01
-4.434150288088103409e-01
8.466929552755728672e-01
1.021202637566251958e-01
4.153513674678788181e-01
7.517016873874040606e-01
8.043993132920816969e-01
-4.042578768797284727e-01
9.515652420975673209e-01
5.098606714572071485e-01
-5.018831253208126952e-01
6.572619960141912188e-01
-7.416936810925747192e-01
-1.861221948746154542e-01
-5.247923900130557762e-02
7.206738566792636469e-01
6.462176532018286679e-01
-4.793017109759498684e-01
8.041819476348095463e-01
-7.027596410137837424e-02
9.765350420882090710e-02
8.696225910553176952e-01
-5.956072354637960142e-01
-3.716742245412643086e-01
-7.931851856476239693e-01
3.357464495794386661e-01
-1.977088826415156486e-01
1.540888336583596807e-01
1.595354429420896558e-01
-5.271592887894576140e-01
1.319495177770095840e-01
-2.066224067417867793e-01
-6.964436798316731014e-02
-2.583177727678960256e-01
3.855199844270451592e-01
4.508440074285096077e-01
2.856987762525931007e-01
-9.325160894202753070e-01
-9.414539209044896495e-01
8.891586646379812109e-01
3.988575654893646849e-01
-1.716019330600393467e-01
-3.838520468582289347e-01
7.057055779983727462e-01
-4.576359692938340995e-01
-5.528600809340080691e-01
-1.499756409141430602e-01
8.945528267680276091e-01
5.701654914256735207e-01
3.292585512546535309e-01
6.149674168169649846e-01
6.869457248216548351e-02
-5.414792116324766980e-01
3.496601353125383671e-01
-8.902888941716748938e-01
5.122506710852969825e-02
-1.605884989209993563e-01
-6.022592552586749637e-01
-3.992336532561588935e-01
9.140697029392641504e-01
3.822968499917249741e-01
5.371420444682477591e-01
-4.570029769398600283e-01
9.769478553008359434e-01
2.290111306534670099e-01
5.978445622551007421e-01
8.884979092321707572e-01
1.918075202518796374e-01
2.787028146461740796e-01
7.631256547180496064e-01
-4.979914326355361354e-02
-4.309451757291649088e-02
-7.389056690849584719e-01
4.993680823050565820e-01
-3.317906413031661561e-01
6.220040387714937946e-01
3.527019798764217118e-01
4.939494642687245474e-01
-7.227827693367676609e-01
9.369452251919536678e-01
3.824769416455857662e-01
2.655693689402300883e-01
7.913021261499086911e-01
-4.443935676367778420e-01
7.441611671131840300e-01
1.545187036104909151e-01
-9.467239830992977279e-01
1.141466467639997706e-01
6.342903843329670277e-01
9.214448844328124721e-01
-9.015125835618063022e-01
-4.733129692938100597e-01
-8.272111028561397461e-01
-3.051624086656172796e-01
-8.481827862042201627e-01
7.428008194218858051e-01
1.831317330618793537e-01
-6.443046882734635439e-01
-2.080656933779163609e-01
2.218518243597997763e-01
8.583791088388610380e-01
7.514484070004097127e-01
1.712519084730919072e-01
8.796252870272189828e-01
7.770700869837863234e-01
4.781650071070875363e-02
3.998278977825087122e-01
-5.958254033027929886e-01
4.738642500536309754e-01
-7.616610514257393660e-01
-9.287620030412053751e-01
-3.190821955010960664e-01
-2.818265602194871544e-01
6.647112599929838606e-01
-1.214302522584829180e-01
-7.218715202553096510e-01
-6.126689005918013464e-01
2.570399141093082651e-01
-9.586078687574794976e-02
2.301979949754588972e-01
-3.714178506531897739e-01
4.248689714972724296e-01
-7.855505004233578337e-01
2.620796435025773974e-02
-9.308465791730005101e-01
-9.392873073321728050e-02
3.048145820905974190e-01
-8.746650152569579451e-01
-4.741136359066366879e-03
-2.596553383474899945e-01
8.807842900702689271e-02
-5.079391976376990137e-02
-7.572184967085886509e-01
2.987495383111811176e-01
5.003453313217649523e-01
2.548442883228319022e-01
-4.913684397790976099e-01
7.938942652249583176e-01
4.172584109488959303e-01
-2.122185547541222128e-02
5.518331021043376694e-03
-9.326732527586067967e-02
-6.490121627745515376e-02
-2.920049156073232233e-01
-4.232036319714596040e-01
-8.068783331898190525e-01
-9.669477772144376981e-01
-6.633582266265882765e-01
9.671816592403432722e-01
3.794879451413524230e-02
-6.931354100410436203e-02
1.558849606329704152e-02
-1.999339303685625513e-01
4.591797624843518832e-03
-5.603486046591228398e-01
