1.018545191741910294e+01
-2.946032578141917924e+01
2.563631127408627641e+00
-1.703951140646929208e+00
-2.883655233978211285e+01
-6.489602737912193220e+00
-6.621247119477030596e-01
-2.409224030143286122e+00
-1.039009820542025508e+01
-1.478392410553415459e+01
-9.727445122574641445e+00
2.079086095449029870e+01
1.959563865586984122e+01
-2.796898809736185854e+01
1.006089835999307525e+01
-9.451244762828276080e+00
1.054492135055475188e+01
-1.437349819027380704e+01
-1.520226798879033936e+01
1.742241847844478286e+01
3.239903315850911980e+01
-1.315085296788598868e+01
-2.425659488915971806e+01
-1.794247085568947186e+00
-7.574043073304436824e+00
-1.177035567915155134e+01
2.174926946082877777e+01
-1.575741266139220187e+01
-2.360316114988753355e+01
-1.214411548773400540e+01
1.079903042519463519e+01
-3.430598024798121060e+01
-1.170650293878065895e+01
8.754113287634693208e+00
5.710280306393547001e+00
1.904803545828638534e+01
-1.273596784521349434e+01
2.914302147089516737e+01
-4.493119354382516306e+00
-1.773225982832489933e+01
-1.608038370120138794e+01
1.597957069000173824e+01
-1.089325921336079439e+01
-5.803805652057118181e+00
-2.043012968780588068e+01
-9.141368992412420624e+00
8.313674271434015495e+00
-9.328321565348837163e-01
-1.849403666952144221e+01
8.325593287073260740e+00
-1.320762103360516804e+01
-7.921207189466847431e+00
-2.660221804725792083e+01
-2.270717631613190335e+01
2.109604725190828312e+00
-1.522884105821833245e+01
-1.047544886521909291e+01
-1.118239985918690671e+01
2.337754931063874153e+01
6.031264594014366764e+00
-2.627518845019323201e+00
-5.514285644660131602e+00
1.251783736936348568e+01
1.447946343588200691e+01
-1.491634051516988535e+01
-2.097804920112994509e+01
-1.204357993368089197e+01
-1.118943360512525054e+01
1.361848313283814615e+00
-1.336628165418181302e+00
4.335853140885856050e+00
2.864870576614304554e-01
1.051158879974708071e+01
-1.841250142028811609e+01
4.115887527906163079e+00
-9.698157485288389168e+00
-3.115377879756811019e+00
-1.074465613641730322e+01
1.825102500585773768e+01
1.111256465964172513e+01
2.076723063805842173e+01
-8.234385951101168999e+00
3.966761584527249695e+00
-2.541833107316768370e+00
9.053804572350067303e+00
1.376235342268768314e+01
-2.318944147137154843e+01
1.835510326886656784e+01
6.595300953117821940e-02
3.663594903258606816e+00
-1.616449920465825363e+00
-8.986726298501555021e+00
1.640345947548101435e+01
-3.223968441645044436e+01
-1.274520033627005944e+01
1.610380348323400312e+01
-2.716678582626948923e+01
-9.304016479342017476e+00
1.198916064734441456e+01
-8.706022784923435509e+00
-1.938473840686700811e+01
2.730638419362052538e+00
3.861344064492472583e+00
1.080044664078463512e+01
-3.355955515244338550e+00
3.939896491649447796e+01
-9.030225937614115850e+00
-3.248782663980291474e+00
-2.003523108074502446e+01
3.390420327487660757e+00
-1.593686255770709792e+01
-3.609756071801224042e+00
-2.588277370565457147e+00
-3.185204146689182281e+01
-3.156212903643374812e+00
1.536386446551967566e+01
1.085340627354971765e+01
1.649067188272373130e+01
-1.006079553706749152e+01
-3.247649094340923170e+01
2.007529131015528101e+00
1.731077427369691790e+01
1.477977050325225861e+01
-9.350987281120842098e+00
-1.945140685742456466e+00
7.641270723219431460e+00
-1.136112043140460059e+01
2.168143431678301880e+01
-2.287256404752334049e+01
-2.992131152309458031e+00
1.527703775941124142e+01
-8.377838446918396187e+00
2.159929893350722097e+01
-1.065693566094937417e+01
-2.261485063613547553e+01
1.029152040527947953e+01
-4.319376273406731137e+00
3.510351391586964098e+01
-1.684392773412021072e+01
-8.839687605223526035e+00
-1.098521539088600285e+01
3.879545991843468489e+00
-2.323968201854289362e+01
2.266600869351751513e+01
2.047560302781321440e+01
9.028719127878176209e+00
4.886086129648923304e+00
-1.308573384953943908e+01
1.884077697933272333e+01
-2.908152795081720754e+01
1.844497631758423495e+01
-4.144946244238965960e+00
1.265178732666884542e+01
-1.178645241396420218e+01
1.252245565374246716e+01
1.496478131535339884e+01
8.876563073144103644e-01
4.985231811106404010e+00
1.629410912776206644e+00
-2.165798317675376339e+00
-8.035213887203479288e+00
-2.254845598993289002e+01
-1.338710512026064503e-01
1.043686388532368170e+01
5.183267511076850909e+00
1.436520670287377577e+01
6.475810103114493010e+00
-2.455619046370293290e+01
7.587928541880674338e+00
4.729045392811823234e+00
-9.536899626354893300e+00
-1.284171867128128142e+01
2.332335261399549964e+01
-2.346396830480538398e+01
-1.351097398501779345e+01
-9.611915314060322402e+00
2.794663590326549851e+01
6.191295024493765453e+00
-2.326667674824717835e+01
3.223383331978334709e+00
-2.098857056202469806e+01
5.544063340624777680e+00
-6.387258418124925896e+00
1.345700100523512610e+01
-5.899491362046895837e+00
-2.028486822514519261e+01
-4.406814326046823993e+00
-1.282702691515971694e+01
3.067549182781927453e+00
1.196852250585650168e+01
-1.335975320959219914e+01
2.630150690145302761e+01
4.311894295233744678e+00
4.435266907709803696e+00
-1.781123748972760623e+01
8.871160404016135814e+00
9.522335928160233109e+00
1.484718342344922393e+00
1.311164174657236892e+01
1.040173190788447144e+01
-5.940782755269867543e+00
2.192839178633304797e+01
3.386112146961282576e+01
2.125398430890302848e+01
3.485499149376290795e+00
2.081411082913211530e+01
-3.645482759676355045e-03
2.444580383168182536e+01
-1.501795638772085439e+01
1.472572500155348507e+01
3.376962926412958588e+00
4.540580738580404230e+00
3.686007469909274636e+00
8.839180052291199630e+00
-5.273294881222282626e+00
-1.584486218948099534e+01
-1.850000089122701041e+01
1.382865508956611578e+01
1.709193949590317629e+01
1.910427645798223040e+01
2.845516494921890072e+01
3.261809562770634496e-02
-2.411676139446440459e+01
-1.341815744607619010e+01
-1.620614693419834040e+01
-7.996022105941818836e+00
-3.069105128986629349e+00
1.036494984851420398e+01
9.875362678520972493e-01
8.243254428864942085e+00
5.853280823596353599e+00
2.685915890362664982e+00
5.519708828550973223e-02
-5.143422407857906720e+00
-4.925511428745068088e+00
-6.295219339680226511e+00
-1.448994455891631894e+01
3.253299733153023343e+00
8.527577922723748927e+00
-1.016551657897371541e+01
-5.876865657129177301e+00
-8.298107080501463173e+00
-5.063230320870136580e+00
6.906104406934925777e+00
-2.436219305502349641e+01
-2.103376810356484583e+01
2.928906124375982500e+01
-1.015640249082512447e+01
-1.831326535491642460e+01
9.336895585255964747e+00
-1.600970452664105181e+01
-1.832968667567701360e+01
1.678833820946812549e+00
-8.141649580952590171e-01
-5.188274930230399207e+00
2.506835734277651184e+01
1.020028222121477945e+01
6.512696199187956836e+00
8.857437227218955655e+00
-2.287248270798767180e+01
7.040347560298854113e-01
-1.140818057166541521e+01
-6.981316419099151460e+00
-8.327997337430828040e+00
1.339984730498956900e+01
