3.200924344776989283e+00
1.412101813148330498e+00
5.930624143935634418e-01
-4.035524686796812865e+00
5.467253947729842523e+00
-4.044518202206173640e+00
1.958709357777058402e-01
4.014104713006814151e+00
-2.388921269555705773e-01
-1.907399008315844302e+00
-3.034227593859265548e-01
2.040697401501553543e+00
2.237248710380685068e+00
-5.745559103745815577e+00
-3.443407487954407209e+00
6.962211963434961959e+00
-1.058598971361895735e+00
-5.140863799665344125e+00
1.317243824345100789e+00
-2.185560836380990413e+00
1.548160016935048233e+00
1.136283596949815955e+00
3.792156619853237487e-01
2.419323264603138179e-01
-2.393909143206160994e+00
-3.781494839352335546e+00
7.079125872551739640e+00
2.053219533571766675e+00
-8.032424519586380818e-01
-1.582280747919806441e+00
1.010589185715871530e+00
-1.620505263655496853e+00
-7.859945495167003138e+00
1.140526461047779883e+00
-2.562218458821344136e+00
6.019596153201054456e+00
-1.939001171405966284e+00
-5.119093782523336245e+00
-3.540510039909501305e+00
-1.011803305464098024e+00
2.127951199154387574e+00
-1.215568119204059272e+00
6.330230529233513703e-01
3.165630817991564427e+00
-5.458012666134104407e+00
-1.986652918805747792e+00
5.009972896908698736e+00
-1.299004569176954060e+00
-1.442722731836467265e+00
3.427418639406992096e+00
6.484176139333010624e+00
4.348824024968482860e+00
-1.357504938971583197e+00
4.235405175746940643e+00
8.061981828414248596e-01
3.029731223070297741e+00
3.300406080004554266e+00
-5.643373820312771461e-01
5.072037441121951318e+00
-3.408309708868417776e+00
1.709038082678988379e+00
-6.651633502642268603e+00
-3.600521254677112815e+00
-3.277613612615084548e+00
2.324538987594960471e+00
-3.364235692062607974e+00
3.882201587335727844e+00
-3.072193082666311525e+00
2.139230969533998827e+00
-1.409900320849320376e+00
6.682511668215262546e+00
-2.716532638007654654e+00
-5.315954940458388123e+00
2.973290631120080629e+00
-1.825226553960324960e+00
-1.256770959686233091e+00
-2.410842875143946795e+00
-5.837092613836579957e+00
7.001669977022624280e+00
-5.539940246090875320e+00
-2.675876652341930395e+00
-2.447636481475692904e-01
1.844874263432558559e+00
7.529140470971193544e+00
7.942491295222042780e-02
1.014327865324967881e+00
-3.594783694831883647e+00
1.190446254595828979e+00
3.168641880436372738e+00
8.884577155149049332e-01
-1.079462463366985592e+00
-1.380395515681901886e+00
3.951762697938594027e+00
1.765705345446521246e+00
-7.622696272358544078e+00
3.679859125607775727e+00
8.256569907691573285e-01
1.873244590468304160e+00
-5.519117382166960351e-01
-6.928919578509821875e+00
-3.278055816479438000e+00
8.122803110562232476e+00
-4.436356276501550511e+00
-2.085851662387148586e+00
9.839885823154234101e-01
-1.888297261242566361e+00
-1.895990469420543389e+00
3.609701069528846507e+00
4.762711846235081481e+00
-5.810129049967733827e+00
2.811799281003125817e+00
-4.887236215607822842e+00
-2.772564357251967593e+00
-4.263508802473046089e+00
-1.523554418431528390e+00
-1.027831431195871836e+00
8.641858432745473939e-01
4.273546186221746090e+00
-1.749680660100865204e+00
3.728657688991100505e-01
3.827245634239797578e+00
-4.084900314296840307e+00
5.552827006444038815e-01
-2.634516811039966377e+00
-3.969506456733705169e-01
5.203371208250644031e+00
3.408381938578549430e+00
4.505108989554813093e+00
-4.143877323407782143e+00
-6.408102981636863760e+00
2.570530452736124460e-01
1.701213144193626681e+00
3.458306157001634240e+00
7.348145353750430431e-01
-3.103499672094616191e+00
-6.247714386097562578e-01
-2.430602198372722733e-01
-5.251980135401918659e+00
8.841613916195625311e-01
-1.119266560558057844e+00
1.254189302948987894e+00
5.498490855754000428e+00
1.367803497012578973e+00
-1.625158028780185893e-01
-3.180259421412587884e+00
2.204302884171039256e+00
-5.428785416139954911e+00
3.179887547469388842e+00
-5.860407247497103178e+00
1.732637627701083094e+00
-5.741992152011697215e+00
-7.295198519770620393e+00
-2.057654415103066903e+00
2.024254858565384563e+00
-5.122064783896744800e-01
-5.287917381320744736e-01
4.322366332714963066e-01
-1.220191970190500408e+00
-8.449495572985987746e-01
-3.794348940178964735e+00
3.009195625236778415e+00
-8.991765754706204650e-01
-6.281091836636800707e+00
3.637093424588121238e+00
2.419635277028023612e+00
-1.312520678317615541e+00
5.475001623780693549e+00
6.823109385096062240e+00
1.748696427598087633e-01
2.350492862066698052e+00
6.859153214368421958e-01
9.280212471570615795e-01
-7.195838314006274494e+00
1.979184216671090457e+00
-2.982617027640308560e+00
2.267683675335937732e+00
-4.388027643010106171e-01
1.924940349100520809e+00
-7.582280492632356150e-01
-6.780150474713834141e-01
1.863427593407393390e+00
2.220951879476802837e+00
9.646040331854387473e-01
-4.088235652128929587e+00
2.514347632353433060e+00
1.804993384591234262e+00
2.810984329386761793e+00
5.137324400348637354e+00
-6.411706222395291421e-01
2.559957329025579487e+00
1.967526694870265214e+00
-3.186492277644396243e+00
-1.833303725974290810e+00
2.270181148514474501e+00
1.879163752752682770e-01
-1.713938331167908641e-02
2.102986150578372904e+00
1.434607266047687624e+00
-4.503110040469044506e+00
5.565563067464496250e+00
1.959666843057204511e-01
-2.745557647361991371e+00
-9.602824775597941231e-01
4.154379411480633166e+00
-1.461122527698479834e+00
-2.683665165848160061e+00
-6.280809992103740136e+00
-2.935302800527131772e+00
4.209760662203777315e+00
2.895058714526010490e+00
-4.056194672296672188e+00
-1.033791162979144973e+00
-3.991056613448646040e+00
5.343920816039453570e+00
2.768425789235261281e+00
-6.429492580316845896e+00
1.836006845228655315e+00
4.014046282597377058e+00
-1.212102351668427891e-01
1.475077638433308191e+00
3.606684540990634069e+00
-3.590376585467591752e+00
-1.801138455504958991e+00
-1.701243004375827095e+00
1.997771260473240496e+00
3.998131718777757193e+00
3.066078216647301957e+00
1.218498317256548447e+00
-6.366986926800811020e+00
5.875890806609692651e-01
-4.160863347874106388e+00
-1.823935052473508733e+00
-1.652045583011529262e+00
-2.051312230810499848e+00
-1.373212363776784795e+00
5.007859497610359867e+00
2.366669610648152400e+00
1.186237448423296037e+00
6.424619047446158415e-01
-5.285354908226175930e+00
3.048355750519084140e+00
-2.789377875270248719e+00
-5.088155500898616346e+00
2.592403359889642545e+00
3.140484262820346650e+00
2.468762990993661477e-01
-1.262978888563746072e+00
-1.157286409103846392e+00
2.485885862047364281e+00
1.446324116694681639e+00
-4.292681590513113932e+00
4.514746678962411330e+00
3.532294071506485444e-01
5.185160563162461989e-01
-5.347325841911167998e+00
7.335325966245160423e+00
-2.223493294064847525e+00
2.426119471401667838e+00
3.296555360158166081e+00
1.498857286034730008e+00
3.449136503639749218e+00
1.763050797647482515e+00
-3.701454611070606138e+00
1.639899100269474053e+00
2.235887506013225501e+00
