9.765638443572161043e-02
-9.226659499566587375e-01
-1.698882325423133888e-01
9.318879948114919820e-01
-1.625923018146840260e+00
-2.005633188891912777e+00
-7.734060094402517294e-01
-2.665398141473742655e+00
-1.596224119079224790e+00
-4.005581913947974804e-01
3.004669821342422775e+00
-1.158539035214851465e+00
-1.186012924720247774e-01
3.205301485586599775e+00
-6.543845112775265038e-01
-1.494218408536390319e+00
5.349588674533535260e-01
1.664385650848628995e+00
1.988337443234451385e+00
-2.774387467738191670e+00
-6.312498123549750151e-01
-2.156214919492289717e-01
2.737554937581078818e+00
7.307114431005713451e-01
-1.223482610838508150e-01
-2.644105147813172074e+00
-1.332009387547196777e+00
9.672084683391176663e-01
1.045297771024060740e+00
2.999813649132054838e-01
8.379197840890924009e-01
9.703439096975869926e-01
-2.249314596115932652e+00
2.469621117753760808e-01
-1.649651026919100039e+00
-1.100047731379323102e+00
1.319295563566624807e+00
-1.856526025997997098e-01
2.693294390836409313e+00
6.238178942357226475e-01
4.543897573857313965e-01
1.647875077098832186e+00
4.296120159145419004e-01
-6.394926860267913238e-01
3.401129938785363849e-01
1.708664363241529927e+00
-1.056956612612586888e+00
1.015884506990774927e+00
-1.008922181023993003e+00
2.778290965995748429e+00
-2.381452246649078397e-01
2.634162496607932891e+00
-7.351779321577024406e-01
3.876873293139675436e-01
7.732222714395124985e-01
-6.432990331450512134e-01
2.824372949057607496e-01
1.253189664674714487e+00
3.197622926335098592e-01
1.496406796987448606e+00
-8.703125774663929004e-01
-5.837533232592660992e-01
-1.968199091159406944e+00
-7.533346712515320842e-01
-7.132803923121766587e-03
3.123226685861991148e-01
-4.311202431252017520e-01
-1.340333752033063375e+00
-1.079557561689382883e+00
9.265472226364782626e-01
-8.428818918071384614e-01
-3.268660099719272738e-02
2.031020962052282108e+00
-7.751209598913428866e-01
-8.984322974817826601e-01
1.768520267449199990e+00
1.976740446914215799e-02
1.066937491368459723e+00
-3.571918715453141768e-01
-6.202701796721179495e-01
-2.715118119576382383e-01
-9.686757877920380011e-01
6.671217511138074485e-01
1.212611624891894557e+00
5.688749403832155105e-01
-2.191121373534089756e+00
-1.241801394458071472e+00
-1.505313980554798370e+00
1.075449291567798893e+00
-2.235622851193992844e+00
-2.463395527558831510e-01
1.534453471435426319e+00
1.392013907695130115e+00
1.149863657418188412e+00
-5.741361568655987124e-01
-9.546812593824751669e-01
1.065414237215909221e+00
1.078003186550942516e+00
-1.174178453895861729e+00
1.962673411875940355e+00
-4.673638999522917725e-01
9.237272868295938189e-01
1.027845288469056984e+00
-1.875292835719919005e+00
-6.800703789415664113e-01
1.984804759478508540e+00
1.217675323432775292e+00
-6.629379862700763848e-01
-2.520174967997250715e-01
1.442674006219486493e+00
1.020942749156883878e+00
-9.708761339666867052e-01
-1.487714514135768606e+00
5.886249683375255337e-01
-1.692528773041542811e+00
4.334802143185593204e-01
-6.011447019328710617e-01
-8.935840704545636726e-01
-2.779407586586084555e+00
2.246078226856397020e+00
8.799241995345827849e-01
1.749494334874207135e+00
1.527470141848260132e+00
3.063690538220872561e+00
1.939392214704231066e+00
7.704028822316195679e-01
-3.197980018673645120e-01
-4.653315148948654612e-01
1.491801820973303716e+00
1.141120005581899299e-01
1.683325610830729957e+00
7.444438076757760037e-01
-4.826405420632426391e-01
-1.222070765371015444e+00
-2.227587544389235674e+00
-6.581121339863134079e-01
7.568094096572736129e-01
-2.496245541159116677e-01
1.175350638067226061e+00
-1.221626126056025718e+00
-2.181717678180415732e+00
1.210385278743846493e+00
-6.809090090840694831e-01
3.777145403455455241e-01
3.486899840280698326e-01
1.147114489731825282e+00
-2.490870052375629307e+00
9.387473427699573048e-01
-2.307466759286665337e+00
2.877452845818861515e+00
2.175804931420755928e+00
1.729365104156465272e+00
2.553032484959674608e+00
-1.466408133461440277e+00
6.146176109220977679e-01
-1.993334366108849398e+00
-9.721869976559889270e-01
6.492632791177848084e-01
-2.953785484671846984e-01
4.085044697462951735e-01
1.306613543848955672e+00
2.798302969823307507e-02
4.834666643674051523e-02
-1.768495909882901618e+00
1.409761310288011327e-01
2.029915325547180238e+00
-1.693836683551215305e+00
2.823298011100934257e+00
-7.159268981937538801e-01
-8.819644147673909584e-01
1.165940304321488430e+00
2.064301720626189773e+00
2.814883417327186610e+00
3.628416291113776837e-01
2.003344719035113908e+00
-2.059981842407124120e+00
-1.377893742926703968e+00
8.935280073700868630e-02
1.112095533918060708e+00
-1.922030222412109079e+00
1.209632754723692472e+00
1.585191117231383062e+00
-1.338819025371030258e-01
9.340743201034782395e-01
-1.652695288530121376e+00
-8.681216299629503919e-01
2.962680478782975246e+00
3.291709750581940930e-01
-5.794961089930017462e-01
1.919087820233170927e+00
-1.140417995307974053e+00
-1.269245345927655588e+00
-1.900816132618578180e+00
-8.564492131048455636e-01
-2.092994411660918708e+00
-2.225483845773277292e-01
7.987602781235123572e-01
2.320396030541630239e+00
2.027173497547939185e+00
-4.417824983580408982e-01
5.470354140476237914e-01
2.538531213490906602e-01
1.564533489096832986e+00
-1.231250572123736120e+00
3.777890133906092185e-01
-1.452991898459616849e-01
-3.366256936205191952e-02
1.792880934224645673e+00
3.918161355034353588e-01
-1.285725784478667588e+00
-1.328116932406003370e+00
-8.046088195171736679e-01
-3.331776298152919757e-01
-1.771461559582024448e+00
-1.357328575543933269e+00
1.358885752044350248e+00
-1.072221986888076961e-01
6.952906437134217521e-01
8.311378356055609817e-01
2.066220722567625234e+00
1.278698257062385046e+00
-2.763120827463072082e+00
-1.934231776085331811e+00
1.290075496654469855e+00
-6.906077202373041013e-01
-8.469474859519925403e-01
2.551496004235740855e+00
1.376656534837701784e+00
2.608790057421963571e-01
2.861007766677433617e-01
-9.847206406612227236e-02
-7.420639564059263726e-01
5.281019897926769735e-01
1.889396204081499331e+00
-1.285596638200023234e+00
-1.792770342894103752e+00
3.185162347228450486e+00
4.756176343651437044e-01
-1.963581004755983184e+00
1.223990845140193962e+00
2.071939013492728243e+00
-1.733914370257770399e+00
-1.281777944100836120e+00
-8.855094672746934847e-01
-9.103866958389914554e-01
-1.368792665129341612e+00
6.506565566803794720e-01
2.562848151068121361e+00
3.809916696998637553e-01
-1.043201268583393793e+00
-2.789930847540139869e+00
-2.117490315834540837e+00
1.166978250734463374e-01
1.830294900606830866e-01
-6.495740924470259081e-01
-2.426167049443805901e+00
1.131054887947803067e+00
-7.758981691551409821e-01
4.250184476623233842e-01
9.189444492150710131e-01
-8.102652021295431162e-01
-2.308108212095179024e-01
2.540052602381057678e-01
-1.095038491517406731e+00
-2.006419459760953927e+00
