-5.426126764809930059e+00
-5.938847373220974557e-01
-3.753703963080513351e+00
1.114030970434223056e+00
-6.551533944089500849e+00
4.237810576466685575e+00
-4.958510897417736096e+00
-4.545361729518069716e+00
-3.929226897811977093e+00
-5.242863909933051403e+00
5.985084007201516343e+00
-5.714114493671806905e+00
-5.609087568696771164e-01
9.710649864306517554e-01
-5.990764142125185820e+00
1.669795382933073613e-01
3.844107372626137664e-02
2.885567660974262427e+00
-4.040888265927701006e+00
-2.639493031412913027e+00
-5.277167775168323693e+00
7.414825618771057059e-01
-7.053745177570285296e-01
-2.870367174825760426e+00
3.196555734151932615e+00
5.021507214090180860e+00
-5.275714228775196801e-01
3.183025547480629047e+00
-6.315544668683030771e-01
2.504760804103673077e+00
2.027040822902054007e+00
2.384952501846816730e+00
-1.187645563897574030e+00
1.731393650992486766e+00
-5.337398935515780263e-01
-1.471641407466738549e+00
1.610541042115251287e+00
4.279727481404049350e+00
5.505808181697931403e+00
-1.376961240060571967e+00
-2.596346894091221991e+00
7.507509392890956867e+00
4.793217662714027716e-01
1.345381941403849479e+00
2.158944067957720980e-01
-1.186015413771834615e+00
4.828127338117499612e+00
-4.805252820426186844e+00
1.671965561695561320e+00
-2.960709369668683255e+00
1.487877178744675177e+00
2.958142399149433777e-01
1.681930754406684603e+00
-9.831920237637360449e-01
-1.821230576301396065e+00
-1.679223099395829699e+00
-3.756664660271407996e+00
4.918922622521600729e+00
6.142817128258523773e+00
6.367286236397013965e+00
8.412949784320503666e-01
7.267106429314059035e+00
7.205934174285423266e-01
-2.147063205400443486e-01
-1.583944841932010572e+00
3.134176976988918284e+00
9.249068116534143735e-01
-9.715582499359451951e-01
-9.519647255569314570e-01
-2.561393813142408771e+00
-3.001226404091918099e+00
-8.091483679173526511e+00
-1.562143577577928655e+00
2.621648651688255782e+00
2.022165174930189657e+00
3.640225632310059911e+00
2.084887608632506328e+00
2.553328058979711379e+00
-2.551809631237060838e+00
-3.682446651443305186e+00
6.617970445301013527e-02
1.894422486065658884e+00
5.447336075520995635e+00
-6.977866044822691904e+00
-2.840942742087638084e+00
-5.474855223348129130e+00
1.323071670475009509e-01
2.527751247881465879e+00
-5.011585342541446941e+00
2.786639328175897212e+00
2.258391467931979424e+00
-3.846939949364987399e+00
-2.654571722506133824e+00
-3.912309136718140845e+00
1.746606691425240498e+00
4.007990390851262852e+00
3.288676832716145082e+00
4.575525678655155026e+00
-5.167022063751645078e+00
7.782007182115712851e+00
3.652758194285017801e+00
-1.362527688463074593e+00
2.689641630103311254e+00
6.397697992034180103e+00
-1.140871681819984218e+00
-3.565885885094249641e+00
5.716877586171156267e+00
-8.784533640600686866e-01
2.621904249165581291e+00
-1.730767946758816844e+00
-3.715458675649431886e+00
5.302615729759357244e+00
-4.330145886123856869e+00
-4.849401315462378292e+00
2.752489941531672368e+00
-4.132561349206091528e+00
-3.828270500047782132e+00
3.132921611194665168e+00
5.353037457788200060e-01
3.788951017671575716e-01
7.848127658483565749e-01
2.738430811008349508e+00
2.820856451939397935e+00
4.700317694160743187e+00
5.283354927293318681e+00
-1.492406297109080793e+00
6.751468451857758346e-01
2.611488116805539272e-01
7.389520888539038435e-01
1.350414682673831024e+00
8.501084590189484924e-01
-6.561929513508102829e+00
-3.093598440343101608e-01
3.318439780920528381e+00
1.066836167671737501e-01
3.681058196686366468e+00
7.005767059366652116e-02
1.762700194190830683e+00
4.133728596004084821e+00
1.531545989411298381e+00
-8.086106785465254632e-01
-5.981038931799223413e+00
-1.766798620990555069e-01
-3.012269227727434107e+00
4.979080488621345779e+00
3.367386567404722086e+00
8.611486838269456712e+00
-2.555914577041473734e+00
4.543160959037255420e-02
-6.347572798381526660e+00
-1.860183091523438081e+00
-2.734820478198938698e+00
3.958118497935932956e-01
-4.604989350630558143e+00
-4.968890550984182752e+00
-3.375273457311678271e-02
3.421851168030574097e+00
2.072965102850559127e+00
2.127524722675337099e+00
-1.354485532866730013e+00
1.409658685080939389e+00
3.050714273762713979e+00
1.796414113426811232e+00
-6.535237351214307822e+00
1.232268829212450401e+00
2.327880994502306233e+00
-2.268238058920749811e+00
2.937224444804707790e+00
-8.389751412243473538e-02
-3.062014445970643983e+00
7.533295345725605330e+00
7.291384806312187550e+00
1.555808782289612502e+00
4.254600276443820661e-01
2.424589383086219740e+00
9.910250890010576796e+00
1.446593519127208127e+00
4.469979340815241287e+00
6.355860119248383455e+00
-2.358103119286911298e+00
1.383650041315952706e+00
1.484320272182968692e+00
-3.495014644809455895e+00
3.775306829421412047e+00
5.453653581042868126e+00
6.588212261842247841e+00
-2.288434902240036983e+00
-2.018586182408765417e+00
1.129379986995250995e+00
2.766586931895784751e+00
-1.259483765796297172e+00
3.357213259885719836e+00
-3.841724374711875001e+00
-3.299525762062496703e+00
5.832311585069818172e-01
-3.144311122521914026e+00
-3.201476921730816549e+00
3.423261161452823664e+00
2.352873865286461363e+00
-2.397319854815757711e+00
-7.025993037191688995e-01
5.243805443074579742e+00
-3.325935620638214019e+00
-4.636999017201710593e+00
2.712732691455520539e-01
-1.207940539935438595e+00
-3.824198207478832323e+00
-2.890063042413304473e+00
3.730293519899432475e+00
4.985265143599294291e+00
1.941065522878664407e+00
-2.038119314325466114e+00
2.497213683911103654e+00
3.284547004489254629e+00
2.195044362432642338e+00
-6.441995369743489519e-01
-3.258143800846839078e+00
3.911459798467087356e-02
-1.096141534029947628e+00
2.032746989214334832e+00
-6.655914038761544305e+00
3.024934688552271211e+00
-1.464819453552814288e+00
4.493572554761271931e+00
-1.047794382243646849e+00
-7.964131728115203535e-01
-3.330414612931134499e+00
1.595570292558933456e+00
4.165925507948173845e+00
-4.307692677508818235e+00
2.715841447029244016e+00
5.466199346232722966e-01
-5.282392268776113120e+00
-1.365077430823646853e+00
3.310975736172260486e+00
7.031277163558042886e-01
2.964878238659401921e-01
-3.894402506827820964e+00
4.890400345707456964e+00
4.252357124612529127e+00
-3.886603339891204101e+00
-5.661236158965752274e-01
2.568636393418775032e+00
-3.550898153025544346e+00
1.790837847853646858e+00
-1.015566023312476585e+00
-5.490906494073533040e+00
5.171115899620822631e+00
-2.171571383361159846e+00
-3.113947315703939345e-01
-4.952778064422036497e-02
-2.825058466222657438e-02
6.637257108811192019e+00
-2.412639995001438553e+00
-6.146848362664758980e+00
-6.718152214759987473e+00
-5.050740617010918143e+00
9.751481432367308244e-01
1.856212756314416179e+00
-1.339423219440797341e+00
3.217896506497286868e+00
-5.399765397117302079e+00
3.659075149186933551e+00
-6.108549396272827892e+00
-3.687082629839861792e-01
