4.391667075192541461e+02
-5.183017347971151594e+02
-6.579315421007665918e+02
-7.203333478781052008e+02
1.138155321207204551e+01
5.034331475899258521e+02
5.780839779394534617e+02
4.822078639294718414e+02
2.887622707937877635e+02
2.984645014613630565e+02
3.971489895085004491e+02
-6.960054030632154536e+02
-8.828604007003441438e+02
-1.016637041820033716e+02
-4.116454311765614875e+02
-4.004965840844012064e+02
6.208098687666856677e+02
-2.577161825263442552e+01
6.228439178045027091e+01
8.753167546873708034e+02
5.220061857831442467e+02
1.309352098580873871e+03
-4.677255525807597678e+02
2.764426658153145695e+02
-5.014017674270960470e+02
-2.414294935221961964e+02
1.225485645573833011e+02
8.179397556004395256e+02
-7.507539374619418595e+02
-4.159947298750017808e+02
6.835706977358046288e+02
2.591210510502745592e+02
-2.589402864984326129e+02
1.925723214304016437e+02
4.694058975509232567e+00
-5.027045863303120541e+02
2.196763648256405190e+02
3.977324321431696603e+02
5.603768459917381506e+02
2.948340465396534000e+02
-1.813734355324657201e+02
-1.826803250844794775e+02
3.875662181874516250e+02
-4.850809260259512712e+02
4.543680701622370748e+02
-2.486276551671785171e+02
-7.195525996682681580e+02
-3.961928451826348123e+02
-9.834860395966813940e+02
2.198469595985999092e+02
5.022702516332973914e+02
1.098821440170139567e+03
-1.023638521089885245e+02
3.325638296835255403e+01
-8.869627440454043210e+01
3.180407893430287345e+02
-2.072637061111916807e+02
2.618497283753663964e+02
1.455805551540951797e+02
-7.810454143639064739e+01
-5.824033963851587004e+01
6.024383200159010130e+02
1.056240593464579206e+03
6.325026547358755806e+02
5.781930212617932057e+02
3.417626775259072929e+02
8.274003041289220164e+02
2.654452294915789707e+02
-9.985427354083814180e+02
5.372818694279807232e+02
9.811317708297009688e+01
1.302690248029220129e+03
8.751953560457586434e+01
3.991816069361293273e+01
1.937988611836085511e+02
-3.999580634873966005e+02
1.846979129067870247e+02
-2.825065715252504717e+01
-2.608854776559571178e+02
3.836207221809805787e+02
3.619451697445574041e+02
1.182020683644822839e+03
-5.581959986193236318e+02
3.658599177765580635e+02
5.938222871573461816e+02
6.683284551366937194e+02
-4.618480617258693144e+01
4.638363933874012446e+01
-5.493572313003561476e+02
-1.084587066856741785e+03
-4.941484359270722848e+02
-4.602300724105893437e+02
6.442413083488886514e+02
6.393859660883445031e+02
2.662849711738476230e+02
5.004089379548228749e+02
-5.432707246680547541e+02
-1.310940408652530778e+02
1.574795248079542489e+02
5.328605687763024434e+02
-3.508571360602178970e+02
-8.589390561656622367e+02
1.314088996899883114e+03
-2.962178699066507761e+02
1.508803591642254787e+03
-9.151018113424643161e+02
-2.237894486200912922e+02
-3.274464128465762656e+02
-3.092300237114816355e+02
1.437427153425446136e+01
-7.431562079684581477e+02
7.582705132371507943e+02
-3.502458961547193326e+02
5.060737138228925573e+02
-8.762796740449688286e+02
-5.168404121979569936e+02
3.075656614774127817e+01
7.888749645882570860e+01
-4.418455728527488304e+02
-8.981762510745708141e+02
1.621954064120168084e+02
6.545733171501439074e+02
-2.809123249079281663e+02
-5.282886277744529480e+02
7.506715158166677782e+01
-6.357280822933757918e+02
-6.967156900666651609e+01
4.542496864918678057e+01
4.872009475129336806e+02
-1.087508419716131698e+02
-5.276525278931227376e+02
-1.012322942846016645e+02
4.019164494246861636e+02
-9.825589784737479704e+02
-8.275184026370843071e+01
9.337582733258461758e+02
-4.792101697221047516e+02
6.874078571262076593e+02
2.845996408597436016e+02
1.300824850204864447e+02
1.229525002301193410e+02
3.172061239218971309e+02
4.550708645429520516e+01
5.339128563720694274e+02
3.562427014711116158e+02
2.078743733309738673e+02
5.380731909048948864e+02
1.025540908327150760e+02
-5.957769640632132990e+01
6.100701209980587691e+01
-7.479815413340494388e+02
1.779448376928995117e+02
7.747892384266809813e+02
-1.284348455987317266e+02
2.395548860603433639e+02
1.004963802029572548e+03
-2.572881174438882681e+02
-4.771530558338275796e+02
5.070927874861706641e+02
-6.440890249450396254e+01
6.892691369816045608e+02
6.105933922564203158e+02
2.828240193148731052e+01
-9.368044672557339254e+02
-1.181365694321250430e+03
-3.222369641370333966e+02
4.435598642685973232e+02
-4.895721296771000084e+02
-5.259135155564205206e+02
-5.793439811747756494e+02
9.668394822651240474e+02
-3.393431503638547042e+02
7.580100013671335546e+02
-3.271851768506771236e+02
-9.573804209228430295e+01
-6.156860359248806844e+02
-5.565049057431057236e+02
-3.386177999412119561e+02
8.486310096499231577e+02
-2.534073762124551479e+02
7.389690757542701931e+02
-2.009721111904101747e+02
-4.882808161237063587e+02
9.545126788269990357e+02
-7.428995552335820776e+02
1.181763678297186857e+02
1.712643690890017467e+02
-6.918207091400476294e+00
8.430882457596660515e+02
-4.469758347779483074e+02
-5.017216313645726018e+02
-2.993727645769753849e+02
-4.719263951764355625e+02
1.271588721322965796e+02
4.271898909455272815e+02
1.129733115353992901e+02
5.827956908857869394e+02
-4.099188058697340011e+02
9.412824433617181796e+01
-4.897746796417501969e+02
2.099485089579774240e+02
-1.324695118710450288e+02
-4.491145211142619473e+02
-2.673295604631802007e+02
-1.869516355891385899e+02
8.969246930787739984e+02
8.504091489839680662e+02
2.041466952879766836e+02
-3.601093607435278159e+02
-8.812471163069457134e+02
2.875332417806834542e+02
3.828196934078509344e+02
-7.852201000965699507e+01
-4.054506160077756931e+02
-1.191061707781208554e+02
-6.969455490343021893e+02
-1.121237072559936678e+03
4.402265057933998946e+02
3.551896699116463765e+02
8.543176079704933272e+02
-2.913251777201310233e+02
7.018723347955134386e+02
5.546039886126953888e+02
-8.634934281553272513e+02
-5.515756415065678766e+02
-1.084022258863649597e+02
9.917682960237220868e+02
8.896498640420844595e+02
7.934189040529123531e+02
-2.495946610352035009e+02
4.663984596037158781e+01
-2.700582402422083206e+01
4.223864389215831352e+02
-7.992738118532114413e+02
2.165594465562107587e+02
1.542090707572108386e+02
9.784043234981786554e+02
-4.035839436898242525e+02
5.809397623174756973e+02
-1.671017213588665982e+02
4.932149159172791428e+02
-3.553719834342402351e+02
6.045181987493700717e+02
3.250484700472297277e+02
4.283074684308821247e+02
5.346808956857553596e+01
3.318250400150053281e+01
-6.900627958732808338e+02
6.785883258713760142e+02
3.052276633028983355e+01
-7.426800980723639896e+02
-1.106229726497311276e+03
2.623553772875295635e+02
7.592779598389569173e+02
6.476646741470165125e+02
5.996036124023146385e+02
9.785290004925921039e+02
5.517209697507978916e+01
-2.265802349116341077e+02
-4.656231584111246207e+02
5.863287551283145831e+02
-3.356346711140560046e+02
-3.494135968388643505e+02
-5.782023801821333109e+02
-3.873633138868052015e+02
