-4.988716065118765641e-01
-8.291995090353527775e-01
-9.189284457024062824e-01
5.409188867006970991e-01
-6.686260861169179837e-01
-3.754997393424930330e-01
8.149289684441090031e-01
8.918426628194486838e-02
-1.504127418929925852e-01
6.764073024865173700e-01
-9.507994545810947162e-01
6.629823166826571690e-01
-8.544059576518496790e-01
-8.205932432116782582e-01
5.981006994034989699e-01
-8.476369838726438566e-01
8.867879693214142378e-02
3.264920234967438883e-01
-4.678640909261757574e-01
-9.464949317588282618e-01
-1.852648493881019487e-01
-5.264674798518425014e-01
8.313674612730219682e-01
-9.379538028502520941e-01
9.835123996954571179e-01
5.666687855338947699e-02
1.223092869795556759e-01
-7.294657768530754538e-02
2.508911316064923458e-01
-6.010765931297910036e-01
3.634950639795775373e-01
-6.088171303671698897e-01
6.319769315352996575e-01
7.418678397127351776e-01
4.702289406450097520e-01
-4.579021591342018471e-01
6.473506658787473445e-01
9.875063528381839983e-01
-5.845948831605876084e-01
-8.963188428511932315e-01
-9.479905205000926927e-01
-6.073099069181513432e-01
8.380874614285986901e-01
-9.913665089132455144e-01
4.443924082813901499e-01
9.736772762549414928e-01
-4.326536802655809311e-01
-1.787802056888274649e-01
-7.228199735634699419e-01
6.620437510181227392e-01
-1.006117542595219572e-01
-7.123930964909994668e-01
-6.680673861612262954e-01
-6.371456327805367081e-01
2.453906284175033647e-02
-2.798785550509141906e-01
1.436544777146986362e-01
1.737021886892609057e-01
-4.694741207719999032e-01
-1.227044284851708245e-01
2.698753917937659619e-01
-1.195858578872637246e-01
3.155352775382453956e-01
-8.943400582838898494e-01
-4.318587103524862414e-02
-8.122824574564158073e-01
2.364136002006003157e-01
3.295087577325470640e-01
5.238854097635647911e-01
3.559601729335617470e-01
-6.505339353527839208e-01
-8.152867031032240419e-03
-9.214749231982091171e-01
-9.782178312887275240e-01
-1.284547324552214320e-01
8.868494321687903081e-02
-2.990043205842396468e-01
-8.038605287067741578e-01
9.495141892465621680e-01
3.059078943835826792e-01
-5.012154322708535226e-01
-3.219385032019350668e-02
-5.576280123024537350e-01
-2.251467412978445104e-01
7.853410676736336526e-01
-8.651608192451143431e-02
8.694657270754808653e-01
5.991777158472779696e-01
2.813922708609295498e-01
-3.253048576650585666e-02
6.412700219507223576e-01
-4.701698749376856945e-01
2.054373419812760559e-02
-7.687916505019651847e-01
7.551352100226067510e-01
4.191207647307522155e-01
1.597915847403459377e-01
2.561768409044624661e-01
-8.953921451016118027e-01
-2.058577403342400913e-01
1.788884171566542669e-01
5.587302605570481084e-01
-7.282778666248912458e-02
1.279370930596757105e-01
-2.681430548242211831e-01
-2.303111031127091923e-01
2.446421344022653432e-01
-9.180989599787796607e-01
1.842279027981530426e-02
7.872825833012031538e-02
-2.479740714635405574e-01
-6.326726120475461013e-01
5.389881629449098099e-01
-6.327200896494782345e-01
3.266784419991584087e-01
1.264334619109197533e-01
7.840863855382962377e-02
4.640484626996574935e-01
2.875024154518444064e-01
8.811373665933786015e-02
8.958693799513228750e-01
-8.324060254064442610e-01
3.385050167403427235e-01
-6.324136678580649651e-02
-3.516697929071366246e-01
9.125196931825880764e-01
5.484130622868712557e-01
1.097681367020355570e-01
3.346742976740528785e-01
-6.070912183991006295e-02
-5.847834865725085596e-01
-6.085069602489234786e-01
3.945022653673784241e-01
-1.726401013340812529e-01
8.327839581682829895e-01
-4.958806426775446141e-01
2.226751084074685139e-02
-3.271118711262923640e-01
-7.169947297785701501e-01
-4.800686743956927849e-01
-6.670440317434380706e-01
2.343174892113650820e-01
9.777952647121070928e-01
4.305503611371168660e-01
-4.476256055640424059e-01
1.067080249851855012e-01
-8.526166438983975304e-01
-5.757170859350362324e-01
-4.982776589474997575e-01
-6.881255932973155964e-01
8.131425380724246477e-01
-1.775314708427049304e-01
3.047556354019624880e-01
-9.859390470042319610e-01
6.041108120163787287e-01
1.996556209644528845e-01
9.301307526384612334e-01
2.863128683640678851e-01
-9.452450636091132008e-01
-5.112463535605380471e-01
-7.498414526580490236e-01
-6.317091262567204879e-01
-1.099799896311306480e-01
3.084084412110132956e-01
5.954123771169901325e-01
-8.275438252588949162e-01
4.339098532677323483e-01
9.135743724205169780e-01
7.880164776773364022e-01
-4.822726911709971365e-01
4.920910792051411686e-01
7.127411418161548884e-01
3.524720080752563600e-01
-4.970338498495281421e-01
7.260753856951018825e-02
6.267620750986160338e-01
-9.994829379868637176e-01
9.181107379144735070e-01
1.427527856785966165e-01
-1.644789373697741475e-01
-3.992040811310215709e-02
4.023070271788988794e-01
8.465491393664910103e-01
-8.546696469135817154e-01
-3.223918340126450399e-01
5.886624377007818598e-01
-8.583072424451247961e-01
-6.294293894460665229e-01
-1.043351790831932302e-01
3.316367079625859304e-01
2.031140662350416903e-01
5.736525502240614749e-01
-3.723892779835900058e-01
-2.409792305071003504e-01
-7.381464599839653307e-01
9.610157634350855460e-01
-7.938956089130666527e-01
8.789930697061101306e-01
4.102518908596213265e-01
-7.526966463481563618e-01
-4.102734529476794734e-01
-5.300913602917391998e-01
7.377624149649930629e-01
-1.143761964088250149e-01
2.473435674211865720e-01
-7.388925309064018343e-01
2.582725464745845301e-01
-3.643922642334096462e-01
-2.978606031978299207e-01
-5.782484326680299436e-01
6.936537371506474869e-01
-4.894573677331637285e-02
1.788575815914195122e-01
-2.168298652404760940e-01
7.269465897445621660e-01
-5.981658513453114168e-03
4.474741068125913657e-01
9.517834981753003909e-01
-5.434673798129603384e-01
4.795730450206769913e-01
6.976524213994319545e-01
7.674083538161626805e-01
8.823830510701915486e-01
9.208680053038738045e-01
7.266611690215962760e-01
-4.846240626410569519e-01
-3.781305889534751774e-01
-7.750250971692267399e-01
7.789276890351806149e-01
9.807175190832766454e-01
6.534479921737170738e-01
-7.346670269438946299e-01
2.266944273343711735e-01
6.585456005967502691e-01
9.609268740795706698e-01
-9.015890977379541482e-01
-6.743683841002765522e-01
-4.421445173422393626e-01
5.815689825584247075e-02
-4.508933753451207505e-01
5.572069811186550758e-01
4.345891917188147158e-01
-7.048915293014110794e-01
-5.384022626689111135e-01
-3.915967442709877844e-01
1.689476502440045991e-01
9.095076657038496659e-01
-3.047407327982947223e-01
1.159971174305525210e-01
2.449901952054598375e-01
-3.080165368887670674e-01
6.399340453962016895e-01
-9.203486963149798417e-01
5.717349305480614596e-01
6.600262608048803603e-01
-9.660465960673225716e-02
3.219299833500048891e-01
-6.697382268471874234e-01
5.911735211496829123e-01
-2.931775441682149541e-01
-3.555418829826699767e-01
-4.322536195796842229e-01
5.071047438678413233e-01
1.086555860930955575e-01
2.246122879718484011e-01
