7.745872750433735465e-01
1.716512600303863323e-01
-1.893190301290486044e-01
7.636156497452193381e-01
-7.901455745664973662e-01
4.090827599907465029e-02
5.977969396304527727e-02
5.799650745825253306e-01
6.812725664601955167e-01
1.430992947461273701e-01
-8.986102589235582805e-01
-2.541106076909487310e-01
-1.399199382054807650e-01
6.051862735789792502e-02
-6.466246343341355285e-01
-1.806643278510822181e-01
7.161696641447921063e-01
1.696250207382334896e-01
-3.743114261265416687e-01
-2.475597330998802192e-02
-2.648868228807743641e-01
-4.762270258442660165e-01
-4.756849009104380244e-01
-8.165274825929380587e-01
6.412094370949945610e-01
-2.995598912707249095e-01
4.045223129333315182e-01
-6.647556739058120279e-01
-4.611785867076230172e-01
6.300179938965173587e-01
-8.906605205206878928e-01
4.851674274594874881e-02
1.953382336376923156e-01
8.771355353914112030e-02
-9.299976588756466711e-01
-9.817538903596763067e-01
2.747013123988497618e-01
-4.596312633979171558e-02
8.932311843052340716e-01
-2.913761048235650186e-01
-2.120000318909918136e-01
9.495725252916351611e-01
-8.327544369523924850e-01
-8.187295676364325647e-01
4.072027758880245596e-01
-7.100831443358286421e-01
1.567055931665737312e-01
-6.873540554285677562e-01
6.689994200572781935e-01
4.870702149650341095e-01
-9.004930232674297486e-01
4.661370698336053664e-03
3.092716521088709758e-01
8.657627861961025850e-01
-3.584214554363160943e-01
-9.348948732599580147e-01
2.935404688599227985e-01
-6.110973660237219995e-01
-5.945502327196179326e-01
-3.586040389235343184e-01
9.812626028275195367e-01
1.687063829576829210e-01
2.763897951062741498e-01
5.177696989533275840e-02
-3.409320966612150450e-01
2.494247676000629355e-01
7.711703268008176515e-01
-3.441091439606462909e-01
7.772410460570677859e-01
1.754522414721360057e-01
7.041525431693984594e-02
3.093762599843619121e-02
-9.487054547897342260e-01
-9.724199032333635806e-02
-1.705876314073562217e-01
5.309805890640884041e-01
3.314420799589508082e-01
7.922168481054003841e-01
-8.453959837582269987e-01
2.613542536963087137e-01
-5.622778920137561087e-02
-7.127738206625611195e-01
-5.812196877976585352e-01
-4.411037443138310365e-02
-3.991617306388839381e-02
7.748514053173027882e-01
8.295981651400927692e-01
3.214159701855718865e-01
-3.421495744842879549e-01
5.840282798754954374e-01
-5.372011882780245440e-01
-8.147421814931461448e-01
-9.089102632887211541e-01
4.399192652037553497e-01
-3.582806106666140966e-01
-9.483914710291563299e-01
5.899338920413410570e-01
4.740243679374165353e-01
-8.289124019188449655e-01
-9.306264603344369668e-01
2.171421948845582151e-01
-7.436912549992693577e-01
5.975918072512484969e-01
6.663073717057921286e-02
-2.551082691625465859e-01
-1.971597450345807800e-02
-2.206952928311627371e-01
1.669327416985793011e-01
-4.353973529053736247e-01
5.230367903617292313e-01
-4.572871869318992921e-01
7.004779389707607162e-01
7.966242064548432200e-01
-1.363402713762027485e-01
9.724335055139867734e-01
8.465501695041142138e-01
-6.169028901785653662e-01
-6.988063446484016339e-01
-4.781680284767748645e-01
1.641341323170617539e-01
4.995373870809491912e-01
2.757087049998663275e-03
-5.894990905527666136e-01
-8.293247925328894876e-01
9.760074689654829605e-02
9.753736858122008524e-01
-6.826983769178736061e-01
-9.332199760183281789e-01
-5.927956778935157267e-01
5.287931064004764981e-01
-7.733807813831217182e-02
7.887206626359022366e-02
9.391616478696480641e-01
1.187209941432809668e-01
-7.993995293178610684e-01
-5.292906779480499591e-01
-1.500647035050421962e-01
-4.618637584412477182e-02
-4.006922021843650761e-02
-9.318953924685595691e-01
-8.094523662560100252e-01
5.833074151236017357e-01
6.920805424024834007e-01
-3.304520164586117748e-01
-4.504942234174778015e-01
4.131276089543580721e-01
-4.485921852386569597e-01
8.065263027596747403e-01
4.620952139142906478e-01
-9.613756303615830223e-01
2.122400155104111619e-01
1.038611536274636205e-01
-3.179651172535000736e-01
7.409223338997623642e-01
1.556300325929409478e-01
8.597953232643253951e-01
-2.122615921617390100e-01
3.379785686527436717e-01
-7.499620491401313149e-01
4.421005047677579736e-01
-4.348337987860428910e-02
-3.390384250267852728e-01
7.079880893385541718e-01
-7.367706467880175136e-01
-7.979748159884008096e-01
-8.439270044604429977e-01
-6.262901456061629180e-01
-4.399631480805066275e-02
-6.897752487315875758e-01
9.001032807830691151e-01
-2.296335162703024846e-01
-8.156093595959335030e-01
8.772841630665400015e-01
2.086132697452285356e-01
-4.794705661890745763e-01
-9.406481315847254887e-01
-5.739684903692725548e-01
9.105447576564666967e-01
6.652203536596941191e-01
-7.419069514402660825e-01
-9.324463837545600153e-01
-1.661143018350830225e-02
-1.645263835073278447e-01
3.195547740178052987e-01
-8.312101077632954027e-01
-5.895745549245423600e-01
-3.814536480683932140e-01
-8.561253020130301650e-01
7.424220307793791829e-01
-1.380895325906077442e-01
-8.041469418937035041e-01
8.858036555074069174e-01
-9.736773201649850940e-01
-5.128793392887187608e-03
3.943480354547499456e-01
-2.314412611165090894e-01
1.037504318259641067e-01
-7.623074778902201309e-01
-3.371980113633288312e-01
4.238143766618420738e-01
-1.605772037819181985e-01
-9.142465520075093721e-02
-5.781770126041168023e-01
3.057959990049166077e-01
-5.386582822802230552e-01
6.515992237600611858e-01
7.657235645481788033e-01
3.920545911962649566e-01
-5.263769631988675091e-01
-9.010421624779316740e-01
-2.562870494730755677e-01
-2.671795800986651592e-01
8.550195412743133438e-02
-5.735241731794682440e-01
-2.942014667387038429e-01
-1.772531975005415816e-01
-2.138831004034287275e-01
9.520919396529723411e-01
5.586226070803834709e-02
-1.881982777809043661e-02
-8.629205841350651163e-01
-7.145377544992868035e-01
8.827292106745436850e-01
1.863905510941163968e-01
9.004305229775770858e-01
-3.969169736888198408e-01
-2.513359295679491456e-01
1.666904691216766210e-01
-8.779077932318102295e-01
9.133021631564264275e-01
-6.924085414892651169e-01
-3.293075303333266035e-01
-6.924148545360497842e-02
1.918130691291821677e-01
3.770418273116025176e-01
-9.762497099082505514e-01
-2.235386730796562471e-01
4.893831911953541169e-01
6.704422997587959898e-01
1.996404961883788687e-01
3.092708444833569548e-01
7.979591772567840025e-01
1.331779989918819851e-01
8.825178973451741626e-02
-2.460361669315247468e-01
-9.341232533189123277e-01
6.517737789341604415e-01
3.862340930945358242e-01
6.748449770814357596e-01
-3.241470703073958681e-01
5.503496318149421196e-01
-8.095649963410913585e-01
-8.499743275434530343e-01
3.294810959127381089e-01
2.485268892308087896e-01
-6.294461169952940693e-01
-3.754543079587402410e-01
5.351503736791352051e-01
9.059075416827515603e-01
5.852268844538435211e-01
4.706524979368587047e-01
1.698003545620074828e-01
7.037812835505694586e-01
8.925710310451697715e-01
-8.442043734066504435e-01
