-1.200064985397660156e+00
-1.810362715286122359e-01
-5.117923211246371284e-01
2.448401593160978162e-01
-5.238065763355281845e-02
-4.324154664206936727e-01
2.215163820727539257e+00
-7.175008642937146242e-01
-1.537532428958492403e+00
-1.077556668371155046e+00
-1.467520262599740555e+00
7.944485970137229458e-01
-1.516004648806059230e+00
-7.566824734930395202e-01
9.318547898056595002e-02
-5.666183613499864435e-01
-6.804409113749660953e-01
-1.490891589745103385e+00
-3.601402151380217465e-01
5.187533647766615630e-01
-8.465625845744562117e-02
1.709455777006086974e-01
-8.391837119631651021e-03
-4.316693153269965944e-01
-1.919212643569849774e-01
-2.792948716495657902e-01
5.553790908115301406e-01
1.280360368815924410e+00
-1.185745642041883041e+00
-6.848692118452026634e-01
-7.645363923632315650e-01
-3.369059059088602703e-02
-2.872978258477524860e-01
6.959823925949171208e-01
-1.647682199894064281e+00
-4.830871441757651485e-01
1.865258852500954578e+00
3.516299230183081992e-01
-8.777940649597915090e-01
-1.420979726645952734e+00
-1.459988537423278832e+00
-7.962822879474110715e-01
8.640657161472757863e-01
1.556947597192526178e-01
-7.980471839939049516e-01
2.040754593058046185e-01
-1.118767641875030305e+00
-4.753981569293501686e-01
-1.945423552567503211e+00
-2.038844741609771916e+00
-6.829917103439164805e-04
-1.530404918433287520e+00
2.604955347658108877e-01
2.624737645804366970e-01
7.806646465335513874e-01
-5.840961873318296638e-01
1.547940761235480300e+00
-1.299816374665597740e-01
-7.976806421841287076e-01
-2.112919461299276769e+00
-1.135839337893191470e+00
-3.870972436495447866e-01
5.043572659476178721e-01
1.345543875178786541e-01
9.836954069305159365e-01
-2.579010520484177338e-01
-7.748993550858387369e-01
-1.079680587090313448e+00
-1.277089016246507391e+00
-1.179786319951524831e+00
3.912995802178743099e-01
-1.792314312655525210e-01
-3.127284362735869294e-01
6.430113386642506423e-01
5.984071428681256855e-01
1.393215266798698559e-01
-2.445906477845807281e-01
-2.042510975024955933e-01
9.485125264384370869e-01
-1.055524239624957339e+00
2.575625091491964280e-01
7.960690021250260706e-02
3.455838276717115853e-01
-1.538887207812761559e+00
-4.890430451201296380e-01
-1.117065628023399260e+00
5.281167126618897534e-01
-7.425142497556111998e-01
-3.624308637732540639e-01
-9.000850699497449092e-01
1.295681838054357327e+00
-7.303762231099217850e-01
-3.058349957913146788e-01
2.212914122968768105e+00
-1.273226165714113733e+00
2.172167666063289815e+00
-1.025705839228355565e+00
1.644197089013563318e+00
-6.347816389346052635e-01
1.746192956937358265e-01
2.132802165398390848e-01
1.615045353164192843e-01
-5.567561656443631435e-01
4.276981923055629409e-01
-1.426974816467150742e+00
8.330927532581965389e-01
-3.745026243989313386e-01
1.176658551988655876e+00
5.676786603999381953e-01
-7.611985360632392839e-01
-9.499264813797506646e-01
1.654277697290096882e-01
7.234264249916919631e-01
-9.127115756499335486e-01
8.505268554219584942e-01
1.378841776039747113e+00
-8.040158460919801797e-01
-6.392315106304093941e-01
-8.521897122159162175e-01
-6.822291246798912745e-01
1.205416253024258477e+00
4.377458144050659361e-01
1.952693933542376747e+00
3.679131135858478840e-01
7.635065562132690165e-01
5.478886055248284315e-01
-9.882992961092939010e-01
-1.125312940879410029e+00
-1.835725882457894809e-03
-6.875093976190803646e-01
1.339653720468981568e+00
4.676713966289882674e-01
1.657760765860520902e+00
2.053297917472843181e+00
3.915054678482055017e-01
4.168519360917755101e-02
1.068980424689804920e-01
4.904934133603835456e-01
2.895386636722721563e-01
-6.962172612312651498e-01
1.729829738623507751e+00
1.049583186883797037e+00
-8.188387641627490332e-01
1.574369658500297531e+00
-1.098991694791165985e+00
1.095907396396194056e+00
-1.434856595585216610e-01
1.756244287782178670e+00
-7.275576220334385447e-01
9.664213250913711306e-01
-2.082665657347325672e-01
9.533007047089094854e-01
-1.408054315331333184e+00
-1.664201905159011785e+00
9.945596048083156226e-01
8.635165207269115406e-01
-5.188504502448942901e-01
-1.628697745346252557e-02
1.919440278223008001e-01
4.916535104787838062e-01
4.730081640932726206e-01
1.077754204500422031e+00
1.348950529581157687e-01
1.608023067940727024e-01
6.089252489784482414e-01
-1.068498716402807691e+00
-6.409498195191638548e-01
-5.939413799518713510e-01
-2.928844934250870446e-01
4.766480112605417929e-01
1.467464452004863196e+00
9.693909377824529994e-01
6.709359342222855904e-01
4.577108259154747949e-01
1.923991274140990637e-01
-9.418334496426012947e-01
-1.037932507586407649e+00
-8.084133589859092694e-01
8.644805463604092743e-01
1.501071085487393209e-01
1.998327949301172968e-01
8.591157994380080876e-01
-1.445121919984602599e+00
3.446898550592594201e-01
-1.879542291364217688e+00
6.783358283048793735e-01
1.093647582581766198e+00
4.527807615706527233e-01
-6.372801669802040658e-01
9.717128575936470614e-02
-1.694248639608781914e-01
-1.759132794221505369e+00
-2.818334487929528009e-01
-1.832661541329693611e+00
7.123722806375288874e-01
1.641726000795975526e-01
-1.227423068318717947e+00
1.401627459360344385e+00
1.131917234815050133e+00
7.389935168869148363e-01
-4.521358403369402090e-01
1.962866417842126232e+00
-8.439887314807715812e-01
-2.560566495514023933e-01
1.389599067933036114e+00
1.809239460088463980e-01
1.094746612812222963e+00
1.492867456011896632e+00
-5.082022597294122424e-01
-5.624016644667744202e-01
-5.036672252476837031e-01
-1.553306150373693351e-01
-8.065003100962884197e-01
1.407342881315259309e+00
-5.857186069836108899e-01
-6.834866887189336992e-01
8.882392566943768664e-01
1.543735109703740171e+00
9.589210631857709721e-01
8.265307770680601074e-01
-3.876056251347610448e-01
1.096088130808458239e+00
6.484686219170687771e-01
2.931281595642798443e-01
-1.704322631392797938e+00
-1.848392890769083863e-01
3.548165271716879898e-01
2.146191741932605979e+00
-1.708057879247355082e+00
1.613429561778669807e-01
-4.450921410356472041e-01
1.272426466390905286e+00
-5.914936881363801469e-01
4.237784061718483652e-01
1.393063709955603358e+00
1.672086376226643356e+00
-3.614216821911588329e-01
-2.231588140649729546e+00
-8.112550692879574310e-01
5.546668183458951518e-01
1.265723308993532026e+00
6.949649026663289320e-01
1.430905385241716399e-01
-4.731554721337546954e-01
-2.741119607965638583e-01
-1.114275013102453471e+00
-2.012894695073222273e+00
1.521341393939898534e+00
1.043888127107973851e+00
1.494488228714900835e-01
6.124570242834884715e-01
-1.423288236782170202e+00
-1.316605103074174776e+00
-4.197901672941163342e-01
6.547844781930075575e-01
6.182808060915609971e-01
-2.216589198938236915e-01
1.527409594314677044e+00
1.243263959681039088e-01
-1.025613907591015117e+00
-2.143694373081878268e+00
-6.474890726229824978e-01
-4.332080341791695322e-01
-2.372905056765594045e-01
3.729478008236226660e-01
