6.678502491355654058e+01
-2.039915880852620660e+02
-1.307637967709462146e+02
-1.713685437290434663e+02
4.071489402437019294e+02
-2.725605168415966872e+01
-3.468878391562286652e+02
-1.299658802809270242e+02
-2.798652807552850845e+02
3.695316491734701714e+01
-1.397293813183793532e+02
2.746703701158723447e+02
7.754910919742080466e+01
2.038544609348273866e+02
-2.589817716309187290e+02
-8.998757090731025698e+01
-2.880180874936616320e+01
-1.687469050068396257e+02
1.188879514058297389e+02
2.135190249634086683e+02
-4.009991267166792568e+02
4.922227960894997523e+01
-4.473037925750738708e+01
1.523841319596282773e+01
8.607452623594105034e+01
-1.656999416880170486e+02
-1.226192878083627562e+02
6.503799709149140540e+01
5.772308991703453529e+01
-1.179327842689163219e+02
1.155604321660322000e+02
-6.863388036633376998e+01
3.395381137589964027e+01
1.933234698657270201e+02
4.024541952800526587e+02
-2.486449565432523343e+02
3.260458293795055624e+02
1.329665476321943345e+02
7.238552114612690502e+01
2.361903901589963652e+02
-4.328349064549353784e+02
1.430588057266582602e+01
-1.672487800610154807e+02
1.851162562041326112e+02
-3.944372729706495875e+02
-3.382949168743770940e+01
8.164496453264579401e+00
-3.401648195382541644e+02
-3.002134172483135330e+02
-2.514054793820831151e+02
9.635233254616269960e+01
-1.225372636957405348e+02
-5.002697979791856255e+02
6.073281557462933478e+01
1.649042974201016989e+02
-2.817110006472662320e+01
-7.851793937480618979e+01
-1.786259323049336558e+02
-2.928447003181218520e+02
-3.758328659365165691e+01
1.201543909379043527e+02
-2.636267469502702099e+01
1.115601713836519338e+02
-2.987073544766325881e+02
-1.741761916432452324e+02
1.223073139282073214e+02
2.618941207356197083e+02
-7.851008890175853594e+01
-3.172039523793963554e+02
7.684710673370378231e+01
-3.658817524859528021e+02
2.422743182936926232e+01
1.338465004767624933e+01
-9.198623593820586564e+01
8.756997114520679304e+01
-1.739547865414234593e+02
-2.595159313192773425e+02
2.871369121163675686e+02
-2.321789534364915308e+00
-1.668163506538972740e+02
-1.803491081326891106e+02
1.846946722789421358e+02
1.865400282900986610e+02
-1.211206357713612469e+01
1.665999077617156559e+02
-2.016217673107761357e+02
7.005956371994209064e+01
1.936204890642023031e+02
1.106006897674775047e+02
-1.934186969009317636e+02
2.829443933466764634e+02
-1.266333094175094374e+02
1.097995545957580390e+02
-3.666240089370596138e+02
3.723416217879773171e+01
-4.803199991511789335e+01
-2.611245893868551349e+01
-7.246020697689992573e+01
-1.632900817003390443e+02
-6.246915304191774254e+01
-1.329782104861555467e+02
5.122806064732729965e+02
2.246120280603492958e+01
8.080655018790608324e+01
-6.200694579463969092e+01
7.723765655213688319e+01
-1.544166927179568916e+02
-1.583899002913662173e+02
-2.646884120088722625e+01
1.512087856217040098e+02
-1.395511184959113393e+02
1.291509417774989288e+02
1.630952297554925394e+02
-9.989377325653121886e+01
-2.146860820269237280e+01
1.098879633821815816e+02
4.058316754234572699e+01
4.989318872796897608e+01
3.815958527813086931e+01
4.588575649370846321e+01
-2.541632514988282665e+01
5.553703171642618486e+01
1.447979705774472166e+02
7.697801253435332569e+01
-3.572566122560525628e+02
-1.918847858454873858e+02
6.457840729139884672e+01
-2.880870405360051905e+02
4.251362239427384679e+02
-2.177113117266527809e+02
9.795350060855145102e+01
-5.819892406744133240e+01
2.822491733678976402e+02
2.490514058079306210e+02
4.613080687960665394e+00
6.666359082466500752e+01
9.277098178412317964e+01
-4.166472785536352035e+02
7.488854264538767680e+00
2.969515951113791061e+02
-2.322258197647823579e+02
3.400698991065173686e+02
-6.803934017261273937e+01
-3.377933246987007720e+01
-1.457693907905669306e+01
1.168626629271978601e+02
5.260533774262015640e+02
1.559570572634698920e+02
-2.229093467797301571e+02
7.177678497780634359e+01
7.338998926027323932e+01
1.070771091726707596e+02
6.500933268652750030e+01
-3.208084779674306333e+02
-1.683000790616554241e+02
2.567852246183525722e+02
9.392464864725920393e+01
3.764247980243566190e+02
-2.289356252284084974e+02
1.788548514206275684e+02
1.492518240583347620e+02
-2.958252375948930535e+02
1.230359904787835177e+02
1.386455425812162900e+02
7.284256175617065310e+01
7.145379813569645933e+01
-6.831555428931554275e+01
-1.826402746383080853e+02
-6.314648449989887169e+00
2.284678277342110562e+02
2.827488546213652754e+01
9.677018953945682256e+01
-1.803052048493987627e+02
-3.032337492095143716e+02
1.654848379073514764e+02
-1.385156904458168192e+01
1.461535059368754617e+02
-3.863769483783344185e+02
-1.064811314531080200e+02
-1.041798092993526268e+02
-1.349761185651896653e+02
-3.943566552010805140e+02
1.769295376372722046e+02
-5.960786175897063544e+01
2.393247588915190960e+01
-1.507099671980294033e+02
-2.682797400630044748e+01
1.847423161350335477e+02
3.385314523262811690e+02
-3.125503009135670140e+02
6.701022846622008444e+01
-2.050067627464949283e+02
-1.610970484001249474e+02
2.456066409786657516e+02
-2.068462685595201833e+01
1.922917226010233378e+02
5.311026877792737189e+00
1.075506061896610248e+02
1.351344949868127117e+02
1.035924082198724392e+02
4.277722095195861698e+02
2.490538167523348889e+00
4.700006197773769827e+02
-2.183180992996385044e+02
-2.329611440294106615e+02
9.594098363142492758e+01
-5.754954497876082264e+00
-2.961289346083535179e+02
8.217485848296834661e+01
-2.586373980974002507e+02
-3.631572182232358159e+01
1.730888641473393363e+02
5.594534425438953917e+01
1.963615048380013377e+02
-9.519047917705748318e+01
1.818882312251339499e+02
-2.645918835191513381e+02
5.201696030534566084e-01
1.031699613502828150e+01
-3.684151174989433457e+02
-1.921113304950430631e+02
3.097489432383762065e+01
1.888101649503136628e+02
2.070316708105876273e+02
1.145828609432388703e+02
7.196041944230063336e+01
-2.837208817564062997e+02
1.010577444313578468e+02
7.737902428116714759e+01
-2.639340556643726927e+02
1.003756912389731610e+02
1.956693832525805377e+01
-8.995029310639338860e+01
-2.369054122893739134e+01
3.408041267123594764e+01
9.727269372211760867e+01
1.092972467167702320e+02
2.397815098171216732e+02
2.687652256818759042e+02
4.297767830781417615e+02
2.846631967727017809e+01
-2.648391281282052319e+02
2.602277726544582848e+01
-1.283201446595908237e+02
-1.314308626416923076e+01
-3.082982135365953624e+01
3.508565370999044752e+00
-1.932227164720403891e+02
8.506078523713175343e+01
1.683804986913197581e+02
-5.519674922386366234e+01
-1.102665616907809323e+02
-1.723783646473929423e+02
1.598809404949851753e+01
1.582163065923201906e+01
-1.440127260614885927e+02
1.797093172540974422e+02
-4.993324149116251220e+00
1.176250763280032317e+02
1.424733511213198085e+02
1.826444826914088821e+02
-1.777590497771801665e+02
1.644743534828317024e+02
-1.417964495266894573e+02
-1.242077787262848574e+02
