-2.492909626720031246e-01
-1.542602783143675271e+00
-1.608162947001160747e-01
2.902636450930124123e+00
-1.057900903136392401e+00
-3.216843871106789265e+00
9.005023137377964337e-01
2.755646065441014425e+00
6.785933609631382701e-01
-2.229472404689600840e+00
-1.664143132127619884e+00
-1.994407597089364881e+00
1.710012662421114937e+00
1.497407301594384510e+00
7.659199550175221916e-01
-1.316544528955058135e+00
1.362350661898089621e-01
2.196857450870154604e+00
-2.564516746970790795e-01
-1.633337140545015664e+00
4.080107448380113078e-01
-6.749882149546581056e-01
-1.865288641612646625e+00
1.612927545053605582e+00
-1.716410214175767279e-01
-1.209647953162779954e+00
-8.307861025540703714e-01
1.018631160729319696e-01
-2.019292754836215398e+00
-2.599649748210884681e+00
-7.741125927404572948e-01
-1.407212399176558604e+00
1.300403663438272073e+00
-1.668062386596712854e-01
-2.838632332224946708e+00
-2.107184588762984756e+00
3.562813917163950572e-01
1.215880518285944678e+00
-7.161362997345241954e-01
-8.636149405584222505e-01
1.128660286784862965e+00
9.749701001152836222e-01
-7.672614674292167480e-01
-1.926282941283073979e-01
-7.148598939445073297e-01
1.830468394020375200e+00
5.494053447496608511e-01
7.725484705320992407e-02
1.421116689038068870e+00
2.227676505497564463e+00
-1.127183126940503488e+00
-2.311333696819387384e+00
-1.069642859178291827e+00
-3.454241037107713685e-01
2.551619148414156157e+00
1.455091238023678901e+00
2.022707379721300658e+00
-4.500823300634503310e-01
1.191190143507417254e+00
-1.042461901423618498e+00
5.212267202687426160e-01
1.865913142474491693e+00
-2.685578766467061396e+00
-9.934563947715530086e-01
-2.510060996389453791e+00
-2.627562157125334252e+00
2.819703883166609693e+00
-5.150656553479815436e-01
-2.769373226155897871e+00
-8.900502313070290938e-01
-2.468897878934206425e+00
-1.683825674463576449e+00
-4.781582896838167951e-01
-1.482344056085847184e+00
-1.687479541928911253e+00
-1.465308463401425065e+00
-8.125062321663688580e-01
1.056797732392919631e+00
1.861196672362499083e+00
1.048786831708650613e+00
1.816430475964247782e+00
-7.418386289245162413e-01
4.528178273502317386e-01
7.508317820439182055e-01
-4.390449811693110105e-01
-8.461135328988474980e-01
2.033614927014557150e+00
1.138370142190464840e+00
-1.238511904674027164e+00
-8.031077960882946343e-01
-8.332924406630372038e-01
1.425455113208131230e+00
-5.730222338946948379e-02
1.418877830751382518e+00
1.004900176375916665e+00
-1.639388132133556830e+00
1.998335808681746206e+00
1.568323730076933487e+00
2.011896897196042922e+00
9.423931676609775820e-01
-4.007578426216217293e-01
-3.051428895530508889e+00
-1.668046805228897700e+00
-1.427124933109172655e+00
1.949296512679558196e-02
-8.513838624841054692e-01
1.914680614152415861e-01
1.410970244952460595e+00
9.011565729520293333e-01
-1.525302560926347972e+00
1.430084354481196751e+00
-2.485247748228637921e+00
-1.161615467334038282e-01
2.327268231240367413e+00
-1.080525717498729277e+00
6.730464202923394090e-01
-2.448089721312558531e+00
-8.109603321881297955e-01
-6.520765185597181546e-01
2.243974671974959367e+00
4.862435079091708690e-01
1.954681868402417866e+00
2.437176366495876767e+00
-1.198422402660791919e+00
1.198603696390253326e+00
2.192412002323258058e+00
1.345239870307325947e-01
-1.917031724534330461e+00
-1.769338877137649257e+00
-1.267216187103751945e+00
5.801073075802718471e-01
2.005436507910018928e-02
1.096683526447251200e+00
-1.453501004376922756e+00
-8.090909720947758732e-01
-1.730786708505225757e+00
5.221155068528460230e-01
-1.636966054767313938e+00
2.368590523952926574e+00
-3.799338076227352090e-01
-2.275032285536866983e+00
-5.693938251946339957e-01
-1.128718439814106356e+00
4.155888471932369654e-01
3.066304029989117552e-01
-2.107635978860882719e+00
-2.028294721467572614e+00
-1.445876464003739148e+00
3.031911398386676115e+00
4.894915358329572364e-01
1.340000247920172805e-01
3.421875229146508213e-01
-3.716671872411392852e-01
1.465137834528045691e+00
1.480604091888089169e+00
-2.481907674119901708e-01
1.662065318425623439e-02
4.606028273584422683e-01
-3.248312797727549217e+00
8.778363340061954290e-01
-2.389390601064791397e+00
-1.544032089012287390e+00
5.357050905716868039e-01
1.038124857848695459e+00
-6.915272325230558126e-01
1.464374294504379448e-01
1.995466710301644797e+00
-1.648472988270673678e+00
-1.775385608955307282e+00
-9.850354678804593700e-01
2.413124699267953643e-01
-1.333307846171144728e+00
3.836119776231907141e-01
2.102266157389831136e+00
-1.569722642466173657e-01
-1.694778812218357134e+00
-1.709179328502111517e+00
1.817066390440904788e+00
-1.767730765824472972e+00
-7.683653315138256890e-01
2.152301446047242273e+00
1.303460142874963701e+00
2.561578689276044152e+00
-3.847678508021735166e-01
1.372056250810786138e-01
-1.657985665839958545e+00
-3.572184206483627888e-02
-2.020031096087080424e+00
2.023495173585074358e+00
-2.359007728287897621e+00
-4.989737584463217468e-01
-4.320697452644748360e-01
-1.444038609596369094e+00
-2.681703301302961862e+00
-4.398170562154650742e-01
1.599860863563937752e+00
-2.471926772742508494e+00
-8.299702919157457837e-01
8.939311851777864693e-01
1.116451541515943724e+00
-9.637567681136136599e-01
-2.005269777831593547e+00
-5.324689513404123886e-01
1.558373951612654018e+00
1.527568011102150430e-02
1.310089952617181086e-01
-2.016146953065757863e+00
-2.455366866052594244e+00
8.754659886137936553e-01
-2.653812641193055821e+00
-2.146885194755758342e+00
5.340826399155065296e-01
8.445803461544248991e-01
8.960763392019864826e-01
9.390411118051756878e-01
3.225344828142437392e-01
2.682525974185809403e+00
-1.835803104805089792e+00
1.175841333359944452e+00
-1.179954498726295098e+00
-1.762666349200821880e+00
5.054583716060837562e-01
1.813123536676504610e+00
3.621729021754656608e-01
6.764905795710112191e-01
2.201581007358444531e+00
7.403593468376830078e-01
-2.235260694280032379e+00
2.362018883263570679e+00
-9.084631062590861061e-01
1.756846271977015927e+00
-9.472069791941726269e-01
6.921595655953736159e-01
9.706379063534241736e-01
2.336037975792519372e+00
1.721833062418648641e+00
1.934917116541745585e+00
2.286481430595522557e+00
3.117993382642062494e-01
-1.169527873158778375e+00
1.149652040812237708e+00
-1.672117716699748069e+00
-5.664666514333986935e-01
3.149178653420782181e-01
-1.122568171031933071e+00
-1.685072809178977504e+00
-2.185031221757744113e+00
1.210905551369124700e+00
-1.956233472524795403e+00
1.978103341495696332e+00
-1.006004223042617829e+00
1.862639394303685192e+00
-2.130748318465041979e+00
-6.601755977096299688e-01
1.091228354259135891e+00
2.020411586736933440e+00
3.252456206422844609e+00
-4.019869932748137975e-01
7.596008374131577590e-01
1.231733509840378993e+00
1.127448778896853021e+00
-1.797209856933462913e+00
-1.893354404329423923e+00
5.752946279416453201e-01
-1.827072926293283661e+00
