-2.403798082700621119e-01
-6.543156762612103439e-01
3.680714814567001003e-01
2.362017869630954614e-01
-8.739190813101054278e-01
-4.860827582741777952e-02
-7.506597487229265120e-01
-3.598815480699844027e-01
-2.967814269384276837e-01
-3.023859293753932143e-01
-2.154452758043781113e-01
8.264824470831362291e-01
6.623956072256631522e-02
3.590222577194861486e-01
1.816403441382230532e-02
-4.898941632949547209e-01
-4.875375805797355078e-01
2.396598345058806867e-01
6.310093649797161586e-01
2.334189101146799672e-03
-7.658063390587652730e-01
-2.648352274725402911e-01
-7.313384196145069627e-01
-3.818453820219811501e-01
-3.575564755626250424e-01
-3.073593210629295136e-01
-3.642333788130360794e-01
-6.963187890974644745e-01
-4.298047471531620811e-01
8.180837089460424316e-02
-9.589674076478211795e-01
7.296893176388219437e-01
-2.610255417571099024e-01
2.019594715403030261e-01
5.914117683209498821e-01
-2.647146352287719218e-01
-3.190407615521817508e-01
3.723959782934358476e-01
3.191071312080882016e-01
-7.529238463526335412e-01
-4.097056685497928452e-01
-5.435960620834467960e-01
5.862997052644636220e-02
-4.212972101420808801e-01
-9.364752617431892912e-01
-3.514158862150498219e-01
8.335108136164586234e-01
-4.251815625517207931e-01
7.591230252882243956e-01
1.547100916728387787e-01
2.538560972758081569e-01
-4.736755375484522634e-01
-3.466040944280535108e-02
-3.159757159436311635e-01
3.657251134280010696e-01
-5.184265231209841396e-01
7.447376472325464292e-01
6.116502476832859081e-01
8.106981620497282215e-01
-4.909517875720266211e-01
8.624873249419104937e-01
3.189444666557712527e-01
6.606128607461920765e-01
5.766204452129364277e-02
-4.092887257800614798e-02
4.533391276712035456e-01
-7.427054648286657290e-01
4.435511978348347650e-01
-2.685231068698046286e-02
6.202562899684529452e-01
-3.669301383024052843e-01
3.978215131707150132e-01
2.202064593578016982e-01
2.448558888656908739e-01
5.882387047949888537e-01
-4.327785859404569280e-01
4.683759472967858883e-01
1.604062081939794382e-02
2.821226039267175079e-01
-2.500690220040078238e-01
-7.426071973250074620e-01
-8.316033362744903457e-01
-9.063636125806162624e-02
-6.929576468457157024e-01
1.774805099790432994e-01
-7.712185715442341216e-01
3.261793291642236525e-01
5.566170747846319600e-01
8.623975042040088468e-02
-7.498436497766189923e-01
7.828104577803394193e-01
-1.211879115953236052e-01
6.051312218091833284e-01
-4.976537403852767660e-01
7.237297828605286920e-01
-9.877818732029941540e-01
-6.880183914114370580e-01
-4.732209940467007048e-01
-9.405296958103632754e-01
-3.858080401250343350e-01
9.082507994142732244e-01
9.582921569612661283e-01
-4.206858937348523231e-01
2.299410862202360128e-01
-7.038056658749658467e-02
1.453687847279994116e-02
5.849427623729241965e-02
1.039925490718516254e-01
-2.882521007754828002e-01
-5.480376286748085413e-01
9.745614291107369542e-01
4.914931640951292202e-01
3.021499161826766144e-01
-8.581697946338029404e-02
-1.786296027509854945e-01
9.863546683208852528e-01
2.920481027478993852e-01
7.913347827400680767e-01
1.000558537951581339e-01
-7.959338428209530303e-01
-3.400354791660511466e-01
5.652723974756248548e-01
2.108711405014513929e-01
-8.842609773066236745e-01
8.470811335624615079e-01
9.470289998699579215e-01
9.811259623003574237e-01
-8.150242954480317881e-01
9.980960962746183718e-01
7.388672846370551994e-01
9.137448572818793746e-01
5.460300975400200763e-02
3.477504894557215120e-01
6.493041517558715281e-01
7.963390659627882506e-01
-3.746356740956366949e-01
6.998712857135744869e-01
-8.384973902864034656e-02
-1.756812220350689735e-01
-4.786233309837846228e-01
1.835994621928049852e-02
-6.415820636855291692e-01
-8.379583236557632819e-01
-1.846495220002333237e-01
9.643767064271773215e-01
-1.440726683595263680e-01
-6.622193888673975071e-01
-6.143778935764796501e-01
-8.591981057315889458e-01
5.302970190043523324e-01
1.562069402677361829e-01
-2.922785112485688508e-01
3.752247928916849773e-01
1.720733990219385223e-01
-1.091016134832012430e-01
9.649450484305244213e-01
-7.605599532348952252e-01
-5.536918335567198035e-02
-7.194062584630673829e-01
6.385855149970307565e-01
-9.404526428460635579e-01
-9.004739886894639334e-01
4.426981624453665276e-01
-9.947269431737204570e-01
1.399218861272923942e-01
-5.032878374455602710e-01
2.376254116076177425e-01
7.678183372627132020e-01
4.220704928677401213e-01
7.483048173998156916e-01
-7.242895078333158043e-01
-4.049364384784064352e-01
-3.788029201112876887e-01
-7.415560882851708335e-01
3.114676934502524919e-01
-5.884567685937689419e-01
6.579565407486349660e-01
-1.780010854701519207e-01
-3.773660619370022840e-01
3.512837492954665741e-01
-2.508385041343197397e-01
-8.907440395011323453e-02
-4.569032919231741374e-02
-8.560992633085426906e-01
-3.519792430728314603e-01
3.238509286372974749e-01
-2.986593724800654659e-01
6.568874393604695605e-02
-6.632926830307590560e-01
-1.396515603495682711e-01
-6.772409531911924851e-01
-9.419196436894041735e-01
-9.900727958734689693e-02
-4.268543224160228355e-01
-7.854509329813290641e-01
3.912545565021439131e-01
4.056103195658273819e-01
6.583303321273830111e-01
6.989082792527199217e-01
9.123833215717429557e-01
-4.584370618552116028e-01
8.186376104726718061e-01
-1.619012221654043682e-01
4.573204963269359435e-01
-3.911982108492326748e-01
-3.098984355109757338e-02
-8.345668443499338895e-01
-2.851058929614147530e-02
-9.268664983949976843e-01
-8.846071821713736849e-01
-3.127313235615529763e-01
-9.302587345264647922e-01
-2.747670447442369657e-01
-8.117004000653496032e-01
-2.642326509590515737e-01
9.439791252005540478e-01
1.104768371655362458e-02
-5.711408607758707845e-01
-2.148892390374266270e-01
6.002054047307856521e-01
-9.248441281390284985e-01
-9.265409050507151800e-01
-1.646383156712136753e-01
3.310770059401864085e-01
3.071693180831598369e-01
-7.993430337096898430e-01
2.311683849796484225e-01
2.579708174939454590e-01
-4.518929232544566243e-01
-7.061095333431417487e-01
-5.624368637572596530e-01
-7.809315697797851730e-01
-6.572613064215024892e-01
7.348318790467553985e-01
5.054226309477705126e-01
-2.794064897784285240e-01
-2.772031132641350482e-01
-5.165555879601455569e-01
8.189958347936876493e-02
-7.037257921415260853e-01
-1.700600897625184071e-01
3.145710935955117193e-01
7.815400049469398702e-01
9.949555477648086566e-02
6.326686755488368785e-01
-1.587897187618336758e-02
3.434429896697510642e-02
2.735532921499632675e-01
4.194305954348096499e-01
5.664067679680309109e-01
-5.676853956839054138e-01
-1.739088765673622028e-01
6.015992975445927371e-02
7.235819805677317085e-01
-4.672721423069774449e-01
1.578166129558162822e-01
-4.489717528703518479e-01
6.462738579686106988e-01
7.008214938708343666e-01
9.667930969435030164e-01
2.036847068330156496e-01
-2.776184640738457166e-01
7.983351936818920969e-01
4.332134558482727549e-01
-8.891334383572324640e-02
