-1.010371169253343471e+00
-5.585519394687892714e+00
3.325695536197834201e+00
-2.458315579410284557e-01
-1.342986461419919397e+00
-6.503521881557507101e+00
-3.933877810737007152e+00
-3.073560249607268258e+00
3.287915550819849209e+00
3.319752083154348110e-01
2.246579874380780328e+00
-3.852533042379219008e+00
-2.784902086011189493e+00
-8.468310237024737619e-01
-5.391843586678042755e+00
5.690315216596717462e+00
-3.795472190054582473e+00
-1.026637643405454048e+00
-3.273941948053161077e+00
-4.256518934313143987e+00
-3.635735429111602190e+00
1.385766120928559886e+00
4.816752200375102877e-01
-1.176979285630037397e+00
-4.724314021651711215e+00
2.867088912778801735e+00
-3.197895040798866440e+00
-6.932352003701350185e+00
-9.631643616635399141e-01
-1.239974322264537188e+00
-2.815328408570965113e-01
6.334970487374846471e+00
1.806789247796758424e-01
3.921895932324900969e+00
-3.639078601811232883e+00
-5.927440102603792837e+00
5.526842606806944502e+00
-5.947289626290426234e-01
-2.609461122574291636e+00
-3.325642704827034279e+00
3.891770198259070668e+00
-1.066367013984735213e+00
-3.412944440621129560e-01
2.226926038558428633e+00
1.445767362300976799e+00
5.231296720458168181e+00
-1.549406940926153720e+00
1.005899057866507684e+00
4.309511388080887961e+00
3.175278327355783858e+00
8.949838421803926192e-01
-3.621401805883010194e+00
-1.569156915163153032e+00
-3.374653010407977494e+00
5.524617362955961397e+00
1.506338645613371607e+00
6.351264905038715991e-01
-7.898821740076309439e-01
1.592405673240397945e-01
1.498472479377259026e+00
-1.924941430744525395e+00
7.809167706152803090e-01
-4.687021385345280677e+00
-2.020512404230631720e+00
-1.783899882835537909e-02
-2.268577386486985148e+00
1.665973618588259431e+00
1.984990784414240705e+00
1.464641621528841586e+00
-1.573849761678461912e+00
5.072994253941977227e+00
-1.831206577007695735e+00
4.212747329104054472e+00
2.610342562254529764e+00
-9.057002166696818124e-01
-5.623038192333187801e+00
4.004349485366237360e+00
7.654409756605314863e-01
-3.482125247689239256e+00
8.933482757624133797e-02
1.498551508006725763e+00
-3.627136936652663568e+00
-1.381302452730918562e+00
-4.551509696110889180e+00
4.263128095678395679e-01
-3.681495695579466432e-01
6.900412859877557148e-01
6.710930479278841565e-01
1.797523030341295458e+00
5.891978008517997800e+00
6.315338004012666318e+00
8.739203786563937149e-01
-1.753253413156535823e+00
1.171523592409525083e+00
9.309293578808828240e-01
4.512455075057182796e+00
1.116021072869453068e+00
2.287234935517929113e+00
2.078967375301450815e+00
1.574925995524758093e+00
3.158933563504603637e+00
3.811312763978314866e+00
-2.297254982605065443e+00
-3.903907559407326477e+00
-2.031378963224788947e+00
-2.210992595552449203e+00
-4.303774953795302061e+00
-3.584039474574517214e+00
-2.066848125725337937e-01
-1.534069883809118906e+00
-2.977468860619327806e+00
2.136531948336777731e+00
-1.234525567356126174e-01
-1.084268216253563955e+00
-4.521129236512759220e-01
-5.108868494035386121e+00
-2.087563029298746820e+00
6.279207915670331985e+00
-4.919141147229147748e+00
1.421176815764577661e+00
-2.148966716265716226e+00
4.389740801188763086e+00
-4.276696220208673793e+00
-2.253028444113606810e+00
-6.397493498706964488e+00
2.400248905578473479e+00
-3.402170226215058157e+00
-4.501647894727104915e-01
-2.347392630776155009e+00
-2.677737502632909550e+00
-2.236617696160258628e+00
-8.756022861786116884e-01
-4.145407410679004201e+00
-4.407580168831075618e+00
-3.186050010476300098e+00
4.561067674648112913e+00
-4.521809049701747796e+00
1.193711431526530697e+00
1.999446811186630091e-01
-1.662868616215520401e+00
-5.929918149186005349e-01
2.093838303358613206e+00
1.487588417401319862e+00
-5.068462266781653902e+00
2.543172397846972022e+00
6.404851756276215724e+00
-2.562824593633579617e+00
3.453381591031097209e+00
-3.840240232687216704e+00
-5.757677721939162829e-01
5.836980623460279460e-01
-4.473655011635369938e+00
5.007832862898862203e+00
-2.639724064016424343e-01
-7.341319738132692230e-01
-1.593899574894492410e+00
1.920031497027100409e+00
3.243281473348508914e+00
2.533196382848400319e+00
-5.919963626134284729e-01
-3.015001588460834436e-01
-3.453866095750473431e+00
9.520294464866463358e-04
-2.505626852691132278e+00
1.677614770636666641e+00
-7.764286848015476750e+00
-7.234218432562251611e-01
-6.685324772611829225e-01
2.554283519243290890e+00
-9.099433742011269199e-01
-3.860811037697593928e+00
-4.620497769436293645e+00
-4.491830031852369065e-01
-1.161212442609524276e+00
2.172639866353822224e+00
7.982492960701326190e-01
2.265169486863822357e+00
-2.813908843328863707e+00
-8.344311506774879650e-01
3.174282457539986169e+00
-1.863240537840689104e+00
-1.537697246938279250e+00
-4.372211161498215759e+00
-3.914331102308185595e-01
-3.229056163879995278e+00
2.051566700791332742e+00
-3.440531007663098606e+00
3.305137195258398108e+00
2.111970161483633923e-01
1.494324078589266414e+00
3.624707228638104350e+00
-1.363843612006767403e+00
3.522801936786186250e-01
2.916855459019653818e-01
1.343123242404544726e+00
1.180872012678446659e-01
-4.266426014020122892e+00
-3.154962678444055424e+00
5.357339558775215949e+00
-5.264226711706383455e+00
-1.047535214081930732e+00
4.744790170515200689e-02
-2.243533389136367795e+00
-1.376093883217472946e+00
3.814193257502902501e+00
-5.771686270893968684e-01
3.921561832282939974e+00
1.473609912886802764e+00
3.720506295731130564e+00
4.529603558542430797e+00
4.796084915300047324e-01
1.851887198664759149e+00
3.772600415722887401e+00
1.157657800408707693e+00
2.444555495953169011e+00
1.290722074247963036e-03
-1.562024878761263391e+00
-8.039312345998030906e-01
-5.888214354192116140e-01
-4.294458463402367698e+00
2.762427133897597198e+00
1.040369614504214058e-01
2.898992522175181108e+00
6.228388741641271986e-01
-3.007542052409002853e+00
-3.276020614265681807e+00
5.031543997803312962e+00
-2.251012913398103610e+00
-1.859348778029297877e+00
-1.101035624914497468e+00
-1.909084536369703322e+00
3.405231748996000896e+00
4.631199811534994382e+00
1.796585627801427609e+00
-6.388089604258851750e+00
1.840845726483542721e+00
-3.348879116612351048e+00
4.998838376531005601e+00
-2.418102503124607505e+00
1.178980540957847989e+00
-1.389363730401786068e+00
3.132566911246832397e-01
-7.971260200676282270e-01
1.431087773381192862e+00
4.899436578890574268e+00
3.810087547681271225e+00
-1.993165883436079477e+00
-9.304822464100087620e-01
-2.821747579553000929e+00
5.685031405454830988e+00
1.312246441566162103e+00
-2.995276409049061783e+00
-1.978786409385188794e+00
-1.877952011347298944e+00
9.525310494116465687e-01
-7.566935728083881152e+00
-1.369011431555111180e+00
6.110077924436014385e+00
1.802949926557744442e+00
-1.671491978886280760e+00
-3.534895928342462579e+00
-3.029112172967577177e+00
2.959851075491955363e+00
3.368517334966076415e+00
2.501036678847921912e+00
