-7.480752956180438673e-01
-1.118935560312400046e+00
1.485947508237134729e+00
7.128427131840345821e-01
-6.344669177253070558e-01
-2.610282441930894315e+00
4.712282473368487601e-01
1.469957463461089908e+00
-7.270762683521695413e-01
-8.021264496453017756e-02
-1.440551801261619191e+00
-9.725915043143482652e-01
1.011331070548182165e+00
-1.310596734104413130e+00
-5.140864087672907257e-01
1.118490186358222171e+00
2.872491554769164290e-01
-4.607293898244679831e-02
2.740926791410301711e+00
1.735356926575677416e+00
-1.982112175692470668e+00
3.136995798992986195e+00
-1.588523564690716983e+00
9.938492359726391889e-02
-3.226576157500383069e+00
-3.933900006528763260e-01
7.565362259321167793e-02
-3.242870670821182966e-01
3.318209153531825883e-01
-1.615300341457188704e+00
-1.528253240443741445e+00
1.473713772411021417e+00
1.596255898469720047e-01
-9.464481246457910890e-01
-2.800085345816985871e+00
4.536408222236751886e-01
-1.266539343226539049e+00
-2.016468912680944747e+00
-1.040953056969352808e+00
4.446219042613768768e-01
2.901731437623970011e-01
-1.237973839248762697e+00
-1.934558601214800388e+00
2.601066064884292039e+00
1.170485898179193462e+00
3.331848658134151098e-02
2.361676291430029551e+00
-1.094882003229882272e+00
1.407784686111723804e+00
-6.021623557884634437e-01
-1.952503562352356337e+00
2.260150893918073223e+00
4.705341252798239671e-01
-3.543009817604459988e-01
-1.643872663110925281e+00
-7.680763450986591856e-01
2.172202332985939677e+00
5.684525740946755334e-01
2.906496048710017766e-01
1.141465978193729053e-01
-1.221302720042438228e+00
2.267898733319442250e+00
2.793633315769622705e+00
7.222898726997901697e-01
-2.797549217543039424e-01
2.240763778326989808e+00
3.366097998718761142e-01
6.671666350704812398e-01
-2.409797604848126218e-01
-4.489712345326988263e-01
6.710178484138540345e-01
1.636558197616478250e+00
1.746437703484803095e+00
2.514152097092549276e+00
-6.076007456753582670e-01
5.372702704714484856e-01
1.176959538294453989e+00
1.983776939628858038e+00
-1.552776414948862982e+00
1.705164717848482336e+00
1.589019972867475206e+00
1.312827833941979438e+00
7.366629035354232968e-01
7.776243868059904418e-01
4.354744227423279490e-01
-2.071932241429435828e-01
6.038085051002302084e-01
-1.404701445798842485e+00
1.545999217033232842e+00
8.441941262470002982e-01
2.468627422460083487e-01
1.597583714137635891e+00
-1.577551331534696732e+00
1.892938680664812523e+00
1.514304287022336215e+00
1.204032380331578889e+00
7.581265151012597237e-01
1.928659247164353108e+00
1.301400830490821114e+00
2.419705917056119482e+00
-2.617469150255355537e+00
-2.588839994771327646e+00
2.275528644562230696e+00
8.154734839700481519e-01
-2.175893963999501857e+00
-1.426609497690250805e+00
-1.119743652191904637e+00
1.190754516208140767e+00
-2.634974358320173238e+00
1.490040305337646753e+00
-9.162349691484616976e-01
-1.094365548648348785e+00
2.615687962882876860e+00
1.357253505506424984e+00
-2.907314090909437709e+00
8.131040254408679058e-01
-7.279830247776213348e-01
-3.632748664591355370e-01
5.565294476814539593e-01
-1.176640122406525268e+00
1.220869622478237382e+00
1.104115177064491249e+00
1.460500396281958713e+00
1.176819256921816770e+00
-2.728740222079997224e+00
-1.538194126919980143e+00
1.323249161680335906e+00
1.445676262595779749e+00
1.619868126113995110e+00
-1.379737451506161783e+00
-9.678958170701439379e-01
-6.972977190560903926e-01
2.102752212539988896e+00
1.206027857770747946e+00
-1.596203309487218558e-01
2.243287156743601685e+00
-2.903936244899985919e+00
-2.695720590343393397e+00
5.380636281432642498e-01
-1.601838205117994907e+00
2.070076661537611606e+00
2.808669542931772511e+00
2.646258771880331651e+00
2.683575759058774768e+00
-4.038939819438597256e-01
8.239953706773736064e-01
-5.631417785058239200e-01
1.753800828928524069e+00
1.878079047226076437e+00
-2.656179577514385493e+00
-2.726118874540579551e+00
7.442447690112587999e-01
2.089424499116877776e+00
-9.783630413533630499e-01
-2.425227508566183410e+00
1.211942967288167861e+00
-7.035352728206317741e-01
9.569648290380300404e-01
1.172983267955474584e+00
-1.297698902313283220e+00
6.118794097667665799e-01
3.428348389367035232e-01
-2.213397718816610293e+00
7.828610622030891530e-01
-1.682976517757695412e+00
-1.608853663165830561e+00
1.357055678931307741e+00
-3.509545619488640078e+00
1.597770465634921422e+00
-2.518225038508485447e+00
-3.479626860009206735e-01
-2.169616211763325531e+00
7.282424827179276861e-01
-1.942394312279581481e+00
-1.836462455933216331e+00
8.114100927024786580e-02
1.436273359613510880e+00
2.459897296003234146e+00
2.371725832035176396e-01
1.897336619613512187e+00
1.753247979460687889e+00
-2.098111897962135153e+00
8.890922680058688243e-01
-2.846629375442369936e-01
1.159113925551054525e+00
-1.787091936242746204e-02
-1.500746077892162633e+00
-1.090337973630084889e+00
-5.332934052838707029e-01
-1.333549321211875416e+00
-2.323294803791069008e+00
-1.976539155938334513e+00
1.917064384150640954e+00
5.817848621195294001e-01
2.175100191434919950e+00
2.140123810394114479e+00
-9.328909303073382731e-01
3.367327408126351340e+00
-2.313610234687506484e+00
4.124307619129000679e-01
-3.086404926006003357e-02
-3.830003864911480926e-01
-1.730891715111797069e+00
-6.556998432683862621e-01
-2.465177953141898248e-01
1.196270102649542810e+00
-9.301101116251593304e-01
8.184438483350241489e-01
-1.168225959837015715e+00
1.895570313015680686e+00
-8.048231081321530755e-01
5.558259520851567270e-01
-4.437544024557609212e-01
-2.497237095161137788e-01
8.591314048369593781e-01
1.945925821039663495e-01
-1.702142693883899272e+00
1.355846353349792199e+00
-3.696958677377069069e-01
-5.547670039797547581e-01
-1.352925067295019490e+00
1.350593351794202146e+00
-1.011315549518756907e+00
-1.642116059577875653e+00
-6.188019730386347117e-01
-9.021889402729408314e-01
-2.509903888287716711e+00
-1.436810239641500786e+00
2.499602271688888599e+00
-1.480682948841330226e+00
-1.040219703562666353e+00
9.568338444975548196e-01
-1.572202509170687934e+00
-2.676448310635932692e-01
1.204468607854811690e+00
-6.032591925788333143e-02
-1.156810909313765734e-01
-2.024941280348873995e+00
-4.824430410990700469e-01
-1.175878722460567349e+00
-1.410214765820796412e+00
-5.035211166497470803e-01
1.304540746433926923e+00
1.038570543167284477e+00
1.638373753499767105e+00
1.744812823274891900e-01
-3.035204618374245378e+00
2.761417880268333125e-01
-1.684621738286768089e+00
-1.712500926703071302e+00
-5.212516058417069331e-01
3.311364236573095532e-01
2.068214831366392836e+00
1.369624899439481069e+00
-7.631655046574451484e-01
1.102838420451365931e+00
1.509877220182989643e-01
1.408481938853924920e+00
2.246359491664024155e+00
1.711410212318190127e-02
2.795208229007045020e+00
-6.433895740079647041e-01
-6.088783448486048133e-01
-1.786860513796048266e+00
8.645041766992193066e-01
