-5.540165864149251274e-01
-7.992267741817189464e-01
-5.970115106182383169e-01
-1.079579543002804343e-01
7.455023928337485284e-01
-6.485908956763770661e-01
3.950806636917447712e-01
1.978901463754216827e-01
5.211989667873500043e-01
7.931760932938389796e-01
-1.424319681411585492e-01
2.554739250924022986e-01
9.838458626019457309e-01
2.218941435416015295e-01
1.395142289570170391e-01
8.008441327908812912e-01
-1.792053195867739923e-01
3.452310942390552917e-01
4.138937544239327249e-01
-8.255125928328725937e-01
2.506721390817907569e-01
-2.435256895075961214e-01
8.472962698251167435e-01
-7.465026996101900014e-01
-2.750600689889830530e-01
-1.030663705871681657e-03
-1.488140280050249675e-01
3.224832431342965489e-01
3.749813290765169338e-01
-4.477916546643905260e-01
7.865833376538211574e-02
-9.851967918211019803e-01
3.825042778116631847e-01
5.550069005059989902e-01
6.733106252416076742e-03
9.623004849051675080e-02
4.380039047541657293e-01
9.176781326513658854e-01
-1.996399590829085469e-01
2.711345525597814721e-01
7.408394516569318800e-01
-9.660307590378824916e-01
7.188283075646757503e-01
5.608482743718565811e-01
7.472113381752749639e-01
-1.832540036906697978e-01
-6.655946001888886077e-01
-6.948085350744626076e-02
7.956374908407617408e-01
6.394340230274875303e-01
-8.290930583159776823e-01
8.292288858588001688e-01
-8.994186401747390480e-01
-7.584122723953756751e-01
-1.211485139793588850e-02
-3.791374449187752127e-01
-3.677882225973660990e-01
9.102827756435516449e-02
-6.577556580742280889e-01
-5.331231777880724998e-01
2.023413726075136143e-01
9.881181240517118436e-01
-1.429386264210221746e-01
4.634801228753531177e-01
-4.961749637549703884e-01
6.620308152059137807e-01
-1.483077381300594855e-01
-7.561649034167789996e-01
8.519722108682312722e-01
-7.574951723113259039e-01
2.804880066846675568e-01
8.142237447760762858e-01
6.661213874621960684e-01
-6.161329188761921483e-01
-5.315307091343404178e-01
8.330210801707955692e-01
7.173099120901649250e-01
8.358875047860339080e-01
-5.243413590917107570e-01
9.954046736462183187e-01
-9.107826173577837636e-01
2.430014641431277322e-01
5.726287230780215953e-01
-9.548504702727482751e-01
-9.030067296728223614e-01
3.711343816777605831e-01
-2.218792463166714413e-01
-3.263980645764421595e-01
9.399009234209780850e-01
-7.431365983587527868e-01
-4.344379363816630590e-01
-5.050043582247927265e-01
5.147347290076509374e-02
-1.672826659217507839e-02
-2.223655644608160120e-01
7.023423678801703485e-01
5.026103558627603718e-01
1.675424992323013562e-01
2.838002312226930446e-01
-7.560786391633387282e-01
-7.663984779400525582e-01
-2.302537665979964565e-01
6.674103317087352050e-01
1.371853403470466581e-01
-2.300884388637707278e-01
2.315204513888005078e-01
-8.229890686076470896e-01
7.866470426816578598e-01
-1.514413452366796253e-01
-7.168288969864946569e-01
1.684383115960190747e-01
5.720262142876697542e-01
9.161329340320967241e-01
-3.141771562004158636e-01
4.081184705038356508e-01
9.251006178316116824e-01
-4.182683857168987274e-01
9.397204730143382534e-03
-5.731713072228816763e-01
-1.353913338022143531e-01
-7.931737930715700990e-01
4.727310828562869549e-01
-6.930436558529131652e-01
3.427374352555765391e-01
-4.953729034886420468e-01
7.595620368326918559e-01
-8.059772312749162726e-01
2.701779862358713036e-01
-2.435283745405656397e-01
-4.681984469501325741e-01
3.038315686976806873e-01
-3.925864543056190037e-01
-3.341628026908409765e-01
-6.141522025223999925e-01
1.701026964390501828e-01
-9.745415174424501004e-01
-9.930301953134648141e-01
7.853776749307990190e-01
-6.454746722245048307e-01
-4.598603273741168618e-01
2.572197191495344537e-01
-6.348353467213867507e-01
-4.160482753204892692e-01
-8.691544830733803906e-01
-8.031454626723824042e-01
3.678519576062071472e-01
7.438216861774777922e-01
4.601037382508283979e-01
8.383009744960427945e-01
2.706613394761754332e-01
-7.992929752260578002e-01
-4.073795370410717709e-01
4.766636111638054007e-01
9.028999349212736281e-01
-7.836421676417684168e-01
4.130358189934175694e-01
6.097172440208353805e-02
2.014627995755904344e-01
-2.576625444186690927e-01
9.048685193875138921e-01
9.140523978912544756e-01
-9.473445454018896150e-01
5.137651260655313745e-01
-1.754013780695315994e-01
3.352930900393793490e-01
4.114139683463959862e-01
-7.112149780248362418e-01
5.927752939924226805e-01
9.841085957207995616e-01
2.882951865286482729e-01
9.351624274118677249e-01
7.207973747964682154e-01
-9.321118311434664072e-01
3.220943982096735603e-01
2.175034597123439717e-01
1.846809866462861827e-01
2.519410649389448587e-01
1.269108687973925509e-01
-1.804515066631431353e-01
-7.819532372181705604e-01
-8.876350287676975093e-01
-7.403690150415218607e-01
-4.026851482872590982e-01
-5.102027372714437181e-01
3.592027733957396940e-01
4.918009421148177296e-01
-9.947470258689383726e-02
-2.369386619605982069e-01
2.059357054128563291e-02
3.113203953785410594e-01
-8.817701267184501202e-01
-4.932292131242821398e-02
1.277369348036472285e-01
-7.082113253712367662e-01
2.127674360969100675e-02
-3.549289100954169385e-01
3.408215433329857547e-01
7.932157028995798775e-01
6.739456771351666209e-01
-2.173619235704715713e-02
1.658258252700259838e-01
2.095888162677050914e-01
9.847932671603794041e-01
7.092158188676869202e-01
-9.531712696720378020e-01
9.553151019022165791e-01
-8.514151132352967277e-01
-7.038786933715597272e-01
8.623144687211250492e-01
1.361660289824362380e-01
2.923001868617554067e-01
4.108333584238235137e-01
3.488864071047217408e-01
5.192758510842132580e-01
-6.677028138074434516e-01
2.397674421805617850e-01
9.919583411559178554e-01
5.079302629223736432e-01
-9.977043861479966136e-01
-7.174588933174921301e-01
-7.800867119790968474e-01
-9.996653163495763383e-01
-6.626632059098354066e-01
-2.316041240632447096e-01
5.894187590008144184e-01
3.703042176350843651e-01
9.711078645169703982e-01
7.661677411303107199e-01
6.998149081373803426e-01
-9.853675745887164883e-01
-4.302537620855084732e-01
-4.048479750388429554e-01
6.295007016971336800e-01
-6.393784903802450792e-01
9.083703197373873550e-01
1.173450066410675063e-03
-2.275583457039580537e-01
4.878728377333052535e-01
2.759767079553228086e-01
-2.178356019373328678e-01
-4.804074443286807661e-01
-7.487540464806148321e-01
9.906540890892023832e-01
3.060554446487044888e-01
-6.901463735544357547e-01
1.955361976158154214e-01
2.746558607541880193e-01
-2.565767743926103961e-01
-1.067653053077923797e-01
-2.409237406749806798e-01
-5.721179102891413848e-01
7.311797010325360446e-03
3.557001219874615927e-01
9.904129195657340734e-01
3.506014061512532365e-01
-5.081323957306049799e-01
-7.493191827836613861e-01
6.478325460734286612e-01
8.763342424329767510e-02
-3.393198473903069612e-01
-7.701827608530704694e-01
-5.770176784176896945e-01
7.248213080999688085e-01
2.415902014299755596e-01
-9.154681134841460288e-01
