5.399527721199990360e-01
1.905772550852898040e-01
1.295912582194216345e-01
-8.893410335668641142e-01
8.601926440919673844e-01
7.526519525017263401e-01
-1.267132493708385654e+00
-3.390890232902380452e-01
7.107721798602180119e-01
-1.011064977270530019e+00
1.698762278183379992e-02
9.154174598710642652e-01
6.571163878376364842e-01
-3.770994359553003217e-01
8.249893270135555401e-01
-4.092512679343685011e-01
2.188661333971614609e-01
-5.285655324013112111e-01
-4.257880968491213336e-01
6.554373234653554370e-01
3.793638665431795509e-01
8.305012371345916744e-01
-5.907735480091778069e-01
3.317910168491126632e-01
9.114832233060258249e-01
4.919938111711785744e-02
-5.723403966537636833e-01
4.535369217937892938e-01
8.699824449606552434e-01
-1.240680357881255080e+00
1.796272570350029851e-01
-1.948812951682064032e-01
-9.221446434074775933e-01
-4.776986231288652407e-01
-7.998749552078985303e-01
-7.520303966502803750e-01
-6.753758694332796519e-01
9.594703827931827522e-01
5.066777485585005625e-02
-2.307299800535858036e-01
-1.121107953332159513e+00
5.658903585308489026e-01
1.201286457915445860e+00
5.596163409043344306e-01
6.378110413230830833e-01
-7.857588161016549888e-01
-7.654964281067564436e-01
-4.284758997444566564e-01
-6.465990971551467403e-01
1.063546167616667759e+00
7.400929972395260403e-01
-6.869434203930537830e-01
-4.609106052455165248e-01
4.442859826781522248e-01
-5.272731025060650722e-01
-1.213483175171802264e-01
-5.134582079577607594e-01
-2.107331576838053500e-01
-2.574011087890342164e-01
6.935075202741003420e-01
-6.091382488320840061e-01
1.108130143343715401e+00
-1.768456887797877353e-01
-8.761269398124846841e-01
1.136103166946333509e+00
6.802824148271322535e-01
-4.148672867342473314e-01
3.638398035607380843e-01
7.396404383901911128e-01
2.610144854190182828e-01
-3.479077600440475537e-01
-8.051579703551159373e-01
1.226362370821470371e+00
-7.735453688569196018e-01
3.422270609036216493e-01
-1.008118240494858764e+00
-9.352224248667070361e-01
-3.637153047626262570e-01
-2.971358898487430622e-01
7.646812480188442951e-01
6.861338476004104070e-01
1.142434005275987929e-01
-1.292333608946185375e-01
-7.393112763449520841e-01
-7.424395179107385889e-01
2.141537364352377737e-02
-5.874970353554373470e-02
5.774074440491708815e-01
4.539789837413596985e-01
-3.044634039979179363e-01
-5.372887154894465667e-01
2.441960688619724540e-01
-4.939681851515114186e-01
3.358482384864823755e-01
-1.981793651410740376e-01
3.184598837744232469e-01
-8.988639440624186516e-01
-7.042964003247538241e-01
2.021747679951224064e-01
-1.164926581695870933e+00
-6.039638774365730933e-01
-5.746021698406720279e-01
-6.101674537962383793e-01
-2.128810318788193767e-01
-6.987730969959651262e-01
-2.769317250609943937e-01
1.035709587569104251e+00
1.415145038373041841e-02
7.310484005954137610e-01
-8.233796826070287622e-01
-3.273874040389789242e-01
6.000225703477466421e-01
9.694906664009621533e-01
-7.204943983311908884e-01
-9.220836514489296754e-01
-7.175238158792053289e-01
4.239595065859508294e-01
1.252291451390632693e+00
8.801038597361927618e-01
-2.095215449717657274e-01
8.064918548290915812e-01
9.743496430414610998e-01
7.412035621352954795e-01
-7.558384400365554256e-01
6.768113653126337503e-01
-8.680365426820957353e-02
-6.215271667352975093e-01
1.322324842710127957e+00
5.016488173600894274e-02
5.677412404670837409e-01
1.699022646955913318e-01
6.523087333920405406e-01
-3.233294726683663134e-01
2.537540239745673665e-01
-8.340226834031341241e-01
-1.445818655386523988e+00
1.276112629228012718e+00
-7.795687470145660214e-01
-3.615168712712765187e-01
2.876569317981299556e-01
3.969429624385847899e-01
-9.116906641435673642e-01
-1.042941760303704779e+00
-1.181871817797013113e+00
-2.847795356358127639e-01
-7.081132315285293410e-01
-6.410271440735348936e-01
7.771679293905666697e-01
-5.019553316845060120e-03
-6.290803379077525292e-02
-1.736622737234080893e-01
2.330085305812190088e-01
4.845434040351642713e-01
1.156357122952599847e-01
-2.932700901390318804e-01
1.173302465021750729e+00
-9.508237722793604352e-01
-1.537822818919933332e-01
-1.090726721481537043e+00
-8.157560584990599661e-01
7.542070528882227620e-01
-8.504729686306615744e-01
-7.499351907902351844e-01
-3.194321682943064289e-01
3.646866526139945774e-01
5.179008191151477369e-01
1.314996619605200534e+00
4.668525435829488091e-01
-6.008679594405137436e-01
1.391498655613122803e+00
-2.948293700214305035e-01
-5.283017082810561593e-01
1.102885713040673510e+00
9.109706111232855896e-01
-7.419184394129361149e-01
-7.417774219139845471e-01
3.367986680015288559e-01
-4.983201154915538611e-01
-2.034474615728926183e-01
-3.735726384453014748e-01
-1.072033894269278864e+00
6.387199899075286513e-01
7.402230458893230836e-01
5.277579798267506561e-01
-9.508973758401373377e-01
-7.247155664403204245e-01
1.239080547978227642e+00
-5.839809890024698635e-01
-6.303718650688793224e-01
2.351667653657113499e-01
-8.627779583647782191e-02
-4.904817594883447152e-01
2.700151857465182825e-01
-1.251822088933267185e+00
-2.156439209930136047e-01
1.020866642332435292e-02
7.791869088681926403e-01
7.397753160776023851e-01
-1.691293846528973965e-01
-2.692907368071371099e-01
-5.068263778689604537e-01
-4.149003514483212141e-01
8.922726160659046890e-01
4.710127609497539725e-01
4.951426815651390756e-01
-3.474512244643569447e-01
-6.767900630026293385e-01
5.754719009428828080e-01
-1.216580854391779987e-01
-9.515752331483098292e-01
4.829412130651508095e-01
7.874507507055024114e-01
-1.239346448456551508e+00
-1.978891993687248441e-01
-6.027785615709047029e-01
-4.744277305961833724e-01
-4.687411557846492549e-01
-8.236817870072948855e-02
1.186265961109786715e-01
-5.232639476562296332e-01
-8.381877822823688984e-01
4.434613069278621200e-01
-2.028349697168698729e-01
-4.502459482631092635e-01
-1.818914472339535904e-01
7.845794959266011448e-01
-5.340178664627660554e-01
8.010512433595892157e-01
5.945707787451810500e-01
3.513661229429202448e-01
-1.230703510821410107e-01
-2.273967923749358189e-01
3.913697098677177966e-01
6.272613736911532012e-01
-4.769316351934194120e-02
8.139738188086003134e-01
9.030853282302825358e-02
-1.921574238141233459e-01
8.541849451421259509e-01
4.621899017168862311e-03
-8.848606791524993298e-03
-1.132906203868723760e-01
1.089168433958039306e-01
1.004853394958485913e+00
6.270774554359001551e-02
-1.085527206656261789e+00
5.973948642937946252e-01
4.585148374383527514e-01
1.289052390378425894e+00
-1.239791892165393650e+00
-7.925721524071216439e-01
-2.807776746259726952e-01
-1.040362858823673520e+00
-1.084178827445822502e-01
1.698216000965494799e-01
-6.821461519785638750e-01
3.555247225219810847e-01
-1.003327648808471917e-01
4.089094637087775652e-01
7.940594929394986234e-01
-4.430018784648128705e-01
-5.209106386715222081e-01
-2.057451738958160914e-01
-8.327309931076848359e-02
2.936402253037564969e-01
