-3.074076227425408536e-01
9.155912704281763403e-01
-1.529090449967149823e-01
-3.756149178865362259e-01
-4.902811295339797315e-01
-3.018824449120960374e-01
8.216484069372433918e-01
-8.940143977982395462e-01
6.211792162969078657e-01
-6.912318139956636909e-01
-7.084255720274610368e-01
6.973923565118780310e-01
-8.148485193845189656e-01
-2.085225473621843406e-02
-3.465877670897832274e-02
-8.979996714045639372e-01
5.014614295221608842e-01
8.678395477249978285e-01
-4.407331879272107233e-01
6.299396634143406004e-02
-5.598686849689389344e-01
6.189996755397499939e-01
-4.584856208038907699e-01
9.876094759825275737e-01
-8.210580203216077955e-02
-4.572359683850502066e-02
-3.340322034161207210e-01
-7.713956867604832013e-02
3.372468607762335591e-01
-2.173311785513669658e-01
2.371679470824505920e-02
7.080884896778192328e-01
-6.872929636746971660e-01
1.873296231199963469e-01
-1.446702531344590259e-01
1.190546108737828845e-01
4.197099678149718294e-01
3.230920034483975023e-01
-5.756292746256521653e-01
-3.737554580786912606e-01
5.850763878518350225e-03
-5.416669729301049063e-01
3.587883042745232398e-01
-6.911012193697492201e-01
-5.693238844079606675e-01
1.178543192938219519e-01
-8.945742363212805248e-01
-6.904536851404508013e-02
5.848661870437963373e-01
7.774299593987497037e-01
-5.628679240006035922e-01
5.940664599378293609e-01
-6.824632336365556995e-01
7.036541856649631832e-01
-4.120875919189761483e-01
8.767529100744673176e-01
3.827799584908042618e-02
5.746845742929957979e-01
-8.565908758627656105e-01
-7.230282033278689902e-01
-5.606302028192673426e-01
6.175388519423048450e-01
-5.793313406752549355e-01
7.737917329532095767e-01
-2.277669831098323439e-01
-5.749028702291039128e-01
-7.242131539785050531e-01
-3.608320749532989424e-04
5.684121953548930684e-01
-2.288115176569003317e-01
9.307602960596372821e-01
-3.618590099123499826e-01
7.995781240074748553e-01
7.938178711305601265e-01
-4.020618381600569169e-01
-9.452246583683787673e-01
-3.828383577093361634e-01
8.614156192238699994e-01
8.067916875576028879e-01
5.716534353553817116e-01
-8.135060609387638753e-01
3.616910160663020513e-01
1.637612473162721738e-01
-2.676027091625954313e-03
-6.011323753644459700e-02
-7.427703568203414264e-01
2.187387341804249985e-01
-3.378938973598393236e-01
1.455810566201647394e-01
-8.412036134884248728e-01
5.787990474720383638e-01
-1.980610234316235729e-01
-1.648909810429977085e-04
2.897286718693550256e-01
5.922835336457930033e-01
4.592999146905787367e-01
-9.150863243162399296e-01
6.437545161170601382e-01
6.756956840206236325e-01
-5.995820521529284797e-01
-3.507434643193974022e-01
8.452725690796407676e-01
7.616997652331602975e-01
2.537681016987070048e-01
1.634526714736999065e-01
-5.996553580908792203e-01
8.141916900372709875e-01
-7.582740370165521604e-01
-3.112124818226644773e-01
-1.663800618668613840e-01
1.330973218211959352e-01
3.743628549093136471e-02
-8.825398099569747856e-01
-6.460483485298955664e-01
-6.862516495721311394e-01
1.796700646454836292e-01
-7.205857598117666463e-01
-3.297463692659112766e-01
-4.761087857958170577e-01
3.977193403871046584e-01
-7.032111285413489288e-01
7.726759956354107839e-01
-6.891399769288364396e-02
-3.359288624061118611e-01
-9.578313991041902398e-01
7.515397156888492525e-01
-6.175950614437462072e-01
9.863248376339150969e-01
6.826166702251144081e-01
9.811555272099881098e-01
-1.328537028115170937e-01
6.708892689189491776e-01
6.184319328927474491e-01
2.573000941042304923e-01
2.574070840957967121e-01
-7.429329965532249780e-01
3.872991366830409454e-01
2.759919933954724236e-01
6.502992041998634232e-01
1.726378779345199010e-01
5.737427399767165426e-01
-6.837940388844931938e-01
6.067973866591256371e-01
9.965650930165113053e-01
-1.728029347602808574e-01
6.492330444490022057e-01
-9.313551951435674603e-01
-7.197173231281244199e-01
9.423882092509652253e-01
5.956367260160366772e-01
-1.576068962195427137e-01
-3.161393406448491650e-01
5.772930766598121100e-01
-2.061976101410945006e-01
5.738288023620132794e-01
1.031056588960526099e-01
1.079741239295421984e-01
8.238442815266961983e-01
2.987728562342102379e-01
-5.327081631152883467e-01
9.404759056528066985e-02
-8.610616917687883287e-01
-8.958369964996018009e-01
1.140476029932377955e-01
8.309481990745661850e-01
-7.361029776147547388e-01
2.778017778262096282e-01
-9.001150716866810342e-01
9.537575466145049585e-01
-2.135581995665929433e-01
5.058343757544523367e-01
4.788705541321034431e-01
-1.348403845480221630e-01
-6.043268435455129151e-02
5.968872574175638768e-01
-8.951861845671915674e-01
-3.446685089806755808e-01
-1.367929062683037600e-01
-5.815353454622065321e-01
-2.053301671015199670e-01
-9.277105895941915037e-01
8.526208735820701712e-01
4.938430067164829573e-01
-1.481995666583337812e-01
-2.694772730669252603e-01
-7.299441044701151515e-01
-4.715769016458284391e-01
-6.331118446805295008e-02
-3.139022679611427336e-01
6.810987804251307232e-01
2.567094045742059905e-01
3.096187075695417956e-01
-2.111296279376817520e-01
-3.357610002961552986e-01
5.865669083171574094e-01
2.773089741099057370e-01
-7.597517359062111453e-02
-4.004905500515993921e-01
-6.214231972333286169e-01
2.769931803888789901e-01
3.284105441621598676e-01
-2.906956727226637227e-01
8.685559009686913967e-01
-4.021445186946488448e-01
-5.530822614515633617e-01
7.696994902668374827e-02
-9.539395998035224977e-01
-2.589693887968012032e-01
4.166718011921433096e-01
8.361373575633848088e-01
1.509527885840238337e-01
-2.567500222842671320e-01
-2.922770950018502845e-01
6.084081828817748949e-01
-5.732708723523514127e-01
-3.175737209323228338e-01
-3.704269979763441523e-01
-2.458759940421906265e-01
-8.348994383552610365e-01
9.279568025973221612e-01
-9.716842234254083888e-01
5.030327975932522566e-01
-9.738592694549443873e-01
3.823610199786608987e-03
-8.404037884442050466e-01
1.159859159226601655e-01
2.862028443914332865e-01
-6.471787831815145609e-01
-5.932985332940483580e-01
2.350967080429535727e-01
-2.525459965912408844e-01
5.536393172100859683e-01
9.439987756664860452e-01
-6.451805273628961057e-01
9.349936125735758274e-02
4.676964171445725515e-01
-7.261677046827703652e-01
-5.434448046236330931e-01
1.676360251589747996e-02
-9.392691258794769738e-01
-3.672924868110158947e-01
7.194247445034385180e-03
-2.922844841931417914e-01
1.116700498439542333e-01
2.130675745666663623e-01
-4.801138573631624773e-01
8.751386276396035946e-01
-4.703461888255713319e-01
3.117226535945403221e-01
-6.826685294709500251e-01
-9.793381422917279977e-01
-4.209872861502099717e-01
-1.524796300261130888e-01
6.647016504625335998e-02
-9.311195394551234905e-01
8.304013954893529892e-01
4.982300555811489673e-01
1.492309698927585249e-01
7.826981003569239981e-01
6.954053363675070099e-01
-9.530575106386700579e-01
8.700270254498276845e-01
-6.070785841899648538e-01
2.551337989181492460e-01
5.953187656000511474e-01
