-2.220140091815831218e-01
-1.179429897734318722e-02
-1.778944479117152699e-01
1.419797290758361696e-01
2.193016680540852414e-01
5.979606467081444166e-01
3.697956453600876880e-01
-2.335334271448291643e-01
-2.615320132707192879e-01
-3.724919712187488297e-01
-2.441838959987502056e-01
5.382433025852029207e-01
6.818332860756504132e-02
3.147031506744003559e-01
-6.500123497494342262e-01
-2.391560122956066792e-01
-1.529509119319614197e-01
-1.655436631807660763e-01
-3.999414716279193205e-01
-3.972260025943749606e-01
2.516624673809241264e-01
-8.741328673610240241e-01
2.859078791437789091e-01
-7.677989639943681999e-01
-3.178135515674346268e-01
-3.231906795129877441e-01
-3.973368462558484748e-01
-2.353044976825018897e-01
-1.483865298173341341e-01
2.777126576534526547e-01
4.033980091664784995e-01
5.915552688459613240e-01
3.751879646283929892e-01
5.141648293535706626e-01
-7.262129344297307831e-02
-1.298555570659971625e-01
-5.122588319216578867e-01
-4.856818165976504176e-01
2.532397024967406596e-01
-3.456697153065444450e-01
2.572398066418775109e-01
-8.676422974053068504e-01
-3.070360850893677496e-01
4.481843612572963265e-01
-7.843956996118084390e-01
4.377593544998512609e-01
-1.124168879259109244e-01
2.349199569841411428e-01
1.839989639619432626e-01
4.293354662726611148e-01
4.035549515124335906e-01
7.167919119381676030e-01
-4.727406815595706080e-01
-4.807267608462415520e-01
5.334452704367975695e-01
6.196798421802867107e-01
3.908786939824422657e-02
7.363406766232158951e-01
-3.977933911662795419e-02
-2.382882004068438420e-01
1.200625898217674847e-02
-4.248923437649866908e-01
1.311944984080737342e-01
9.747629369872634619e-02
3.594584093392718671e-01
-3.341567663590371273e-01
-5.126442508743493942e-01
-3.625695421376712302e-01
3.240187739248459042e-01
4.429919525031411620e-01
-4.241586810728266710e-01
2.521955985917447851e-01
-8.867614503181009411e-02
-6.314856408501186014e-01
6.204594342249059036e-01
4.993323085969053610e-01
-8.631821163866015834e-02
5.192817099910667089e-01
2.852462046795932737e-01
8.634070293190015954e-01
1.430194199123667742e-01
-2.510593612162473898e-01
7.053925062020571790e-01
-1.252701118363908073e-01
-1.144939014295233148e-01
-1.039596429845815462e-02
-5.409575389866763118e-01
1.480899456644225176e-01
-2.604021118414823199e-01
2.258765161261870325e-01
5.485642956249454638e-01
-2.892953530938247031e-01
-6.477638023282465962e-01
-2.040525018213970865e-01
-3.150984240371598188e-01
4.360652544834379141e-01
-9.231101517945178303e-03
4.631232396064259849e-01
-5.417950341067083730e-01
-3.974437468513192240e-01
1.837264212058894453e-01
-4.660701924151536835e-01
-6.657710751545820038e-02
3.687994983809782523e-01
2.004907893167084953e-01
6.551028021482658836e-01
-1.977645126911976026e-01
-2.293059580135434206e-01
-3.407629197450161018e-01
-9.039555092415689774e-01
2.502492452611316809e-01
5.217438058750700769e-01
-3.319741477771916971e-01
-2.896778117733023183e-01
-1.446868595840471450e-01
-5.138998210996789662e-02
9.813618154934450333e-02
4.745011902909903601e-01
5.657767781426510378e-01
1.937774451312504753e-01
-8.613004971953870659e-02
5.161702324522776664e-01
-9.430347926719410134e-01
-1.640374811760674234e-01
-3.125712090998050696e-01
-5.938816266780189146e-01
-5.975195628197942366e-01
-5.076030838334384399e-01
2.251625573054978346e-01
1.810165864809612779e-01
-5.594840656702395609e-01
5.245035540786884276e-01
2.272490344693956776e-01
-3.150582612630511981e-01
3.963710649502505401e-01
-6.985637518163254622e-01
-2.203729467650999974e-02
-2.033830703533747730e-01
-3.464317933776772662e-02
5.603824109666433184e-01
6.524955576203841923e-02
-4.497620660627805744e-01
4.251431451023246488e-01
-1.267710603804469427e-01
-9.726970972262740656e-01
-6.406037538049718094e-01
1.374524349364020237e-01
-2.148734639880368613e-01
1.232834041104309275e-01
2.621582820612468057e-01
-3.383896969803406041e-01
3.951221467156218470e-01
-2.911381648013700030e-02
2.640144674529183444e-01
5.301063428481629369e-01
8.532110212424456330e-01
-3.756098903860973781e-01
2.956585343489731565e-01
-6.736733482671498630e-01
-6.696008530130315162e-01
2.911851202198553201e-01
2.096196106533394499e-01
5.035349667764793535e-02
-3.573095861741444335e-01
-1.669348873862757099e-01
-1.449580088621713614e-01
1.071642452810867563e-01
-1.803122750330641844e-01
4.057245333445163027e-01
-5.373033797886996865e-01
5.751035963757193947e-01
1.962218043868261264e-01
3.145849024570773755e-01
6.582228133231204925e-02
7.391452348897656344e-02
-5.627015009387781319e-02
-4.064878437633849817e-01
-2.039697957350631585e-01
-1.165063963159641836e-01
-7.243726420613536554e-01
6.260864846029992048e-01
8.419974941351396902e-01
1.989340670155170798e-01
6.041215623817874913e-02
-1.575296088967369501e-01
1.689136832508930652e-03
-8.154310514361582385e-01
-2.486741053392012013e-01
4.339261973723396171e-02
3.445353709377917406e-01
-7.391487892020098815e-01
2.655805081254299926e-01
-2.417975952076796831e-01
-1.975814109099571780e-02
3.530481987481763340e-01
-7.995784803765954019e-01
-2.519385660554234185e-01
-3.375974003982702421e-01
-1.162566553964959337e-01
-4.389780181368661549e-01
6.445810500056092796e-01
-6.322318273693023905e-01
2.957306351475114115e-01
1.399280927065080227e-01
-6.799366174103138594e-02
-4.520907131220252562e-01
2.537948971792473030e-01
5.132880432118200886e-01
-3.424873067751718070e-01
5.587709278810890634e-01
4.870794053537464419e-01
-3.282556194676145012e-01
7.193663737874731456e-01
1.243434289497751810e-01
2.523956675889359458e-01
-1.268164976144286471e-01
-5.801317141070365668e-01
3.621858931897585787e-01
6.001806687985946631e-01
-6.609763005652149470e-01
-5.214969035090013527e-01
-1.760838248692747354e-01
1.022059317241769127e-01
6.205006727079982465e-01
5.185589529179768231e-01
-1.636283967674913575e-01
-8.041782736331231085e-01
-2.360657508238413471e-01
3.402809149264259259e-01
-1.081238009185149229e-01
5.963509584880135606e-01
-4.721710687830189546e-01
2.291595962845183188e-02
-6.813354852851727372e-02
6.205650350323874687e-01
-7.774399437830482595e-01
1.523935088204029231e-01
7.229224501619336829e-01
3.891942698739052631e-01
7.665408931613851840e-01
-3.317611582100790102e-01
-8.609220906685006725e-01
6.273603341461968519e-01
-2.115701908716592916e-01
-2.084131677230090240e-01
3.224178514607848323e-01
-7.562818693253336999e-01
1.254507218584849926e-01
2.926504721171407919e-01
9.710735815104154511e-02
-5.449491869663305454e-01
-3.115701838045521477e-01
6.571262388107741437e-01
-3.560977140172350008e-01
3.800756069786004332e-01
-8.310450211012287980e-03
7.635476727484074022e-01
5.962640548218373082e-02
-3.716349490618166551e-01
-7.188898896442387221e-01
2.045966211191374562e-02
-5.329162739660191495e-01
2.924695809247225275e-01
4.065463977085019276e-01
-7.488650254553350649e-01
