1.422087918113791760e+00
5.483737513468981417e-01
9.372211194630499786e-01
-8.403610211251815176e-01
-5.347920965568878637e-01
-1.503737649778138064e+00
-1.397162196251371835e+00
-1.361123192101123314e+00
-1.094451479133967675e+00
-3.272137044165522868e-01
3.342343131487311991e-01
1.841030271538983243e+00
-6.639129876172232825e-01
-7.959637108446825371e-01
-8.119373952670020378e-01
-5.629305239232037517e-01
6.021051303025531931e-01
-1.217228314905698827e+00
-1.153813720696070799e-01
8.085348586472947963e-01
-7.852502422785742064e-01
-2.933106173194465205e-01
-6.893864811763820155e-01
6.059862270735910661e-01
-8.920409462989682403e-01
-3.778642424452094417e-02
-9.648572772593971836e-01
2.232134362927578053e-01
4.428020374163741391e-01
-1.144534026674960625e+00
5.198432705457223246e-01
6.241659998417296018e-01
-1.118942775803128065e+00
8.023176742094310088e-01
-1.018661497299168328e+00
6.563846853982778784e-01
4.349780258001328948e-01
-2.129664685311216665e-01
-1.088604340293958472e+00
1.753663932617997023e+00
5.623488787266834876e-01
6.482108282466079174e-01
-5.638421400255686500e-01
1.059190565662515793e+00
7.910676650555015232e-01
-8.786633474211080763e-01
-9.988652850211765521e-02
-4.818342374599827727e-01
-9.707714157503155583e-02
-1.057077172724685266e-02
8.133272671929320241e-01
-1.124983534671013530e-01
2.580019618823048422e-01
-4.212761545801934071e-01
9.097870456054618638e-01
1.320494807610026466e-01
-1.024293856656222523e+00
-7.069142399617789341e-01
1.290313009130723998e+00
-1.324837639825739988e+00
-4.876823178041723716e-01
1.075969318353587223e+00
1.525019332108888515e+00
-1.238340252830804067e+00
8.418683157063894251e-01
7.194218811421158044e-01
-6.174754547431317020e-01
-7.548872582545078647e-01
-7.046113501032569282e-02
1.297752025080636251e+00
5.547309168938003854e-01
1.026585450894709428e+00
-1.124050080447714706e+00
-9.665141060789518290e-01
1.115004946832892418e+00
-7.867499450311696840e-01
-4.227654035959493850e-02
-1.895110208482834180e-01
-5.532859529950586719e-01
6.966951545361900200e-01
-6.685357562709095536e-01
-6.934502154929537143e-01
-5.132234884813062781e-01
7.424467320944827531e-02
-9.072987338713774941e-01
1.649588838375805055e-01
6.754306781757797307e-01
1.772692431097920629e+00
9.110937508554841635e-01
1.184536816101505519e+00
-8.194715705379042037e-01
-8.347608769827931097e-01
1.470054678035187745e+00
1.182339776323313885e+00
-7.262736385731738409e-02
9.556583417505446487e-01
3.188258442895052225e-01
-3.360567014333423197e-01
6.656857043371661176e-01
3.966814341006930089e-02
2.067722421055305793e-01
6.994714869610005881e-01
1.319617248150175337e+00
-1.300474805205279916e+00
-6.487040418405566333e-01
1.670472217206178112e-01
1.687745362361688262e+00
-6.577174484509759056e-01
-4.192301059297133259e-01
-1.644628172420683931e+00
-6.885718738040458309e-01
1.355420743894000246e-01
3.599070201993159746e-01
-1.721567055047732442e-01
-7.595303116953437961e-01
1.073934823754246093e+00
4.736020303372052709e-01
-5.820488456602824767e-01
-5.470260434618499090e-01
-1.797067297851358436e+00
4.427281169329708721e-01
8.526909188908968762e-01
1.096087997066604647e+00
-6.770015685849014586e-01
-1.193114644339331232e+00
-4.694627652662158868e-01
-1.557637221895727064e+00
6.926987627064828956e-02
1.073622826854763623e+00
-4.107921018196629692e-01
-5.907615958983920557e-01
-8.675627967172663269e-01
6.630035988999007923e-01
-3.142704689988673472e-01
-1.102701289317931099e+00
1.071709338831146052e+00
1.019838814492952661e+00
-2.472727477407833385e-01
1.766789325567720281e-01
-2.008200403062510020e-02
-1.076087342292458615e+00
1.312354049782238352e-02
4.881934438491747352e-01
1.836936855665173507e+00
-9.202035440205186267e-01
4.011114403302673548e-02
1.116877078224381981e-01
-1.307994040947268344e+00
-1.366900928524810599e+00
3.103936653219029340e-01
-1.376244220670663765e+00
-2.577961051515398339e-02
3.610992041038620926e-01
8.503401540029488226e-01
3.685405174136758832e-01
4.912188781911620561e-01
-1.169214592989991530e+00
-1.500368295278371455e+00
1.245588973662475452e+00
-6.811260001130564623e-01
-7.480427064995173181e-01
-1.274502958235654848e+00
-5.551954465009865114e-01
1.801858930104514034e+00
1.280128868521367425e-01
-2.477213115742349370e-01
8.851675195701591559e-02
2.994787613891416456e-01
1.168114174032516939e+00
-1.614502681770610071e+00
-4.859847340298146801e-01
-1.599027259295014325e+00
-1.250349227999458579e+00
1.045838610208749131e+00
5.029432590177510543e-01
1.130258097869631717e+00
-4.279940144874131436e-01
3.284738276330723128e-01
5.093666728046473136e-01
8.191061723988191101e-02
2.063008595169162351e-01
-9.727036225962963911e-01
-9.652604477610327027e-02
1.299664545919341663e+00
1.038812329712224258e+00
7.992988133182438171e-01
-6.582301668857118981e-01
-2.588806546090649530e-02
8.877829180185589086e-01
8.693624629629000955e-01
3.876846070906448949e-01
-4.807550629657387775e-01
1.136041221234804777e+00
7.450955953876914339e-02
2.290581118443391073e-02
6.505136969502259836e-01
1.097505899486333814e+00
-8.704515954744956874e-01
-1.033258098296812699e+00
2.785140956295996117e-01
2.405779469730225939e-01
-1.296245664645509166e+00
-8.583095708578569738e-02
-1.323498092005301885e-01
-2.114321351869781207e-01
-5.936518925165614746e-01
-2.875883602905626724e-02
-3.765299891929317910e-01
1.751371863506286042e+00
8.974404151211267111e-01
1.014143330522944364e+00
-1.508570670343906128e+00
-5.518433565926638140e-01
7.321104983538978539e-01
-9.532652071769095459e-01
-1.163067232454192634e+00
-1.614182790472473261e+00
1.320495372316698113e+00
1.582177885071295309e-01
1.525910063922355953e+00
-2.519008688481682023e-01
1.136119448784090658e+00
-1.516469802844782055e+00
-1.078724805334363435e-02
4.438159123952104546e-01
-3.462263205136800748e-01
-1.036795486409913369e+00
4.526112909775952264e-01
-1.318239824280284855e+00
9.379481523232092721e-01
-1.620628808204547244e-01
-4.642017964833078381e-01
-9.866775458525511855e-01
-8.397887165414729127e-01
2.580140138514349646e-01
-1.140815176369184281e-01
9.214678665255369161e-01
-5.489532232786830113e-01
-1.321304380242939835e+00
2.999588270784192545e-02
5.441729999659765671e-01
1.070105430714156203e+00
5.200977583738205512e-01
-2.714533235211946671e-02
-2.009264552663585224e-01
-1.015050460979242120e-01
-1.132683150171512665e+00
-9.832329017548833150e-01
1.071842855599682842e+00
9.062239640789018225e-01
-5.812056663892830599e-01
5.759240603376771794e-01
4.930678109696445821e-01
8.130091093386994094e-01
9.736078935399318235e-01
1.920140920284636454e-01
6.955602682794639335e-01
8.245371448625270494e-01
4.818577908312350333e-01
-5.874940070216361221e-01
1.610328358583620778e+00
-3.548279047165561195e-01
-2.524382889292767773e-01
-3.813591861447811482e-01
2.690077192034623366e-03
