8.373657935735517199e+00
2.820773956252450532e+00
7.075814945242910881e+00
7.248367723394504303e+00
3.376591571327734354e+00
3.535130250954734876e+00
-2.021109328744161715e+00
-3.323334744451631906e+00
-3.242051653280930701e-01
-7.856800481141364756e+00
1.776465108093209011e+00
-5.497678734680340185e+00
7.901249342690285005e+00
2.517498058141941719e+00
5.832781754561532139e+00
-1.594451460727376979e+00
-7.907866575659499908e+00
1.569764993941697162e-01
-2.926618429008243538e+00
-4.702370928569401087e+00
-3.391034132924945599e+00
6.535147255906853303e+00
-2.552314637570468392e+00
3.187523151811033628e+00
2.295529432272773285e+00
-5.555341320628960133e+00
8.220647824889532274e+00
-3.152375712518107331e-01
6.315646594130325253e-02
8.195995513324319859e+00
2.002079366246173109e+00
9.645517273253678692e-01
6.135728341395884300e+00
-5.456361793174016483e+00
4.181984871069222898e+00
7.114338754114511332e+00
2.834098636117658110e+00
1.858563479357397075e+00
1.383779895279043437e+00
2.126540037633685820e+00
-6.078633740704096233e+00
-2.962791979198224901e+00
5.228309497583102150e+00
2.677154550023520319e+00
-5.356762639778951396e+00
1.619663321967899083e+00
-3.162377833791299775e+00
5.042113587487536464e+00
1.141720429860430652e+00
3.276745774987250392e+00
3.236046310295763284e+00
4.675054430706223063e-01
3.632305910912942970e+00
3.317882174986162447e+00
-2.551939878855611799e+00
-1.442202604950792111e+00
7.642947016132171534e+00
-5.930601821822261144e+00
1.272954803339034990e+00
-8.694394439640554140e+00
-1.390320901738725468e+00
7.190324352296058485e+00
-3.756218944035091489e+00
-2.858124422203980330e+00
-8.501160030377900023e-01
4.834774042467250510e+00
6.089684376063426718e-01
-2.996567785806123929e+00
-8.993162030661572715e+00
5.370164423242361096e+00
-3.738463693759395134e+00
-2.837819531912072701e+00
1.772541895814048196e+00
-1.109590415780975503e+00
5.905869031788028245e+00
2.703879751639219897e+00
-7.222727965223676883e+00
6.827300883762378980e+00
1.403603535680081116e+00
5.105328935507470689e+00
-1.670197252338342653e-01
-2.017452079772493079e+00
-5.470094938106117688e+00
-5.165971223225179543e+00
1.537319165902601981e+00
6.327717168362975153e-01
-1.780623627408457921e+00
8.616872935286227220e-01
6.489234621757649535e+00
3.982027647347054167e+00
4.071901273324126436e+00
-9.504502116266185796e-01
6.257998199310281784e+00
-1.704156318005855208e+00
9.480552328958481711e-02
1.076688457615614603e+00
-7.058607737252091674e-01
-3.583302618904263603e+00
1.713725604246811862e+00
1.507987749771086294e+00
-3.241204199365808059e+00
-3.929260584726638861e+00
4.272955733478502438e+00
2.785163393638517615e+00
-7.291728035332023516e+00
1.682984171547935892e+00
6.851076410146203166e+00
-3.597924864649008292e+00
-2.289370148569850993e+00
8.345200892316955166e-01
3.532225574728613537e+00
8.742550034427088335e+00
1.189736803931707304e-01
1.697907835583143843e+00
-7.717999862029912173e+00
2.718709315938774740e+00
-3.001370204793117225e+00
1.083752331559818094e+00
-5.725189077345212318e+00
-5.409080547805653616e+00
-7.196289773905830245e+00
1.502627630544947079e+00
-1.531562424121970523e+00
2.618094465496958900e+00
-7.532124557638775642e+00
-4.523176307175708288e+00
-5.273953341810967643e+00
-4.910731022272615931e+00
-2.289560420443263578e+00
-3.014779229095204016e+00
3.355372035202829117e+00
2.253992307161720277e+00
-3.878085788812510870e+00
9.893092738597010216e-01
2.946816226212088718e+00
-3.693861584508545626e+00
4.524987205719627426e+00
1.917133266178944195e-01
4.972629543473262359e+00
9.748941976191416448e-02
-4.113434790693398568e+00
2.042227023931594498e+00
2.026776749399298083e+00
-8.386358868472282069e+00
-4.550220694442627334e+00
-4.592508485637376126e+00
8.831074783048688204e+00
4.170149878136895083e+00
-4.092867102476726693e+00
2.435352245309818087e-01
-4.364638954158196471e-01
-5.355063880318131631e+00
-1.110121706296091526e+00
5.165536360900117252e+00
-5.830727386909286381e+00
-4.362133624062970227e+00
-3.192552181804913403e+00
3.924602620649200624e+00
7.726903865050488429e-01
4.040241003814097454e+00
4.503002420638924086e+00
-5.209067730865538870e+00
-1.652326657201813376e+00
1.045310963674093152e+00
-2.938028080498263250e+00
5.381543835858104252e+00
7.898638864453271680e+00
-6.032795029175454182e+00
4.460315996958547302e+00
-1.630257510635193086e+00
6.466475428220180177e+00
-1.615797928805377870e+00
-5.216403390126208350e+00
3.280759257758575131e+00
3.701544400634877441e+00
-6.519833544425558181e+00
-1.358340591636503891e+00
3.126731593540512222e+00
-5.235439325793450394e+00
5.255698880966996001e+00
-6.378961825296511456e+00
-2.120345512221491369e+00
-2.076750194900899515e+00
1.823506558729023563e+00
-2.576964430900416492e+00
-4.615889936857932696e+00
-2.693411101848618650e+00
-4.401127167100767679e+00
8.431296826994676863e+00
-7.298642738394826024e-01
-2.409486965266632641e+00
3.947226853262021162e+00
1.855101448994040725e+00
2.834260817688901479e+00
-2.584895548782265351e+00
-5.449268625122091758e-02
1.491628108570015598e+00
2.147912597035361859e+00
2.090521298824301155e+00
2.116956900935929031e+00
9.041465970137261721e+00
3.551200588213776044e+00
2.037491431202039127e+00
6.749977662435484582e-01
-2.452084821651949742e+00
3.387418329361676861e+00
4.167086587489036154e-01
-3.812020008205294630e-01
2.029557530546358901e+00
-6.396908955606496860e+00
-7.819986738708539775e-01
-1.966220693934487507e+00
3.628854826710447234e+00
5.635477931145111086e+00
-5.543812075806615169e+00
-2.495828541532846057e+00
-9.890883422324683316e-01
7.073343301606459299e+00
2.719386459774154385e+00
-1.625909072467900618e+00
-5.348354498737645235e-01
5.301313573206704710e+00
6.331562252382710199e+00
-4.924057670715164647e+00
-6.307690809582958913e+00
5.876191950924434693e+00
-5.115169229230347447e+00
-2.595971327794049710e+00
5.582435868262470180e+00
-1.197672123208281114e+01
-6.165878719896630500e+00
5.720285033669789243e+00
6.083150684950567211e+00
3.587204592808050929e+00
1.106728719501471669e+00
3.545284776736774557e+00
2.243960444378569341e-01
1.056624672355536987e+01
3.386538039451106652e+00
6.055227964948496355e-01
1.023205088821161901e+00
-4.601376331439024803e+00
1.713476224280358506e+00
-6.445483688358923935e-01
5.893691858402434036e+00
-2.976835078537575008e+00
4.878349252293097571e+00
-7.416644889424107712e-01
4.883164561511748047e+00
2.093772256842115986e+00
4.526093077954999266e+00
-4.556503504044925990e+00
-9.261667932203492271e+00
-3.277441182314662527e+00
2.213520685182027492e+00
7.407472567825547749e+00
-2.031872333198065039e+00
4.939664101001399743e+00
-1.217282099467710044e+00
6.104968514503409160e+00
-3.036191669338917265e+00
1.918762980800050033e-01
-4.650750034269815814e+00
2.069911935388507374e+00
-6.558578105766204480e+00
