7.111802056658602655e-01
-3.090404051489585857e-01
-1.024969012303698079e-01
7.078711172225355952e-01
-8.957668683727924019e-01
2.818736273347692833e-01
-8.482227079254223145e-01
2.192270436504784037e-02
8.743200437739053754e-01
-6.660792342802248633e-01
2.058985989643025150e-02
-5.424823778035745558e-01
9.485900540833376304e-01
9.943394230092568176e-01
-3.159515485729709194e-01
5.647168010656535841e-01
-8.958435812376759344e-01
-5.915638400921121587e-01
-2.915259952387367903e-01
6.676829965313977322e-01
-3.416956919210138999e-01
-3.721853564139578907e-01
-5.909812338118158870e-01
2.379901228844214511e-01
1.255133957828293845e-01
5.955070228735590554e-01
-7.020233532326840553e-01
-5.542822723739135871e-01
2.868875676266067209e-01
-5.811473618042479750e-01
7.236629267800707144e-01
5.851225096361820643e-01
8.281204919582108026e-02
-8.696111757946458631e-01
5.542842581341214103e-01
7.197338368125627550e-01
5.199288095228931095e-01
-9.306249417596641482e-01
9.470775920362723976e-01
6.893095664108859211e-01
4.725974148364358030e-01
-6.370297181908006756e-01
-3.308956260697135665e-01
-3.384054257516577735e-01
-9.842302354049525803e-02
-2.669382511956439608e-01
-1.036031018389005354e-01
-4.549507283484186537e-01
7.170502242121463699e-01
4.658180249944894324e-01
5.897238624790785977e-01
5.539499155129563590e-01
4.282300519665522831e-01
8.450325805126066570e-01
6.815976897099762510e-01
2.233086378335569222e-02
-9.013057474643593192e-01
9.286518538671519885e-01
5.512764575819415480e-01
1.889846084352235778e-01
-9.219459327913106517e-01
7.593423645051613491e-01
-7.713945837782913983e-01
-3.560245237235044602e-01
2.392604580450763407e-01
7.327541327185023157e-01
-5.393464904919829106e-01
6.844732040942382856e-01
9.577555448971257768e-01
2.947799231459351521e-01
2.335756526408376832e-01
7.245216563595564541e-01
9.203576794896584090e-01
1.244993447320408286e-01
-2.457622116775393106e-01
3.857621387894858422e-01
-3.351241374251592298e-01
-2.202714440728505974e-01
-3.951396666462314577e-01
-1.792849060652426108e-01
1.356357311687401701e-01
-6.739504395667825776e-01
5.055111995121390756e-01
9.513802626306404608e-01
-4.973202997049297469e-01
-4.168202827832234725e-02
-5.390712609559278334e-01
-7.044567297101136383e-01
-6.862982924004912277e-01
-1.109487391229762032e-01
-6.558924858413286429e-01
5.179673162678670728e-01
8.895231006727353229e-01
-8.440085011121656322e-01
-1.066529613103548435e-01
7.463164220270392946e-01
7.275270244168621225e-01
-9.410040542754252169e-01
1.759105098592550487e-01
-8.325254342581580591e-01
9.837740095272560215e-01
1.848371780165356526e-01
-3.636289447356608751e-01
4.795358149361412803e-01
5.137009286908844619e-01
-4.143084648816475202e-01
-1.517517752918269291e-01
2.561363110051271264e-01
-3.234849235519712263e-01
5.411210432595181530e-01
-1.413059061802857119e-01
5.566126058198681559e-01
6.256696448832985702e-01
2.653747102175374462e-01
-8.221869330057043346e-01
8.183749656134791106e-01
-6.533361564321211734e-01
-7.930496075429520619e-01
-2.448934142379464163e-01
2.497238564260424454e-01
-3.741443710251355359e-01
7.796213753528733470e-01
9.210034637886175268e-01
-6.591664178938279051e-01
-2.068648407081634666e-01
5.688386908578793033e-01
-3.260260343250966919e-01
7.700041197526610315e-01
-9.042095450567171344e-01
-5.072161288676568791e-01
7.609804453196351570e-01
-7.022609700658200005e-02
-3.924174255665269229e-02
-5.509636820910235322e-01
6.217778944780674166e-01
-7.492042443421400577e-01
-8.775753597671323014e-01
8.122062361819288867e-01
3.657040948775669431e-01
4.080393502186343557e-01
9.622431666154360741e-01
-9.621963558834125685e-01
-8.470631304099063286e-02
5.860455567245967945e-01
-5.725626964699865873e-01
-2.141618198011931984e-01
-9.853067286546157710e-01
8.077734039000241673e-01
-1.092507486266052208e-01
-9.680935194503563768e-01
3.694275245300990829e-01
-4.269971193970372170e-01
-6.180924481403256010e-01
8.090694541109799687e-02
-1.001345711564072261e-01
6.703381099049419145e-01
-6.365685053040532893e-01
-3.516663010930101141e-01
-5.240567523599253263e-01
-2.339079289249665905e-01
6.759437969611219454e-01
1.937401671857241769e-01
-5.367533064117375741e-01
7.048032368154910632e-01
-2.069007884331903746e-01
-9.425083163380418849e-01
-4.718591133619089995e-01
-9.627187894799209555e-01
3.029167201678155674e-01
-7.070281260612045759e-01
-6.784172967814814381e-01
7.477467801718229445e-02
9.444693235484566962e-01
-8.135854041290118133e-01
-1.977637095460156313e-01
-7.131988031023506203e-01
1.965024896965985590e-01
4.831505530837945095e-01
-9.317032574839911874e-02
2.227378469925318516e-01
-5.306512753323635589e-01
-3.652292915725208200e-01
-5.753122738561957661e-01
7.688448584235960670e-01
-6.138239298630123741e-01
7.918979544467021903e-01
4.384511197366047774e-02
1.035582141605255746e-01
7.864250399960950322e-01
2.929079472044504584e-02
2.909712841610738732e-01
1.281909036593122941e-01
-9.876802061866767346e-01
5.739167290890285766e-01
-8.367171341488810477e-02
-8.783369469814239494e-01
-3.051801479945441820e-01
9.804640936485682357e-01
-5.356424825473462548e-01
5.524126930215902398e-01
-1.897909006103983831e-01
-2.468729939944864782e-01
-5.662726855973221340e-01
-2.212333146164302544e-01
-7.109786253921182020e-01
3.315389656327185630e-01
-6.895485822786791008e-01
-5.005276238366018760e-01
-7.134096940421930100e-01
-5.321175835414098110e-01
-5.192937599901126244e-01
5.136966239187901184e-01
-8.915519082715044341e-01
4.087386719497649867e-01
5.326661520164435171e-01
-6.023363506763315112e-01
-8.927766863830566280e-01
8.875986822026402656e-01
1.484416844689300241e-01
3.800254963489528848e-01
1.283287445358749501e-01
-5.925102868070464268e-02
1.654787516019997629e-01
-9.199114073662493229e-01
-4.531672773928960840e-01
5.195476204318441038e-01
8.617092609327710040e-01
3.511526876673862763e-01
9.787413719529047818e-01
-6.628373433339367349e-01
-7.976214633883562666e-01
8.265483157126705116e-01
-7.397891925433195404e-01
7.119067354685237881e-01
-2.965105698010073176e-01
-6.139058255772100736e-01
5.167882476648046897e-01
-4.264376628824499971e-01
-4.638654674484645746e-01
6.287004348650238050e-02
9.330504647144564068e-01
5.028965893088639394e-01
7.195725952901423916e-01
8.741080263074851864e-02
-9.076949561269975764e-01
8.026203443413384431e-01
-2.241600058162103171e-01
4.326029066978633875e-01
2.935423554391665135e-01
-6.294909325552058288e-01
6.448248768667648179e-01
-3.384106921705880566e-01
-7.643650048753511950e-01
5.314291824346712989e-01
4.523234344067825763e-01
-4.102102787275472284e-01
7.559262528159560457e-01
-3.798514715015450793e-01
-6.214111664322898854e-01
7.430400665139405003e-01
7.181584922514663294e-01
-2.302295800740556952e-01
-3.717669410617752135e-01
-6.046863369636719110e-01
5.499128355052291806e-01
