-4.435542201310496147e+00
-4.034797060929007362e-02
6.235292608670479630e+00
-1.591715199700130201e+00
8.326758505232669805e-01
-2.944875638833787335e+00
-2.140240684474308708e+00
-3.717862992225533514e+00
-1.507421229415879527e+00
8.182629446495319758e-01
-2.325066958584407040e+00
-3.182928309012103885e+00
-1.924397920795042793e+00
5.153286936888318293e-01
1.221002509761426991e+00
-1.247990170680791877e+00
-4.604108386953588372e+00
-1.812589022006670936e+00
-3.724800546735180795e-01
3.236582865771975293e+00
-2.404819050155642568e+00
1.207616549863443356e-01
6.032428403817829299e+00
8.641504283482848159e-02
5.132061414392169452e-01
2.266255070585984299e+00
-1.122840095581112196e+00
-2.010699222690707444e+00
4.808426763210033705e+00
1.558139612878157276e+00
1.203187902496814399e+00
4.435490723572085514e+00
-6.104088511567361763e+00
7.330335838651080849e-01
1.035277812225321892e+00
-2.174842722612655432e+00
-6.252404452796010759e+00
-1.612280728949522013e+00
-5.851574448796592609e-01
2.125567069793019126e+00
3.023010076869493412e-01
-2.455568699135211475e+00
3.320079988092774048e+00
2.198741531799800697e+00
-3.519630857394436152e+00
1.147346480079209474e+00
-1.471918154623165886e+00
-1.840834616852687899e+00
4.935137087179104043e+00
-2.070308050612196915e+00
1.491300233739441650e+00
9.617231515066629877e-01
-3.470071391824358642e+00
-3.594776632399529603e+00
2.724489140110686325e-01
-6.071821196599960224e+00
4.877076786425755373e+00
1.196992126745851648e+00
1.658740509334899471e+00
-6.073233792288687205e+00
1.172606637314011380e+00
1.149973404448955350e+00
4.171170968063266038e+00
2.050988283967125625e+00
2.964942975720593843e+00
8.159775153690409510e-01
-3.871785644634830881e+00
3.010604938041571810e+00
4.844540543370923769e-01
1.998869104090880811e+00
-3.894434377832421745e+00
-4.044437119883166787e+00
3.949953013323679873e-01
-1.489174137329710490e+00
2.965281943267575326e-02
-1.538319089826731600e+00
-1.381024696514327799e+00
9.948421636740807372e-01
1.947503599876055924e-01
-1.766936689755934431e+00
4.449172709111265611e+00
1.631994174981744594e+00
4.260586852260913382e+00
3.129247213629066326e+00
-1.627662774681483571e+00
-9.962490127951241226e-01
2.673111132773524190e+00
-3.592918080195421027e+00
5.104375039827730554e+00
-3.968508079835746827e+00
-4.510697465030385267e+00
-3.859687390766447734e+00
6.066674238394906382e+00
-5.098659753062675826e+00
1.475800974525237397e+00
-9.660636538753321068e-01
-1.523357660809767422e+00
-2.681169329327334427e+00
-5.740852232652811082e+00
7.743139887150585210e-03
-3.717545427862152252e+00
2.925167224274161981e+00
1.090466441270036668e+00
-8.159147097689798400e-01
-3.859372998235532037e+00
3.784438021502335658e+00
-2.083049279477910964e+00
1.247281971971252457e+00
-7.541167156532958549e-01
2.189767983976763865e+00
-4.355856869614296301e+00
-2.918126801170284779e+00
2.593246998811618020e+00
-2.486920858601308737e+00
-2.368492325007363064e-01
-1.348725802810502472e+00
-1.049576541496333393e+00
5.310001601280484707e+00
-4.290478635927344797e+00
-2.114760596528873826e+00
-3.271448618089674021e+00
4.103546282951360702e+00
5.467814313996708364e+00
-1.854541960334815442e+00
2.869313904031796092e+00
-6.367672901387733120e-01
-2.717274114549605546e+00
4.664630620398081184e+00
6.038531741871860925e-01
-3.856003679016561492e+00
-6.224432998096133041e+00
-1.448307258889556692e+00
-4.053945254756153638e+00
1.812963026347587103e+00
3.698120259859778436e-01
4.166010202704483412e+00
1.354779567896935433e+00
1.390428178195497022e+00
-1.958364479712125128e+00
-1.502503524119136014e+00
-1.248315072216584554e+00
-1.485818347405074791e+00
2.013680999387918114e+00
-4.590433946960772005e+00
5.463633241848218525e+00
-3.599227379474008170e-01
4.557820140471439352e+00
1.572306629490779706e+00
1.163127418799388746e+00
-8.327285486748273735e-01
3.834036418471855612e+00
-4.951505771204723239e+00
-7.210936884680391179e-01
1.131747220982738805e-01
-1.616784082419886248e+00
1.495386960625160411e+00
5.622515141038031850e+00
-2.795110731684057548e+00
-3.712023610180415378e+00
-6.334891825455749581e-01
-7.789952511544416813e-01
-7.628448825757345730e-01
1.935611590772631896e+00
-8.358614921286657840e-01
4.070021101429276200e+00
1.439841339078184568e+00
6.362253608981006670e-01
3.725197838084930990e-01
-3.646280950897138884e-01
1.313067364558198502e+00
4.960238992517462253e-01
-5.129029941025709860e+00
3.189430580040641061e+00
-3.439275699623690841e+00
-1.005997944866884986e+00
1.945823279972888287e+00
8.988001729400446616e-01
9.348663414047836406e-01
-1.671797457232065964e+00
5.415403848809392517e-01
-7.146146627708644949e-01
4.446005878523250132e+00
1.301684893200720339e+00
-3.059389326108705731e+00
5.947378155146820333e+00
2.694987099335573788e+00
-4.492012454856271764e-01
2.045944563922576620e+00
-2.365214231131191447e+00
2.347173588236620700e-01
-5.260727925788722281e+00
-2.168503107948242636e+00
-3.392934475470271716e-01
2.724426237217237201e+00
-6.238255833353605340e-01
2.743179138408974094e+00
7.616259486220149366e-01
-3.818532954707678506e+00
-1.847218710250035478e+00
3.000499016009411157e+00
2.774396874563628046e+00
-2.720451628147382284e+00
-1.888720829056732553e+00
-1.050287447768038396e+00
-4.219823714590902775e+00
5.431892428844026455e+00
3.385361145426275087e+00
1.704350491988105842e-01
-4.138480920991038925e-02
2.714028852230593092e+00
-1.645450390423086162e+00
-8.766779851852470884e-01
1.976147683778445296e+00
1.090730968268253775e+00
1.382067706977728960e+00
2.593229459298147077e+00
1.651113788566548779e+00
1.311600057074896908e+00
3.408875778349747532e-01
-4.098967333876871066e+00
-2.812751535045698859e-01
1.696261926106826801e+00
3.752798178330001289e+00
1.434743161411367929e+00
-2.165642015690956601e+00
-2.182667366712879087e+00
-7.405224915657135920e-01
7.924874465049315253e-01
2.106443438204275154e+00
-6.080696287405661371e-01
2.865938057096752090e+00
-3.214719021808761568e+00
-1.253815674950050640e+00
-1.216393962034492127e+00
2.020362866584799466e-01
3.139728741756398378e+00
2.099133384761853627e+00
4.762892721810906838e-01
-4.721797007089314491e+00
1.805502528590613220e+00
-1.216883363962689146e-01
-1.713709976458912321e+00
-2.098692513318274333e+00
4.176641854470885207e+00
-1.962127429868861350e+00
-4.112316346430726632e-01
3.333246678874027591e+00
3.919739829046170243e+00
-9.237162877877830303e-01
-4.721087752083475975e-01
-5.726709455010592364e+00
1.163121929099035334e+00
-4.553969128434213753e-01
-1.145203451718916021e+00
3.355676847053260303e+00
-2.295877495662765444e+00
-1.180870056756648800e+00
-4.505983254854865616e-01
-2.180577841557890473e+00
-2.451984613727447027e+00
2.136841013215939000e+00
1.510380654129940048e+00
-1.647174683383562099e+00
3.729666964283895769e+00
1.584319470576836864e+00
