4.260281959927885165e-01
-2.394204237221249643e-01
-8.356934698587892285e-01
1.221404593617496204e+00
6.750968711546768697e-01
-2.041026998879561738e+00
1.159717113544813438e+00
-1.389116101115741575e+00
-9.149788680133532637e-01
1.446422648155963442e+00
2.405258517306786192e+00
-1.522715990688674248e+00
1.124414208704407336e+00
-2.235489265576390494e+00
-2.370352385108096538e-01
1.377886962108750835e-01
1.436187690663611183e-01
-1.779372389216386185e+00
6.266028282188111920e-01
6.826803844474989003e-01
-1.629979783030233165e+00
1.299798663927986819e+00
5.559733616848001603e-01
-7.183750186476307587e-01
3.106426318888494409e-02
2.285947692462862335e+00
1.230895726111226995e+00
-6.616906472717849486e-01
-2.241751968770459014e-01
2.345937586767713190e-01
7.601289790437891769e-01
-2.341264218036258615e-01
7.854778527078531969e-01
-1.383186628380074445e+00
3.757952345435782715e-01
1.344330970400108960e+00
-2.185828791699147011e+00
1.853965339770280885e+00
1.563408747184609870e+00
1.346070475471185190e+00
4.197463777968094001e-01
1.456847636869571083e+00
1.768779073668902413e+00
-1.781679393469792538e+00
-1.601345506274184594e+00
2.662075049406483984e+00
-2.337363506568953309e+00
-1.257321557626703168e+00
2.118518126918072397e+00
1.316131685435295129e+00
1.127193522693407779e+00
-1.292430535052593754e+00
9.021562993524068208e-02
1.224520633704128114e+00
-1.115315497246475829e+00
-2.067717517307383179e+00
-1.785128337259952458e-01
-2.158607674873132876e+00
1.602757719133209857e-01
-6.378434822796912318e-01
1.339365452154313019e-01
7.345391369579160612e-01
1.329371813709004257e+00
-3.050367364187307473e-01
1.061142386752778499e+00
9.813501661934884712e-01
1.794606114247451867e+00
6.555871680189027106e-01
-1.865175462536811102e-01
1.020919645177247315e+00
-1.913748803010854704e+00
2.270896458286286723e-01
-9.582546509702875026e-01
-8.990844475965678040e-01
-5.426010500618144716e-01
8.370365289974501799e-01
-5.176680830573621162e-02
-5.569267139587106286e-01
-5.533541370679520011e-01
1.369091544057895904e+00
-2.070337324577917748e+00
-1.121139882265345999e+00
-1.233753704605494494e+00
-2.982131136282836770e-02
2.033360238276284981e-01
-1.485759801026599325e-01
2.165233693340393450e-01
3.164768488372216027e-03
-5.469920129386331986e-01
1.502153182700562750e+00
9.540548679993213765e-01
4.011848322211908346e-01
-1.709492116136726469e+00
-1.599444161325628500e+00
1.088498281114378852e+00
1.338832676520003706e-01
-1.099461985219333027e+00
1.181605079696137928e+00
-9.984983450902905622e-01
5.884392574259955655e-01
-1.044977387455771733e+00
-1.142692688545522195e+00
-9.091535729966835344e-01
9.737465743801529960e-01
5.862541221721642160e-01
3.868497913577434444e-01
-8.689697859672804725e-01
9.468091011266093204e-01
7.201088024681537858e-01
1.715171608558021532e+00
2.293580957231118322e+00
1.486829753537588228e-01
2.639401239919100250e-01
-1.797214972402048083e-01
-5.459701052651957376e-01
9.269711880442443874e-01
-1.216652476187521037e+00
-2.068901997101203483e-01
2.668025461899160566e-01
-1.365856093145545458e-03
-3.714407184565744480e-01
9.486228519242509982e-01
1.501325646421125759e+00
1.570203327380748082e+00
-4.631597963837563725e-01
2.467268046550022409e-01
2.807760331927137365e+00
-1.494888347521725613e-01
-7.392977488890519755e-01
-5.822531799030528088e-01
-1.986070724087632522e+00
1.445574848750417196e+00
1.385034690984562555e+00
1.925173994652444875e-01
5.999165593576272215e-01
3.633103251109295884e-01
7.250233243762698176e-01
-1.529463557070160018e+00
9.844253438794785538e-01
-4.743725313363763019e-01
-9.382827477923054715e-01
1.009616024475466833e+00
-1.812645625252791159e-01
2.131839330702733903e-01
-3.295564240946351475e-01
-9.829571368000523668e-01
-1.393426297773900258e+00
5.863383212770612030e-02
-8.480002022912174198e-01
2.873339599134920874e-01
6.282487692154554715e-01
-1.997085822521437404e+00
5.697774571408047439e-01
-1.068892397595917920e+00
1.422412883475129064e+00
-2.798919753733251081e-01
-1.176509647431221106e+00
-8.300312660224782313e-01
-2.794258998797038984e-01
4.380536281096433782e-02
6.783794670368199498e-01
-1.736528364990933548e-01
1.367395446060025721e+00
-1.734481132401230585e+00
6.609393393109078696e-01
3.166375081796638513e-01
1.600399812881101891e+00
-2.147290186318624894e+00
1.595980674905779884e+00
1.143473628108005347e+00
2.824512042866748285e+00
-3.267364363898259683e-01
4.880259882843185348e-01
9.475609532227774467e-01
-5.683435731985889694e-01
-1.762592392238548911e-01
-1.228786051945242708e+00
-4.075125077907123528e-01
-1.040199684436796668e+00
-3.698205451111686859e-01
5.173189876586419267e-01
1.182844800272028762e-01
4.155563825428057467e-02
-1.524271710664440782e+00
1.518719935914895958e+00
-1.405684440237166655e+00
-1.148287952017554181e+00
1.619340064373167021e+00
-8.847323908805924120e-01
-1.256276748214765426e+00
9.234904732990008025e-01
-1.178239444910191391e+00
3.093637256965416082e-02
1.497681587479068321e-01
1.267952270186644359e+00
-3.675451614616898066e-01
5.681722606685873922e-01
-2.450231863366257201e+00
1.653086038819446824e+00
-1.164223225048264698e+00
4.920304378342370555e-01
1.833797920848541541e+00
8.317814372746941132e-01
-5.357604991880254852e-01
-7.746508955474966651e-01
-1.738783658050797598e+00
-4.477473786252421095e-01
1.455960361643100498e+00
-6.861974968870490077e-01
8.142817730350409011e-01
-3.163216726280400348e-03
-1.171578600188812880e+00
-1.439558588107745285e+00
-1.463069837832715159e+00
5.068523055947944389e-01
-1.695239028179498009e+00
-1.974552389756042858e+00
1.351677807188815805e+00
-5.318214433078898296e-01
1.781708325471287324e+00
2.649488418045733429e-01
-1.801247289491672898e+00
6.514688993153709973e-01
1.816845214382305951e+00
5.976875454344722227e-01
6.223742373949965323e-01
8.642135458183404229e-01
-1.167025305214111963e+00
1.991284577387141264e-01
-8.822250721850601052e-02
1.700297202388254547e+00
1.004822053302854235e+00
1.809462073197539267e+00
-1.279899709090881466e+00
1.211786216507509728e+00
-2.188543129671393750e+00
1.729658747626094062e+00
4.990045380175842649e-01
1.131484556466561653e+00
1.959246218424116170e+00
-1.506181741095143023e+00
8.904960607033474140e-01
-3.688548692862841927e-02
2.036086460251381514e+00
1.530972581027961965e+00
1.719101567440195710e+00
-1.382740107203270785e+00
-6.546589866398497826e-01
-6.857143242174209563e-01
9.971391887885755478e-01
-1.879126164166143031e-01
-7.548744446577171363e-01
-1.159010097550456031e+00
-1.293614421675446935e-01
2.240350704702052109e-01
-1.168711161048721081e-01
1.687888330359051281e+00
1.178754215555664731e+00
-1.949408754076727535e+00
1.464301641564155876e+00
2.101888268355921463e-01
1.774583191007328642e+00
2.582316993001190775e-01
-8.375983923964964717e-01
-1.555089537313198433e-01
