-1.592356719537249277e-01
-1.162399433465743037e+00
-1.089103122529373913e+00
4.048821083597891612e-01
-5.861467034784424435e-01
-1.632173620563060812e+00
4.869458998137553285e-02
1.011627213581028251e+00
-5.022008577198535662e-01
1.141255493587941316e+00
1.100855476818616729e+00
5.214674113416745138e-01
1.517553460311714675e+00
1.662054934368431436e+00
-1.389270983071309473e+00
-1.427977207115930902e+00
2.468748129165786176e-01
5.466756581976970342e-01
-7.751939425130538464e-01
2.670019874768625456e-01
9.081565511123848022e-01
4.944354750610885918e-01
-1.402852618188384692e+00
-1.761859097968577981e+00
-1.354199133076869899e+00
9.972608549092798480e-01
-1.371566156732117570e+00
-1.395903828772006028e+00
1.898956220043301002e+00
-1.171289519130143564e+00
-1.383750614413510549e+00
2.102729391622674415e-01
7.988046732173966769e-01
-7.253966988497422275e-01
2.805676454658655172e-02
1.171505732710411252e+00
5.983042034205585669e-01
7.239269900507473432e-01
-9.189586749903063678e-01
-1.352107941191197149e+00
-9.399578501176180101e-01
-4.702060338888270907e-01
-3.479776583783579791e-01
7.936863393608941664e-01
1.961745762543335658e+00
5.497317170411271103e-01
5.639396485000794379e-02
5.977996278629329474e-01
-8.007893211688618118e-01
-8.850515208114663468e-02
-1.166050078444160754e+00
-1.143789307957881363e+00
-7.761298413626416259e-01
-2.509030935863123535e-01
6.537044670882776742e-01
4.206147423311655253e-01
-1.112366883302289722e+00
3.309124153197950946e-03
-5.554948999833100309e-01
9.968252469259947235e-02
-1.448866499474442238e+00
1.342619960784551925e+00
-2.626101087608694318e-01
9.894140402213540408e-01
1.390319498712252910e+00
-6.168669525442043167e-01
-1.039158565790280209e+00
7.331973522104107133e-01
-1.251834883624777239e+00
1.238084798556148947e+00
-1.084222467955749725e+00
-4.541219473919417826e-01
-1.567940040444865346e+00
-1.902074362775375116e+00
-7.347141314218437191e-01
-1.172725767796871654e+00
-9.757102546369735840e-01
1.338046641954559579e+00
-9.759340707717761854e-01
1.667764074198132773e+00
6.420350913209657007e-01
8.141543458775185593e-01
7.320228944209079547e-01
-6.387408943917950443e-01
1.040506110201048218e-01
-1.385644093947326461e+00
-7.147543062144287029e-01
1.258516814515168836e+00
-5.855497533311873060e-01
-1.214796279760177011e+00
1.125021044055551700e+00
-1.136596166068913893e+00
-9.827336547100504749e-01
-4.538983961420256508e-01
1.463471409803777545e+00
6.135780754130526482e-01
3.992826366309432107e-01
6.667663629609111853e-01
-1.018907399449088480e+00
1.219752891917402993e+00
-7.506805402341931721e-02
-6.414476930653039144e-01
9.484360069754892431e-01
-4.468263493744580872e-01
-1.261028478491328819e+00
1.711374362845636821e+00
-1.285640470754872311e+00
-1.529015495048283713e+00
-1.185144252402315246e+00
-1.069609674438998459e+00
-4.565054768593843626e-01
-1.175395047169209173e+00
-1.350768891051899789e+00
9.847150282800292143e-01
1.338081867588358120e+00
-4.475999220985528160e-01
-1.362326601753184763e+00
-1.103022383932101835e+00
3.635955681486855995e-01
-8.334305090855987919e-01
6.444589333785563090e-01
5.341311906463123149e-01
3.845866962041059045e-01
2.765436260037760774e-01
8.645902565856573574e-01
-2.080956102309738931e-03
6.298624167694842901e-01
6.152368928932125947e-01
1.135472550073710618e+00
1.108912636722270584e+00
-1.018627002523827985e+00
1.693471785980242394e+00
1.151843544766575356e+00
1.000691904793814757e+00
1.103467740820808896e+00
4.750607049100528112e-01
-2.090961429301925634e+00
-7.107057932060213412e-01
-8.405395334770897620e-01
-1.123817091348907171e+00
7.482264355912688902e-01
1.232193086822817168e-01
2.368354993351263482e-01
2.999944452748412593e-01
9.460775780674735014e-02
-9.198494674929595938e-01
3.839128080080528860e-01
6.064624164526477568e-01
1.751652172772936167e+00
-1.690432337433519505e+00
9.955437977783063164e-02
1.357382591114425496e+00
2.143113638392435405e-01
1.361015538706682459e+00
-6.115624938552717271e-01
-9.650251048281743849e-01
-1.515971029200421594e+00
-3.555187573848835880e-01
-1.677474226124521461e+00
6.764462785782628940e-01
-1.303327608628803702e+00
-6.865035597573510007e-01
1.249380700654904253e+00
-9.348558764351034833e-01
7.202577676117800642e-01
-8.628635982080271050e-02
-7.414007492591674353e-01
1.358801604578750988e+00
1.273894320424113769e-01
1.037300270928244728e-01
1.003027240743543935e-01
-2.695783309324026877e-01
-2.232346521366664893e-01
-7.106633341261279213e-01
1.243310424485001286e+00
-1.144729662849666152e+00
-5.270801435605898533e-01
-9.534071864933267859e-01
-1.009278052675059545e+00
-1.446998838542517207e+00
1.797096085501695750e+00
9.083745480414512352e-01
-1.886297263035881411e+00
6.862369775208878586e-01
-2.333437082337821988e-01
-1.649151535518279088e+00
9.284878201045669854e-01
-1.062772900682805055e+00
-1.265133774231429475e+00
-9.826563201159261851e-01
1.375212099755819928e+00
3.919639167000083524e-01
1.222794956426258572e+00
-6.896665823039687115e-01
-7.374789259824801047e-01
7.301231135013704909e-01
-5.516525626908949098e-01
1.184302196636402904e+00
-6.345307646124871415e-01
1.245211474518002071e+00
-1.971959300790538272e+00
8.041882824125141660e-01
-1.483018270925678728e+00
-7.299817865577993281e-01
-7.559482598630651307e-01
-1.058883689744206213e+00
1.590260175077862437e+00
4.817589877380089591e-01
1.370705323267706000e+00
-1.539368501111743726e+00
9.468890492112864710e-01
6.171810135086832627e-01
8.156978385073233584e-01
-3.962069858608300299e-01
9.572054700065679711e-01
-1.745986840423969566e+00
-9.651314430573307290e-02
-5.113277124640288607e-01
4.994068858842362069e-01
-1.081998052931132825e+00
-1.175133659797508390e+00
-1.793166873699781227e+00
-2.400191798465453608e-02
9.671966084128675867e-01
1.969340473194292063e-01
-1.413135209652998381e-01
-5.358568951848475814e-01
-1.278136917596697675e+00
-7.745112540180551508e-03
-8.954710088033471793e-01
3.239032258130677966e-01
5.099491483015373694e-01
-1.475680071586558784e+00
1.187044089810723291e+00
7.343183573557939825e-01
2.538182689206925913e-01
1.326873516006920717e+00
-4.256618253215916914e-01
1.352631493605012558e+00
-1.600514040517097558e-01
-4.379093693334546455e-01
-9.200797546475987243e-01
5.415182178106243693e-01
3.043288218504093257e-01
-1.913939093638559741e-01
1.220001664275605302e+00
1.483238143293444944e-01
-3.602411888098850379e-01
-1.192254161646063348e+00
-3.518531829212722117e-01
-5.380483214365789912e-01
9.784952005269822450e-01
5.547973559392667120e-01
2.915419372991435720e-01
5.579795731451777652e-01
-3.540777796659685395e-01
-1.036376345982740421e+00
1.305787380808129505e+00
4.156737958739404326e-01
1.343683393173568330e+00
1.685318977059466983e+00
1.166787544537914556e+00
1.055801479156788014e+00
4.065697677133558452e-01
-6.442555848790995077e-01
