1.373839119657172247e+01
-5.030415427200187395e+01
-2.007194931018303308e+01
2.465839300589042793e+01
3.616529364512118150e+01
-1.592908279977362795e+01
1.017384118873074783e+01
3.137878884489427023e+01
-1.395973120221726660e+01
-9.088368719693574960e+00
2.422973515744505235e+01
-2.069327745338464197e+01
8.005170274922152274e+00
7.795763954879585356e+01
2.137079378752550696e+01
1.508788108226497648e+01
-3.142637642835027378e+01
3.889625850030187593e+01
-5.837137089435856296e+01
4.692918961761363050e+01
-3.903997262982666427e+01
-6.398413832323620909e+01
-3.254737859560975011e+01
-2.084428797261394450e+01
-7.406978246158105961e+00
1.010744327435133316e+00
4.394934063200797425e+01
-7.773451072935073114e+01
-2.401795579127036362e+01
-7.150396102718985958e+01
-8.837468812240510729e+00
-2.141006595052516559e+01
-2.929055506299254041e+00
-2.035824900861041087e+01
1.669185823405175029e+01
-5.846351482227492014e+00
2.736302258261598563e+00
-3.907715000940945149e+00
-1.895449226050333280e+01
-2.685014554236241580e+01
3.567757346833845133e+01
-4.467775908864574319e+01
3.433605602103132526e+01
5.426010989054957712e+00
2.634946447314818485e+01
-3.210797504608779462e+01
7.163622539071195838e+00
-3.344163496727258433e+00
2.576554542271139780e+00
3.041108053027499736e+01
5.393611980678116424e+01
1.540573809556016549e+01
1.606133088194548719e+01
3.875170254687311910e+00
2.726415845539570881e+01
-2.254717513771302606e+01
-1.262919205951350854e+01
2.943648975651824884e+01
-1.596657255356892335e+01
-7.599096890526573134e+01
3.753542828232232864e+01
-1.327704757036291383e+01
-2.199910386721299815e+01
5.520738853750132336e+01
-2.809918837019241522e+01
-3.132146572994611233e+01
7.387973618196656389e+01
-3.435685889568952689e+01
-1.115477379833927642e+02
1.845374090267565848e+01
-6.537610604580436302e+00
-1.193235072262866403e+01
3.067129024510764879e+01
3.455573419221895204e+00
-5.378598672166519634e+01
1.450183880099305078e+01
5.240628716677174737e+01
-3.529193293974012935e+00
-3.607758417031578801e+01
-5.334106937163726769e+01
2.138888667620171802e+01
-2.681739463961942072e+00
-1.596247143513808808e+00
-1.444694827914167412e+01
9.780249812905733364e+00
3.330829321859903303e+01
-2.338804373615062815e+01
5.692978614632138168e+00
-4.484389442522738634e+00
3.985723103346431540e+00
1.199145083545621215e+00
3.120761529690263814e+01
3.663269663029372936e+01
5.550376708628941458e+01
-5.741946208989647005e+01
1.900963249902958552e+01
-1.677455441507088096e+01
-1.784063632753326800e+01
-1.011360791555630634e+01
-3.321805331713827059e+01
1.385998007729674342e+01
1.114023705612428117e+01
3.623605121299428333e+01
-2.252510240506980210e+01
6.119141707631271032e+01
3.576052687192043322e+01
9.801994113968362399e+00
2.549998288658819234e+01
1.394748719573602713e+01
1.200583988767431975e+01
2.541398275415875929e+01
2.761695541278851351e+01
1.975334287087204821e+00
2.213371359993134746e+01
7.967431185422703344e+00
-7.911485324576545963e+00
-2.658330468421575787e+01
-1.445723134646935115e+01
-2.677870532064382303e+01
1.209848254817883983e+01
3.745415513290797094e+01
-1.939656232009216552e+01
-1.996217553748692364e+00
-5.084685473444783277e+00
3.254219316653752969e+01
-1.199992168839605533e+01
2.824905360959203637e+00
-3.270293407138771258e-01
2.645941895067772265e+01
1.554660094084824529e+01
5.102004840646821293e+01
-3.281927031979211762e+01
-8.614047474335830401e+00
-3.184501418092098035e+01
3.659653727489783392e+01
1.956979668820956064e+01
2.265390184234868798e+01
1.520102591229944089e+01
-6.720224791036792489e+00
-1.290304180041606408e+01
2.655672749152612155e+01
-4.184657019473450390e+01
8.535400868962858212e+00
1.394084691638599338e+01
1.551479172443902144e+01
3.804284609292032115e+01
7.630558005866427074e+00
2.040764760910489883e+01
5.081636317428449701e+01
-9.399698932500644588e+00
2.404544804624626764e+01
1.987427427940104074e+00
1.622260562196283473e+01
1.893643789736897887e+01
1.086001421073553885e+01
4.324301236116112612e+00
2.276507992439484873e+00
2.533100546783403573e+01
1.330254330327715095e+01
-1.278766355168163393e+01
3.726891870101174220e+01
3.440531342862247044e+01
4.058040130030244086e+01
-2.286154849955180879e+01
3.186721646664934227e+01
3.167352453920527466e+01
2.428580875356035662e+01
3.161226079654394994e+01
-3.969468538245651246e+01
4.278046227162217718e+01
1.032477138893732516e+01
-4.918545215071199017e+00
6.125334670210626165e+00
-6.327586232142246025e+00
-3.440509210391015671e+01
1.050591700833119191e+01
-2.043352789385308199e+01
-3.122100012316984419e+01
-8.664800205598501393e+00
1.553345607383810112e+01
-3.614647625579817714e+01
-1.213213529571468996e+01
-7.765571721036986119e+00
-1.359587832677100216e+01
2.704972781261006176e+01
2.915204191367311015e+00
-4.728693379551874187e+01
8.425512681093117351e+00
-6.464206152210627110e+00
1.691767303049589444e+01
3.284292765112131463e+01
3.730811882801148016e+01
-1.971635189200438987e+01
-1.054088703449678377e+01
1.341935514025862020e+01
-2.166174057969694289e+01
-2.271607727095971185e+01
-6.304888414797786389e+00
1.061843248789862493e+01
-2.544855717089032154e+01
-2.365798542072850452e+01
-6.147322169279227921e-01
2.183557725244164693e+00
-6.607041075143194497e+00
-1.022691686656785492e+01
-4.555505024240164857e+01
2.428319391339517352e+01
-2.826640969851197127e+01
-3.456085825352976570e+01
-8.329856681946610664e+00
4.931989977204342068e+01
4.017687005144949808e+01
4.758717160935221457e+00
-1.282370380017177958e+01
3.811478955261090817e+00
-1.543301642351889136e+01
-4.041286249114433105e+01
4.208834993375925038e+00
3.236074194158980077e+01
-5.213823077820839202e+00
2.272709216724661019e+01
1.694967363724915899e+01
-7.819367032144058705e+00
-1.097970584292433749e+01
-2.125776209983761333e+01
-3.861939478952692184e+01
-1.750087930735430319e+01
3.472546362573340417e+01
1.188345229950875925e+01
5.883367931809333484e-01
3.934085505525991522e+01
-1.918075378840077860e+01
-4.670982487057651511e+00
3.555220786465551441e+01
1.002730123960358810e+01
-4.952934776508042347e+01
3.253018837051580014e-02
-5.064694383765130681e+01
1.231503777070827610e+01
3.489409031563244667e+01
3.666859605970742564e+01
7.478389123041051967e+00
-1.708493677463954086e+01
-1.659131756396606150e+01
-2.684363621769381680e+01
-4.089262549257020396e+01
4.369873332620380779e+01
-8.312754111556684977e-01
2.524585794396120519e+00
1.346408429764629844e+01
1.300417567959493681e+01
-9.502760147875514818e+00
1.668000002587888275e+01
-2.332159333746129448e+01
1.411169694065777769e+01
-1.415158643136331484e+01
1.953108651527705319e+01
-3.387327061255412275e+01
-1.202468610512539549e+01
-7.474649342011177566e+01
2.449393399337413513e+01
4.494018526596907037e+00
2.431077257123234148e+01
-3.278202507887058914e+01
1.138398478067753672e+01
