-1.880948398165626756e+00
2.612203697306735073e+00
1.019955207260998087e+00
-2.639597918891207207e-01
-1.330460644217161814e+00
-9.351511260746836474e-01
5.680557335742393299e-01
-2.226931990629787528e+00
1.496327571848943272e+00
3.090148545375204669e+00
3.685631350101230108e+00
-1.953739758250257808e+00
-1.884150465659020668e+00
-8.348856610481925067e-01
-2.612677495307392128e+00
3.344750264297768005e+00
-6.240202823227825046e-01
-1.233831100545612625e+00
1.361037180351541087e+00
3.362372312334831914e+00
1.661231640472908389e+00
-4.074577367421738372e-01
-7.210841662867104596e-01
-2.236154510301358034e+00
8.176575088753157416e-01
-4.952809256203176691e-01
-2.275016292439471677e+00
2.443242248867621758e+00
2.738188993883913902e+00
3.302415434040181230e-01
-7.392434610561736674e-01
-1.938683608311748685e+00
-6.544537316134491078e-02
9.378948830227035183e-02
1.346813249622023978e+00
-7.732493688821795441e-01
-2.834608421512885279e-02
4.144486559694704475e-01
7.964884513848438097e-01
-2.028363688700144163e+00
3.196090476177976258e-01
2.491919647439690522e+00
1.141626511134440136e+00
2.860742301880531135e-01
-2.089885825906901751e+00
6.960672909970289091e-01
1.296510552370014668e+00
1.336970561791950285e+00
4.617774060021189730e-01
-1.661131463597082414e+00
7.360176759601773089e-01
-1.114420853392195543e+00
7.030670983379789796e-01
1.315077212694020670e+00
-7.692720929949674602e-01
-3.573155166584313092e-01
-1.814076935474362218e+00
-2.963378107603076739e+00
-6.890658031082681489e-01
-9.458317605583799192e-01
-1.698507476905787739e+00
7.081457415130822941e-01
-4.027477166860800595e-01
1.231601738580421213e+00
-1.422634126211217209e+00
-3.726251276330232454e-01
-1.103844327018019156e+00
2.487154822774475527e+00
-1.776227636250551800e+00
-1.079852348149821673e+00
1.324324686936622975e+00
-1.754165515884832605e+00
-3.809952942126764164e-01
1.186405942328625507e-01
-1.746771709827588115e-01
-2.894684780639129595e-01
-2.041870146637613237e-01
-2.791684353266625784e+00
-8.325082970588504327e-01
-2.866039192791208556e+00
-1.871247185839037819e+00
-1.399987539677936876e+00
3.075183908737426641e-01
-1.496123549140739639e+00
-2.913849584922451719e+00
-1.200933668877230964e+00
2.901214654483805222e-01
1.191482621053659763e+00
-2.565837861153537958e+00
-1.129495108581383578e+00
1.903856383310481570e+00
-1.936196874587393868e+00
-5.283079289476866336e-01
1.779652263020353509e+00
-1.050175535690653472e+00
-9.222499491920876924e-01
-7.026010022540893907e-01
6.854177252295574618e-01
9.386068713289104082e-01
-2.116984513883778618e+00
7.798935943962370665e-01
-3.250278412513051940e+00
-1.621745578596001103e+00
-1.954556163368935895e+00
-1.926161971712291754e+00
-1.464448101566164784e-01
1.949834068417725774e+00
6.256259457915855915e-01
2.325254075409260324e+00
-2.301590528923918466e+00
8.432544005251294550e-01
7.922949396467697802e-01
-2.397811836278619602e+00
-4.286686527327647211e-01
3.246217420503616502e-02
8.486724050187119950e-01
6.212434527999923795e-01
-1.487422445438852048e+00
-4.364518721118016975e-01
-5.790517349494876953e-01
-3.105035704091623217e-01
-1.111214297554071750e-01
-7.396783078978304005e-01
-1.706139886224117941e+00
-4.297895348365884383e-01
1.722402261560702197e+00
-1.623512297144422245e+00
-5.069024275213986908e-01
-6.761125350840919701e-01
2.654512575294687871e+00
1.598274142552652988e+00
-5.800066274947595080e-01
1.971434697031394512e-01
-1.253988804060496065e+00
-1.587426885252341879e+00
1.729678003108589213e+00
9.951836365629622705e-01
-1.514051899251896316e+00
-6.051004797098378241e-01
2.760066370287909798e+00
-7.390924105191039040e-01
1.122604850839167945e+00
-3.425104074504791818e+00
1.205378425867886349e+00
2.384231025161720030e+00
-7.249871265673798471e-01
5.198009884155112559e-01
-1.411957731326421328e+00
1.283955687299638271e-01
2.436663858205446176e-01
2.172968807969036797e-01
1.182001064455303840e+00
-3.199346081955867227e+00
4.187767348448262483e-01
2.217740587552283760e+00
-2.894716998825803245e+00
1.154953667148700847e+00
-1.267556721618539051e+00
1.582997708716597507e-01
-6.725768353959618029e-01
-1.030122324496526298e-01
2.382823138173189026e+00
-5.142657361985358833e-01
-1.267357693302437749e+00
2.119509119302609434e-01
-3.334834366355361901e+00
1.401353519574033868e+00
-3.612568498375084425e-01
1.177511700702584374e+00
1.192090603502089508e+00
1.783900046230593839e+00
-6.218566491490211678e-01
-3.268046685735162438e+00
-1.014726062015775865e+00
-3.028227747789921320e+00
1.279981191474577340e+00
-1.068026470789609439e+00
5.531415593001354214e-01
-9.281547960054877811e-01
-9.606484164692767891e-01
-1.423998462100068085e+00
-2.083366052529063150e-01
8.517530608224537225e-01
-1.059789882538469286e+00
1.720766450014059590e-01
2.293823420397376189e+00
1.867164745164992645e+00
-7.806109370390823532e-01
-4.573497509531276872e-01
2.016059630526735535e+00
3.356416653317842780e+00
-2.098476846898309933e+00
-1.810709918259958195e+00
-3.199315166975819302e+00
-1.744504051119081467e+00
3.396131287247584063e-01
9.490980556193218121e-02
-1.421320493913067029e+00
1.562750920668985799e+00
-9.722508519456489751e-01
1.665435396656930189e-01
1.337348148833224837e+00
-1.471168893753099560e+00
-2.733121563874217230e+00
-5.830104252985878199e-01
4.130171933566515463e-01
2.593819318078567360e+00
1.249156651542991492e+00
1.145497675297251883e+00
1.267723412598484645e+00
-3.244628725667718649e-01
-1.585771560438543837e+00
-1.245280800488417938e+00
-1.117995170004443040e+00
-8.885279158776238084e-02
-5.317494190075999771e-02
2.757011589430878651e+00
1.525423944635351248e-01
2.251038389526327066e+00
2.193358722606763012e-01
2.615952981437113412e+00
-1.583872279301032471e+00
1.407663784630743598e+00
3.160724715338157687e+00
1.375520804815032028e+00
1.062605347351547325e+00
-8.199982377465686589e-01
2.359723889297403732e-01
-2.624500267504035755e-01
-1.733040757325932102e+00
1.139929346483420813e+00
-8.383536781971532292e-01
-4.506175350590257978e-02
-2.651790930579415839e+00
7.188336182099330784e-01
-7.292575906385967421e-02
-1.289181442224821783e+00
3.379370773566836017e-01
-1.467886424847013371e+00
8.624577124203738343e-01
1.822886391039829412e+00
9.123561020837578361e-01
-2.466516600362981926e+00
-2.359356234851792133e-01
-2.523433147299301016e+00
2.645478208800344344e+00
-2.814596544170790082e+00
2.584152699372153528e+00
-1.265485000167270169e+00
-2.569599273831202346e+00
-3.133416976077470828e+00
-6.096344720274005091e-01
2.450708241510215935e+00
-2.389040838441772729e-01
-1.318093098451420975e+00
2.197882735772387797e+00
3.234188924898165673e+00
3.271736809188363182e+00
-1.043960813270134125e+00
2.360905626004367708e+00
1.372255944381429504e+00
-1.519713282868988546e+00
1.083016340310729131e+00
-3.782573381173778060e+00
9.675611228130052144e-01
