6.258140798414666417e-01
-3.298468289868019543e-01
-6.661799369493490719e-01
5.976388239106258382e-01
-6.443950721089106715e-01
-3.564485064078120047e-01
9.528147781973947961e-01
3.969807082302352352e-01
-4.755286242641367789e-01
-6.529101582246119584e-01
-4.020638708802373174e-01
5.515250073386446239e-01
7.194628592124985289e-02
-3.805941625073865353e-01
8.887761445090425205e-01
5.016082553867806659e-02
-3.446903627547885929e-01
-8.731248577813510714e-02
6.003476493509267709e-01
-7.735410622392706603e-01
-5.526333263196698820e-01
-4.528191581401934673e-01
9.539517515119586566e-01
7.182447908963216499e-01
-7.132809039763188252e-01
-1.410138522566994901e-02
-5.809843172782078735e-01
-7.928474868714301405e-01
7.350479091119785924e-01
3.783966076320086636e-01
-5.309265526142536995e-01
-6.884455041439332401e-01
9.392093384482620433e-01
5.492323297244670055e-01
8.433122938597685803e-01
-6.459431927477585766e-01
1.023979275764195229e-01
-6.702610518329836786e-01
2.839251716468238484e-01
-8.888471686700263330e-01
-6.176447119031169830e-01
-7.480910162033500566e-01
-2.994347137189139474e-01
-1.955755314560421176e-01
-2.320152941725091011e-01
3.061763515230577770e-01
-5.748398542979880066e-01
8.304581945327573766e-01
4.516943157982875601e-01
-3.011194182124588004e-01
4.092165973155650338e-01
8.825592454228428085e-01
-6.738268195362762114e-02
4.333721831316974527e-01
8.600168512252996944e-01
-5.547511582141519959e-01
-3.811855939541664018e-01
7.133171222219636398e-01
-1.544257650181208863e-01
8.768345236925003672e-01
-7.445970477402159560e-01
9.372903055084891299e-01
-7.498051423407676719e-01
6.816116166176389157e-03
6.882938871308892370e-01
-6.362828428084752463e-01
1.690038170468239898e-01
-1.232235724567785073e-01
-3.922203527707042170e-01
2.322421268481251744e-01
-1.992244098644080363e-01
-3.019560700449119839e-01
-1.951747277977382566e-01
-9.649365062592225595e-01
1.161399115859951259e-01
-8.340117643331133035e-01
3.370425543111852384e-01
5.818370594769075588e-01
-5.029630847899844159e-01
9.779726168272246944e-01
4.117073867007938759e-01
8.577007055962275750e-01
1.133346989392025606e-02
-7.701086353523083350e-01
2.687876241002309374e-01
9.219874372680527674e-01
-5.545800656035364540e-01
8.167738576544800733e-01
-4.956737076911172935e-01
6.788016482785228511e-01
-9.872458718306362790e-01
1.894081118523005536e-02
9.759910398261963937e-01
-1.229656161968839534e-02
8.472989764183878059e-01
4.995424715259040305e-01
8.523860500947457730e-01
3.002412830776599595e-01
4.959241316656342047e-01
-9.259785066914532070e-01
3.418462155293202631e-01
-3.557792446657626062e-01
-5.008444560452145478e-01
1.326010949148943574e-01
-9.593742317042099899e-01
7.262106816390050401e-01
3.980438846103233619e-01
-7.339804209018860881e-01
-4.040996508854777236e-01
1.065626379161155324e-01
-7.272623024689133242e-01
-8.705445321481675158e-02
6.634181712137476872e-02
-4.865766069465562449e-01
-2.760646631429062303e-01
-5.071644160320134542e-01
-2.946878616130634843e-01
5.915553061088425491e-01
3.513462364647110814e-01
9.000918588243960183e-01
3.098480311389510966e-01
-7.366286059521365281e-02
-4.335590896094085878e-01
-7.097828048393526323e-01
8.404393987685503387e-01
-3.887073841882526803e-01
-8.689386268023453486e-01
1.040419627676913983e-01
-7.026683517315210903e-01
-5.498498372418081370e-01
-1.528699877475570013e-01
3.885155195932432637e-01
7.958826133577072692e-01
6.206219727333113223e-01
-7.367866168281844708e-01
4.903918102870681306e-01
8.564544137475453844e-01
2.275754084569794333e-01
-7.039535526325493286e-01
-7.641355643994292013e-01
-3.462015880045106186e-01
1.464582219667192042e-01
-5.448317306346852629e-01
2.800576036133857194e-01
-8.191775154700891015e-01
-2.597384861539524525e-01
-2.723058686503021519e-02
-9.725107920904760839e-01
6.731516728237458835e-01
-8.657209027717331917e-01
-1.666078116990070690e-01
1.522564313103687006e-01
9.470768325745209104e-01
-9.170087405942428660e-02
-8.116802205832085448e-01
-6.208392418805488422e-01
-4.002382508097983571e-01
5.513913255279245806e-01
-8.892987671299683594e-01
-9.123096265658678927e-01
-5.539224510499427545e-01
8.849206056267751030e-01
7.310552064789366256e-02
9.552367486294581767e-01
-9.765372656440198806e-01
-6.301496248752522789e-01
4.809691788158232395e-01
4.889428887668956225e-01
8.898224015921418761e-01
-6.734682354966368134e-01
9.748030031291607944e-01
3.555300111696155785e-01
4.382124247892349445e-02
-8.475777834082436346e-01
-1.634902120810919346e-01
-4.329129558750346440e-01
6.339953847158621425e-01
1.283440198303380519e-01
-2.492673984793825070e-02
9.412653416233047743e-01
-7.748274858158958889e-01
-3.215466813566980608e-01
-8.583177228544622839e-01
1.984785363466610164e-01
4.039947164583661543e-01
9.918393154214191210e-01
-5.817813291544506882e-01
6.880191418717926943e-01
-2.359274348022164514e-01
4.682117080105854257e-01
-1.502795501995910499e-01
7.098211026500222953e-01
2.926808217724023997e-01
-4.378170108467727140e-01
6.003603579294511938e-01
6.809502376130844858e-01
-6.803581608117448276e-01
4.872733352089064773e-01
7.003203612749704376e-01
-2.544672954862243763e-01
-7.964458245057473018e-01
-1.108668727800266041e-02
-9.160109079886373795e-01
5.777421422925095307e-01
-4.640492055357192669e-02
-3.889858379941071309e-01
9.795094101878774051e-01
9.051886072178949583e-02
-7.907503518198659709e-01
-2.071541247889439052e-01
-8.170393563441853413e-01
8.672900780281200817e-02
8.155916902224762399e-01
9.740959185137660903e-01
2.377796844510264851e-01
-3.686708724963718709e-01
-1.849451763276954708e-01
-3.964141186891518842e-01
4.623337024496065872e-01
6.258554879520552561e-01
4.788221069052380763e-01
-8.946404731443942104e-01
3.339168581769436095e-02
-5.788367559586671263e-01
4.570152134256186827e-01
-9.368573942731208692e-01
3.506005735249959621e-01
-7.552896480924604639e-01
-2.316182133837001444e-01
-5.872875395753864858e-01
9.672140076250219654e-01
6.369659026117833189e-01
-5.063896863445385144e-01
2.244499711804492925e-01
-9.979863532141475257e-01
-8.459751360875145121e-01
2.144850718185820071e-02
1.044684832946458641e-01
-5.642518716796653955e-01
6.352962972807671971e-01
2.433919198739225020e-01
5.966449437078253926e-01
6.199962514030834537e-01
4.482068272377655038e-01
-3.889628137102294492e-01
2.197381534191054087e-01
9.472569795223935163e-01
-5.826845699346134833e-01
-3.900965156072624396e-01
-8.880242672654261593e-01
5.106722145684527980e-02
-4.469563751406535612e-01
8.127894504352615179e-01
6.632673155889490246e-01
9.439218748308206841e-01
-1.585412974876339032e-01
5.506130888631421971e-01
-9.170757472417314649e-01
-6.056785424426334163e-01
-7.365203382542757637e-01
8.766231674811983954e-01
7.267784949241167247e-01
1.156857652689557980e-02
-5.885305204683164426e-01
4.404712932265335557e-01
