6.308595635906430132e+00
2.621572025204926604e+00
1.360683044143418563e+01
7.650541578394338238e+00
-3.592817723043483014e+00
-5.701776640571774024e-01
-1.282783801924363587e+01
1.737304168537639981e+01
1.278057582753105770e+01
-4.432338029939105084e+00
8.151877876280945401e+00
-1.413374775301198660e+01
5.856813555198534083e+00
2.857653047645802857e-01
-1.443599625232739392e+01
3.607896394169855192e+00
-6.920154683965110465e+00
-1.284176504191125545e+01
7.880503035801919687e+00
4.255011118188115837e+00
-2.016448856993381167e+00
2.051669232976886192e+00
8.782176179488764944e+00
-4.199657492195759900e+00
1.349625736440933199e+00
-4.107874628463379807e+00
-1.137080360523811562e+00
5.434358951812461314e+00
-6.845865812141582296e+00
2.761571510319556388e+00
-2.073502954244344920e+01
3.958870170803874267e-01
-8.731230057288067448e-01
-1.670349552857430586e+00
5.106598977981109400e+00
-3.686860364892121655e+00
6.165150117774741645e+00
3.231613043790278361e+00
4.367001224212904376e+00
7.025291636195287737e+00
8.200648991631270590e+00
8.390875082991612999e+00
6.004115568070218956e+00
9.610006621890889722e-01
8.728262383576815608e+00
3.580165584026308689e+00
-2.954715602117541806e+00
-8.724270811290329775e+00
4.627374055439692491e+00
1.196341547264015404e+01
1.460352619477122360e+00
4.090584543114694327e+00
-1.033514990398318067e+00
-1.239974303826518920e+01
7.846214791912953235e-01
-1.055909188638085894e+01
-2.693997140305626647e+00
-5.737102288624075896e+00
6.012634619311740813e-02
2.817822618347898711e+00
-5.344073282415855886e+00
-1.512129372313564346e+01
-1.361604871222636781e+01
2.055173576388556800e+00
2.899442555437632407e+00
-3.227263576469014961e+00
-1.480528834882198552e+01
6.818100239542682850e+00
-1.436259858987878779e+01
1.162273743718270680e+01
1.289505235292324059e+01
5.537675120921322858e+00
1.111736114249182705e+01
-2.996837154786551771e+00
-7.113166230583229499e+00
-2.923307890677544929e+00
-1.768372579322020144e+01
-1.491053525751641118e+01
7.466669159178649373e+00
8.138384928303644017e+00
2.212470103055202486e+01
-7.203481096140855744e-01
-1.407155653181102828e+01
9.765037678066961213e-01
3.538335859806953643e+00
7.943829747296067723e+00
1.104666045119872919e+01
-1.543446489546535005e+01
-3.043939109541282662e-01
1.949448038898106716e+01
7.720344970480852886e+00
1.542004690721184801e+01
1.700818721955541690e+01
8.425906512456633468e-01
5.686933321021442111e+00
-1.115348620957385783e+01
4.328510169020587384e+00
-3.319284875343686103e+00
1.196681150370864088e+01
2.008090870426896934e+00
-4.143067291053700529e+00
8.208365579399497847e+00
-1.209410233597946238e+01
-7.232764039395697786e+00
4.757099221905890296e+00
-2.838257274588369405e+00
1.807921323814072068e+01
-4.806177565440624910e+00
-2.331551599614663850e+00
1.798877918835318468e+01
-3.093851849458295167e+00
7.334252984911243667e-01
-1.009515611865014817e+00
1.263429430476927351e+01
1.047749731813157936e+01
-1.168125544862528642e+01
-1.534828198103098273e+01
8.474558842331752828e+00
-1.422655786843678172e+01
4.973675286446822774e+00
-3.680168158415318302e+00
1.335544215186150518e+00
5.518288466985036500e+00
3.155019447262387144e-01
-6.175022854723213328e+00
7.093892070119581783e-01
1.452999716256071494e+01
-4.434023976819924329e+00
1.397007863840515185e+01
1.840311002938008311e+00
3.759045974436205917e+00
6.048645893349977598e+00
6.788771652783940347e+00
-8.343122470240473376e+00
9.030840083806042085e-01
-1.025646958402176523e+01
-8.627059780374812803e+00
1.200262201672195950e+01
5.644301476194016232e+00
-1.040760689097474767e+01
-1.073605817688309472e+01
3.379022509934986873e-01
1.150416267186341557e+01
6.398227252002871346e+00
-5.581468370111621446e+00
1.099210381710789441e+01
-2.194221866044098412e+00
-1.164196293649233382e+01
-8.561757670508388429e+00
4.072346077234168860e+00
6.724418303988155543e-02
-2.004351249924134493e-01
4.487592981167955131e+00
1.357045461802751518e+01
-1.061716105808062061e+01
-5.271812691959086195e+00
3.371534393099020477e+00
9.066885774282354760e+00
-3.617387919389968509e+00
-9.638925315711603048e+00
-2.026699651856723516e+00
-6.721682789317831030e+00
-6.458032396039223855e+00
-1.745241687136837783e+01
-1.913117404140521671e+00
9.250199034857926605e+00
-3.778080185294045990e+00
1.848962048264658264e+01
1.466357727593371019e+00
1.163446999901714030e+01
7.655331264529583457e+00
-5.117531361325034567e+01
-2.069781160766915207e+01
1.508781553854935709e+01
1.352986485073790135e+01
-6.827021665145192486e+00
-6.492337608010260830e+00
-5.901626192666262760e+00
-5.711702635561003660e+00
1.547783082055962378e-01
-5.073711655573063251e-01
9.495405200872884421e+00
-4.217797279943884092e+00
4.230790931284440504e-01
-1.954845708433479157e+00
7.797910228560064105e+00
2.755699403387771085e+00
-1.470822469061909210e+01
3.764551939571564976e+00
3.621051447940551338e+00
-8.321581634373609759e+00
8.196449767342855353e+00
-1.983608187825375735e+00
-1.286548052092834915e+01
1.183347333287558989e+01
2.830810107030146128e+00
-8.294351506703296906e+00
6.432038722965793820e-02
1.063183733258000885e+01
3.356134677348289186e-01
2.446662760404541448e+00
1.833819229102794068e+01
-1.068051081522629708e+01
1.318016301669607415e+01
1.417046835177451491e+01
-2.063576424049384883e+01
-5.790353323954099629e+00
1.572816199924058189e+00
5.264806254407753627e+00
-1.200553230416314676e+01
-1.455770000438864642e+01
4.852368840215835810e+00
-1.126331058760520198e-01
-2.910736338724040806e+00
-1.948875268232437463e+01
2.750587998654117960e+00
-6.170895022598827939e-01
3.555244394335584257e+00
2.410194924539710470e+01
-1.473940412719756843e+00
1.163295260551979293e+00
1.585654329151937381e+00
3.863795431300277361e+00
8.275463824409877489e+00
1.122751607438340749e+01
1.223319085984437038e+01
4.968802904460986269e+00
-6.005267956065974744e+00
1.272608837948055083e+01
1.632624071378587782e-01
-2.137421404031627059e+00
9.738367402606606049e+00
-5.833027282886376952e+00
-2.455654750643694317e-01
-1.849560824746321996e+00
-2.702038137591107869e+01
-3.730564054961190035e+00
-1.938922737054826761e-01
8.098591549531372280e+00
3.576387897412216077e+00
1.368527161086126043e+01
5.574108761361621589e+00
1.726327953481122890e+01
7.271484741023268583e-01
1.988813982014336901e+00
-1.399340977968025479e+00
2.616193885994461121e-02
-4.310322683107908226e+00
6.769066486502302027e+00
-4.194213481086222828e+00
-1.007650557550152870e+00
4.303448176082802057e+00
-1.040483622618665471e+01
7.452066158730168866e+00
7.135208996988910535e+00
8.343561159338519495e-01
6.635931603258264033e+00
-5.338365048094217968e-02
1.456335704357759830e+00
-6.239362425567527737e+00
-3.888130172884133540e+00
-8.833147441955935264e+00
-3.643947472537567123e+00
7.833310336849830247e-02
-1.070971757308463168e-01
