3.978689434376004641e+00
1.113224133883075506e+00
-5.774464040215006477e+00
6.004981109676936768e+00
-1.294115239208621926e+00
2.953282905611021469e+00
-9.282598906364812663e+00
3.272354138583321514e+01
-6.659216155145165850e+00
-9.323952022332250067e+00
4.108926941552943468e+00
9.915778282826913426e+00
-1.214153904322492572e+01
1.736826190540155324e+01
-4.869520394036073618e+00
-2.618260993172557782e+00
1.319488191747571149e+00
6.205901044930165256e+00
1.084680922591440222e+00
9.742785064478509227e+00
1.206379775705786361e+00
-1.084894444785063605e+01
1.430800651259689538e+01
5.263032495573716218e-02
-1.249833349117462244e+00
-1.775990462520321955e+01
1.240453010713972049e+01
-1.051641325843958441e+01
-1.447928460992360655e+01
-7.764487836790726405e+00
-1.530360754897923137e+01
1.987026590407809712e+00
-1.488094971188396398e+00
-2.169665493038041237e+00
-2.227529315911052521e+00
-7.697467135740803101e+00
-9.605246464618220514e+00
-6.997184344228071673e+00
2.899466926115626286e+00
3.034599863592817748e+00
3.612383903020112808e+00
3.620800469236706842e+00
1.714840811995251846e+00
-1.185793312108696540e+01
-1.398052699337006288e+01
5.798731191332507251e+00
1.277831393744093269e+01
-1.021319740526919517e+01
1.113534083638504590e+01
-6.874797154047707082e-01
-5.294738704315687272e+00
-5.307914114324832511e+00
4.986934892121305474e+00
-1.336160698974753203e+01
1.094155106976035086e+01
-6.319622583524779458e+00
2.846995470294853448e+00
4.038802799011668831e+00
5.289138849445723656e-02
-1.030979896692670295e+01
2.042963891109518038e+00
-7.466053803856945947e+00
-1.685832814475910979e+01
7.895223537797291247e-01
4.992506922442911388e-01
2.600929484085873433e+00
-6.138089297373051423e+00
1.230756891132011432e+01
7.186078148053933745e-01
-1.077556277470881341e-01
2.132270774506748268e+01
5.405113492321074631e+00
-2.466819352582782088e+01
1.019613380072857112e+01
1.224844327304643876e+01
1.651699516944574242e+01
-4.433686428286669035e+00
-4.946383707582121758e+00
2.646730626794651986e+00
-8.634986466367031710e+00
7.756901429877580689e-01
4.833769757473524109e+00
1.545333805847241138e+01
1.191630145294810283e+01
2.553585862205468793e+00
-9.622541401030366259e+00
9.017502643087862424e+00
-1.818326201913550655e+00
7.084961571656540613e+00
1.758378511845479331e+00
8.315549101132784671e+00
-9.173786932053971555e+00
-9.248005941086420378e+00
-3.900288639348801212e+00
-1.015957045543260229e+01
1.130057382961141599e+01
2.566473520212957382e-01
-5.290621233772998089e+00
4.895861254750304425e+00
-3.829415590145268666e-01
7.229884274823492163e+00
-3.387704138686672195e+00
8.724744874452506238e+00
-5.817657917600493001e+00
-3.860237446433393949e+00
1.337738274814255135e+01
-2.121889976048133164e+01
1.454461720513108247e+01
-3.563318332388539567e+00
-4.091687601258541029e+00
-3.162196092144887949e+00
-4.093924912272081329e+00
-7.107038497312808012e+00
-9.040734381825121346e+00
-2.594091728494848326e+01
-1.514256551516190985e+00
-1.505956428544836356e+00
-6.929931851796141906e+00
-1.086667264282665890e+01
-5.616061993555690357e+00
-2.057496209365771733e+01
-9.584068725475076711e-01
1.576460761799102439e+00
-3.601718720463825019e+00
1.016310043729194668e+01
2.409265470319307489e+00
-6.175148269758234498e+00
-8.718932705659057092e+00
1.381014460953921485e+01
-1.121155130284067492e-01
1.157075678342546432e+01
3.938863657075504676e+00
2.227132393316692571e+01
2.427383852072105164e+00
-3.985760763047287991e-01
-7.310093176467995946e+00
-2.579214520631128327e+00
1.761032516859370034e+01
-2.153743271424060968e+00
8.367306806481618509e+00
6.346206058221535606e+00
-9.642035505960581787e+00
-1.933701771328256269e+00
-8.434345699853979639e+00
-3.033572754691562956e+00
-2.399981518844094097e+01
8.866176930249116239e+00
-1.037148198799293652e+01
-1.804398432826634746e+01
7.826244991898021475e+00
-2.873488730864560914e+00
1.747067123101538000e+00
-1.411310979322518477e+01
6.489512770177743306e+00
-9.088857061709811891e-01
-3.447845729259944481e+00
-1.930974642999828461e+01
-1.053816524682731171e+01
1.195375594017943044e+01
6.894198765636467385e+00
1.606089338133917721e+01
4.798543860556817364e+00
1.676461636815446710e+01
-9.712961564764537314e+00
-1.003332591892655756e+01
6.782142587298035430e+00
7.341315301079889721e+00
9.315701135838510005e-01
-1.937131812774560258e+00
-1.015991255961558792e+01
-1.629108631480362224e+00
-7.741009274623739778e+00
1.362545150726212739e+01
1.032430213823150211e+01
2.521574932737076580e+01
1.157415712552069653e+00
-3.381302611599493968e+00
-2.849851129444345155e+00
-8.241790009871248657e+00
4.711752897032134513e+00
-1.016085627610314823e+01
-2.245829634702649624e+00
8.037380141144284451e+00
-5.298324922316699492e-02
-8.164617462288500604e+00
-1.152275790708255698e+00
-1.725041937793130487e+01
7.393716334255840295e+00
-3.156126316132979781e+00
-4.219666771555256268e+00
2.345796863885862038e+01
4.781978558381057010e-01
-1.346766714766719275e+00
-4.552874054061797793e+00
1.846931228122561830e+00
3.826213464942064268e-01
1.704306980972459229e+01
1.378961060899628066e+01
-4.072684610265359773e+00
-2.348153717631924042e+00
-7.628780229055576179e+00
-4.445697866984396285e+00
1.862706401073168294e+01
6.923900760306943347e+00
-6.274615087399997293e+00
-7.385591636140849126e+00
1.874352485231460808e+00
1.212872009285992370e+01
-4.945490545414543249e+00
2.270979757275314981e+00
-6.978810168380561452e-01
-4.447033802238108957e-01
-4.836739862752448826e-01
1.369521804601243620e-01
6.545391761218086302e+00
-2.339655092397789904e+00
5.524829842693766757e+00
1.665596095104963226e+01
7.554845756968975756e+00
2.310991986858351410e+01
1.118466252586124909e+01
3.477365553267561360e+00
1.091795041041413405e+01
-7.343834913387985885e+00
2.603376867594663580e+00
-1.349472930614642863e+01
-3.282378977962969735e-01
-2.903401502619282759e+00
4.125090761565394004e+00
-1.739891287502971506e-01
-8.043327418165061360e+00
-7.418436798059881987e+00
-8.822689253826604627e+00
-2.340163843014308576e+00
-1.233146357472214660e+01
-3.539747850195128720e+00
-1.411164843871777563e+01
7.118740474017721809e+00
1.260805900470528318e+00
-1.385423616685027071e+01
-1.610143579591565066e+00
5.522974365610230585e+00
-1.461615498739955887e+00
4.263796731947006258e+00
3.243674207263852693e+00
1.003791730947378369e+01
8.200369615748032359e+00
4.091407528275324168e+00
1.655775705769613637e+00
-2.704939346641990028e+01
3.811702771299515291e+00
3.148949437792522232e+00
1.261153434087707748e+00
9.122994788753562290e+00
2.425499699361328254e+01
1.797293355224735822e-01
2.796323449642084125e-01
-6.895101802343963193e+00
4.744838492183122369e+00
-3.579588080944402062e+00
8.089170181185405539e+00
4.271484328096855521e+00
3.294164572409774561e-01
-1.518120714507561075e+01
-7.143738000322055193e+00
