-6.268381424177527528e+00
-3.794836862397092392e-01
5.110510361083330011e+00
2.298684559297376140e+00
5.275875268545290098e+00
-5.339144304639560801e+00
-6.108427871538803622e+00
2.944189241609807883e+00
-2.185428008528182531e+00
5.085296582552744304e+00
-5.283886488679985227e+00
5.212276785796287726e+00
2.579774581306255143e+00
5.481093627551097747e+00
8.701523702703428675e-01
-9.743180410957549498e+00
1.086538682944818479e+00
1.227313021260286874e+01
1.508581119806710280e+00
2.061903361224711517e+00
1.351466273697767839e+00
-1.872185444762596074e+00
-1.213432064675924238e+01
-4.626325580852725494e+00
6.560500096984762664e+00
-1.124692616667926082e+01
8.063758493826799878e+00
8.628116475983441447e+00
-4.288085176174098123e+00
-8.336226141842534076e+00
-1.233029580238861111e+00
2.517905934332782536e+00
-5.846909533756701194e-01
4.199722174332467084e+00
4.905299021449034402e-01
9.683030864477316868e+00
7.608239347111678264e+00
3.538396151759133357e-01
-1.756802520158163183e+00
-6.080534254125913307e+00
-3.018909793413048437e+00
-5.150408810917447289e-01
-5.246405689980933928e+00
-4.404461645693009686e+00
2.614072472722026141e+00
-1.440945384597892343e+00
-8.596362230512932356e+00
9.556595826660267079e+00
-3.597594879532068468e+00
4.217287237208644513e-02
3.753842457485479400e+00
-7.517332693642453378e+00
-2.667642002591589900e+00
5.386163137529520029e+00
-4.055416398908390008e+00
-3.177037529293660345e+00
-8.111234265915349795e+00
-8.932493994002632220e+00
6.474059984336033580e-01
-8.870704244400403837e+00
-2.752267660379337233e+00
-3.260809988608700305e+00
7.249327230545617340e+00
2.701480506832729667e+00
2.004374561186303527e+00
-7.983669671310985372e+00
-4.052101117017437026e+00
-1.541395316219102307e+00
-6.963178111616125099e-01
1.610903697492688469e+00
6.102844015360865626e+00
5.934512054256917857e+00
4.091003635120715742e-03
8.261968205138822796e+00
5.676062938065040697e-02
4.143201502495466926e+00
-1.362990121241285379e+00
-3.099989136075847362e+00
-6.026388389331167161e+00
2.207227559806539841e+00
6.119136812907547629e+00
1.053984917559834678e+01
1.132285397149776163e+00
-8.206516237542988534e+00
-5.310493600629885513e+00
1.259966495914377926e+00
1.216810068846435655e+01
-4.125412585975980484e-01
-3.669014562054089268e+00
3.937579227944391747e+00
-4.011749644187296404e+00
7.615139795600132544e+00
-3.528115611161270593e+00
6.827333093645218121e+00
-5.082529467405118240e+00
-9.897884428971913451e+00
-6.495602005927575640e+00
1.066337757901246341e+01
1.015568138434853829e+00
-6.446331203486621142e+00
5.052218316119593489e+00
-4.316099772925925393e+00
1.419456228520817431e+00
-5.773067432562170254e+00
-3.965352670244640443e+00
5.215032861191587266e+00
2.569392390727398556e-01
4.591862153686044223e+00
3.098269057056560194e-01
4.446927678183028476e+00
1.859715247702583563e+00
-7.221196121547445834e+00
-3.367521167332927057e+00
1.274168198222105364e+00
-7.026147866379702123e+00
-3.443208926274500037e+00
-2.045050093416971748e+00
-2.287272633143955680e+00
4.630391017320771851e+00
-8.223034769076871697e+00
-3.427684572433485677e+00
-7.488214530073744157e+00
6.686709882909718239e-01
7.811817685637817199e+00
-8.975859559253157371e+00
-3.389023767212663962e+00
-7.045535736545527783e+00
-5.486483270497188869e+00
-4.114662464084132942e+00
-4.237396725354369842e+00
-9.703815588465722897e+00
-6.743018606764288769e+00
9.184074469080893977e+00
7.332914384830350407e+00
1.415958417864086272e+00
-8.505088644152217769e-01
8.234839699852145145e+00
1.901649702292741162e-01
-2.975326877701639283e+00
-9.156513147758545301e+00
3.264554900368529022e+00
-2.815722276459871054e+00
-1.199132526414268796e+01
-2.525732959241052011e+00
8.189795862188882225e+00
1.855238572661997765e+00
-7.457825893889439506e+00
-8.839614676263531923e-01
-8.107482410109000170e+00
-2.508354269043932216e+00
-1.024768766327485281e+01
1.040935654516313136e+01
1.129609738219725834e+01
-6.695955336384766809e+00
-4.370838836074936395e+00
-4.385500534321925770e+00
-1.289194591808672641e+01
4.729121934157896057e+00
-5.003646364226583820e+00
-2.395324776629529140e+00
2.135354247150023088e-01
3.055442719704230203e+00
-7.930352622361009907e+00
2.845489939201452323e+00
4.898905765006905888e+00
2.376665375809118519e+00
3.848298054287478287e+00
-3.213752833445316703e+00
5.135631632319733519e+00
-5.983087480593814789e+00
-8.145085357393538672e+00
-4.567874061638392824e+00
2.401246711867212280e+00
-8.930570043098091659e+00
2.950480672570353846e+00
-1.551791044432464739e+00
4.328580945036787142e+00
-3.914359609620387648e+00
3.805871559569227180e+00
1.012783055066763538e+01
-6.470010556841972793e+00
-5.218937851008266016e+00
-7.581651390639362553e+00
6.542628719883898825e+00
3.847674526485370450e+00
-2.125186251537164228e+00
-2.441272800774639595e+00
4.463996518855631201e+00
4.950386822519178942e+00
-7.402781989650812910e+00
-9.813103339831659611e+00
-8.902603401882799972e+00
-2.711861840682488367e+00
-3.943697384535538752e+00
1.528071834918978578e+00
3.910151905947288231e+00
1.850875424244212919e+00
4.444061726470215135e+00
9.899242444763000748e+00
3.448573840256738521e+00
4.065249347717768913e+00
7.542325530261413391e+00
6.272714368001251373e+00
1.105349336476317568e+01
3.793073555292227006e+00
9.770896005152962527e-01
1.668695296553076135e+00
-2.810033855353769594e-01
-3.492622800866358901e+00
-2.527045056451744376e+00
-8.397225442570514176e+00
-5.150331238367845010e+00
-6.069089031943845747e+00
7.077279852565240503e+00
-8.085230012235486541e+00
-1.022910886875268233e+01
5.539742730654063863e+00
-1.861517200566638275e+00
7.987182933427170894e+00
-1.184652169981162118e+01
-5.754664156561318578e+00
4.330632463546626454e-01
7.333906709405023427e+00
-9.991680390774282827e+00
5.819786110782427357e+00
5.963485200021576560e+00
4.388494476926920740e+00
-2.242801105850451115e+00
-2.169322448625326416e+00
2.308866606731687199e+00
-1.622267666032696010e+00
-3.291558860307359780e+00
6.112212871740501541e+00
4.146109301579725681e+00
-1.112264497857101198e+01
-1.470453762766480654e+00
-3.215497691726234564e+00
2.456663336401319508e+00
4.679483748122257758e+00
-3.396973190693020062e-02
-4.175024092324743030e+00
-4.116658407138780618e+00
6.455225542655515625e+00
-8.773856870820839760e-01
-2.473167462918815840e+00
8.317551671211139919e+00
-3.955722250632435433e+00
8.795886859891782761e-01
6.363523958125180124e-01
1.156873694863417956e+00
-1.136047960187367600e+01
3.513395325682525883e+00
3.155293640849395898e-01
-5.760165191718641609e+00
3.742943246322348871e-01
-1.860111215850552835e+00
-2.894047756664656745e+00
2.880520111698634533e+00
-5.979248235636285713e+00
-4.373635825328164195e+00
4.877110776506057288e-01
3.214096284648840118e+00
-4.325740884436436451e-01
-6.742557272651142242e+00
6.252753313498568666e+00
