4.387447867422957226e-01
4.756166797329854923e-01
1.018638207525560890e+00
-2.616549628117025073e+00
-7.933520827525042396e-01
2.780807206152453581e-01
-9.396667294198822740e-01
8.000730622271845505e-01
1.189895776706009212e+00
-2.322739620758130563e+00
-1.404751303692200581e+00
-2.790303697712438469e-01
1.993139230375264415e+00
-6.671774645779242618e-01
-6.252235529788650881e-02
-1.874009064521062529e+00
2.071371133615498739e+00
9.910241665133603384e-01
8.611390731129110465e-01
3.327824177890738033e-01
-1.655076742970228665e+00
5.844326459848858679e-01
2.532438081722939494e+00
5.534170358856884686e-01
-1.974795154041834699e+00
-1.391774952826656975e+00
4.084838993824794207e-01
-2.247451990627485907e-01
-1.527985422808155191e-01
-4.352407793803599878e-01
1.064684377381396541e+00
1.410813587514069045e+00
6.281470689124091233e-01
4.539803431257256605e-01
2.725357116522540313e+00
7.033393397365759192e-01
3.127448066364914681e+00
2.165344136773673656e-01
-8.970709443075147727e-01
-2.369567079695083400e+00
1.536603667343656721e+00
2.341465391191760670e+00
1.489756886593617269e+00
-1.793775510943536045e+00
6.369332889997711966e-01
1.196299887045645383e-01
5.542770113338881810e-01
1.039188319423294260e+00
8.084294680319633608e-01
-1.110524466347720729e+00
-7.909219322508257433e-01
1.310740338649535097e+00
-1.250832861643892180e+00
1.471221824906117970e+00
-1.612553433248035684e-01
-7.315029084957913597e-01
9.042634790429670000e-01
1.630184416318994467e+00
9.208290604526989664e-01
1.928019620772440046e+00
-1.457579033139750013e+00
6.866634488485837684e-01
3.117657665603766892e-01
1.969042733625158359e+00
-1.964185930457934270e-01
-9.412732827187083595e-01
-1.518657637152252882e+00
-1.873680676113648413e+00
-1.211514332950511807e+00
1.860870736247211443e+00
-2.683338223970832992e+00
-4.115043362333247745e-01
2.691869866638025854e-01
1.340018324420309215e+00
9.672181690978436386e-01
-6.412177859878347430e-01
2.654509625854484689e+00
3.310298989389616198e-01
-1.319472147390012839e+00
-4.285895713938877583e-01
1.851645401814829284e-01
1.330400242302948843e+00
1.629434927733872884e+00
2.872071835867957557e+00
1.405910303671276340e+00
-3.071367138983849276e-02
7.828811624941058034e-02
1.791534510283996351e+00
1.748324753012626964e-02
5.840148638656406099e-01
4.080410649452148597e-01
-1.736538484969043505e-01
-4.008307578276991134e-01
-2.220420284554826651e+00
-6.963269352761036757e-04
-2.847478942692000636e+00
-3.046111100528596793e-01
-9.990109513500511351e-01
-7.839689146015307308e-01
5.163014875418656668e-01
1.927535163293786713e+00
1.016263279725791779e+00
-1.671560107607259926e+00
1.418099090038652088e+00
-1.661005107383609847e+00
6.796781947599995766e-01
1.136266467180929940e+00
-5.554582012319871920e-01
-8.541313821284541863e-01
2.262623808254640601e+00
-3.882057482967375961e-01
-1.410866241438723634e+00
-1.792039543691171799e+00
1.800853938395161613e+00
2.432028555355701283e+00
2.373680494484822212e+00
8.774133784329447572e-01
-9.694158206257350030e-02
8.238158793536712321e-02
-7.125200233185631227e-01
-1.362453712056910238e-01
-4.955197581007492746e-01
2.519071938015624013e-01
-5.824197787929408232e-01
-2.295112838197602922e+00
5.996140131697260678e-01
2.145108513955784613e-02
-6.971525530288831263e-01
1.510519977104067824e+00
2.224693132143379104e-01
-2.916506233414144500e+00
1.201392050032208836e+00
2.692315671012472045e+00
-3.319054220734688476e-01
3.397918036483698057e-01
-2.177530643570387170e+00
-3.336234025536189418e-01
-5.441681990113043099e-01
-2.693175802019968090e-01
1.454191120574968465e+00
1.965466719915193838e+00
2.166955195874325391e+00
-3.125299063775235364e-01
-1.905017295438322655e+00
5.130825919522390421e-01
3.783575436848865547e-01
-2.040673965282786995e+00
2.643836925985252329e+00
-1.788172364366381384e+00
-4.750919220481251704e-01
-6.660509609436511269e-01
-9.824883446875393167e-02
-9.820521594660449605e-01
-1.372505919648459027e+00
-1.017687598772637259e+00
1.001247302350580348e+00
-1.990025187250318517e+00
-4.525048840562234109e-01
1.566635237899803856e+00
6.541854713230138563e-02
1.823354502782302156e+00
-2.679439985813463210e+00
1.358825620407717871e-02
3.257034522998017434e-02
3.799899555084448322e-01
-9.206135109221473822e-01
-2.439164009697631030e+00
-2.128903638693357081e+00
-2.042636160214265750e+00
1.896482935145578530e+00
-2.086568142113462976e+00
1.069701283077337806e-01
5.946654674308007871e-02
7.920125925136506373e-02
3.112215708151481186e-01
-6.695910812054955974e-02
-2.473047905411128511e+00
1.536485276746221151e-01
-3.615482358470998858e-01
-1.959159032619844254e+00
-1.269838845530843807e+00
1.405117644624710005e+00
-7.186811232927690085e-01
-1.237008308098564768e+00
2.245448503902777393e+00
1.396774463523713150e+00
2.769980180037213913e+00
-2.224673066349974471e-01
2.204713378704026283e+00
1.328402188068203760e+00
2.676207026619771057e+00
9.592909859298665021e-01
-1.095199004691336464e+00
-3.458140648240339843e-01
1.756538410572148434e+00
5.359278862845757718e-01
-4.033740860182878640e-02
2.494545138054925282e+00
-2.095618083325023751e-01
-1.489563804947793280e+00
3.751271684861043898e-01
1.300363469169999231e+00
-4.959616141878046003e-01
2.307746583757622538e+00
-4.902789864765907946e-01
7.465725267785708885e-01
2.342289412019198824e+00
1.425614523947893231e+00
-7.144052214323538541e-01
4.347405129824166714e-01
2.767267334725771466e+00
-4.765012311184533278e-01
-1.462508819956946482e+00
-1.229830672402611569e+00
-1.473867306892568951e+00
-5.857763102675019873e-01
1.765237717154390928e+00
-6.205465119560626963e-01
1.626322733197957948e+00
-4.843974017074528238e-01
-1.000996499479438917e+00
4.246842189625217867e-01
-5.401066777454346379e-01
-3.606971023476690519e-02
-6.439927757596601854e-01
-9.015092657807627363e-02
-1.311709730598597634e+00
7.838942673852064003e-01
2.793748305379440744e+00
-1.121552833245975211e+00
-3.391322169749171334e-01
-1.305172100129995183e+00
2.378504279801100907e+00
7.438485780352965815e-01
3.443801255548148976e-01
-3.494714135324534343e+00
9.217049724055768056e-01
-9.200641343807536288e-01
2.503871741589134281e+00
6.626668462856361019e-02
-8.714933262770871991e-01
-2.935385295104607772e-01
-8.143486470788934284e-01
-1.434783243104008843e+00
1.014530032935432091e+00
-1.340156616065269590e+00
-1.668928064631842734e+00
-1.774201973960869649e+00
2.923642629442247953e-01
2.957617498110784116e+00
2.079658578918173739e-01
1.068436007132871790e+00
9.413520224249651847e-01
8.330205267022525728e-01
-5.356955195918138291e-01
-1.075848152009200032e-01
-2.433240600030611489e+00
1.842432435677176850e+00
-2.592882502299383995e-01
1.033719394367631217e-01
-1.597103140499480878e+00
-9.024873509243882541e-01
2.380139145245051324e+00
-2.254033240400758586e+00
1.029905396171921339e+00
