-1.572627688510654043e+00
-8.559295409923878273e-01
-5.971993304394700441e-01
3.287578751095817875e+00
-1.578107990138106764e+00
-4.527709696904169689e+00
1.227321648590898651e+00
-3.247124265771285767e+00
-4.068759330295636190e+00
1.876124557230239187e+00
3.357105495204980805e+00
4.683652942239988626e+00
3.838757299497563835e-01
-1.262014919926911283e+00
4.435302620554780084e+00
1.181829730716636773e+00
8.611721668577971833e-01
-4.064138701730763081e+00
1.636626888782605205e+00
-2.612733954952473070e-01
6.781145990160033499e+00
-7.681103896994834201e-02
1.563188910456899006e+00
3.288685486084035769e+00
-2.247319397828345888e+00
-2.380098413791174483e+00
-4.322630763207867766e+00
3.663688740412179845e-01
-4.487148742273680213e+00
-2.014155676318718058e+00
3.267172842650118980e+00
-6.304163491634418026e-02
-2.849366171243141732e-01
-1.993244681024715970e+00
-1.180174287801609267e+00
7.095910343969186407e+00
-4.551743698965471374e+00
-2.304421644102253808e+00
-4.442388451131429328e-02
2.355622582213133143e+00
2.513185176561277601e+00
-1.904377486844696321e+00
3.259967212381088775e+00
-7.628642346523011319e+00
4.720393787607374492e+00
-2.372231320671119637e+00
-1.501782283018234576e+00
8.516285552372724332e-01
-2.669326738727334725e+00
3.898386446464801480e+00
-5.381012468760465239e+00
2.152369757732664368e+00
-2.738487350350400362e+00
-3.407429549331723706e+00
4.254320836019109819e+00
8.794451186011473798e-01
1.663400592940343481e+00
-2.312296108030459152e+00
2.824602761942948348e+00
-3.089694819345653709e+00
-6.456362813105783971e+00
1.561343651698799739e+00
1.519531536479222789e-01
-4.231150133181336592e+00
2.157404033269751942e+00
-1.042252454692702557e+00
1.124653270065937516e+00
-1.884484995960294507e+00
-5.014749375653066110e+00
2.921497012674939775e+00
3.425667744334194964e+00
-4.124861929204692856e+00
1.305011345946076373e+00
-1.898494164532689155e+00
-3.728348082487072723e+00
-2.240007872975220415e+00
1.333916364377131902e+00
5.890429912692887626e+00
-1.708632295910001764e+00
1.703129495530860682e+00
1.412900349368689579e+00
-1.477689776878505556e+00
1.879797809501090045e-01
-6.456322974801651515e-01
3.355042993821502950e+00
-4.351261181514683329e+00
-1.842690863896306874e-01
3.253562779517592762e+00
-3.782198375439102644e+00
-1.375039481984483114e+00
1.853733237572636749e+00
1.103587280288361061e+00
-4.605071224347651260e+00
1.689687508426395812e+00
-2.266704368770999789e-01
-1.569307970430099619e+00
-5.125209338143077442e-01
-4.806928547960030329e+00
-2.618291814803765938e-01
-6.416178103932576704e+00
-2.428547140864931730e+00
3.262894439489279819e+00
-2.504028825987906437e+00
-4.803472259126400079e-01
-2.269149494898992092e+00
-7.141401216494928761e+00
2.745501813877754049e+00
-1.580897367177452217e+00
1.243839172291853590e+00
-8.927649668520905024e-01
-7.181953454341041265e+00
2.064868534464562089e+00
-3.054596048597382207e+00
2.779976999640239033e-01
3.732827653597486917e-01
-1.743822389314265031e+00
-1.032845671745825866e+00
-3.854466605845361826e+00
2.379748137397277308e-01
1.357647150743799269e+00
-2.183703051729751543e+00
-1.573163772355172352e+00
6.913853880162868393e+00
-2.442067447863736973e+00
3.028416346514835045e+00
-4.646377822329716523e+00
5.497593872512585023e+00
9.106517303846328737e-01
4.065704558100977195e+00
8.231519135311812230e-01
1.009600476106558009e+00
6.928841660781326350e-01
1.001115530449810942e+00
1.131300042186522914e+00
-4.911187200878619485e+00
-4.019899239847879002e+00
-6.241072373877672774e+00
1.459030314878218437e+00
3.301260731325542430e+00
4.340501426791957940e+00
1.358308387199975709e+00
6.987525889776133425e+00
-5.378786762753088979e+00
1.696644721106183695e+00
-6.524390264304464893e+00
1.738635506903557282e+00
2.100117531394515957e+00
4.132898380616138567e+00
2.334716533341604006e+00
-2.271662705432048401e+00
-5.527083935561840633e-01
4.434389880659051819e+00
4.089153292190827571e+00
3.379770341477885687e+00
-4.450947108844385269e+00
2.755071469104795945e+00
-3.991228647543194619e-01
1.052800699286441377e+00
4.450559776283567359e+00
2.033921903792861308e-01
6.419689180535762540e-01
1.658775658842351675e+00
2.395047081477247541e+00
-6.532721272714978156e+00
-3.999592750196646840e+00
3.407397259935795564e+00
9.566000873132097793e-01
1.605480023741001183e+00
-3.194777655736737998e+00
-1.408773808429498064e+00
1.700381362329600687e+00
-1.035409789344456266e+00
-4.490097988975880305e+00
-6.919283229194365781e+00
-9.626982787710690603e-01
1.553747502987520068e+00
1.852929980878113447e+00
-2.616870653470475538e-01
1.411076262001400128e+00
5.965645901633326531e+00
-4.648930553233266316e+00
6.605923438327373276e+00
-3.579211112560209962e+00
-4.739588469651816460e+00
-4.391770963339092226e-03
1.049368060259441293e+00
-2.490170290684687870e+00
-4.167992423674743208e+00
-4.226050783338195060e+00
-9.759011011764133769e-01
6.474886533172050651e-01
2.790506052394053249e+00
2.840442994752735650e+00
-1.033772454754439574e+00
-1.167771176297471403e+00
2.139145570861609613e+00
6.460204182612150348e-02
3.326241446041540151e-01
2.300741236664927136e-01
-3.208634321392603184e+00
3.265285100583406042e+00
-7.475855767519532513e+00
-4.666735990989796079e+00
-4.642597721781096531e+00
-1.865537739743425183e+00
4.753066106574890815e-01
4.376364199558640422e+00
2.051903873397446620e+00
3.584817405387293654e+00
1.272483015808636875e+00
-3.217718456513421366e+00
2.295382780612213569e+00
2.638642889053814500e+00
8.803569983719667036e+00
-2.639619669830242099e+00
-1.714859022660092380e+00
1.719118284103239302e+00
-5.955058361981750537e+00
-1.175345541781336989e+00
-3.706590469583140646e+00
1.486237225075506263e+00
-4.419907213036463389e+00
4.615109951762790708e+00
-4.834359078611229599e+00
2.325689202761005880e+00
-1.438955551823595247e+00
1.371510829226090911e+00
-4.336728934114541190e+00
2.606554186151198493e+00
1.819755253011250407e+00
-6.294586828064047346e+00
-1.446742480855897517e+00
-5.699721857278440496e+00
4.013482655493019635e+00
-7.553348072977758676e+00
7.345661756976691326e-01
-5.200622269457361391e+00
-2.705398171227197501e+00
-3.745951050577978947e+00
3.335944982203760567e+00
-6.501098098430835304e-01
1.326341919389067980e-01
3.171145365755669410e+00
2.945105474337440743e+00
4.432409513065147522e+00
-2.473448843785072349e+00
-4.396839953427679859e+00
2.714164953022336846e+00
2.453300044605146280e+00
-4.226756328873389812e+00
-2.287677663705602882e+00
2.204922859854276940e+00
5.707596880857330746e-01
-1.835855705883333133e+00
7.094082769942801292e+00
-6.774436651199760462e+00
4.153372394017659452e+00
1.751019880148622643e-01
7.347198969202846541e+00
-5.350616214773232571e+00
-2.486358148246874844e+00
2.633445321780464976e+00
-4.206490219276383336e+00
1.758009775985811540e+00
-2.256614713961554664e+00
