-3.093625775631645425e-01
8.538664054487039579e-01
-7.254628868395138763e-01
-1.870933874951459241e-01
-6.411260082347205458e-01
-4.543240269058956837e-01
3.517938561755620253e-01
-8.295225426778323197e-01
7.271066230713667533e-01
8.717568614005375416e-01
1.509497485531603456e-01
8.652632496290955100e-01
-4.879416944415293500e-03
4.577219830313561388e-02
6.215492060654426165e-01
-7.490279727721835812e-01
3.163505447424819206e-01
2.431314695085085020e-01
-4.733677837799221688e-01
-9.275611864541761786e-01
-3.661907251453695444e-01
7.717387524286656308e-01
6.514540946948574884e-01
-7.245633077423463408e-01
3.018619257388808208e-01
4.800707814760110104e-01
-1.705086666573472076e-01
9.285307616467406433e-01
-9.781102585842573749e-01
-5.303215033763688524e-01
-8.021892968469648277e-01
7.938767806980873143e-01
-5.156676874912189401e-01
-5.628185347133010108e-01
-3.733404319352449097e-01
-5.190189760885342007e-01
-4.592104761832271898e-01
-8.297246008757548363e-01
-5.735232841083581778e-01
-9.268651175892830274e-01
-3.908149704272687597e-01
1.597895753269795716e-01
9.168705111623440818e-01
-2.897169728783532960e-02
7.468997011195490643e-01
4.342338275971633355e-01
-5.029617595408013564e-01
-7.623129441335851908e-01
7.324292848075215634e-01
9.525926795792738488e-02
-9.459692068293603651e-01
4.602378387967223095e-01
-8.456135048533570675e-01
3.249250392329454673e-01
-5.422075883614798641e-01
2.378675912922041391e-01
6.003100479938090484e-01
-7.315074700570896038e-01
7.969039834483211404e-01
-2.431144314775712800e-01
-6.635169724357032894e-01
-2.805658885202955144e-01
-9.549425479326290045e-02
2.169456722866724974e-03
-7.198957291178487150e-01
-2.605634467176052294e-01
2.500582662747632412e-01
-4.593006872264973062e-01
1.107615956704366411e-01
-5.860086385768401573e-01
9.648286844111269023e-01
9.639588956980789103e-01
2.280183080877991042e-01
4.240562218416554785e-01
-6.744452005588719157e-01
3.641108755452362455e-01
-5.725756186281232285e-01
1.234486927143916279e-01
7.687678402610247375e-01
-4.227198083748213708e-01
-9.073899441533488375e-01
7.848792947432481348e-01
-7.453980540398097432e-02
2.852216475362421289e-01
-6.194488121289043470e-01
-2.505593920013815534e-03
-3.101875427374509719e-01
-9.627619971282053157e-02
-1.851065109254246277e-01
9.691298518215618607e-01
9.147828384694878245e-01
-2.375020194784245309e-01
-4.323952679361164897e-02
1.732630868661522161e-01
-7.693593814823778132e-01
-7.923449048266855144e-01
-3.303652886946022438e-01
9.617768399266286572e-01
-9.479186497187719329e-01
2.406540123634726136e-01
-9.297310759647592349e-01
7.548760038093493829e-01
2.394671767156790754e-01
7.751905326979242616e-01
7.163203354457241545e-01
8.871746934939075402e-01
5.141026078467743066e-01
-5.616280683759691250e-01
3.601850943100617375e-01
-7.712653889564946574e-01
-7.564350177473686543e-01
9.955806514868137391e-01
-5.326662311160739183e-01
2.554891539006669543e-01
-8.893446910580000697e-01
1.080559711141109158e-01
3.380450197156106285e-01
2.531472716562155334e-02
1.907539032519007804e-01
-1.619218064052991846e-01
7.378973064981102503e-01
-4.257920743482324077e-02
-8.782886733007801983e-01
9.067965664387434011e-01
-4.836181033332951351e-01
-4.022262932802540547e-01
1.809828204884371683e-01
-5.451486309318274159e-01
-8.504033709468485913e-01
3.534384204999829748e-02
7.603930725882999120e-01
-7.417504706193065456e-01
2.387644502987096295e-01
-2.487737247888532899e-02
7.785271037996319698e-01
8.420552056656460671e-02
6.684191770937257804e-01
7.127003519905703577e-01
1.024379767551577558e-01
-7.011976747851651481e-01
1.722853214854080939e-02
9.674949654042475089e-03
-7.543124114149535320e-01
-4.988170194751053721e-01
1.937776284604730836e-01
5.107050513524169499e-01
-1.350512622587938250e-01
2.023304654142692449e-01
-5.951417746455391899e-01
-3.472734140491942068e-01
5.320410206732306690e-02
7.731954462938122052e-01
-9.807182842539141632e-01
-1.595055188378153854e-01
9.011822974005170295e-01
-2.110524411389724797e-02
5.211181238261275439e-02
-2.826148763363736105e-01
8.564858000826502948e-01
-9.445352192573188699e-01
-8.124268962363354607e-01
-1.591659958226736560e-01
2.295906236941458456e-01
-6.490005646092738001e-01
-3.273222990873125848e-01
-6.904008739031219921e-01
8.932336295352392153e-01
4.766870727188994294e-01
-4.361965790161241863e-01
-6.035537931440486670e-01
9.115126383755192130e-01
2.231680178061434816e-01
-4.991978816516235984e-01
6.098846750892814583e-01
8.657377046441521173e-01
5.215697125543936608e-01
-6.633380529617050048e-01
9.370233429147107884e-01
5.164063456939824714e-01
-3.952017186615210953e-01
3.955891497492483033e-01
1.176936917860391674e-01
4.164208632143395761e-01
3.927409178526235500e-01
6.111097208744391551e-01
-4.084006440244283276e-01
-7.900338181288668604e-01
5.466352676334447214e-01
4.787884284662660139e-01
2.297422761241665334e-01
8.498671670187434302e-01
-7.456914413432871314e-01
3.454548805407167134e-01
-8.052521009655957407e-01
-2.852164968412604917e-01
-1.160044226970136094e-03
-4.512435483551757720e-01
7.126664697318401132e-01
6.918589898366678259e-01
5.536509164740979205e-01
-9.701105676900387831e-01
-1.650584954483886868e-01
8.743014927613339538e-01
7.988031740483467757e-01
-8.232737201686788353e-01
7.457271191250121056e-01
7.549208467105561482e-01
3.762949155078862962e-01
2.355010305114400015e-01
1.414296357119280145e-01
-7.639241529267613018e-01
-1.234890371987058533e-01
5.405104465262209334e-01
-1.394545385171495067e-01
5.215282974435970775e-01
-2.108609292237908495e-01
8.978228259943807910e-01
-7.520592221612523165e-01
9.006095522917274554e-01
3.515187125901144682e-01
-2.426554026396146035e-01
-2.667156754980528621e-01
-7.454227467397485096e-01
9.016879325120619182e-01
-5.246933260024511103e-01
-4.861525920887506125e-01
6.600115344046311172e-01
-1.395465023435136231e-01
3.911216871760665459e-01
2.665682516829974702e-01
1.415875576484273424e-01
2.548531300235594710e-01
8.001605088302570223e-01
6.564222817897356066e-01
9.024822698746590710e-01
3.444529204987618609e-01
9.060948549691387743e-01
3.210117312965570235e-01
2.437738157352515866e-01
8.213494566182018009e-01
-9.382292086423604793e-01
-6.287913481596589804e-01
8.531697396647826004e-01
5.910498743325340865e-01
6.056996812951573883e-01
-4.399449083754023437e-01
3.609594508411462233e-01
7.061022979316073922e-01
-9.205299688486698884e-01
-6.636721664323994574e-01
-3.090677726935200376e-01
8.735653464973693882e-01
-4.629129941459906306e-01
-6.676640868602559120e-01
-5.804518451596538675e-01
-7.119693725742364254e-01
-9.854652246590689391e-01
-4.154778178325866378e-01
-8.123043437626686902e-02
-8.141922012277633680e-01
-4.313812500234091019e-01
-6.470014833633084272e-01
9.155149980496470885e-01
3.202457808566860908e-01
-7.026637854015380658e-01
