-3.950151367428678117e-01
7.653337477985795445e-01
8.425353774449837463e-01
-4.875161247270771714e-01
-6.940288842799635649e-01
-7.918543914874032197e-01
5.273891987049910135e-01
1.505609589355221267e-01
-9.663760543560866445e-01
-8.363336640853868964e-02
-2.268114181346949643e-01
-6.041217535229839175e-01
-4.322861488456219980e-01
-2.115034227184728888e-01
-4.202349658297570567e-01
1.982714590423027001e-01
-9.593432218013542290e-02
-7.786018876198705918e-01
-5.390571427693839901e-01
-7.336789998074575436e-01
8.046866964507664033e-01
-6.519898174854534822e-01
-8.436576315839980911e-01
9.621641896080421752e-01
-8.069831883581093379e-01
-6.546076387817212350e-02
-2.081522196122318480e-01
-6.817141989170056871e-01
7.763521617699653543e-01
-2.792875439758910616e-01
-3.147064400965844388e-01
-9.928345996158116638e-01
-1.620378566018105815e-01
-4.835247316918322991e-01
9.805141432968027537e-01
4.424930085528477886e-01
-2.110324985985052582e-01
4.379252786230436456e-01
8.894029353532413307e-01
8.057903369954835249e-01
-8.488559117821770084e-01
-8.744393499065183928e-01
2.068312472668187851e-01
-6.136130921284570494e-01
-7.246317152132830675e-01
8.602154637226033795e-01
-3.352613643413906441e-01
-8.531798798175505016e-01
-8.949396193219711915e-01
-6.598130782964424235e-01
4.446211009578879825e-01
8.086218291946536407e-01
-7.618023281161576676e-01
-8.642358495016437825e-01
9.970684616687486290e-01
7.404053701302903967e-01
4.356729870327935572e-02
-2.886069880555772738e-01
-8.542861244984525371e-01
-9.577421851616700899e-01
4.035821659825427066e-01
-9.688117726684237763e-01
-9.246162581983679019e-01
-2.635978118258712755e-01
9.120914497605812077e-01
4.041411487607216024e-01
6.653401784928147933e-01
1.930566716388211201e-01
5.280657775408823529e-01
-7.811062061207645346e-01
-5.814830548736238391e-02
8.371133966391870462e-01
-8.184914922056238940e-01
4.316173492214918639e-01
-8.583983855439680788e-02
7.709498132516159341e-01
-3.437327465004202942e-01
-3.399521620171110925e-01
-9.495321893278632075e-01
-5.317545575664910373e-01
-9.372999685278389226e-01
-6.716773090365473209e-01
-4.770103702089909525e-01
-5.603738336481565163e-01
-6.363999930938597505e-01
-6.088498462855005400e-01
2.761573441286440111e-01
-6.607684259785673309e-01
-6.040817256861916729e-01
-2.533412440878832772e-01
-7.586392405821209550e-01
-7.539911642251559964e-01
-4.194874395797065780e-02
-3.109088247971296681e-01
-3.556422607583489270e-01
3.144741994433186694e-01
9.249542841086055844e-01
1.222838859982937620e-01
9.208841400559113488e-01
3.773723454780653075e-01
-1.471025022742133981e-01
7.989661270775538782e-01
3.048134276611595972e-01
-3.273043298671720613e-01
9.061077402132156067e-01
4.333135926566138441e-01
-1.481104139482900539e-01
-4.954151367128709627e-01
3.200389270792380891e-02
3.232379350248848482e-01
-3.776368580094144889e-01
-5.690314520857797653e-01
-5.098946954550989119e-01
-5.521190252008096877e-01
-7.453584655172731388e-01
4.325146094486640447e-01
-4.964410943019459399e-01
-9.387743621481816625e-01
7.469323894653123741e-01
9.792543940045541628e-01
-8.013020587100747605e-01
2.565364189650367610e-01
-2.016589010154583583e-01
1.761166523179267251e-01
7.723517108559441180e-01
-5.716137252500932409e-01
-2.626098288313789553e-01
-5.929412747195945688e-01
-6.579355355760068136e-01
-4.954060961901112226e-01
-8.828524624522386954e-01
2.361326257857987443e-02
7.761872608395241624e-01
-5.835710301959411428e-01
2.396414367070403006e-01
4.220252848986556504e-01
-6.266800337362710138e-03
2.469212117203201107e-01
-6.412823591645375743e-01
-8.910147816171540835e-01
7.341328979902965735e-01
-5.622211824895391175e-01
3.240723059833932052e-01
-9.794085286325719952e-01
-2.056093086806822789e-01
-4.526498079760075122e-01
9.574475721461759292e-01
1.075475962278835684e-01
2.611299975573344589e-02
-6.874256974542547471e-01
7.707360759601438183e-01
-4.606424178148493809e-04
5.406798081321535498e-01
-6.832138984977389473e-01
-9.421993550637113302e-01
7.719445928536312618e-01
-4.648727298014014853e-01
2.200834872788652863e-01
-1.470369300600562479e-01
-1.276674481185284815e-01
5.401804517655546256e-01
-7.611674525223799392e-01
2.620408873614099576e-02
-8.860421696331954866e-01
-5.844414972453475521e-01
-7.324171806222288250e-01
-2.303618867724710473e-01
6.092449785387459293e-01
-7.106434588068579750e-01
-5.788348656405839510e-01
1.255060736580133618e-01
2.054601138986194009e-01
-5.490579952300089772e-02
6.929544471052984100e-02
-7.754052938825550800e-01
5.104527120319628519e-01
-8.794034991805355084e-02
9.653811860885379570e-01
-3.844935171717822620e-02
8.442302254524240990e-01
-7.024515071040593472e-01
9.191797719125598398e-01
8.164311086757083391e-01
6.719954114982311655e-01
-5.129813203412949552e-01
-9.706248684743368216e-02
6.999875955751662104e-01
7.739646577653451764e-01
4.172937627687065554e-01
9.876397672619650070e-01
4.932431863445385645e-01
-3.050479313612284304e-01
-4.697960270622214551e-02
-1.753208274768016661e-01
-3.906492640568999253e-01
-1.962540058786903518e-01
-3.268626566763639385e-01
-8.607909130297113354e-01
-3.529651592225917511e-01
4.352875702282494874e-01
-7.765854000151160008e-01
-6.530353627748883838e-01
-3.380803821742963677e-01
-9.145244158909249244e-02
-2.322087167696320620e-01
2.915406384195367018e-01
-4.006739322533410252e-01
8.356078920485907613e-01
8.476265391081743150e-01
-6.700688029302348525e-03
1.258768426693219755e-01
4.524752164461354198e-02
8.564436966389503691e-01
-1.283745293180553748e-01
-4.138871920259459269e-01
-9.614791255172505657e-04
7.996916435786682875e-02
-3.494456653289128578e-01
4.214904883325105711e-01
-2.731111185887358239e-02
7.088141537029697403e-01
-6.731810884111391058e-01
2.158684907928227759e-01
2.604708255515972848e-01
-7.075905138618834300e-01
9.924911489837600076e-01
7.890355026272357630e-01
4.650170540970435251e-01
4.521943713252789543e-01
4.794093554596901008e-01
-1.346194347821636494e-01
7.717171384332370820e-01
9.904698079006963862e-01
-6.170974662430015467e-01
7.193071969673865418e-01
1.466155802163549016e-01
-6.056845835516604382e-01
1.070758821309221176e-01
-3.686558727484590126e-01
6.260202804788141950e-01
-8.494179634872307538e-01
-2.593684115373646737e-01
-4.079875535111459062e-01
-3.088782702905845667e-02
2.642880689376791992e-01
-3.754709290428959179e-01
-5.477642982203285715e-01
5.289607086665040203e-01
5.242450883588365418e-01
-2.151890121529245192e-01
7.271691258290877702e-01
4.744335514420880973e-01
7.636820754330893024e-01
-7.305882997907620080e-02
7.828570957845830680e-01
-6.893195999904058180e-01
2.039836840537347928e-01
8.814575972920275504e-01
5.095619714846439940e-01
4.435150485365024764e-01
-6.049475853317678453e-01
9.847473437326894619e-01
-5.878889472914983205e-01
-7.498072879390582646e-01
-7.867656378657346128e-01
