-1.943360508103605166e+00
-3.239223640262466342e-01
-5.106970399834624974e-01
8.810763634272483769e-01
7.212168995115475489e-01
1.221608134007466262e+00
2.308898438219427085e+00
-1.311103201837778176e+00
1.811043482532346927e+00
-2.074413040233141992e+00
-2.504982459062530253e-01
1.356976710484245841e+00
6.705175238636962298e-01
-1.457685471219115847e+00
1.023717994748966298e+00
-1.455919851716639957e-01
1.716924800679342278e+00
2.006220511369941895e-01
-2.346349462103741068e+00
2.001653010292637980e+00
6.972884801698926438e-01
5.473545981316313425e-01
7.412571479220755322e-01
-1.762301373597588316e+00
4.186576682223259738e-01
-6.518473887806851552e-01
1.640272059932280424e+00
-2.206216937731436012e+00
2.639259179276961298e+00
2.721093436583315484e+00
-1.652430948521616649e+00
1.391846513063860868e+00
1.512985181269730806e+00
-2.301850619954113775e+00
-1.774306958337111162e+00
1.235020523859143404e+00
2.060864300020368134e+00
1.429733576513921633e+00
3.869947013823527016e-01
-2.214716960076176910e+00
4.629495670257656181e-01
-6.132828974706419078e-01
7.064668408727940996e-01
4.869224000423479082e-02
-1.948519366168242617e-01
8.745797041281013762e-01
1.406277402889218653e+00
3.747688384632626990e-01
7.702301295969138373e-02
-1.458267212512498467e+00
-4.634806183099440813e-01
-4.356579855090303433e-02
-6.104333376323276550e-01
5.940106319270673785e-01
-3.541062356817120671e-02
-2.957008279512415960e+00
1.331222609667633172e+00
-2.388130639476012007e+00
-1.529162051471075756e+00
2.147279706493717411e-01
-1.562897759189160407e+00
1.178798633891339431e+00
2.648576206159140023e-01
1.727741068646676315e+00
8.358931762728605275e-01
-2.454734251711009896e-01
-1.164230388505633762e+00
-3.127190908780962619e+00
-3.365935894638017456e-01
1.505343253850311314e+00
9.431112233374523424e-01
8.839630374358178333e-01
2.399281516039687201e+00
-1.052173513558789075e+00
4.461318734174526957e-01
-5.149748587926816779e-01
-8.310395522207995045e-01
3.585589162126783247e-01
-1.481143828472735180e+00
-2.050162724917250934e+00
-4.014057525009779859e-01
-2.041826235435753922e+00
2.619671767379745830e+00
-2.089252195780362698e+00
-2.463491986469877215e+00
1.915435842876246131e+00
8.608301173863961431e-01
-2.501317725286653193e+00
3.306449969403427724e-01
6.972786954969271145e-01
-9.736550226950493325e-01
-1.061410091611791007e+00
1.622709241987994044e+00
-6.352337255897355650e-02
-3.400512139266527178e-01
1.346474135138224781e-01
2.302306154770574764e+00
1.547204332817496475e+00
6.887257360785170590e-01
1.127268371265164770e+00
1.159059025907702711e+00
1.291345040798682398e+00
-7.392043835093277115e-01
2.514865290270928977e-01
2.228149626994290866e+00
-2.429214579791089790e+00
1.487644253371038228e-01
-2.121100338174573885e+00
-8.916467657304979477e-01
1.005534725735697243e+00
2.352841948148358675e+00
-6.191970255093466324e-01
1.516067252698455103e+00
8.737287679261205309e-01
-9.552226123497735699e-01
6.527843976266716197e-01
2.271630007779887883e-01
-1.252344528845677818e+00
-8.901469608075499584e-01
1.070093629172849781e+00
-1.912932692363417786e+00
2.016209300804212567e+00
2.991649474627503302e+00
2.990048407755975912e+00
-2.128777427811029632e+00
5.490429560581656654e-01
-1.117432956383750176e+00
-7.829680775316196772e-01
-1.589921152562733475e+00
-2.023901444244234682e+00
-1.125476194152893239e+00
1.041058322581044138e+00
1.571437421479336072e+00
9.007159481392926770e-01
-1.688751379794616536e+00
3.130216804015423238e-01
-7.417238530952655062e-02
1.041735828442265532e+00
-7.144041251503758794e-01
-6.521416335308276579e-01
1.617769279886686284e+00
1.741270063173046001e-01
-9.858103453697231178e-01
2.270687114073380641e+00
-1.979238945801513383e+00
1.372838413372069244e+00
-5.520632055058105614e-02
2.478661059457665239e+00
-1.028848150465651035e+00
-5.159387137639590559e-01
-5.321388421302433169e-01
-1.051805727093813037e+00
-2.759797661110635625e-01
-4.128698183032715185e-01
2.431154309373686928e+00
-2.408121755063274971e-03
7.177406344931491766e-01
-6.741826946189906078e-01
2.305379528906570386e-01
8.144427086250671799e-02
-4.905417223303919494e-01
-2.698484383770212158e-01
1.452560562198162319e+00
1.310072640041385572e+00
1.049769750560303194e+00
-1.399019024994026417e+00
1.425799130450003505e+00
5.760321460841464347e-01
1.203542580288484931e+00
-1.494879942822802565e+00
1.116807204942078524e+00
1.701141675940203601e+00
2.021665632002971780e+00
2.322813886745789702e+00
1.958652930878664211e+00
3.408734357079315491e-02
1.958426048484019688e+00
-4.454694883882968082e-01
3.050611761912361830e-01
-1.502159848344750248e+00
1.270909269563276656e+00
-1.994137723809838114e+00
5.133199880082044420e-01
1.494055433804864830e+00
-2.561452554854116492e+00
1.006925549617241344e+00
-1.883056657008973289e+00
-1.453713961011997013e-01
2.026405134269461783e+00
4.320627452429143256e-01
2.765479886894524508e+00
-6.914489128927177042e-01
4.438927266614657863e-01
1.754039914859816029e+00
4.759121394065977118e-01
1.654862078151259075e-01
-2.817569498668058170e+00
-1.076832679596237075e+00
-1.532499830057728607e+00
-2.051636381688058286e+00
3.947489614627129884e-01
9.751867591952789738e-01
3.450574037558666873e-01
7.538439592877537176e-01
2.717880809121254515e+00
1.485950112330427508e+00
-1.758692346206722767e+00
7.698426956469670568e-01
-1.185344032610902598e+00
-1.773518868485854938e-01
3.447785770004879735e-01
1.410332639313024439e-01
1.287129985010626587e-01
-1.782220513122818595e-01
9.179639256388925084e-01
1.064014264362012074e+00
2.732717983713824683e+00
1.070709637796274372e+00
2.439404945556412851e+00
-9.628606774358154929e-01
8.976854701830792038e-01
-2.740263228579367549e+00
8.348285867015639017e-01
4.413627792304664066e-01
1.107966224819081802e+00
-2.024454066569092436e+00
4.009699038532585913e-01
2.165667603738968161e+00
4.327180023976752166e-01
-5.694055940367175328e-01
-1.557524909890522391e+00
2.257992926296191527e+00
-1.259867436569809929e+00
-1.377933949810701275e+00
7.452790818362039493e-01
2.417206910662868857e+00
-2.692489513480285090e+00
-2.029050009245673802e+00
1.148697757956127496e+00
-1.121262041902240103e+00
7.588156115525750423e-01
-1.346738880533163929e+00
3.820590124511683561e-01
-5.230850673776055171e-01
1.673914825646424465e+00
-1.004401414590091246e+00
1.637263029325542352e+00
-2.003367168934087061e+00
-3.494208361825982267e-01
9.845059985694273319e-01
1.556062506385976985e+00
-1.716282005439943026e+00
-1.160076058959881085e+00
1.665166427864297027e+00
-1.337537772484696408e+00
-2.298352207650325774e+00
-2.056644876597105487e+00
-9.435095306302943019e-01
2.369874836086256487e+00
1.043083021708348213e+00
1.388465433904952362e-01
-1.486967011324926702e+00
2.021442794717943414e+00
-1.103039397330782379e+00
5.940610693518986185e-01
