-5.583309837365946215e-01
-1.033318393712649996e-01
1.170402205691347675e-01
-3.393150550809544974e-01
3.442625362758910956e-01
-7.769800407934235320e-01
-5.203807099870978448e-01
-3.431162270726619834e-01
-3.085788857462199442e-01
-7.065534243782771728e-01
3.770897817198706203e-01
-3.062439309411417732e-01
7.353195753703987148e-01
1.274657862340373704e-01
-9.488534837259687826e-01
-6.497747577728318902e-01
-7.629476664666670072e-01
9.199337427165255043e-01
1.195247019511782582e-01
3.206645063602739931e-01
9.816126602437931226e-01
5.508519301917556010e-01
-5.017631719868709261e-01
-6.693109067471350038e-01
-6.284351727299499757e-01
5.844287755094539349e-01
-7.280724499406516781e-01
-6.821994342446129345e-01
5.918612136932439594e-01
-8.378307134164586500e-02
8.020998188488153158e-01
9.202533824497916015e-02
1.347759099602787725e-01
-3.726346276705521099e-01
-8.171301024543573543e-01
-7.738852871126689070e-01
6.902047799395971683e-01
-8.119490866828753539e-01
6.206906388859583235e-01
5.268948741508667766e-01
2.499432139928412511e-01
-5.158942393299357221e-01
8.623646615551610051e-01
8.152677225339690636e-01
-2.773682813800195657e-01
7.169688483152154568e-01
6.744655027217205667e-01
-1.703413481949282993e-01
2.999967808998416086e-01
-2.962068377454332158e-01
2.678634947883653528e-01
-5.857727826602483479e-01
9.293701986443116958e-01
6.638172204527930109e-01
5.996784002339585751e-01
6.504137244801730944e-01
8.098797846088541252e-01
3.646773941881289449e-01
-2.691930600299774490e-02
4.031159540674285058e-01
-2.936926746040788849e-01
8.556896233253479256e-01
2.608956591094744315e-01
-8.391651095991068399e-01
-7.546742258947825022e-01
3.715800377513904795e-01
2.819473736567630340e-01
8.077762597333626449e-01
-1.105473901772442424e-01
7.938148323972264997e-01
4.787606163199535914e-01
5.010495339373344237e-01
-3.342216489767371179e-01
-9.312177132993459949e-01
-1.887868303589945729e-01
-4.819487835375195761e-01
9.951070915218629409e-02
2.909524535211120977e-01
-2.297273497217799942e-01
-8.749662671868674302e-01
7.019647225414118452e-01
-2.020617938774689204e-01
-2.204417605038648809e-01
9.513501851628549666e-01
6.288050547059085282e-01
1.109974977049403844e-01
4.525261099811626053e-01
-9.794518096677993224e-01
9.258642415257327674e-01
-5.132837868990949293e-01
3.922974095645632708e-01
-3.407221688849904062e-02
-4.790272596646829584e-01
1.203014283030703346e-01
5.037137221155196798e-02
-8.013405815577752112e-01
6.091070882525309038e-01
-1.582695382418262131e-01
-5.638463031128182479e-02
-5.790031873665750783e-01
-4.405721479012514319e-01
5.419214290920408850e-01
-1.525729689173629389e-01
-9.858073855270612640e-01
-5.047962643271359795e-01
-6.273101922030948074e-01
9.953330864000125011e-01
6.996034854570369887e-01
-8.980341345929314656e-01
-1.685966327849066637e-01
-2.917493211034072331e-03
8.739549279020739636e-01
-2.540634422203214005e-01
4.054869601686994507e-01
-4.516442661628436994e-01
9.366846755373177125e-01
-2.691875293020191684e-01
-3.720000732111210517e-01
-7.088143888177675933e-01
-5.566746586039943434e-01
4.331964630258209326e-01
7.013875522233066206e-01
9.947414204155020645e-01
-9.766237437430493884e-01
-9.558983347716154544e-01
-8.709003376094690552e-01
-2.345763316331450632e-01
-7.844497460313717419e-01
-9.397887216234011021e-01
-2.955658368584714868e-01
-9.021470537983300453e-02
2.565485751362683864e-02
1.311179809754625669e-01
-6.675021814951960231e-01
2.497767995698449983e-01
7.686697995957230134e-01
2.833908956181230288e-01
-5.775195438798392811e-01
7.283599927580959310e-01
-6.484172183800163136e-01
-8.703566145870360593e-01
5.876650806126559878e-02
-6.774613381588001637e-02
9.384099958544633857e-02
5.363731339499324680e-01
-1.746051575758809093e-01
6.215011207701075513e-01
-2.643087303336577598e-01
3.765217543136101241e-02
5.493012115017492647e-02
1.355204146857262870e-01
-6.872364785813414034e-01
3.519821527238773395e-01
7.596813561682489446e-01
6.761692879119765021e-01
4.891876854615213599e-01
1.581051131985569125e-01
-8.136211525518388665e-01
-8.075663962130701368e-01
-8.134481421701893478e-01
-8.736057388078855013e-02
8.131701747125119617e-02
-1.719134703752711602e-01
-5.661016546018227125e-02
2.333274136298488788e-01
-7.771573362354051717e-01
2.209032703086850624e-01
-3.437734228372606449e-01
6.617087561119354699e-01
-1.145213281341015410e-01
6.453022041451150770e-01
-7.974236021312384182e-01
-9.822559173187739301e-01
5.788062056932739008e-01
7.805431645612170843e-01
7.442655851909776299e-01
-2.641531112596666730e-01
-6.565556523724036531e-02
-6.856232382776468182e-01
9.281313672797435466e-01
-6.640326314551274756e-01
8.601833197605761594e-01
8.634636349643221021e-01
-4.249796909963330371e-01
8.448117949084674727e-01
8.182769939609635390e-01
1.440630680500010197e-01
-7.558903370909577646e-01
-2.438925838414858216e-01
6.449358274242964484e-01
6.470348630099809206e-02
7.379051072965776559e-01
7.961468770646114024e-01
-1.885974721595156112e-01
-6.457489240095797278e-01
-9.523420632162604704e-01
-5.875795327784936184e-01
-2.601689391344734759e-01
-5.739297092894484198e-01
6.255271922454614941e-01
1.650156269601255055e-02
-4.906754049933792494e-01
-6.290229634384829627e-01
4.855408948326773722e-01
-5.370751158033155725e-01
1.952682001570749115e-01
-5.981433113400558277e-02
-5.631918584406241379e-01
7.111003257191961247e-02
3.876533477015953189e-02
-9.473954448267538631e-01
2.106018314092461541e-01
-8.110214208839559014e-01
-6.971487657207993127e-01
-8.873084052806663458e-01
-8.843074685463439000e-01
-2.778976078093451374e-01
-2.180119301141281163e-01
-6.727369779351071166e-01
-7.441907719501177354e-01
-7.787254225484363523e-02
1.880239196317967654e-01
-7.931366754344946202e-01
1.786165511130346495e-01
2.438717800932503899e-01
2.637116736725384492e-01
3.170942661924744943e-01
-6.083601530106885757e-01
7.438745176967189732e-01
-9.749505105594935550e-02
-7.019280703498176344e-01
-9.339307978764148643e-01
5.455190066285833250e-01
-3.078529277613892834e-01
1.543319722358238444e-01
8.788450540087147100e-01
-8.984316846157391900e-02
3.243307170961275965e-01
3.265140597624749397e-01
-2.161594802244459768e-01
-4.614576525377256377e-01
5.670354152197649711e-01
4.321463955601398954e-01
9.390626386173162032e-02
-4.596063610353982032e-01
-7.248411689379592460e-01
8.246036295764334056e-01
-4.484001345604706756e-01
9.921537985869253173e-01
3.026975755761180942e-01
4.992401316223573637e-01
-2.276495689164961256e-01
-3.932882204847709673e-02
1.625226772016281629e-01
-2.574124721438009189e-01
-1.655728901366348982e-01
-8.526571031806111645e-01
-9.445484502949701433e-01
-9.335391583177481412e-01
5.540143603123930394e-01
-4.131337506045580366e-01
3.361561181635790430e-01
-8.495230785798246753e-01
-4.244881351527702851e-01
-1.561524813720862603e-01
