1.066023072886495893e+00
-2.949579376698936883e+00
1.569536663667061127e+00
-3.038652345453183301e-01
2.279836997482206640e-01
9.635522417650075333e-01
1.841932823420845189e+00
-7.479983840817416851e-01
1.679404167069176168e+00
6.552374370034329543e-01
-8.012767414937342902e-01
-1.500107380212389874e+00
2.197746697684292094e+00
-2.049183112983945509e-01
-1.442630533812391924e+00
9.695136153525887313e-01
-1.321804081062312397e+00
-5.410779203160384077e-01
7.877333043665356582e-01
2.109188580300767502e+00
1.037921532270328573e+00
-2.867055185444038479e+00
-2.144713324029684287e+00
-1.928851700624418353e+00
-2.480675422873730440e-01
-1.490020307418664203e+00
-1.813016763835224143e+00
8.847080507244255987e-01
-2.510065410460787239e-01
-9.012261746622529657e-01
2.762203131794704447e+00
-3.378953275167709158e+00
-1.586264239459463044e+00
1.294719266716196637e+00
-1.414143595522732166e+00
-8.553219991090806884e-01
1.042871464994949093e+00
-1.332666379207173790e+00
2.493987678565964483e+00
-3.396943572884650209e+00
-1.098203502193771719e+00
-6.815180815020669414e-01
1.675973813740456286e+00
-1.131569590532689240e+00
-2.285966238740078094e-02
-1.393007077858905429e+00
4.041082736036943901e-01
-4.688989445672764322e-02
-3.051950289555570017e-01
-1.223020995450024628e+00
-6.284059788918420209e-01
-6.870804890193479286e-01
1.837111403116476360e+00
1.468629951212471418e+00
2.342259515262083092e+00
1.276257258862999677e+00
1.188336835018804383e+00
7.965150162129263078e-01
1.520339084948426400e+00
4.351549850523497298e-01
1.781884581897089648e+00
2.374500912919600193e+00
1.140639137248838475e+00
5.802977381590079808e-01
-7.232558709284461207e-01
1.343673171240511888e+00
1.216290647539041814e+00
2.327197776528122652e+00
-2.584430285114184489e+00
2.475527350224038803e-01
-8.673997768573113998e-01
8.718721488101706107e-01
9.343139203601825704e-01
3.453034294904474555e-01
-2.341748946378549023e-01
-8.152916424589792266e-01
-1.123894884607584910e+00
-2.387574334660873987e+00
9.684604804925189825e-01
-8.496568402111677187e-01
1.100880191327680002e-02
-1.692072992607589699e+00
1.477235712592552375e+00
3.065710576159051293e+00
-2.384248932126633580e-01
1.850941365694593332e-01
-1.443032315478317118e+00
9.325521775628687893e-01
7.830275052077824149e-01
-1.476525589223456336e-01
1.084683239634182339e+00
4.896433124595295228e-01
1.283114937957575696e-01
-1.702220105389599780e+00
-2.898069992542584017e-01
9.715976355993036218e-02
-3.085861831233454478e+00
-1.316302790367187114e+00
-4.493052396885554023e-01
-3.813841904949571981e-01
-2.373458958634796279e+00
1.165211881786554660e+00
2.373792843949081299e-01
2.094761039661990676e+00
9.898427447268401957e-01
-4.569016069329293606e-01
-9.289031193812331555e-01
7.614495024680754121e-01
2.620232694908282589e+00
-1.441212654560842132e+00
1.404991387104137734e+00
-1.656874575030446550e+00
1.162195389903517118e+00
8.019624252851028645e-01
2.384645096216081450e-01
-9.105948531920021738e-01
-2.513130577716870206e+00
4.658467305843455586e-02
9.266912622755026918e-01
1.226291735867524713e+00
-2.994667525854942003e+00
-4.619865723355467413e-01
1.104191983486800588e+00
1.260707629781061101e+00
-8.544808911988903688e-01
-6.096853064426462909e-01
-2.211431651101091855e+00
-8.363635827347697393e-01
-6.298291013795764837e-01
2.016824155087265646e-01
2.577814645194520082e+00
-1.033520684284868540e+00
-2.677068798344813150e+00
1.509767693417428003e+00
-3.449660671254606292e-02
-2.378282853643438610e+00
-7.915604015150456974e-03
-2.430150485502724500e-01
-9.334844501830247276e-01
2.789724987445266535e+00
-1.890103229514334071e+00
5.075185226849485698e-01
-2.870270550108386054e+00
2.985379595286838494e+00
1.850143481331024908e+00
3.097842214246927517e-01
1.152508364628028747e+00
-2.756879857383214727e+00
1.641724746689891212e+00
-4.345944288939646016e-01
2.769313482218555222e+00
-5.047506280026783365e-01
-1.271971808137983828e+00
-4.072994369957254612e-01
6.153528720283261144e-01
-1.164207180773721428e-01
-5.308404180026167207e-01
3.214465375909358880e-01
1.177136965142963287e+00
2.030949169099991458e+00
-1.136254348358219091e-01
1.293476940168102107e+00
-1.225067428391395374e+00
-1.285600113247992393e+00
-2.443401629840250000e-01
-7.197856248395799739e-01
1.006590312620997629e+00
5.430536233994613937e-01
8.824355729377145741e-01
-1.783263199460863646e+00
-7.676603096792691261e-01
2.447081762651796666e+00
1.389630085471245113e+00
1.969920212586043995e+00
2.881262068174335056e+00
-7.233770875557454794e-01
2.321635778026750252e+00
4.248674735434194716e-01
-8.308113558727980852e-01
1.132576699902709594e+00
8.634901787269422258e-02
-2.819947877196228969e+00
2.112473558831263531e+00
2.554939902653725614e+00
-1.233747592697078455e+00
7.625001886471319823e-01
-1.553384126682943123e+00
-1.053411482144019917e+00
-1.445090991841707861e+00
-5.082864306072160110e-01
1.057750019663191487e+00
1.203060977716805757e+00
1.744193719263857689e+00
-8.855844319481956939e-01
-2.062729074064283186e+00
6.583066962546293421e-01
-5.689195160694612285e-01
-1.961380514488066273e+00
-7.001791487103606881e-01
-9.141905596089309194e-01
1.644131170443547507e+00
-1.321846356884649465e+00
-1.012756488523239184e+00
-1.415381053645115905e+00
4.161193111411367052e-01
1.263847039671239125e+00
-6.840165850632728972e-01
-1.247608295969331760e+00
5.872321445668119422e-01
-1.748079826113115409e+00
-1.559205032273003777e+00
-6.577228384329329991e-01
2.037859301350156471e+00
-1.411960898737479320e-01
-1.771796417496627196e+00
1.483345744643514152e-01
7.591458637129708809e-01
4.467860889521976242e-01
8.652333334695264666e-01
2.359319717717156539e+00
-4.912199990464714006e-01
-9.918223282999339974e-01
1.514577968207722503e+00
-8.699313356689495347e-01
-2.250966163896083838e+00
-2.104271661020389594e-01
-4.963946355932373766e-01
1.432221119814917953e+00
-1.300991229689523188e+00
2.381569168473181897e+00
2.289691166267756373e+00
1.969602131728295902e+00
-2.147403047075953086e+00
-1.919392695718850073e-01
3.035666384975805321e-01
8.536514579333090991e-01
-2.743518417028819600e-01
2.334402589510203629e+00
3.348539824032685797e-01
-1.219461727922648064e+00
-1.904172712317059979e+00
-2.022579688216438853e+00
9.993628294711857096e-01
-2.908520213457649994e+00
-1.904403904268879844e-01
3.638913570444385348e-01
-2.881670054148650628e+00
-3.073789012078107508e+00
4.163432884838597636e-01
2.129992472151957195e+00
2.637490374536033855e+00
-5.185355038200604172e-01
2.346124641581540882e+00
-4.234030001211044336e-01
-1.189977146717227097e+00
-1.735627143655916527e+00
-9.034258072635960035e-01
-1.099444633851790032e+00
1.421108651587545957e+00
7.152854013850679094e-01
-6.858286930479230437e-01
1.030854618692904623e+00
-3.747778450999732502e-01
6.341465933338181760e-01
2.749122397282047991e+00
