7.391831514227464872e-02
-5.883608077523565516e-01
1.287829494839182853e+00
-6.354916786956593677e-02
1.694062185505693652e-01
1.219370823990097552e+00
9.326162706487901577e-01
3.249069541964774155e-01
1.629865655998715468e+00
-6.231793155601439427e-01
-4.593284366200705016e-01
-1.834048444627000674e+00
1.096466083344479037e+00
-1.229395376634786263e+00
1.689476124299691850e+00
5.955187101682390960e-01
1.097636019110181937e+00
3.502592871063456847e-01
6.650079318146813190e-01
-3.613121561603122034e-01
-1.328253338266653483e+00
-2.195385765055799965e+00
-1.935201271460430306e+00
-7.389888565538035303e-01
4.192979491392687663e-01
-2.036679813609125755e-01
-2.311519493964711014e-01
-8.459253786742082504e-02
-9.848880429810812354e-01
-2.446056435172152543e-01
-7.508566159766638659e-01
9.913889886245719207e-01
-1.216617406539729496e-01
-3.674363549908583049e-01
-1.150617943002385513e+00
-9.021392136322232691e-01
1.347311113027905849e-01
-1.118747165928239529e+00
5.484378825742262098e-01
2.435617411180856506e-01
8.616581997019722161e-01
1.395094756876583464e+00
5.908157156194038251e-02
-1.269912991614474684e+00
1.022585079607430725e+00
-3.260339162322337669e-01
2.235164026122652414e-01
-6.163267939858803057e-01
-4.738739552205993855e-01
-3.819129456009299761e-01
-8.959534222686464933e-01
-7.769204010527902549e-02
1.114730465691516681e+00
-1.374335778977354483e+00
-1.071632663074341796e+00
-9.769173872764540523e-01
1.229532638725099769e+00
-5.717500984086267835e-01
4.988967448981237451e-01
-4.176499646771738572e-01
1.459268391686361799e+00
5.907060818946576752e-01
-3.470916286650525540e-01
-3.130913536241731743e-01
-9.227616685536634833e-01
-7.056731974641397009e-01
-2.053473898786561946e+00
-1.297184259979830667e+00
-1.866483598083108264e+00
-1.310982155153180173e+00
1.885736108977467129e-01
2.000873111141278748e+00
7.647752507519136600e-01
-9.142330905314688394e-01
-9.235114979141694214e-01
1.350517718832251912e+00
1.937572166538578999e+00
1.597411375146289836e-01
-5.322295359668762771e-01
-1.255544171688899979e+00
2.469007234780224991e-01
7.698157754861310043e-01
-4.351075535189347088e-01
4.797966317608853837e-01
5.318624637891797846e-01
-6.490379462888566930e-01
-8.655132033840251538e-01
1.025153766253845244e+00
-9.129130511785037427e-01
1.064361961504284304e-02
1.315384859898900860e+00
6.875821723198718427e-01
-6.709963006489405579e-01
8.772170301630669575e-01
-5.231130793287810388e-01
-4.471516263586307605e-01
-7.009587529126454220e-02
9.013699313637785204e-01
-1.676020364165771159e-01
6.446500079047107201e-02
3.177493361312175302e-01
-1.051284083929356239e+00
6.108218153942673867e-01
1.236918869253670894e-01
-6.671092532077547155e-01
2.751442701914809108e-01
1.220866771274823126e+00
-1.843434053042764642e+00
-2.798193405193880601e-01
1.294412677942812007e+00
-1.369520748880612260e+00
1.404914044110840976e+00
-1.927233143868684495e+00
3.043430560281542574e-01
1.101498344792949613e+00
2.473631083295138589e-01
1.423515567282547800e-01
-1.465394798580322622e+00
6.388123826447955622e-02
-1.438716858358420891e-01
-9.802009740436810059e-01
1.264162093957872379e+00
2.265714611663982581e-02
-9.242017570866347675e-01
4.588123141277067329e-01
-1.709742318611350509e+00
8.821640950966054273e-01
5.670523499248052435e-01
-1.247867298043049189e+00
8.080908843807252939e-01
5.394949955618708604e-01
8.991289251341847422e-01
5.124382209534261712e-01
-1.668264301928980009e-01
1.078765416726936710e+00
-8.118714459366265235e-01
-8.931828468423228529e-01
1.320028291815825483e+00
1.590426090031550332e+00
-3.636371843155544736e-02
2.386510629500317449e-01
3.748326466574145033e-02
-1.150783114688186393e+00
-8.766081714675755254e-01
-2.262511761613852923e-01
-1.021557878345964010e+00
1.098153767209096632e+00
-1.931140688885810475e+00
6.871128762937770418e-01
9.550664068810121865e-02
1.308823660585673121e+00
-1.761403902566266666e+00
-1.404616167489931566e-01
3.910223953046181866e-01
-4.158696398454103660e-02
4.146913753499902877e-01
1.933930162447943912e+00
9.256277284049063692e-01
-1.837931584933755746e-01
-2.274577242680669853e-02
-1.301014626643165695e+00
1.138513887740423502e+00
3.202797630501047488e-01
2.861791505269780655e-01
-6.250986013767956262e-01
5.753817308779165529e-01
-7.305316449384102739e-02
9.521195069094087193e-01
1.747729154028342391e-01
-3.466409154637483114e-01
1.376774647899007942e+00
-1.570609935684429637e+00
4.548918986447878510e-01
-1.423202418212243359e+00
-7.199971826727957769e-01
4.682866958584147588e-01
-1.006243487494586919e+00
-1.089831033495744173e+00
6.074661678622643723e-01
-1.697689896382398311e-01
-1.022435434508119911e+00
-1.024056387668694557e+00
1.003135903523927563e+00
-1.361039096558906536e+00
-1.078234538794658470e-01
-4.553325167163102538e-01
-1.111476693123714998e+00
-7.685592761005854978e-01
9.206248062415991473e-01
-1.200299628396621188e+00
5.159244598085090949e-01
-1.385531376754026267e+00
8.570603220837996750e-01
-9.553809667366770508e-01
-9.166484556741100187e-01
-7.464080424345753695e-01
2.550596671925667858e-01
1.124087705690600458e+00
-3.457406360713408677e-01
9.551810779763003634e-01
1.243009088713255217e+00
2.617529823542100731e-01
4.439854919152410595e-01
7.642318258171165724e-01
-1.708886587796998313e-01
8.772991500877276305e-01
4.008670096677697248e-01
1.150677350200301152e+00
1.678584333193781641e-01
-1.750178467228664214e+00
-5.732995053787726114e-01
2.728486209360519998e-01
-1.150187217479407664e+00
6.394228533307657614e-01
-2.772987253000641639e-01
1.080679171110647818e+00
9.028991639092123211e-01
-1.011991912232547142e-01
1.525477148093539626e+00
3.306672850828830112e-01
1.418491474173770639e+00
1.479223215041348904e+00
1.428873213156200528e+00
3.312953925590498283e-01
-5.656769020566039252e-01
-6.006541212855951439e-01
8.558915852926012313e-01
-1.077854147612847147e+00
-3.456648962693532612e-01
1.776832245370854046e+00
1.857163215333013095e-02
6.658507143852193666e-02
-1.989672909016394264e+00
-6.284088915461425451e-01
-5.164824566129366801e-01
-8.922761018475739991e-01
5.302539123105352026e-01
1.024675445451371569e+00
-1.382346262143979043e+00
7.181924680487778989e-01
-1.478822495829487771e+00
-1.171741048768627724e+00
-1.167651019900666221e-01
6.520919108721068280e-01
-1.138487546541265605e+00
-1.542926294894784389e+00
-1.922096148725378484e+00
-8.880930584811157491e-01
-7.601129198746219284e-01
-3.115442980349988344e-01
3.120000725362872540e-01
-1.554587939331486535e-02
6.044714854990569375e-01
4.057159495623249290e-01
-1.918749811515310766e+00
-7.257814418987194038e-01
1.440743120980063630e+00
1.879077527564653405e+00
-1.021049613726260574e+00
-6.617114146084124293e-01
8.203158906528549288e-01
1.537993909800990933e-01
-1.093858853584764201e+00
4.193949275127852871e-01
-9.728037218925515983e-01
