-7.541947817105487673e-01
3.179269444645860254e-02
4.951706308088914543e-01
-3.210621957156007955e-01
-2.321787372663259852e-01
-6.532529505342197229e-01
-5.727895316688815797e-01
7.284533472737648729e-01
-2.709877861773670737e-01
-6.802244841225317806e-01
4.271020967129888213e-01
8.140406753601157064e-01
2.157485958324985020e-01
7.269129136632059840e-01
-6.719884655173362642e-01
2.267684979206847640e-01
-7.529403713210809368e-01
-3.773065972100047016e-01
7.897228990914131330e-01
9.809691239139550767e-02
-2.514569294986634951e-01
6.162414813324401663e-02
8.926124205390693067e-01
4.651078239716999185e-01
-3.218394887697637596e-01
4.982105538607755069e-01
-5.919555047653415336e-01
-1.950877541085738187e-02
-3.884154444440968135e-01
-5.304837849304877562e-01
-9.204572378208961680e-01
4.378393587226592221e-01
-3.844904058723610518e-01
1.153296005641297750e-01
-1.969717470617964317e-01
7.543564718468385166e-01
6.665450432574671069e-02
7.163099047988457091e-01
-7.831599639572717209e-02
-6.243113831171931416e-02
6.748329387650042754e-02
-9.012576077761818016e-01
9.120812415628400949e-01
-9.538055261495266279e-01
-7.857481846500193878e-01
4.763306302934182668e-01
8.451620517586704295e-01
6.797534462839520675e-01
-9.530312086574910246e-02
-7.198897163784774289e-01
-4.446844540315257888e-01
1.090135069643165533e-01
2.683408358237315827e-01
1.843716524113991895e-01
-6.576762705830050404e-01
3.673192587662215125e-01
-6.693488108402156911e-02
-1.207385547098087653e-01
2.072968447081291465e-02
-4.935781019302711847e-01
7.382230347737708254e-01
4.475121702885234143e-01
-3.787456078231064005e-01
-2.090459276539029521e-01
3.122885115789268973e-01
-3.146256662258537506e-01
9.753394630633804852e-02
-4.673553845241054105e-01
-9.823862817282187354e-01
2.887569099063096445e-01
4.653077567197743125e-01
-6.496138572476648498e-01
-2.893733022530118326e-01
-3.081239470862486840e-01
4.792011251081185197e-01
8.035721768709280788e-02
4.034219462036299220e-01
-2.432778892981755092e-01
3.013114445784337292e-03
6.586276474684493731e-01
-7.285393452812272130e-02
-7.065042777105068339e-03
8.360749182486364450e-01
1.621544889764741093e-01
4.025857198156781447e-01
-2.185445469934121920e-01
4.539002108759100373e-01
1.200472901093747602e-01
-7.488045176053992336e-01
-8.680492268949573376e-01
-4.478245344331521771e-01
-4.022888138738140995e-01
-9.088511568859338752e-01
5.689546608776543390e-01
-2.403884362683326170e-01
-9.028707949508043562e-01
1.105306932493890226e-01
4.416800443377690844e-01
-5.131283877938555005e-01
-5.337957742339178857e-01
3.495840217657735227e-01
9.848675371120414468e-01
-4.946688948785855633e-01
8.733055896868047174e-01
-7.082562433889787457e-01
-1.122185504407391399e-02
-2.138028461800112190e-02
3.480226416003955325e-01
-1.849936782657781720e-01
9.270247522804209162e-01
-3.105738390116468128e-01
2.039980016332023638e-01
2.052409722100516642e-01
1.676915593116592440e-01
-4.764424850250386090e-01
-3.567413617611574495e-01
-6.142866262562900470e-01
8.046548261915966727e-01
5.833000797434297890e-01
3.037906047452163527e-01
6.707571162069874138e-01
-9.147643240002967246e-02
8.099558644827851150e-01
-4.773385847470661414e-01
-2.942101402601449145e-02
6.889665475636206349e-01
9.678703371029679925e-01
-1.630384134304654342e-01
9.262329587733146852e-01
5.339678888679648683e-01
1.467098417858068160e-01
5.622053619048330564e-01
6.370864981526029869e-01
6.984228774208429691e-01
4.809597411373485176e-01
4.522045077455949524e-01
-4.428646383042220691e-01
5.632508133556404228e-01
-5.478210355287771449e-01
-1.821330516129804344e-01
6.934641289863252567e-01
-1.131051560823403968e-02
-2.604742058454345699e-01
1.107393490018324655e-01
3.965146248134165941e-01
1.639757119668325824e-01
2.655886820010875393e-01
-1.372603229969047156e-01
-1.500203117620053650e-01
8.161097255720608512e-01
-4.793327039844064164e-01
-2.100254535711154613e-01
1.596084786290399293e-01
2.327355285392085360e-01
-3.421166348568098758e-01
4.405846039218419552e-01
-5.098072063450034275e-01
-2.371680628209027475e-03
-6.968124464291032272e-01
-8.812967311963371131e-02
-7.787973536485701676e-01
-1.406985172676809004e-01
-1.955265411233486628e-01
-9.584606196990197446e-02
-7.169056495251024952e-01
-3.741140881797890838e-01
-7.929206400301500590e-01
-5.543103086979543903e-01
-6.900620278399927088e-02
-5.165792500844506030e-01
6.368925862984811115e-01
-1.610498253854837358e-01
-1.441451475871085020e-01
8.171986879112445035e-01
-2.824100149014912020e-01
-6.167252344678013642e-01
6.762472266012364841e-01
-9.396549220601004837e-01
3.554466512352472130e-02
4.367342625866776906e-02
1.627998774100369861e-01
9.485689579801204196e-01
4.675048180490766203e-01
-6.797148426048322811e-01
3.384735217528176410e-01
7.043563324112953605e-01
-6.403373693153773250e-01
-6.926713056320044082e-02
-8.023950579582699305e-01
1.506049696331974719e-01
-1.093009258671866490e-01
4.845288680070620746e-01
-5.156158888912676375e-02
3.237675387617169331e-01
-7.263233607693984073e-01
5.584270610452699568e-01
-4.962569816621908991e-02
-4.384171849411071520e-01
4.884652818180947875e-01
4.089107310192108269e-01
3.778210027209214505e-01
-8.472920927183680284e-01
-7.349730907674090208e-01
6.069162572090407437e-01
-8.191390055182352636e-01
-3.055597365298750034e-01
3.883844047123159449e-01
-5.306672824704812275e-01
-6.340993190316028816e-01
8.024102257571885666e-02
-8.480366614594130326e-01
-8.822297585699923061e-01
1.031589835145199086e-01
6.153163029952963825e-01
-4.920790545271858107e-01
4.350258562802071793e-01
-7.605332026100173337e-01
9.612719541539216372e-02
6.681325314894059897e-01
-3.811227445810141390e-01
3.412452364821678685e-01
9.037538334112733551e-01
5.246935174308666738e-01
-9.530844327294030194e-02
-5.252116143213918509e-01
-3.628933407575447578e-01
6.740819481077247044e-01
9.195150803214477975e-01
-1.602233245898501135e-01
-7.328844413601998120e-01
-6.484398781242173282e-01
-3.250066574868548663e-01
4.502150764892756118e-01
-7.595224572364123183e-01
-9.741949835512750955e-01
8.644735855274778835e-01
5.736558056462957023e-01
-5.035258548069749818e-01
6.893718807930926395e-01
-5.881911419334284741e-01
-3.376661753488472417e-01
4.509190266941149883e-01
2.219179065111487326e-02
-4.197457180028463242e-02
4.169689380395653622e-01
-2.104905196920081600e-02
8.773027540682796221e-01
6.915091748312924835e-01
2.120514781231546131e-01
4.448499309389315481e-01
-7.260879361519061437e-01
-6.804132161893756692e-01
-4.409939842531152010e-01
9.378182649544550831e-01
7.666759746136866394e-01
-4.395632155061046653e-02
3.280979461525939112e-01
-3.315695229068968963e-01
-6.701283905365469362e-01
2.145149337663003752e-01
3.522752693561661541e-01
-1.547432595428790414e-01
-9.968054120507723326e-01
-9.681848622200688315e-01
1.941983025387266082e-01
