-6.050751729622410036e-01
1.371360513141459903e+00
8.516027767390859093e-01
-7.379042674404634461e-01
-4.334209653908862592e-01
1.867075129622247198e+00
2.492075444927884798e-01
9.407688363800696951e-01
6.057161256807053196e-01
-8.249969271332975307e-01
-7.360028907114140040e-01
-2.127425692331644802e-01
-2.223881480007512401e-01
-2.052232198542070840e+00
2.062981157512256303e+00
-6.080883944640842753e-02
-2.226669185446113808e+00
5.435236301887094168e-01
-2.901436102248252658e-01
-2.308634012626550991e+00
-9.396762595778326843e-02
8.777537142178774010e-01
1.908373301390373922e-01
-3.942618026744407755e-01
-1.197407224446470853e+00
1.551898149727970688e+00
2.465132185284610311e-01
-2.341457220607352951e+00
-7.968119039908073964e-02
-1.892803965673902411e+00
1.347048552037139468e-01
5.169470949221038891e-01
-1.034277355897050832e-01
-2.023963784840375757e-01
3.008657325527575033e-01
1.811581638500368463e+00
-2.403527979865670794e+00
1.187668807839894480e+00
3.347650849630697256e-01
-6.202130111358330478e-01
2.561962314714479660e+00
-1.065258142650048256e+00
1.003995453292129802e+00
-7.784275648045924090e-01
8.370786972885153610e-01
-7.514437077692184275e-01
9.261465807377242676e-01
-7.678391617531691304e-01
-1.583253227433849553e+00
-3.813616039612827135e-02
2.021994492020461998e+00
1.275668526620168830e+00
-3.413794860311113455e-01
-4.324213997041029267e-01
2.687836798846638398e-01
-1.979775007854917668e+00
-1.703528335795585491e+00
-1.307986287112018697e+00
3.187401237823207500e-01
-1.449184127033248615e+00
1.122186355997970147e-01
-2.006540629025723277e+00
-1.084212376057250626e+00
1.730582462525955822e+00
5.372082679151832241e-02
-1.203403544273153214e+00
7.666757684946107210e-02
-6.708858903422638686e-01
5.717798727878304899e-01
1.681043235605244490e+00
-1.805278276538687943e-01
-1.929428229680462126e+00
-1.336287860572564323e+00
-1.631350053903326991e+00
1.855711537262357380e+00
-1.742995742234426881e+00
-5.827981357938816220e-01
-1.043795249006910453e+00
-1.423758584376733527e+00
-2.338570277064628278e-01
1.896197401538084248e+00
2.284186393197678466e+00
7.664941283047836951e-01
-8.701840895481482985e-03
-5.065591220756529012e-01
8.369073143250488345e-02
-4.951805857787373033e-01
3.366196707473943783e-02
8.387404486607458187e-02
-7.923417301268671498e-01
7.487948878369752315e-01
-3.094981456412337906e-01
-1.580172843949106065e+00
-1.733394240199044312e+00
5.834073811909691321e-01
2.049833939449739795e+00
-1.864503397794574635e+00
1.597777828323541316e+00
3.967915127596943758e-01
-5.994931959598996940e-01
-7.063355295517141919e-01
4.408410851579231404e-01
1.465601769072673033e+00
7.756486143800055411e-01
-1.986785354913892521e+00
-4.941949090913657083e-01
2.538744421441553878e-01
8.004600993679532595e-01
-1.393363835609780166e+00
4.856824374315228954e-01
8.636045087388035668e-01
-1.434003949719582782e-01
2.069027342205938425e+00
2.936174931093579188e-01
5.032349148718430198e-01
-8.502293056696808016e-02
2.560044483837676799e-01
1.422121008749119397e+00
1.050323914412849557e+00
-1.223325290347594185e+00
1.868688827239276762e+00
2.131233593232252588e+00
-1.497693286985460226e+00
-2.467794197967427272e-01
-1.631905107934312538e+00
1.082885362211296165e+00
-9.156169005533994210e-02
-2.437832184245598555e+00
-1.838250633729096917e+00
-1.706320457784274103e+00
1.239951958846821523e+00
-1.333855634138751967e+00
2.774993445918026436e-01
-8.486044814649942314e-01
-3.613571451927234945e-01
-8.664681897807335886e-01
-7.011052941282975848e-01
2.188770262315485604e-02
-4.504493582655116346e-01
1.424276554921695692e-01
1.320066822442071075e+00
5.716854496870154012e-01
-8.929076187200578607e-01
5.810870492792770126e-01
-1.969173094831083937e+00
-2.072736930064882355e+00
5.871473007851542025e-01
-1.393097152508987691e+00
2.152675719108250618e+00
9.128492935769103589e-01
-7.467892247660297134e-01
-1.956347319952464581e+00
8.374810529482594745e-01
8.350669653029871853e-01
-2.580535696863340611e+00
1.125116317644695885e+00
-2.431950609486383669e-03
4.888273929135339424e-02
-1.475394813456615051e+00
1.058469548223967660e+00
-1.085590411919506559e+00
2.528357598987702737e-01
-1.919539667549244433e+00
-8.934414045340823840e-01
7.877612345537718386e-02
-1.980547913615085864e+00
9.751816302491287392e-01
-5.229044224781479455e-01
1.019047575423477348e-01
-1.497361832039004970e+00
1.783324795333739221e+00
8.135936073210408015e-01
-1.437645197855306201e+00
6.258552673902214591e-01
1.612473695837210452e-02
-1.589839183603870332e+00
2.101023581813429963e+00
-2.039677929633399778e+00
-8.369463731681213436e-02
2.706258438721315107e-01
-2.079150834689143856e+00
-1.271529595365934906e+00
-8.366223775128635021e-01
-5.292144369148963357e-01
2.045189722001753196e+00
3.150442870000395024e-01
8.420602601070198423e-01
1.203319711376087398e+00
1.688209035286555748e+00
-1.198608652978331524e+00
1.064732789799844204e+00
-9.056534752024177903e-01
-7.145470899036190371e-01
-2.528211587801110771e-01
2.756371583135308057e-01
1.073519818239466073e+00
-4.670297114156614360e-02
-4.707046170249344630e-02
-6.424958485978435885e-01
1.296667723651832915e+00
-2.872281400792920936e-01
-1.032096338834570304e+00
1.602425547697250208e+00
-1.117789385519357470e+00
-7.956755788702185583e-01
2.277001748657809799e+00
9.695402220704656404e-01
-1.582619222032090933e+00
-3.302956739707745282e-01
-4.848980945967122369e-01
-4.610009298998197780e-01
4.322630894636270149e-01
1.689787127879381678e+00
1.037304754747070845e+00
3.901008184552908764e-01
-1.441364133699402750e+00
-1.210930096703652037e+00
1.057368188535815712e+00
9.409101697055488600e-01
-5.267179345473544938e-01
6.481831011664038744e-01
-8.262157927763021936e-01
-1.241558435173221397e+00
1.007219036893923558e+00
-3.882529268149556012e-01
7.318531142552086033e-01
-1.087125597431217727e+00
-7.974281807829083357e-01
8.805225698942265034e-01
-7.460323808252128375e-02
3.485871364418651197e-01
-1.167906562338373089e+00
7.945703773903801670e-01
1.305416062687709822e+00
-9.298351389871057915e-01
-8.215962456259746638e-01
9.146849911705510205e-01
-1.258215505055913397e+00
1.490060873087700966e+00
1.653194264848601547e+00
-4.774626820110718928e-01
1.069628847676597605e+00
-1.940946573424435773e+00
-1.210626965488566409e+00
-2.938490022142326019e-01
-1.432011924199895869e+00
-2.688825639912979071e+00
-1.060282043661491258e+00
1.902096049351324591e+00
1.022082944719667319e+00
-6.948041156457560596e-01
-8.937894428877976583e-02
-6.667702454558724900e-01
4.406967817438356416e-01
-1.256272391498694407e+00
1.813267629442119944e+00
1.222381791786292804e-01
8.303119847215502114e-01
3.955835065165239084e-01
-1.574687513878026524e+00
2.869835333583002912e-01
1.574580285409381109e+00
2.332276185650715150e-01
-2.072339949114531343e+00
-2.240295541705171978e+00
