2.575168420265444791e+00
-5.973357841667821244e-01
1.858912564754438002e+00
3.460622634643723688e-02
-1.563903414412541659e+00
-1.785731685982131278e+00
4.826271519380814778e-01
1.107845801835936950e+00
-5.110402632560695491e-01
-2.436033604468542890e+00
-1.306453570900978356e+00
-1.315642179168297621e-01
1.589615697511248982e+00
1.750072974727744146e+00
1.248601823759807994e+00
-2.848004774749320900e-01
-6.972117735254843574e-01
-1.117266597536078487e+00
1.834392570865978289e+00
9.163824912812543744e-01
-2.675228399557276759e-01
-2.370135673744075411e-01
2.471940200952551070e+00
-1.355248206326094884e+00
1.739593007019158311e+00
1.407164702008222301e+00
2.245050305238052601e+00
-4.793678570600148348e-01
1.251317543681334854e+00
7.822343866780641086e-01
-1.384046387958919322e+00
1.463239323554230475e+00
-2.897114112797343211e-01
-2.840256877903188371e-01
3.731236718078720371e-01
-7.071470003034039387e-01
8.673255893504134839e-01
-1.896659166735367441e-01
-2.143939700246852542e+00
8.619352159674662506e-01
-1.044388424480673372e+00
1.582263249923514969e+00
9.704439635682647891e-01
1.112189158063666028e+00
-1.762086246186289173e+00
-6.125404933265470309e-01
9.067889887961144701e-01
1.977427080328772790e+00
1.392272539253853525e+00
-7.439086137934793896e-01
-5.133505904835173883e-01
-2.145585110920990246e+00
-2.066279132813985342e+00
1.208409606599286201e+00
7.934368641433449110e-01
1.146469264526143839e+00
4.431335984248616633e-01
-9.816042059664812358e-01
1.621815041172848026e+00
-8.145985468415457564e-01
3.596639296479349213e-01
1.374164330450366345e+00
8.468302443024094961e-01
-3.344401548879061825e-01
1.121544807268882060e+00
-6.480132013153339088e-01
-1.306656374958193201e+00
1.991167051679025635e+00
-1.687567025110133567e+00
-1.239855300862905629e+00
1.084963942306479634e+00
4.395494879865529669e-01
-1.822358851815675029e+00
1.512874354354403872e+00
7.917335929808547723e-01
1.958105000694062792e+00
-2.471621310996507948e+00
-1.549458661935763537e+00
1.560594388455389114e-01
-8.242586406255586473e-01
-1.709117525586662634e+00
2.323138496227858063e+00
-1.107427787129860342e+00
-9.341185650309375976e-01
-1.003014579924880856e+00
-7.987049346389765159e-01
-9.945410992941218498e-02
4.645531530466417425e-01
-2.014783648567357588e-01
1.741128799284585638e+00
2.367714755907716295e+00
7.969849674955761243e-01
5.924866138813842387e-01
-8.412268296826872493e-01
-4.988455532853564578e-01
2.940935001094479695e+00
-1.500546386058181358e+00
7.121143972889797391e-01
-3.849288526145698275e-01
1.688499762547214900e+00
-3.760903896902899612e-01
3.839324177577303487e-01
-9.156969552478488872e-01
1.355956190869934019e+00
-1.688921315146039159e+00
8.543873820279299647e-01
-9.061627189792381687e-01
-1.605278660282904113e+00
-8.890145198215062550e-01
-1.991515001834020859e+00
-4.689598742515977553e-02
-2.353807298418901239e-01
-1.394930091356029855e+00
1.356351841903844724e+00
-1.625333830494257503e+00
-9.189105645980540915e-01
1.036422703770075948e+00
8.463870237197893553e-01
-1.137924634741342533e+00
1.403070245740376309e+00
4.666912568236669112e-01
-1.627611075323817769e+00
-1.669541305036359891e+00
-1.059848781199611345e+00
-9.616826064959816955e-01
3.041786964774823021e-01
1.689225461847519316e+00
-1.426567536170377515e-01
-1.461421807711093201e+00
-8.008994654483254649e-01
5.552303942411171978e-01
-7.994855884858980133e-01
5.501186432444279406e-01
-9.259225610969933074e-02
-1.018561019880980800e-01
6.917707909845429715e-01
1.607129569825480164e+00
1.784312875504440177e+00
3.808406483999034475e-01
4.871174004704884042e-01
-1.674496425213096162e-01
-6.339343542882508453e-01
-2.541172641002616306e+00
-1.188226233788010733e+00
-1.979460083456926478e+00
2.618525265902573729e-01
-8.915412366435745417e-01
-2.002711970809537334e+00
2.017357515160742298e-01
8.038581111435527671e-01
3.037833869968908362e-01
-9.286433088753183462e-02
-6.917858254708558752e-02
8.576426074691105850e-01
-6.758301737775600504e-01
6.782946467154121750e-01
4.881855635362490342e-01
2.027688948909478484e+00
4.121702076116144364e-01
1.214360299942028654e+00
1.191787028143121985e+00
2.246748283156771553e+00
9.797107044366040185e-01
1.466434253313496638e-01
6.756564214889753117e-01
-1.734389107838387512e+00
-1.249375101398291221e+00
4.021207178221294365e-01
3.989588344368196760e-01
1.706457872452961544e+00
4.293015174894276864e-01
1.057994007538892861e-01
-6.796840640808901046e-01
6.628852715021958941e-01
-6.073515505657915009e-02
1.989542852753427349e+00
5.741910023248323336e-01
5.182088377815152747e-02
-3.583341188588144988e-01
6.874518653200571983e-01
-1.386076839534312599e+00
6.633668026506571724e-01
9.080580541594733823e-01
-1.990217338753819565e+00
4.249980699518768890e-01
3.177498911341035404e-02
-1.188858127718167790e+00
-9.763155558472563778e-01
2.526208586836224401e-01
1.516570363001449540e+00
-6.391633076584266604e-01
1.568947101020231161e+00
-1.030729262523843115e+00
2.086384649365113364e-01
-1.201414300024628901e+00
1.484160065856257260e+00
7.298236396344452981e-01
-1.290412341998626422e+00
-3.682416781410725176e-02
-1.919093637492542276e-02
-3.898015048966199658e-02
-1.126993790877153234e+00
1.157395618166159768e+00
2.059176880760719808e+00
-1.683581618162037774e-01
-1.889989923258005577e-01
5.024491023570809567e-01
8.216063279587275670e-01
1.743085605281379902e+00
4.191528070331805855e-01
1.215912004366435539e+00
1.686665260933660537e+00
-1.454984367211793472e+00
1.231499797155741316e+00
-1.000117979330813256e+00
1.671658808249439243e+00
-1.272906553916660410e+00
-5.625623145307047102e-01
1.296249357584511319e+00
-8.394421074524156534e-01
-2.439322004805736022e+00
-5.682988883902609922e-01
1.296756988570740399e+00
-1.396168096605818976e+00
-1.728513298293693712e+00
1.502501479836684251e+00
-1.763242849040904392e-01
1.201483513018513971e+00
-2.973773464627463281e-01
-1.225256984126435800e+00
-5.493285051978256117e-01
3.625630099768011316e-01
1.489781606458999264e+00
7.518943980135714966e-01
1.258446508780435735e+00
-1.274151095350706697e+00
-1.571953924227084354e+00
1.911407589802562201e+00
7.700156030712053123e-01
-3.306060541695973742e-02
-1.556036519892272096e+00
2.136748993802112917e+00
-5.969718279334919053e-01
-1.480054431608854304e-02
-1.941806972965472999e-01
1.919258579659360031e-01
8.630653730650906796e-01
-6.748376902095354346e-01
-1.661809236586796690e+00
-7.222447151399796761e-01
-1.484826828275960908e+00
-6.627796847323464968e-01
-1.341052259584162520e+00
3.065170172699862583e-01
-2.099671091069639228e+00
5.623510041849062446e-01
-2.406754930299439543e+00
2.589408398514256859e+00
1.652536756031373510e+00
-9.405768113224486360e-01
1.568889583183638248e+00
2.202081833416990597e-01
2.175142405629796549e+00
5.457272902098717626e-01
1.023731752973538800e+00
