-1.177605349362666143e+00
2.244417172169039354e+00
5.999739986380070444e-01
-1.885151316930686161e+00
-1.813606422845946531e+00
-1.781703086677653758e+00
-2.468156120956196187e+00
2.276063210251715319e+00
6.403761679054673084e-02
-1.790790591771560969e+00
-1.202362408479819567e-01
2.581927233480981521e+00
7.701379034283641900e-01
-3.066988489847345623e+00
1.565946582508006779e+00
-4.187152126410818576e-01
-4.617938987495955883e-01
1.092906904508151644e+00
3.749733098242880480e+00
1.431677474834652575e+00
-2.217043626752882357e+00
2.899658454420391607e+00
-2.455515305514381907e+00
-3.014707196950662249e-01
2.159964206046286250e+00
-5.296783091847254710e-01
1.690651008762750651e+00
-2.491059244827274366e+00
-2.900333300331865871e+00
1.386507329573576808e+00
5.604501485184462117e-01
5.099904606505655247e-01
1.167133545194343425e+00
1.062447353893806845e+00
1.747230627869913677e+00
-2.187683446876952154e+00
2.642912218693314497e+00
2.879434272943549367e+00
2.527828546076010263e-01
2.305898189342029170e+00
2.747519021514917448e+00
2.900401039112670887e+00
-3.456193969453099424e+00
2.883999113709405648e+00
-2.554456550547655524e+00
8.971502481977609023e-01
-9.103792010261275713e-01
-6.706979438511476710e-01
-2.647520247304133711e+00
-2.863916836518938247e+00
-2.363575205792276535e-01
-1.494892260618142732e+00
1.844975467075429476e+00
-1.249263872268216335e+00
-1.346328990557414063e+00
2.159996717590735305e+00
-2.132312616494091984e-01
2.669516726386331307e+00
-1.935781203246454529e+00
-2.327770029076091429e+00
6.652427787589124675e-01
1.269580196588787402e+00
-7.819448574463150337e-03
6.707017337826404191e-01
-1.992077466006010322e+00
-1.500230927003090020e+00
-2.604013756935029122e-01
-6.988466580964132202e-01
-1.415710898333062628e+00
-6.062792019024189072e-01
2.183157775392001732e-01
-1.418755220611638834e-01
1.173298332591943272e+00
-1.499434729757086471e-01
2.043944472400023749e+00
1.607436632818206146e+00
-1.159944660731275778e+00
-1.706600869795962705e+00
-2.042478452664076904e+00
-3.464221933881753701e-01
2.197041082839897186e+00
-3.507610942793279452e-01
-3.337573290499940004e-02
1.385822640017388085e+00
-8.188007011575255678e-01
-2.998428879020643700e-01
-2.631070735478998834e+00
-2.556389569470543854e+00
1.204593230924013492e+00
1.276881956297489573e+00
-5.215126852945186631e-01
2.814058289500356302e+00
-2.433833968157619321e+00
-1.609127376672703225e+00
1.437181577963552392e+00
-1.369605595131244247e+00
1.068749528840557517e+00
-2.886857140027125013e+00
-1.623119628320853103e+00
-1.331433677248503866e-01
-9.730930004324344074e-01
1.742792578541352833e-01
-2.891186164469459752e-01
1.919525436380580929e+00
-1.585177495832459815e+00
-7.488271015847658418e-01
-1.944765064763302465e-01
1.074568964847000263e+00
-5.028008292167946980e-01
-2.207590227674447014e+00
2.468021196963138486e+00
1.104293728198196156e+00
1.337449027937837043e+00
-1.969025629849753489e+00
-9.289548252290120711e-01
3.784036226745887688e-01
6.716591314573283622e-01
1.491395146006542216e+00
-3.709845445927072438e-01
1.526966487896686209e+00
-9.309257306047528102e-01
-2.488481626370130151e+00
8.015733249412477779e-01
-1.078437441226213434e+00
-1.919967605819234091e+00
-1.848694051510134218e+00
-1.348968106618279261e+00
5.882810180151811785e-01
-1.703192820660938356e+00
-1.301565846489659339e+00
8.390779744388602301e-01
2.772916323690850504e-01
-2.122727749906548667e+00
2.128685181502888657e+00
3.500209571430935362e+00
2.694482587357268422e+00
-9.484373171115436651e-01
2.063433423326118898e+00
-1.955727213820547483e+00
1.735887303497535283e+00
-3.060621418412527550e+00
-2.255412605657784120e+00
-2.751749379204784240e+00
1.601885658932258316e+00
-3.023851754555353377e-01
-1.616545094477613631e+00
-2.795112261614689508e-01
2.443894136300711395e+00
-3.027338852361093124e+00
-1.635903835334610590e-01
-2.749400696198941674e+00
-6.793533707821960421e-01
2.317491198264988395e+00
-3.338647950062251457e+00
-4.320563919882213777e-01
2.290950011369595085e+00
9.333415640717235284e-01
1.274319936873145709e+00
8.932499667424034229e-01
1.272931215817487027e+00
2.781728429716987527e+00
1.012028767784044048e+00
2.014855418141522581e+00
-2.233386884370056169e+00
-1.831063705266989805e+00
2.313104937379004689e+00
-1.954985924111095175e+00
-2.057463602058672514e+00
1.340697253054714322e+00
-9.571663071668032874e-01
1.062548411625786893e-01
-1.614582313127372659e+00
9.809564474138185997e-01
1.599176755434241981e+00
2.399036120827179541e+00
3.348846045738524957e+00
7.877902662932141364e-01
3.606294231090846347e-01
-1.177556837151905178e-01
-2.641356768052156578e-01
-2.791844648622610947e+00
7.324828355631425314e-01
-8.985906126852208353e-02
-1.822129008395550809e+00
-2.197812216653350692e+00
-4.473884067046136614e-01
2.077017410972676004e+00
1.167274538409859064e+00
1.064359562657176017e+00
1.021676382080307643e+00
-2.560067036194788592e+00
-1.425322032277688278e+00
-1.943737260228655117e+00
-2.628906101600720024e+00
2.741923441424815699e+00
4.472543512571209301e-01
1.296275616700254485e+00
-2.515676476369514081e+00
-1.025469136239504087e+00
1.501265475592988174e+00
-1.060015683170221212e+00
-3.044657893758122569e+00
2.319262558703194976e+00
-2.507859643794431825e+00
2.735752949119383270e+00
-1.335536734050487340e+00
-1.287368936477909065e+00
9.461420352977464310e-01
-2.269419918309683037e+00
1.794644521054578057e+00
-1.655479368488910641e+00
-2.828503776378218149e+00
-1.337934156670435693e+00
3.607305118296255664e+00
-5.695051382721543209e-01
-1.217799386814311546e+00
3.111684982494507534e-01
4.637958442114576973e-01
1.871078509716387339e+00
2.747295814583847751e+00
-9.328771545874142701e-01
-2.330725354494021850e+00
2.433171696747798429e-01
-5.325992661277534346e-01
2.403754676349402430e+00
-5.880377886245942154e-01
8.506583815605460730e-01
2.172781978045496665e+00
-3.892799744405036622e-01
1.844686126519164970e+00
-7.022797716383618605e-01
1.104430472156257892e+00
-3.357783572355361734e-01
-9.719059823053409763e-01
-1.169740431805490477e+00
-9.169956543008619398e-01
-3.371030693602801165e+00
2.242550152591997303e+00
-2.344092605385930561e+00
3.179380378910240168e+00
-9.335973045159287054e-01
3.842081915267056558e-01
2.906808902103027226e+00
-1.912561208580311201e+00
8.424816783333153314e-01
-6.355944078502921979e-01
-6.591333010568070083e-01
-1.519742278532789204e+00
2.851725214711935408e+00
2.760849363195352346e+00
2.529722679547670716e-01
1.208720551206087235e+00
2.191254041047614898e+00
1.651472933983061941e-01
-1.658858654077880246e+00
-1.374888298250197760e+00
1.477775166382498506e+00
-3.301971373936551379e-01
-1.396442472802198909e+00
-3.643625776592118171e-01
3.003515896626420378e+00
1.790918254124931885e-01
1.809800731028829990e+00
1.965662661244533593e+00
-8.323213043795556487e-01
