-1.047658797787551954e+01
1.115255703467107828e+01
-5.979650169569183937e+00
-1.324731287321307960e+01
6.792039803483321592e+00
-1.957407627425920893e+01
1.182369408475328498e+01
2.106337269945797175e+00
5.472038733334063210e+00
-4.422167182301357968e+00
-2.152124598359433705e+00
-3.058945108293430692e+00
1.630473466836366470e+01
-6.064269021043706687e-01
5.625633172143930771e+00
4.987714202032814903e+00
4.936375913902455892e+00
-1.251077194181071484e+01
-2.123946909765999536e+00
1.023684602460454762e+01
-1.501489143208377230e+00
3.543715592042337104e+00
3.220924214072067748e+00
1.308502153631954545e+00
9.394254401625893536e+00
7.423818699200760207e+00
-1.101835531954494485e+01
1.254728745640738552e+01
-5.185173775968205945e+00
2.233432616761195888e+01
8.204839851430506315e+00
3.950584297116799259e+00
1.833042449857326517e+01
1.778165683406673914e+00
-2.195019486153653443e-01
-4.299258371869366435e+00
-6.770783265273840890e-01
6.260064478242716390e+00
-1.385554287222450220e+00
8.248989648747338421e+00
2.747221337913329453e+00
1.904609171067510331e+01
1.659519496125369997e+01
-6.498167541562433591e+00
-1.472319566578140559e+01
1.767898923288569080e+01
-4.716300832402116505e+00
1.521227277498377717e+01
-8.388690860254039094e+00
1.240389642291149030e+01
-1.999835096328785866e+00
-2.298229607960600163e+00
5.756180788110665247e+00
2.294755182638611224e+00
6.819422481864023666e+00
1.499463555194731690e+01
-1.077755126269637387e+01
-1.705188092231935926e+01
-1.316128534505165959e+01
1.663854254662359011e+01
-9.557541441410020155e+00
-1.060047313952056092e+00
-5.762567911057819181e+00
-1.239374728688085803e+01
-1.212419653747969051e+01
9.536108149111899301e-02
-2.339987513020195919e+01
-1.005814549967331040e+01
-2.727096561366402216e+00
-2.454553634857596478e+00
-1.601020390580260466e+00
-4.664119741861910917e+00
-1.087822079736371172e+01
1.209341700908963269e+01
-5.208646501689656816e+00
-9.047235346168447379e+00
-2.588981788679385332e+00
-1.972583548314919355e+01
1.414434203030217274e+00
-5.236240431476242740e+00
-2.309650941406578184e+01
7.864531535233860282e+00
-6.386150547064345595e+00
6.206380843755344934e+00
1.762657918224378761e+01
3.860995270063362739e+00
9.874422115013262058e+00
-1.117366009464107890e+01
5.961529688621398648e+00
5.325690875088608500e+00
-1.272243400246005685e+01
-1.116331418064097392e+01
8.374079792036640768e+00
2.271124735122146632e+00
1.693201610158714132e+01
7.061076658335394995e+00
-1.169516507425182761e+00
-9.425267977576591960e+00
-3.589931044885577016e+00
7.589887500246091712e+00
-1.033208764463417673e+01
-3.400346985882270801e+00
8.020403225959480409e+00
4.579534899383776114e+00
-9.217547416928850268e+00
1.094653539084859162e+01
-1.253547884462484596e+01
-4.551283454171546339e+00
4.172314273963401376e+00
1.847784248710042831e+01
1.099542801084127941e-01
1.008500812215147135e+01
6.584498706187349448e+00
-1.625282702151230296e+01
-6.234094131865857591e+00
-5.024019081358172656e+00
-5.999098478313204197e+00
-1.358129280476892076e+00
-1.345620242595068383e+01
6.236010409583155889e-01
-8.927675155841457766e+00
1.460883703412594059e+01
-1.453151015595468643e+01
-8.000595708525278127e+00
7.673842732845668202e-01
1.427353274807066086e+01
-1.023892416758179458e+01
-1.069509882908349674e+01
5.758113163847676574e+00
-7.245855063679992547e+00
-9.739512398853964470e+00
-3.640278851648316660e+00
-2.198024980495512981e+00
-1.827679406840852039e+01
1.483582741444592484e-02
-5.501722213412464590e+00
-5.527266848139191779e+00
-4.437016743594519586e-01
-1.235849845887269360e+01
-7.173888921544056885e+00
-9.105200955378847993e+00
8.005416825486921795e-01
-8.102069827563429527e+00
9.826649573457958198e+00
-1.497489374993424960e+01
2.121335340894229482e+00
1.363970453545069850e+00
1.877264604123883984e+01
1.150787910451393437e+01
-7.300696351678607421e+00
9.633539524775730500e-02
6.882091545520386822e-01
9.812045072151341918e-01
6.902219427907667182e+00
-3.414324326043919555e+00
1.308005125009450964e+01
1.178501110639100347e+01
-1.603012945584830717e+01
-7.099210083286578765e+00
1.835076071144736432e+01
1.059508383843638590e+01
-4.345032399940008006e+00
1.904193143049700865e+01
-1.519893795444919871e-01
1.901735493325091841e+00
9.668872235986038177e+00
1.176340799281449634e+01
1.720030267584985451e+00
-8.124060977665280348e+00
-1.208066747703552712e+00
9.014789384956584106e-01
7.766821185170544872e+00
-1.896615526814224495e+01
1.583425638218634646e+01
-8.338993250359958864e+00
1.226458326123552212e+00
-7.798892556951760646e+00
-7.167936115826035959e+00
-1.304306648761054888e+01
-1.251953682616528063e+01
3.379783055531881075e+00
1.065505350452873579e+01
-7.519942122754438296e-01
6.533723388339408800e+00
8.313583109971970586e+00
1.823231533499390622e+01
1.032613242516244156e+01
-6.114616768569622884e+00
4.092983595592497359e+00
-1.675125522648358123e+00
9.273164225280083883e+00
-4.626134730684730023e-01
-1.340571899904307074e+01
2.336955461747700724e+01
1.389608841657893201e+01
-8.122553308381228021e+00
-8.428377908277619568e+00
-1.163044967749890546e+01
5.667770675599835606e+00
-8.151574173580071303e+00
-3.257512247162728247e+00
-1.409346825874798981e+01
-6.162186678049687671e+00
-9.541629831448332766e+00
-4.727468964120432382e+00
-1.212060725395428129e+01
9.866554459635842989e+00
7.349502647699438285e+00
1.659351407238547083e+01
8.483706583435706605e+00
-8.815999597885310068e-02
2.528974440510621147e+00
-2.040476459234298101e+00
1.835917515662819355e+01
-8.464697544540927154e+00
-5.628016308499595333e+00
7.680009028885737443e+00
2.967696168414195590e+00
5.655734685453903676e-01
6.703307009854585274e+00
-6.630076641012521144e+00
-9.475283001140461181e+00
1.331943277577870788e+01
4.885249632233303885e+00
-2.951517630617324084e+00
-7.774847055019286302e+00
5.885701839904393218e+00
-5.075107828111284469e+00
6.253513027505850808e+00
-1.362056288871626286e+01
-9.387177660830721138e+00
-8.066971214940261703e+00
4.993043500731523032e+00
1.872056404397582696e+01
-4.818806477775974706e+00
-4.759525461833704618e+00
8.049549274833530887e+00
-2.362873697344314738e+00
-2.089251368764096028e+01
1.699174054305116144e+01
8.553165481461640240e+00
-1.027742761496457380e+00
6.352848210976923760e+00
2.030803246099290416e+00
-3.759703649127552616e+00
-1.092112570089276247e+01
-2.384220618219280219e+00
1.016098772535316108e+01
3.588466161178670011e-01
-1.218506148567569625e+01
-2.973674015512162594e+00
-8.230532064708663498e+00
-1.731807355952966532e+01
1.044938737598417511e+01
6.106779621789730772e-01
-7.277788949951342623e+00
1.710740641856197186e+01
2.746841362617423066e+00
-8.514944890315504722e+00
-1.120194962334355893e+01
-1.335771161687429043e+00
-1.312965886513571867e+01
-3.253165871315235602e+00
1.735399968798884629e+01
-4.878302578022402969e+00
