5.986180564846923513e-01
1.978194730667581780e-01
4.811651692434995020e-01
-3.654853923613101685e-01
3.183506170119003720e-01
-2.281982835365357065e-01
-2.250494173883703652e-01
7.119478256971589758e-02
-7.311404086144310810e-01
-1.514933150839645748e-01
-2.453330027532576452e-01
6.937215480712131122e-01
6.877908386882987113e-01
-1.730666965315115213e-01
-2.470297163118122530e-01
-6.506405867881004390e-02
3.200700423788283011e-01
-1.038113823703987748e-01
-4.768484447172287588e-01
-9.237254796618548092e-01
-1.804724365452008428e-01
-2.588347747525010512e-02
5.712713938064200025e-01
5.437325781079405118e-01
4.883738306678706564e-01
-5.795120290881672354e-02
8.454850236429549692e-01
-8.650606890878425048e-01
9.664355932844290731e-01
1.472213916228375385e-01
7.704025127899054581e-01
-7.573356393671137887e-01
4.567425622761465132e-01
3.435711317149328092e-01
-5.618379488035332159e-01
6.583014121329673340e-01
-7.609056312050166415e-01
1.174260111015330565e-01
5.735464461979644657e-01
8.364217448696062984e-01
5.157119970958268240e-02
7.989222888755764806e-01
3.434231443268846995e-01
-3.370774401440794765e-01
1.495126368714709830e-01
5.446697982065449306e-01
8.909225285358217672e-01
-5.030496591740769574e-01
2.453292205347938904e-01
-4.261936426249635090e-02
-6.514380468469549434e-01
8.398138129032133303e-01
-9.488986115165649604e-01
-4.391781101372687068e-01
-6.013989148898266635e-01
7.976619183470974317e-01
7.102292497280426886e-01
7.784817513908861564e-01
-2.691172614432308929e-01
4.425526544449669419e-01
9.728946948426031582e-01
2.295082098795291348e-01
2.302988271033612477e-01
-7.188637524605938633e-01
-7.404402109440293422e-01
-2.190888357015050580e-01
-5.591386658877450788e-01
-4.823811705471154898e-01
6.066278725088114498e-01
4.638881371803686982e-01
-8.818010350265483854e-01
-1.506314151397309953e-01
9.588955269219532340e-01
1.698565007051255904e-02
3.278456943576419924e-01
4.081390616663085336e-01
-8.941974278582107694e-01
1.391811917790315434e-01
7.372405954652050397e-02
8.975451532578515579e-01
8.276854031267595335e-01
6.271632860572284862e-02
-5.524634603485465423e-01
-8.533258533841412419e-01
6.180780286413449787e-01
4.422931681503587953e-01
-7.329527975473584256e-01
-7.652401110014561691e-01
-6.872448970752922381e-01
-7.626679374645035647e-01
-7.904646625237912172e-01
-9.702244394312886655e-02
1.041441825835269785e-01
-6.583500346973958361e-01
-1.978634903358182928e-01
7.331390032184015304e-01
7.902723654040728629e-01
7.250381955381892674e-01
3.036160341573286292e-01
-6.154574663652323530e-02
6.460839770528263859e-01
7.090332413669788725e-01
-4.294813847568756948e-02
-1.526631352709342249e-01
-1.494498211040926616e-01
8.007880262293360918e-01
-2.047440971598597503e-01
6.727736162093478356e-02
7.468978673796635714e-01
9.505820395755792962e-01
-3.975294442447567800e-01
2.684271670584164049e-01
1.840347605682250975e-01
-7.331337474979968682e-01
-6.763868482362556112e-01
-1.361223884101572246e-01
-7.837851305516716494e-01
8.957866726481984454e-01
-6.734512753615513603e-01
-1.176139915739928821e-01
-2.181464390719713986e-01
-6.839357783241017952e-01
7.900233783358951989e-01
-6.763963735061384597e-02
2.670456068375544056e-01
-4.559184756616332379e-01
7.097641649204047276e-01
7.443977125523137950e-01
-2.170809157282500568e-01
-3.520753032685965955e-01
-4.136405346337597155e-01
7.920978216371823422e-01
4.799874860260988640e-01
-1.967710177211479117e-01
-5.694143246792526813e-01
-5.261608808456459396e-01
-6.943008940240176230e-01
8.915239818811997452e-01
-9.811037405877458539e-01
-5.599455128488277644e-01
7.584844753028350262e-01
1.192542883965628242e-01
1.957213573789504668e-01
-6.873029472966145637e-01
-2.811131416547725248e-01
6.819001886942188673e-01
1.431846633651272516e-01
-2.902764427625035282e-01
4.481913747918273572e-01
5.407325939237423995e-01
1.345416340510503517e-01
-3.474634747974492122e-02
-8.483705984858702642e-02
-4.311919439820244282e-01
4.499935172955265017e-01
-9.162244008940991780e-01
3.975531723878757973e-01
-3.180081730920834016e-01
-6.394445155689676419e-01
-9.241465583839543196e-01
-1.035840306213657858e-01
-1.484047021554091295e-02
4.307638674749123542e-01
-2.287283035605272019e-01
1.151122433221878349e-01
2.564427055823919055e-01
-6.822966862290003043e-02
1.041901319162894524e-01
-5.789910127503734572e-01
4.078149628167884178e-01
-9.249870928206715970e-01
-2.582117200345939168e-01
9.839218189958023331e-01
-1.871430611029778479e-01
9.178625538652016580e-01
-8.080091740022994351e-01
-3.932455868116271347e-01
-2.151487594456682473e-01
9.958761770475255126e-01
5.947800221428676259e-01
7.724062857803302151e-01
3.318537592938020087e-01
2.700787874410015554e-02
8.555527935163422804e-01
-9.587703232725495184e-01
4.485812471387924383e-01
-3.319967368913596673e-01
-3.554042812003654905e-01
-2.447657045516939966e-01
8.225428618336791953e-01
5.312417155236119903e-01
-9.563787505929695065e-01
-9.070623511837239139e-01
-2.658059848440674777e-02
8.465855583323518285e-01
-4.641543761901194554e-01
-1.327716455433962661e-01
-9.821667645063678620e-01
3.925789037377991342e-01
5.165524639250995698e-02
-1.937674266417395152e-01
-5.687005999336116613e-01
-3.877667477012034514e-01
-1.301473234214749475e-01
4.211856034604399834e-01
3.250830910642725780e-01
-9.726788308563509844e-01
5.573196193941074572e-01
-1.036947690886096396e-01
4.957212244421584924e-01
5.766210667008528912e-01
-5.783622065115585631e-01
7.842200795660863033e-01
-4.586404656924802925e-01
4.092333829098964149e-01
-5.399524329633558217e-01
-7.245241118335097319e-01
-5.557529529354008346e-01
-2.084661274370636086e-02
-5.934653427477039056e-01
-2.668951230423701748e-01
-4.727773895248781333e-01
5.457196634847312211e-01
7.216662925352792524e-01
-5.213302721272385920e-01
-3.231140243477712559e-01
5.911519349165197390e-01
-2.498890934903856831e-01
4.442433476087463973e-01
-7.586337964538258927e-01
-6.034359429311222378e-01
-1.571076346010058522e-01
-1.377862484333320925e-01
-6.564046468842679172e-01
7.803274346861359678e-01
-5.957903258070862407e-01
3.041089493627024964e-01
7.962038566224944880e-01
5.092961977092838044e-01
-7.684026179139848978e-01
-2.061296733340411969e-01
-6.183409694303181325e-01
2.537192366305576208e-01
2.680225734857877296e-01
3.609110663830636945e-01
9.919858478710530392e-02
8.467537228761126133e-01
1.826725158329463028e-01
6.491766110557097846e-01
-3.909324370695985706e-01
-6.002488053658359135e-01
-7.134658610976960524e-01
5.317369925376660422e-01
-1.567913712761264122e-01
9.150563098376081062e-01
5.216757975545409654e-01
6.811691234654759786e-01
3.272884142181176070e-01
8.731017558446017013e-01
-2.601492695021485613e-01
6.731520997155258090e-01
3.996368962132423874e-02
1.092642479130931932e-01
-8.346078544440276303e-01
8.909141884448270599e-01
