-9.337641137957235493e-01
8.762485784628120111e-01
8.630112489028578526e-01
-9.900391375597816790e-02
5.772115932090648993e-01
-9.755970359527013080e-01
-3.395483349546004614e-01
-3.971894705498753009e-01
-4.989540714875360106e-01
-5.973423607921768408e-02
7.874542959801915654e-01
1.410888462803661092e-01
-5.411061991582988284e-02
-3.013643852362570819e-01
8.989502338561565775e-01
-2.526100868993925719e-01
8.438480217525756721e-01
-5.426796333860655075e-01
-8.810653817178260017e-01
-5.171753626368831291e-01
-5.464948802883358159e-01
-6.132378528588049438e-01
4.242706032543701600e-01
-7.397115702920382674e-01
7.230243401937999081e-01
-6.083267958324434233e-01
-2.583847913371135618e-01
-3.312868417011682887e-02
7.991491119347451377e-01
-2.016224571057718684e-01
-9.378148707793776406e-01
2.345700573773861208e-01
-8.414282746767305365e-01
5.270745388310247304e-01
-4.461438885244646269e-01
-4.395885509388830492e-01
1.172912821265028605e-01
-7.413523823892087528e-02
-2.444414246506587673e-01
-4.497804852445643764e-01
9.975652115065043457e-01
-5.371576553799850551e-01
-3.484697064225916741e-02
5.724816851992668987e-01
1.393273712169753598e-01
-6.256002035921568449e-01
-3.604893099925725597e-01
6.318387610223596962e-01
-9.945231495611084327e-01
1.917052105158609798e-01
7.238786192264277108e-01
-9.195829610424564038e-01
8.197943676385794909e-01
-7.662090565834378530e-02
-4.936027836863092766e-01
7.599456142171057138e-01
9.012736502642246794e-01
6.830462864624686770e-01
2.544506340185970217e-01
-1.620179720181040839e-01
-9.875881673833470931e-01
-5.085502429868211660e-01
-1.051528207957741490e-01
-5.390491735739308954e-01
6.630087119155196884e-01
2.653117918545588871e-01
-4.307834748707479733e-01
4.436999971733195380e-01
-7.481326232119194231e-01
-9.881219765299806834e-01
8.230890852195582585e-01
-9.765021761258274591e-01
2.073583901132547425e-03
-2.198023587945288071e-01
2.772977703480072886e-01
4.815814915874410129e-01
-6.571742005117353624e-01
7.503498291272077125e-01
6.765753579620066294e-01
-2.378929342640301314e-02
9.271840064993575048e-02
-2.311258373868476657e-01
-9.814234265493682052e-01
5.515145272143373578e-01
-6.667706492616927161e-01
-3.164004994505762447e-01
5.055979727950545843e-01
-4.182781564804902708e-01
7.916159505195732304e-01
7.995366550527482907e-01
5.539585258930841416e-01
7.257201998148918864e-01
7.648160869991924571e-01
-7.021101171358492543e-01
6.121543501750732474e-01
-1.617068373040964069e-02
-8.933445889189579603e-01
7.835901881185409756e-01
1.644575710108928668e-01
-6.032422853808905305e-01
5.263444814177578035e-01
9.968062546549429914e-01
-9.363049173774038447e-01
5.548023834530615428e-01
-4.463667464104048577e-01
1.979549501941235690e-03
-9.305245106313291270e-01
6.235970863437942935e-01
1.827455032852753902e-02
-8.082933559151608272e-01
-4.511957683905294392e-01
-8.487165431894159173e-01
8.509870402796837485e-01
-7.296200258876535116e-01
-6.128149391887549591e-02
-2.167948461265629678e-01
-4.164867095523951956e-01
-6.791122113837300134e-02
1.871736877638974228e-02
4.362468939484855923e-01
8.224813525380627599e-01
-6.569845622400503071e-01
-7.259270886868187667e-01
-7.016490725229029835e-04
-3.085014340288267931e-01
-7.742032767671425120e-02
-1.132220624296089717e-01
-7.106710266169586898e-01
-1.943618977520089608e-02
8.009540907712886515e-01
5.789722622458426393e-01
-3.078475711470347598e-01
6.277865396225477124e-01
7.346584958034652058e-01
-8.163647556986819431e-02
8.369978304461105356e-01
7.075316729208547262e-01
-4.757283212485405866e-01
6.728421432111277856e-01
-4.657531473592404492e-01
5.400813152645254078e-01
5.981497864923412955e-01
4.216077847954284863e-01
5.439761326664382945e-01
-8.686823541198678278e-01
-6.651919318283563420e-01
3.821706502878872147e-01
3.389681643495492391e-01
4.360489614260865121e-01
-6.306416011229623031e-01
-1.404452374154914196e-01
4.389234557360555122e-01
9.283920215051046920e-01
8.069898878068093584e-01
5.648412525331247824e-01
6.303123238911996218e-01
1.279783153752256375e-02
-5.348914586484316835e-01
5.110810485580470353e-01
-6.816527666546259301e-01
9.889643217000039233e-01
6.313371438926045354e-01
8.773959344425350526e-01
-3.774716010878820249e-01
-7.607349847361177808e-02
7.189447493826328639e-02
4.998218077714744467e-01
8.472186809112347561e-02
2.377217820465187259e-01
6.299132378749607852e-01
-9.819829209131252234e-01
2.727663517220642042e-01
2.237781425546072622e-01
3.982405279347391858e-01
9.154118639836408278e-01
-3.253563827259555730e-01
3.302103312182811390e-01
-8.046800020410018739e-01
1.994238133020838077e-01
8.806743110239709793e-01
-7.498809203896805720e-02
2.737841050879405991e-01
-2.660899979569770757e-01
4.228357223574950030e-01
-8.137001487158359581e-01
3.659536365119553381e-02
3.814265041391751154e-01
-6.791330435660409837e-01
-2.149106847470609871e-01
-9.364979388669898430e-01
1.074318840436749856e-01
-4.880918084736369789e-01
1.609596340992991426e-01
-3.546174627640574784e-02
-3.292921252059726189e-01
9.270923529892727277e-01
-1.933702189128774229e-01
-7.816861588207468792e-01
-4.097982326486588889e-01
7.632384752729515220e-02
-7.990285541827915061e-01
2.735593431766525363e-01
-8.667083376089086411e-01
9.951723404490604441e-01
-9.975584455479746815e-01
7.831645640850843915e-01
6.449743732555812681e-01
5.187964261567157287e-02
4.255348777773095836e-01
-6.725202043406159902e-01
-8.531029537849694755e-01
3.340784908787599594e-01
-2.784495931111707900e-01
-2.223073419232166614e-01
7.595685195385668553e-01
4.388995155602690712e-01
-3.615860090214897404e-01
1.237932625093809413e-01
-4.376484398735147607e-01
8.788071849675704872e-01
9.027972390380538670e-01
-1.323479829813201114e-02
9.214456451547359261e-01
-8.603542105691877051e-01
4.939210032574345988e-01
-8.907750820575357498e-01
1.237629004331761706e-01
4.020266233998888161e-01
9.816503519079640139e-01
5.750084998246076662e-01
-5.391312826361840393e-01
-1.037622374380078316e-01
6.645489721483883727e-01
8.706534890052961551e-01
-1.169712873002921594e-01
-1.926267673077544096e-01
-6.967099694919709485e-02
-9.382570803187735287e-01
6.365080801904479113e-01
6.522792217434107975e-01
1.509189181156249671e-01
-2.381804662624642521e-01
-7.971920724423020577e-01
3.510934333152619935e-01
-6.994522834742951112e-01
-6.421827779671884784e-02
-3.872209975740703580e-01
-1.204969871188219521e-01
9.052131858387966190e-01
5.510265741103952397e-01
4.359369144597871060e-01
-6.673350014556378440e-03
6.603394202337895535e-01
-7.185244952903406812e-01
-5.356596569283200715e-01
3.917418107051171550e-01
-8.222254301639884133e-01
-6.688518012924178358e-01
4.015066840293701755e-01
-1.281493645843587714e-01
2.156821434494873291e-01
-4.471959912977054863e-01
7.061111847069174718e-01
8.746304136231204396e-01
3.369394208743707875e-01
