-2.542705389099402247e-01
-4.204786499032038272e-01
1.846766065111014044e-01
3.101580364981924021e-01
1.903273433429522044e-01
9.332119997565035963e-01
9.699590176832351140e-01
-7.258225997945921826e-02
-1.760367869082326564e-01
6.229665533275918765e-01
5.054384973229615330e-01
-6.302245389948275545e-01
8.088857573498320352e-01
8.892983018999869316e-01
-1.682667919633928921e-01
-4.896410252190452894e-02
-6.371326363928291325e-01
3.766797815115225934e-01
8.813667606660753329e-01
-8.929502642682694002e-01
-7.300913455049031775e-01
-6.484583218828126050e-01
6.604941810382445322e-01
7.381982030644542725e-01
-1.074367303293009002e-01
7.381621096296335782e-01
3.202675169006297118e-02
-7.613403731518277873e-01
-5.972678480503366139e-01
-1.954564395885209915e-01
-9.330201250358283183e-01
1.342531233842092497e-01
-8.155031216241650505e-01
5.419563299425134151e-01
3.128399025769037500e-01
2.373842465285145309e-01
1.102505597912211144e-01
-9.676562779719206642e-01
-9.680405978815826984e-01
-3.749868924087096378e-01
-4.416844413760510069e-01
-4.997844207920203452e-01
-4.462846519223853115e-01
-8.834577311983742298e-01
6.174404814218514836e-02
3.808034081250333269e-01
-6.132412041566055461e-01
-9.200042768853966546e-01
-9.298964029248997232e-01
-2.202884983884416670e-01
7.285893701944115008e-01
7.865618901914679384e-01
8.996881624095598440e-02
-3.799473778187605344e-01
-8.799619937046632145e-01
6.933411105889151216e-01
-6.882916501840692369e-01
7.897211872007185995e-01
2.478571725170521933e-01
-5.440469465108312974e-01
7.562930836689651937e-01
-5.208712206473240514e-01
-4.111032409089676598e-02
9.590987904796408614e-01
9.563369416086384689e-01
1.930299544631521869e-01
5.569692235898850985e-01
6.098149597395732258e-01
-7.526650143418025518e-01
6.626022441628776072e-02
-2.545503486493856382e-01
2.559272829703944652e-01
3.008876286436756864e-01
-4.645278533211920635e-01
8.859465320320001336e-01
8.862444505187250243e-03
-3.582298646329180603e-01
9.019141811596291802e-01
-2.100381980908530011e-01
-1.986923648041474255e-01
9.720447892681034485e-01
7.030675376017336831e-02
3.687442509959204529e-02
-7.423741475149958635e-01
8.168299495196080784e-01
7.826655281085670435e-01
3.539188863217008763e-01
2.083098843953270496e-01
-5.255049605781918487e-01
-9.965818346369708092e-01
-7.176142391586015634e-01
1.256294797800421303e-01
2.390999679066749817e-01
-3.822632383372457365e-01
-8.374678810310347554e-01
2.367405457610713970e-01
4.605744063457108961e-01
3.049780837050444227e-01
-7.038534965873546323e-01
-3.212238667965661154e-01
-3.693882685425384782e-01
-7.169474767132950621e-01
-5.152489338832590970e-01
8.132010639528088891e-01
7.482093862251049110e-02
9.311858001758732684e-01
2.089743123728096119e-01
-6.909465233567178011e-01
-3.923984120145496135e-03
9.948251854442384801e-01
-9.050073256002799660e-02
-8.931877170561695056e-01
-8.426647417312713717e-01
-6.632170217937922718e-01
4.395225716173150055e-01
8.752254049697556493e-01
-9.349945973815203537e-01
3.495525594373218858e-01
6.080059650278886174e-01
3.332402404565322218e-01
9.827970571725594962e-01
-9.142668712291424082e-01
-8.584080310166877226e-01
9.349417840391480716e-01
6.152114742992700336e-01
6.839012256569065862e-02
1.123532366532316029e-01
-3.634456832466892440e-01
-6.008155709339662032e-01
9.476038606075789517e-01
8.828596123002550033e-01
-6.964564603597349635e-01
4.987261637804485392e-01
1.624725202162129456e-01
6.538625419262253935e-01
1.972280375088202309e-01
-1.272532019575556284e-01
-1.584678464077058369e-01
1.370308163887694608e-01
-8.223123207176341598e-01
-1.241488880787200433e-01
-3.286671797683460294e-01
4.075623388794420432e-01
-7.043529893588740265e-02
-6.972390502726286687e-01
-2.197364277081566009e-01
-8.738022051177329885e-02
5.413040453887658643e-01
4.212765002400793435e-01
6.931331107850031703e-01
-3.977177953013080192e-01
3.043524344688621763e-01
-3.697965245456384942e-01
6.873703499418937213e-02
9.194462488310988224e-01
8.029470091517392216e-01
1.597607256776216733e-01
-2.662930466124244777e-01
2.960924819187480406e-01
7.273224928062265171e-01
-9.927481363368466649e-01
-6.082528430871958491e-02
1.556394215848022622e-01
7.593619113548588651e-01
-6.150139271917021144e-01
1.764990571635565164e-01
8.088395544516158164e-01
5.471616936581111812e-01
-8.697615520621500007e-01
-9.933657139821698845e-01
-2.379450189018992301e-01
8.172078273241447643e-01
-4.886157513949227482e-01
-8.684670655188113653e-01
-3.052173804147826353e-01
8.676102191876873260e-01
4.879821732194729034e-01
-8.802462998971734010e-01
-9.659748511696049089e-01
-8.481541743057467997e-01
7.467088192834754334e-01
-1.801012166846287510e-01
1.763442033860163072e-01
5.252141580604638982e-01
2.250673633930249107e-01
-6.422931021004796293e-01
4.053720258260928855e-01
3.476052849561301894e-01
6.207450616443717095e-01
-6.244598713460067785e-01
-7.930718234364073638e-01
9.177561804834404313e-01
-5.742886261863762165e-01
-8.268377826206443348e-01
-6.027040791590325686e-01
8.525531801624561812e-01
9.081204948009360400e-01
4.093708367532800096e-01
-5.204201373775332318e-01
-3.378644362949709823e-01
-8.490547469317000218e-01
5.053967925691780216e-01
9.518600784913162638e-01
5.088387688822810784e-01
-8.993657511226211820e-01
-1.827466756782272217e-01
9.392320186908258428e-01
-7.518611488771087537e-02
2.008500458989366244e-01
3.997420358979708599e-01
-5.018947417205099626e-03
-8.224081539244851857e-01
-8.719765252321165505e-01
7.799423013871953358e-01
-2.299446221152037229e-01
1.687395385615824139e-01
-9.761923953640971874e-01
6.220124277748095842e-01
-5.952553744920676682e-01
1.941142023135540295e-01
4.520756258622569135e-01
-1.497083937024927813e-01
6.601136069478881208e-01
-2.243451351654979220e-02
9.510379055533075832e-01
5.853777882619453088e-01
7.228675073986461364e-01
2.921707275034799434e-01
-3.953673915392588167e-01
-7.199243503235321917e-01
5.550821254467286359e-01
-6.531196534515126828e-02
1.527649300932725218e-01
8.969873231689502457e-01
8.433246947359118728e-01
-5.522093987871021792e-01
3.241992987132538140e-01
2.219152798624377532e-01
9.214759556770242277e-01
4.853474066185881064e-01
-8.323808534870749121e-01
-5.578191286210665290e-02
3.162778424613290618e-01
5.855740901471326865e-01
4.843268994910294722e-01
-6.982604944644625888e-01
-5.993747311255706034e-01
7.174245288998661874e-01
-7.437351765726314401e-01
-3.651499922247722907e-01
1.732176445855846403e-01
-9.575643167489378271e-03
7.790939766270870148e-01
7.291479936215510271e-01
-2.155004803112126055e-01
-7.247276281772081497e-01
-5.219053292382289655e-01
-4.598041082304420435e-01
-4.363687746753885932e-01
-1.285701889602350878e-01
-4.652872668657086486e-01
4.578669413688458700e-01
-7.774242763202217077e-01
-2.175702880771732683e-01
2.747594183925821110e-01
