-8.137926835667906644e+00
-1.761446644624239610e+01
2.482547546359806034e+01
-4.175000186612486175e+01
1.995415186696896370e+01
1.415469225002613030e+01
1.169134312650788843e+01
-3.597974662720203298e+01
-2.848493857500312032e+00
1.147036270174259087e+01
6.150427979259995226e+01
-3.860930726875879060e+01
-2.104923366610450941e+01
3.290872938827887140e+01
-1.847680651020075970e+01
-1.925796883911050639e+00
2.198049368334536879e+01
1.202071987509092033e+01
5.686711404773343759e+01
5.746834854583912744e+01
-3.822092008165316201e+01
1.366896716749710627e+01
6.751783054664502970e+01
1.803489633539267700e+01
-1.016008985667582110e+01
2.645071379525924016e+01
-1.790570288761425743e+01
-6.420983812268882218e+01
-2.276022522309182960e+01
-6.006959517495162437e+00
-3.379699906190100478e+01
2.140048261598897739e+01
-6.908624950636420792e+00
-3.393560813151463407e+01
-3.095167754738393384e+01
6.797669481380266276e+00
3.035732968701395507e+01
-3.759345392900821992e+01
-2.139818347257654807e+01
5.557828853414752501e+01
-1.030675306042620321e+01
-3.569917179158798604e+01
-5.343640814012965734e+01
-3.008161500328828453e+01
-4.446667084504393586e+01
3.156209179866118486e+00
-3.553252643733341642e+01
-1.296221966464838360e+01
-5.382769552811943470e+01
-2.276380054186087065e+01
-1.227451891919568006e+01
2.771671573132099908e+01
-1.189213778188272341e+00
4.983032225444532770e+01
3.813993689587598990e+00
-2.882614634255506303e+01
-1.526320468002719721e+01
-2.748518915749007618e+01
-5.729027428376519282e+01
5.188140898749870900e+01
-1.520126777663327644e+01
-3.888486008666051674e+01
2.756313742382565479e+01
4.865917168639931134e+01
9.085517740092768690e+01
2.572630687634049806e+01
3.158833607926581877e+01
-3.546490573703339066e+01
1.299784680555925398e+01
-3.960991408786142642e+01
1.340977244226241361e+01
1.972125783005311828e+00
-6.874585579421244041e+00
-3.038968117963991844e+01
-9.973209958212432724e+00
-2.712501290935251319e+01
8.811887054622660642e+00
-1.580396112509945938e+00
-1.191199065135265123e+01
-4.092833094645312286e+01
3.297400826895660497e+00
-4.319703533856480249e+01
-1.378314643139841067e+01
3.557450249635814288e+01
1.730784595643396262e+00
-6.408804091184578056e+01
-7.254109535928532182e+01
5.283200761211418950e+01
4.121257617466920919e+01
3.613230967113836556e+01
-3.717627825169948608e+01
-2.119643961202002203e+01
-2.138565714943883123e+01
-2.385020080508006401e+01
6.301856196855011305e+00
-1.290735607574327730e+02
1.975447749651147689e+01
-1.685925128771964765e+01
-1.161769748772984912e+01
-1.789636913158978881e+00
1.773265177287496641e+01
5.477031505947778101e+00
1.728576424801689626e+01
-1.074442962571944804e+01
2.747733422408290771e+00
3.431597769924461083e+00
-5.985255461444045011e+01
2.844421666087808731e+01
-8.464665494429885584e+00
1.823407554014955911e+00
2.832305921684921302e+01
3.578637939216077513e+01
5.003436833977106346e+01
-1.073260381946716002e+01
1.428728935698824110e+01
-2.051213189899077349e+01
5.111190222240851178e-01
-4.567164907894155590e+01
3.065297111388347773e+01
9.217829180045844950e+00
2.331144594921739355e+01
1.049282046511240765e+02
-3.267661719586553914e+01
-1.879533207973137010e+01
-5.022922144007789136e+00
-4.243535297942126050e+01
-1.151544658899409157e+01
-1.762421153600887536e+01
-3.332387839857133827e-01
-3.676318970756953775e+01
-3.856186230603436016e+00
2.341107688768827089e+01
-3.975182118160078915e+01
-1.888796725874390958e+01
-1.965232976754143834e+01
1.082888237231481199e+01
4.658015785466891145e+01
-3.288380177386471814e+01
-1.989249437836091872e+01
6.629426296420110987e+01
3.837092663343506160e+01
2.409218160135839426e+01
3.454932088234768628e+01
-8.843259642619788252e+00
-6.668376419711330527e+01
4.219256105221528941e+01
-3.211426777005506494e+01
5.907691116559976585e+00
-2.973169145761237786e+01
6.759718920100621808e+00
-5.078918535533562562e+01
-8.044010566694961284e-01
-3.222715847349796991e+00
2.753289025979464455e+01
-5.265036148384180592e+01
1.378776244635099957e+00
1.711067502676066887e-02
4.456629521596593690e+01
-3.802435308698648697e+01
7.660801971454294801e+01
-2.261554347599996007e+01
2.475593294631517693e+01
1.634779382365431299e+00
-4.808999112834052880e+01
5.356621068009967956e+01
4.239194382740759437e+01
-1.784921004041961723e+01
2.018705069041540767e+01
-1.361188528951697663e+01
-3.952783227897954532e+01
-5.274134538936417371e+00
6.169077362458835978e+01
4.263915404138796816e+01
4.844366148146848161e+01
2.441548748011576819e+01
-1.986041436515247582e+01
-2.679479070338244995e+01
2.340917635925421791e+01
2.054805668361626303e+01
-3.844388703293039100e+01
-2.172939962316607776e+01
2.846048979607689944e+01
-6.221125931803373987e+01
-3.502636194801770131e+01
4.669835032788396489e+01
1.194268745359239858e+01
-2.263313467238101850e+01
-2.774735812878239827e+01
2.104201538727097365e-01
1.503717856954039434e+01
4.222709956762109584e+00
4.874029752898630719e+00
5.990297040077902579e+01
-6.490326530620606604e+01
4.799444616847421230e+01
1.894290395430966356e+01
7.731343510095018701e+01
3.452439726167779277e+00
1.029952688383092863e+01
-1.306519679543933066e+01
2.177317343986607767e+01
-3.523762892102176636e+01
-4.651936293926770105e+01
5.629425655839544618e+01
-1.010202213968011904e+02
5.791628665650017638e+01
-8.145828148896706367e+00
-2.129026653122144097e+01
3.580542122484688150e+01
8.576909598569349313e+00
3.046773848100881033e+00
2.444897193690274140e+00
2.093853545003051764e+00
4.560594588064520849e+01
-6.893836375363349589e+01
9.622251325634906038e+00
-3.350812867699602293e+01
-2.157026882913569565e+01
4.734111132342288641e+01
1.990500224221862169e+01
1.138930795656725392e+00
5.076277947249472078e+01
1.833540592011736337e+01
3.859572002473300500e+01
4.372376331695435425e+01
-3.113350919914810078e+01
-2.465140173331205631e+01
4.153630464483445905e+01
-2.311461317884833733e+01
3.820066536708824145e+01
-1.547790359040668662e+01
4.342052580151515428e+01
3.961996751375004777e+01
-9.050377019161013337e-01
-1.562978367070631869e+01
2.704825169483631342e+01
-5.587738762377180812e+00
-3.522920817758214529e+00
-3.096365768673278751e+01
-7.131370763698680548e+01
4.085186502440196676e+01
-4.637316487834880263e+00
3.209154828361462819e+01
-1.147943130627533037e+01
-4.428006246896552511e+01
-4.531037015732734652e+00
-3.934950397733775418e+01
-3.998435276633529867e+01
-4.765371526674864811e+01
3.145492613461593123e+01
6.667527962998218527e+01
3.396916663056775754e+00
-3.207178620673575864e+01
-2.105509856228848165e+01
-3.404034917604204225e+01
-2.366946216404712544e+01
1.095585016975541670e+01
-3.242318747242216403e+01
2.786518740212328815e+00
2.492588751133701486e+00
-8.857207032750068265e+00
1.838640872309043317e+01
4.641984124997454586e+01
2.170921539199193617e+01
1.756444816051242341e+01
