1.410781906918039397e-01
-8.028536060344066971e-01
-8.402090437061824346e-01
-9.684160505389058926e-01
-8.220936152187894308e-01
-6.014470121999739849e-01
1.295691918972321499e-01
-6.355611046421287824e-01
6.838758298373137645e-01
4.024431874484384331e-01
1.090858477059102327e-01
-6.340822258342047046e-01
9.028587517011841257e-01
4.948433801665046428e-01
-2.582428953942068617e-01
-5.120376707422524820e-01
-1.998240117876546318e-01
8.211694942343739090e-01
-3.523028089245081595e-01
-4.705027623087150168e-01
6.529243223244511896e-01
-1.985728321195296964e-01
-1.648555318009903292e-01
-4.498286454600628481e-01
8.142103273362821803e-02
8.369260124576927140e-01
2.249071275551339788e-01
5.578946211111857068e-02
4.718942388665670062e-01
-4.597454569505181610e-01
-8.185131591785381744e-01
-4.602961408528820630e-01
2.907614408950454088e-01
3.130728587436750754e-01
6.834170644748878143e-01
5.171737881073146248e-02
-9.901854701777725865e-01
-4.915566591170719146e-01
5.490473001625202354e-01
3.160764293855520268e-01
-7.228537032291011410e-01
9.131991365113265591e-01
-9.549734643483946961e-01
7.473081400351369030e-01
-5.595331612597300719e-01
-7.430396269273198406e-02
8.321826176830520172e-01
-6.125871584022601901e-02
7.987870132481669216e-01
-7.425997527164167611e-01
9.363785069826955354e-01
-2.765204199691646547e-01
-3.260964166979787304e-01
-4.731742719917773066e-01
-2.556749620204388229e-01
1.565696937781237974e-01
7.927531633812725520e-01
9.901379500819624813e-01
-1.377518123774081893e-01
9.434834986675233459e-01
-8.092194309065239288e-01
6.358927752601153394e-01
4.021253686626409252e-01
-8.135338065997843593e-01
4.547535470474812769e-01
6.464135306386304958e-01
-4.380596067028941221e-01
6.078863346962128933e-01
-2.278608925222087578e-01
1.715631871346536830e-01
-4.587069626676083534e-01
-7.198885396959711080e-01
-2.094219560439878336e-01
-4.825082167756820084e-01
-5.762563879052555738e-01
9.087872455278718231e-01
-9.794059393327707586e-01
7.568076552903675314e-01
7.563557158866185404e-01
6.556234825762103924e-01
-4.724475260759086748e-01
5.880184944346458220e-01
-8.691693575163406127e-01
-3.900261900257042669e-01
-3.932056314673517683e-01
-1.523489038280103625e-01
-5.786911796801907926e-01
7.188702127588109114e-02
-9.027117738374141886e-01
-7.797031219667807100e-01
-1.270054940820826150e-01
-6.120620458571461864e-01
-9.218139435705752227e-02
-2.451469765629235020e-01
-8.783680775813766939e-01
6.657636970527391895e-02
2.147704509949237561e-01
5.471994689409998003e-02
-7.531104740475143000e-01
-3.532551994880352986e-01
7.904862701883319520e-01
3.748999149971368183e-01
5.147481402301223863e-01
8.685031518267518624e-01
-7.363662668958412816e-01
5.309967271224413921e-01
7.658512453473040882e-01
6.755488674492062806e-01
2.768967953365257806e-01
-9.072484485052232372e-01
-1.042975743781211495e-01
-1.919271823691317547e-01
5.534338791972750471e-01
-7.080383673792765009e-01
-4.615189339570668903e-01
9.248696431101743887e-01
-5.190913199942734924e-01
4.728268862645634840e-02
-2.431196044687797819e-01
-6.695956421777502499e-01
-6.909184967459460758e-01
1.364014763545284836e-01
-8.655923692349947185e-01
3.982374921925286859e-01
4.763275879445652006e-01
6.435411569527271780e-02
-1.636524906197012186e-02
-6.699891339455417150e-01
-5.448045773151015680e-01
-9.075940268097912877e-01
-7.472531200346121949e-02
2.185674005409374843e-01
-9.886724148300829462e-01
5.553344138878431036e-01
1.109715640418063032e-02
-7.082935686426634625e-01
9.065420304400457763e-01
-3.650707387147811289e-02
-4.346798460152823118e-01
7.584160345827315464e-01
-5.444999007470163743e-01
9.835477232714997520e-01
4.293684123417642606e-01
-4.828047797902548233e-01
-2.430215963756858777e-01
6.455532202233134065e-01
7.218345243374353348e-01
-2.747355246750970981e-01
-4.217282661969878887e-02
9.173800946891488284e-01
-1.182775248453249439e-01
-9.698292652019753213e-01
-3.921134986686041213e-01
4.013521258128334157e-01
-5.283993742357795398e-02
6.466939682266750200e-01
-5.228566344002312238e-01
2.194576912489694109e-01
-9.208460735717838297e-02
1.379441759564850045e-01
4.570597738906969632e-01
2.681848891678377811e-01
3.751548159663895543e-01
-6.453169639839255733e-01
-9.094638724759862569e-02
-3.712464403952546732e-01
8.750207755848982139e-01
-8.293468893309206003e-01
-8.373538252286978345e-01
9.749680174711790048e-01
9.830007618288270077e-01
-3.282222929422262681e-02
1.455365543289888208e-02
9.051013814038808558e-01
3.540149992452041872e-01
-6.335042490573394858e-01
5.080015106283841675e-01
9.936298868235566850e-01
-1.585148296201406293e-01
-1.052101155333859950e-01
-6.876403788168508058e-01
2.791816222669660785e-01
-2.716089430554335937e-01
5.300361381928841986e-02
1.947854728639863975e-01
-3.978141652314426402e-02
-7.889600788531820896e-01
1.120732790234821863e-01
-1.259232657073066086e-01
-4.679955090837772946e-01
2.158437282546348257e-01
-4.104712803817960332e-01
-2.688418676782458050e-01
2.755300425469517922e-01
-5.114281160167615248e-01
4.692737734643515068e-01
-8.522272304182596514e-01
-7.621102866288955724e-01
-1.168860269634997007e-01
-4.424093060265628097e-01
-4.673758754556409656e-01
8.129158016565170009e-01
3.198498184367677410e-01
5.413266445593705178e-01
3.911780683615615484e-01
-6.123755289050423212e-01
-8.262592742613448227e-01
7.845705483948977044e-01
-2.312553091636360136e-03
1.281413981969681259e-01
-8.450205943515469720e-01
-3.241982552797324502e-01
9.814927739992618250e-01
6.683656245343452262e-01
-8.468952411522454593e-01
-1.818274227412202126e-01
7.174076948001226750e-01
-9.476451641766516776e-01
6.330844174816032677e-01
-3.766523783008124404e-02
-9.738626525645361909e-01
-7.054544447681379005e-01
2.670273044575464105e-01
8.074738710179105716e-01
-4.570979018947578520e-01
-7.726494815491853352e-01
-3.543511006553174969e-01
-4.024436848346899520e-01
1.923772188601766686e-01
-4.618120994357630682e-01
8.389857904089124130e-01
-2.672236457671850474e-02
2.967821735622939716e-01
9.517001359018255613e-01
6.732277703236033695e-01
9.744148961769196760e-01
4.879835461872443769e-01
4.584127492696166151e-01
-4.388540175203354821e-01
7.941996424099522223e-01
6.052778424797364831e-01
-1.629068109224804939e-01
-5.268487967081929568e-01
8.170138152275416843e-01
1.372197826538048560e-01
-6.359303657014077071e-01
-7.024558216250522680e-01
-6.754921180481354703e-02
-6.793127499889781706e-01
-6.065735278001360697e-03
-7.890956127130679398e-01
7.661404448615187768e-01
4.489499713649363066e-01
4.182811713875378423e-01
-5.426621170372529779e-01
-6.519154429067708367e-01
4.685401288902315553e-01
-8.761446042108480547e-01
-3.562908608879571393e-01
7.790547742151594512e-01
2.664426421261891775e-01
-1.405451158639241527e-01
4.144418464308285976e-02
4.237600708797411020e-01
1.759360819389654829e-01
