-5.699896410381700695e-01
9.919719751001835339e-01
-7.629519444832114639e-01
-6.412064326943787140e-01
1.070468399498129219e+00
-3.358666058943449162e-01
9.927435940527026270e-01
-1.100309925588299986e+00
9.381724996924845072e-01
4.137288202462839903e-01
-5.283201164756812229e-01
-8.090047907780544278e-01
-5.320545158351215331e-01
-1.197933319829589394e-01
3.470951972846996192e-01
-1.539517141360864649e-02
8.188727271306153188e-01
1.417738126860647041e-01
-1.606087843016335892e+00
-9.183962688566962296e-01
-2.613954211514838422e-01
1.509203848254933700e+00
1.623056334184857397e+00
9.696431011601065464e-01
3.154199968173525548e-01
1.013741758125865644e-01
-7.077399940042629067e-01
4.015056932494071029e-01
8.928546966298192000e-01
-7.077531672717601863e-02
-1.439974808747307211e+00
-5.516445727076387806e-01
-7.714451662682584310e-01
-5.264629400077318611e-01
-1.771713341190120916e+00
-7.704937314475608368e-01
-4.758651583806625673e-01
1.415464460792910772e+00
2.020875386883402847e-02
1.171395703285958545e+00
1.096407318291344302e+00
1.911270644096552118e+00
8.767393836811818719e-01
-2.482969718389146374e-01
-7.340869925247885119e-03
-1.740708314243877730e+00
1.164445215791579891e+00
-1.434944454264994285e+00
-1.237554198832363284e+00
1.536689646466147252e-01
6.924377430563666280e-01
1.791389216437825560e+00
5.399779875203976065e-01
-8.813029976021277134e-01
1.070485532367736692e+00
1.047438625238018339e+00
-7.983368557287020550e-01
8.112725735327159793e-01
-1.158884070448048753e+00
1.115366981376880173e-01
-2.854723099886882220e-01
4.979704318937545615e-01
-1.402624022195622322e+00
-1.286914847516945182e+00
1.280406613370627777e+00
-1.418663776660979758e+00
5.089482333505641609e-01
-1.357487743601637264e+00
5.817672471937301859e-01
5.490225522554531556e-01
-1.587417117445943104e-01
1.204652931521998038e+00
1.742059149508169424e-01
-8.598065213407998231e-01
-5.441414091101257622e-01
1.457165921784035811e+00
-1.045685792586223961e+00
-5.368199665567685575e-01
-2.218071816498090598e-01
-1.227910693265485964e+00
7.447264342069265242e-01
-9.852450272971280398e-01
-1.191667760336479587e+00
4.179899272252713960e-01
1.481895517400467099e+00
1.876215777067398838e+00
-6.074868916619950709e-03
9.873229284154361185e-01
-1.085359166182059187e+00
-9.994059672814160633e-01
8.174057129552433354e-01
1.497145840112652504e+00
9.243954366535811484e-01
-7.489550669861795296e-01
8.511449959389409958e-01
5.559269225532428305e-01
-1.615540193503672395e+00
7.694770515790231302e-01
-1.488558442933252124e-02
2.961679719624319418e-01
1.301016009771986059e+00
6.327614642779779697e-01
-1.006977348377689374e+00
1.440316732319786741e+00
2.732942000923975767e-01
5.213342558102763702e-01
9.570311765210905985e-01
-9.617441995432318702e-02
-2.879898648110924830e-02
3.490639319519265316e-01
5.198555709145315229e-02
1.621743516534652763e-01
1.169233636357743578e+00
-1.814459400822170387e-01
-3.651560736830972154e-02
-1.643724179390154472e+00
1.304665511211911433e+00
1.101090975780130155e+00
-6.688844621631805376e-01
6.786778858932587255e-01
4.106685709919264404e-01
1.283179560137853947e+00
-1.461522460605885865e+00
1.109740010408105881e+00
7.620638083278192809e-01
-6.413075414239680638e-01
6.559341034641423540e-02
-1.370343311660793817e-01
-1.275834082072170972e+00
-7.318183391026757967e-01
7.332160880289905203e-01
-1.267811313876820112e+00
-2.444734144955262867e-01
2.986863158593001666e-01
3.501937930126790000e-01
-9.243031265428982568e-01
6.560603362093735125e-03
-9.096996909753979343e-01
9.706189687074066041e-01
-8.219367005704647511e-01
1.548330547450275319e+00
1.658087594336031811e-01
-1.297346761693153105e+00
3.646330571906609697e-01
2.176974272829161894e-01
-1.874820405500064346e+00
-1.490795050113448594e+00
-1.338168552551131096e-01
4.417758241574476497e-02
-2.646019567209382251e-01
1.061386845188719175e+00
1.415391553518887235e+00
6.136981263590153279e-01
1.210014339615216539e+00
3.500848265679645799e-03
-1.323170002805011514e+00
-8.898819759377234462e-01
-5.781405824214221750e-02
-1.125132140634002020e+00
4.596192460731481355e-01
-1.092804442440843626e+00
1.249641297979474208e+00
1.048638860915296789e+00
2.786325091341252946e-01
3.070194954113776298e-01
1.392093616675674328e+00
-2.694065833952121736e-01
-4.013271417679735720e-01
-9.972227860630791252e-01
-1.000035779008178416e+00
3.915685207289522074e-01
-8.434149144347555804e-01
-1.142068369619438917e-01
6.668329405757158490e-01
-2.068024415483611100e-01
9.723437657012170554e-01
4.996917451081585027e-01
7.860449865255334512e-01
1.245652143078284979e+00
1.021336083169736009e-01
-1.497193374245146646e+00
-1.031549017948126812e+00
-2.649897133805191318e-01
3.137214720502358167e-01
-4.888675057731554086e-01
-4.960509916700798771e-01
1.188017292644580447e+00
9.390261139928045564e-01
-9.124996683050901058e-01
4.457359810835089808e-01
7.865516038221915807e-01
6.017762983159371526e-01
7.672417993011082515e-01
9.759964717581108840e-01
-7.565216998286291572e-01
-1.625550578651151268e+00
1.316006584727494655e+00
1.680720705912206681e+00
8.459413757826332869e-01
-2.267964408026914014e-01
1.467613585137849397e-01
-1.349826167614518901e+00
1.234423000047601304e+00
4.759525176034899996e-01
2.779819264567824910e-01
-1.230308710730048105e+00
-1.068847394755897628e+00
-6.635680938702653853e-01
4.740085185616222940e-01
-1.933456704300704043e+00
1.019413132701431746e+00
-7.219020164085332425e-01
-9.699220852260319603e-01
7.600561662061227075e-01
8.215264246129759806e-01
-1.544476403180533364e+00
1.579426477349481051e+00
1.022477932718046656e+00
5.777166079679161292e-01
-4.201529819393141629e-01
4.108987305944813428e-01
2.588668204857850208e-01
7.487255344947821856e-01
1.497603741333555227e+00
1.314751842449277675e+00
-4.648035520776385154e-01
1.876795090918977449e+00
-7.491416337826639626e-01
1.164229155803303772e+00
2.158366780891685099e-02
-1.321571613227062958e+00
1.489979106064392766e+00
9.425832640072882018e-01
-1.031447078715878263e+00
5.014592380974416397e-01
-7.549833681165877275e-01
1.058494472629668559e+00
-5.014108125750461609e-01
1.215101044444178324e+00
-3.628053950213800394e-01
-4.535267189624570539e-01
1.332059769911610569e+00
-1.964478581985799610e-01
3.140420005250873503e-01
1.261178900016607374e-01
8.285779211821027168e-01
-9.739068158897573602e-01
-3.013060075789861791e-01
7.686425235056709715e-01
8.198114905683702158e-01
6.029091123135901231e-01
-1.208760123083592708e+00
4.001018041031442207e-01
-1.064023183993193788e-01
1.080243893954289103e+00
-5.647111359859422475e-01
-8.140198379489684832e-01
-1.072115858927044973e+00
1.348626429884312028e+00
8.493328578860976918e-01
1.535303751791029292e+00
1.697081340195588650e-01
-6.298571286280505444e-01
-1.217914176130398873e+00
2.261590684783889305e-01
