1.032474956994884906e+03
5.841411222999688562e+02
-7.194829686319844768e+02
8.475224981262297206e+02
5.878274322834724899e+02
-1.330165626942544122e+03
4.981259609823309233e+02
5.824117148630477914e+02
5.075484332721942451e+02
-1.292491360150310584e+03
-6.842118512603979070e+02
4.887848099403455535e+02
-5.020686291639927958e+02
4.807747245698921006e+02
8.116290696228739989e+02
2.328069697704216310e+02
1.263551907365436620e+02
-1.328800829540816721e+02
4.568902318280294708e+02
7.331368155699027511e+02
1.232446640421408802e+03
2.064291294093716544e+02
1.337842124752307200e+03
-9.392284618401704392e+02
1.759389985982214284e+03
2.704754275831763835e+02
-1.129538185729180668e+03
-5.490783376962552893e+02
-8.157993849840130451e+02
-1.173138496547445584e+03
2.410775500866584764e+02
1.627030535327246298e+03
1.675836148058141362e+03
-1.097706953604709270e+03
8.913782772812958228e+02
1.366398923645181867e+03
8.310264208782072046e+02
-8.055273719563932389e+01
1.239546005988225033e+03
1.244591734147017860e+03
3.935124523467601421e+02
8.349168798533561358e+02
1.155134533665966273e+03
-5.882427265150646463e+02
5.993209185948355753e+02
-7.192712508603621018e+02
2.893614300355536670e+02
-1.042708159758137981e+03
-2.991451391113632212e+02
-4.747525248599644669e+02
6.521167644506948591e+02
5.614097823569928778e+02
5.260200792653204616e+00
1.797884000104669212e+03
-7.817808809709427464e+01
5.877062080632297238e+02
6.478358151923040396e+02
-6.828910435073084955e+02
9.212444118974214007e+02
-1.208055026945183272e+03
1.010926761658105079e+03
-4.195426786429520689e+02
1.617144357104712924e+02
1.632537854298820548e+03
-3.456138478437665640e+02
4.759584644930349668e+02
8.790736658370252599e+02
2.561346510385614579e+02
4.767011320749760444e+02
1.580045042198637475e+03
-7.779862353926672540e+02
1.081229991192181160e+03
-1.386526723081620958e+02
-6.369638201875366121e+02
8.038017402346708877e+02
-1.016923107668280863e+02
-8.609107553904434553e+02
6.939023249374221791e+01
-1.183732914181644560e+02
-2.361313897945038320e+02
5.148706428919389282e+02
-1.205143104363166458e+03
4.617310195347383228e+02
-3.935750765409806604e+02
1.347180621880508397e+03
6.575213927500921045e+02
-1.374664703162129520e+00
1.684679165352266637e+02
-6.689368382241798372e+02
-1.577532617001693893e+02
-9.903070439526876498e+02
-6.226751237048447365e+02
-2.620454099215857582e+02
1.853669797159906238e+02
6.533919667303249526e+02
-7.378808864284945912e+02
-9.960626981488020419e+02
-5.091727228346969127e+02
6.193462342909770086e+02
2.444385143113534298e+02
-1.813207679764180511e+03
1.158284839897556253e+02
2.287217576703412476e+02
3.272590798751629109e+02
-1.578231097506334208e+03
-1.330096130103038831e+03
-3.415295633648993316e+02
4.413225319338334884e+02
1.515023261729428214e+03
-1.958882775617695984e+02
-6.596665150783693434e+02
-5.315163982585510212e+02
1.767607245248049423e+02
-5.503057615575564796e+02
-3.665150896837110963e+02
-1.422851132656263360e+02
-1.230411189327467127e+03
4.551689245039114553e+02
1.930092267960610570e+03
-9.575134650737626316e+02
1.517691474809102374e+03
-7.050634422771712480e+02
7.753466322284400576e+02
-2.086005300577695323e+02
-4.480770046246880725e+02
-4.833010787080087312e+02
3.406808767741606516e+02
-7.421804567040572920e+02
5.787445802539091346e+02
9.623597360344689378e+01
2.108253918281407664e+02
2.309434186408100231e+02
-7.703340246616726290e+02
7.894338921459734593e+01
-3.434340655512073681e+02
6.726278373079472885e+02
-2.982723379157109775e+02
5.645340787489806900e+01
-6.474354574044457422e+02
1.708567444447420030e+03
-1.761665704468099420e+02
-3.547175397742715575e+01
-1.135679674247430739e+03
-8.261839130777033233e+02
6.891343905830154881e+02
-1.358281312080659120e+01
-1.909062137019743091e+02
3.905104093062919901e+02
9.411302243068513462e+02
3.267208028027501143e+01
-1.653113124081451360e+03
1.883070147862519434e+03
3.635356290481022938e+02
-2.075839961282819388e+02
-6.574967996093120064e+02
-4.497503989680758423e+02
-5.148846163148432709e+01
9.897801018782030269e+02
-1.108299109409974108e+03
1.627739253964679165e+03
9.579387782451523492e+01
-3.389394327514716565e+02
-7.909795152200489383e+02
3.467516335272109274e+01
-3.695249332540005867e+02
3.725937148951305744e+02
-1.485386295132088662e+03
-9.633223551376454452e+02
-5.974109775578500603e+02
-1.202835641665964886e+03
-2.125388709041049822e+02
1.800728424367369485e+02
-5.048265416580096598e+02
-1.005635619590767078e+03
1.009150907509178751e+03
4.831212282419915596e+02
1.947728231574427014e+02
-1.571932539310162838e+03
5.215252501697306116e+02
1.058899083622094622e+03
7.781821153243374738e+02
1.658911892678810318e+03
-1.066283204110784482e+03
9.782948802326795601e+01
-1.057643273489426747e+03
7.133571429892058404e+02
-1.601236155631961822e+02
8.169753110325318630e+02
-1.656887573333915952e+03
4.892080957278382130e+02
-1.061646420864773006e+02
1.874246605833306603e+03
1.143292530282133839e+03
-1.524661056868181277e+03
8.061686429536381411e+02
5.243802323346174035e+02
6.401455699444067022e+02
-8.837807994692325337e+02
-8.007422142182061862e+02
1.552424735076763000e+03
-8.114173205528035737e+01
1.195823303881988750e+03
-4.344612591498254801e+02
2.074453534115151854e+02
-7.582322363894459158e+02
-1.421632233576124236e+02
-9.893206494169228336e+02
-8.723086437706717788e+02
-1.409272807808593598e+03
-1.758923504399224839e+03
1.165942784401850929e+02
8.709553568239532524e+02
1.203001130764635036e+03
-9.067532659293323150e+02
1.106388039962729408e+02
-3.570370933266582938e+02
2.791648956125064842e+02
1.150803736649240136e+03
-1.226109231496395608e+02
-1.889659097980398599e+02
-5.505165176081573186e+00
-1.891871561550709089e+02
-9.458819694869122259e+02
1.240353111068291355e+03
1.756620294566345592e+03
-1.656913138748053598e+03
7.080081842949449538e+02
3.213458833025285912e+02
7.582854353360746700e+02
9.672235128509855713e+02
1.091709696265349066e+03
-1.924227169954763895e+03
-4.935416272468069678e+02
-1.187636160038198113e+03
-1.526107614234284938e+03
-2.548704758090835867e+02
-8.348083311287022070e+02
2.694826051129764366e+01
-6.004353727685313515e+02
2.993453139507732317e+02
9.376728100137213460e+02
-1.368387393987257212e+02
1.233592616801186750e+03
1.669673279469571980e+02
1.327323090395706799e+02
-1.313426417176447103e+03
6.613463895653684403e+02
8.854094300014794499e+02
-1.292252890689156175e+03
1.464981163711660770e+02
4.272528591551704267e+02
4.869329810718473937e+02
1.364577458286330966e+03
-3.699894088792383968e+02
-2.753842632181396155e+01
1.322452706499046542e+02
-3.448580044931510429e+02
-1.485546017300493702e+02
1.586328457340516024e+03
1.427038291570650017e+03
-1.044572560374803288e+03
-2.807300416698186041e+02
1.024191787559293971e+03
2.512127552422935537e+02
-3.621681128393145173e+02
